-4.443171307485071608e+00,-2.716840438646196887e+01,1.356426610537164557e+01,2.829134468803403735e+01,-1.672377166414205263e+01,-3.192271330215177727e+01,3.645309555168682891e+01,-2.692996235907891833e+00,3.934141638905932581e+01,-1.506362999394538704e+01,1.453775847148847333e+00,-7.284754396747042904e+01,1.235895030580694609e+01,-5.159927625047608934e+00,2.330124549742500761e+01,-1.205024329771596570e+01,9.139441511342791813e+00,7.775712284192458412e+01,-1.659335093129187655e+01,-5.391616862222084805e+00,-2.933845975693611052e+01,-6.395939048839397678e+00,-1.936640406421558103e+00,-6.489980734215157199e-01,8.403220776591359353e+00,-1.533849676439318266e+01,-2.181065604049111784e+01,1.079720279300741659e+00,8.301440351452487931e+00,5.185051716769635277e+01,4.066144953879557988e-01,2.853413235593394148e+01,1.591056532302772908e+01,1.858444451855055135e+01,-4.223178705681712586e+01,9.863627824677873690e+00,4.720930876812808208e+00,-2.486215431912379614e+01,7.918477667503987405e+00,3.511811007619145641e+01,-1.522148194954618639e+01,-9.230082904728810433e+00,-6.454375696490777692e+00,6.060474625724350517e+01,2.228430430927002703e+01,3.079934039696273373e+01,-4.130889623649238018e+01,-1.458071925043921624e+01,3.490240702295601949e+01,-1.138379651013286065e+01,5.970887511624511035e+01,-1.757991341910225103e+01,1.258223891470240297e+01,-2.229906458652139278e+01,-1.681413143164648405e+00,2.403524884101646819e+01,-3.093913998385408348e+01,-2.057493221989429344e+01,-1.535737554748960498e+01,6.476821527532674594e+00,8.939498114152748087e+00,-1.516509338917763117e+01,3.188425713365359115e+01,2.392395096881602967e+01,-3.080013117008964585e+01,-1.360319778073453634e+01,-1.664041578370032326e+01,-4.745876748773206089e+01,-3.774407828055204028e+00,1.450473944371999124e+01,-7.867353469116412867e+00,6.520804844687747570e-01,4.496145669479742146e+00,4.757456341279430490e+01,-3.071312323052807614e+01,-1.493439889839394397e+01,-6.562028740068146071e+00,3.182674469112237858e+01,6.688597998935164490e+00,1.111006741546305854e+01,3.516253622933258782e+01,1.553423544707452919e+00,8.338929740054696893e-01,-3.819576248469852686e+01,-2.712282326313537340e+01,7.328120425598719123e+00,-4.652231411085477930e+01,1.200623644871276241e+01,-1.567443978819587258e+01,1.534154651893736343e+01,-4.675361310827286232e-01,1.450331074893169614e+01,3.325897084276205895e+00,-8.194723878715368670e+00,1.838650001258126920e+01,1.253127115982202611e+00,-1.674424209452989754e+00,-2.616372649501358438e+01,3.573696693658339996e+01,6.048120199921124041e+00
-4.390378960564939703e+00,-5.151502125432104151e+01,2.141568932268394221e+01,3.684166696408104968e+01,-3.342579782792933685e+01,-3.765811892119983639e+01,4.397299142204909828e+01,3.153643879308362319e+00,5.876697778698877528e+01,-2.885107365908858412e+01,8.958886363891940263e+00,-1.055003880352470276e+02,9.613306805735602367e+00,-4.142504348594188812e+00,4.292945900005951643e+01,-8.761552449290402222e+00,1.703692196777363677e+01,1.039899609187129670e+02,-2.466372383359900411e+01,-9.538895070267118470e+00,-3.726560862120240358e+01,-1.023711997439602683e+01,-4.733533076674897089e+00,3.350779992751384828e+00,1.566521789534634834e+00,-2.358832907299604642e+01,-3.904947048363371209e+01,8.679157492753859060e+00,1.466348977128664188e+01,8.043904573715037998e+01,2.583964138538198085e+01,4.824570506469941478e+01,2.529635805433845519e+01,2.111715300738333312e+01,-5.908901834638682971e+01,1.141466969404452314e+01,1.268538068334141933e+01,-4.880784799520119321e+01,1.403157328249696789e+01,7.271535377908203657e+01,-2.196644201531969642e+01,-8.268000961527397052e+00,-2.047911028586312909e+00,8.003667386201691158e+01,2.941331291836614525e+01,4.179437797293143575e+01,-6.016744874716097513e+01,-2.142995527871101302e+01,4.681397545197883403e+01,-2.251789848108759529e+01,8.311962904511030104e+01,-2.308540827524564421e+01,2.900290247959920009e+01,-3.532859470952282521e+01,-4.264798615547041649e+00,4.182165302136900209e+01,-4.810022016103273046e+01,-3.387699744261823298e+01,-2.291609063362556142e+01,2.719836656183732515e+01,1.921164908306845831e+01,-1.595523420871431597e+01,3.497873126999301263e+01,2.485737171373661170e+01,-4.322638560644376327e+01,-1.520438950043512349e+01,-2.566080644977267156e+01,-6.877823368191761233e+01,-7.347517788187476917e+00,1.496526723957695815e+01,-1.120310856966680291e+01,1.260318434402292409e+00,2.406830618812209277e+00,7.234620034334254512e+01,-4.250079866273126328e+01,-2.030334398368198023e+01,-8.749258079720924286e+00,4.154963695929440348e+01,1.391587468549027129e+01,1.830007377358018061e+01,5.764004194411519677e+01,3.694291001518805184e-01,8.954312445306010559e+00,-5.722623872392459532e+01,-3.920797012705661899e+01,9.519353766592988819e+00,-8.401934168291063543e+01,2.062337468750481762e+01,-3.216376798234119860e+01,1.364567627234175617e+01,-2.877277261952733589e+00,2.252309861689200687e+01,1.259155189917579420e+01,-1.161567724349136022e+01,1.225674148608892366e+01,7.915284759875202525e+00,-9.528586616531753428e-02,-3.879078589724288406e+01,5.663563345728036325e+01,6.063402555500935875e+00
-5.675332136565657493e+00,-5.402962777587250542e+01,2.360322808289480889e+01,4.309898896137998747e+01,-3.460223626944286934e+01,-4.556587884189535487e+01,5.279281842990635454e+01,1.115614614765637391e+00,6.583637046200831833e+01,-3.018285878719478532e+01,7.750263150850112304e+00,-1.193089407755767439e+02,1.375027905263839401e+01,-5.841798199081823739e+00,4.535746402104392416e+01,-1.292764440625656519e+01,1.794622472249832867e+01,1.205960375637817492e+02,-2.767205576499831921e+01,-1.018612627871592480e+01,-4.395801389303088769e+01,-1.123850281343327140e+01,-4.682924589416021632e+00,2.298567460561277809e+00,5.455647270468008792e+00,-2.619812560742404273e+01,-4.156768596615123812e+01,7.342893462888429923e+00,1.566511483842677244e+01,8.910951262367839831e+01,2.044839767858364610e+01,5.215552980303700537e+01,2.782411911594153509e+01,2.589541998008690271e+01,-6.754306008977154363e+01,1.390592974851610464e+01,1.231372842878475637e+01,-5.074825155809252664e+01,1.497734553808880165e+01,7.463897586526252326e+01,-2.486859517132784347e+01,-1.112191508115570571e+01,-4.852157557572534863e+00,9.319927286210392481e+01,3.425667216172845997e+01,4.824112345242433975e+01,-6.792356050053311378e+01,-2.412586828067612998e+01,5.423827474781479197e+01,-2.336956329601446214e+01,9.516379303650911936e+01,-2.693196419085536419e+01,2.905320942198848400e+01,-3.889836465991399450e+01,-4.187273044727983340e+00,4.485890433164769320e+01,-5.325171425816240856e+01,-3.689356898607447732e+01,-2.568096698208676898e+01,2.456731202408326453e+01,1.954938336455724368e+01,-2.013080372877002233e+01,4.344739018960365939e+01,3.151241304029343482e+01,-4.936341268808703830e+01,-1.875664033905444938e+01,-2.847689197601505384e+01,-7.776411066501081848e+01,-7.655559913142807815e+00,1.902294450013913973e+01,-1.273568966961282456e+01,1.315500163723026805e+00,4.147997923584721747e+00,8.061766338752792649e+01,-4.875117815750104455e+01,-2.342120269405099009e+01,-1.015642684249080929e+01,4.856635781268713004e+01,1.426784603968905429e+01,1.992741656033085107e+01,6.285073580409836325e+01,1.071084327073694942e+00,7.434764176554594428e+00,-6.405281910403763845e+01,-4.436486218736088460e+01,1.114523584021169711e+01,-8.923338752710530741e+01,2.219852080262038641e+01,-3.308550449105376856e+01,1.841019335346552666e+01,-2.489429666087399795e+00,2.494332916588102478e+01,1.153825957488180265e+01,-1.322364004692962602e+01,1.885422104320291581e+01,6.831701067689452955e+00,-9.171953763383456915e-01,-4.355542075456654771e+01,6.235288728175524398e+01,7.793630637709451747e+00
-4.657738324499861804e+00,-3.244865385154448489e+01,1.550818460051065806e+01,3.108702454485998601e+01,-2.024998699221456278e+01,-3.444789855071466889e+01,3.949276576426232310e+01,-1.887718962975720061e+00,4.444119737184811214e+01,-1.803767085709063522e+01,2.734008659829239463e+00,-8.175712251061347047e+01,1.253774661570482785e+01,-5.255310102692581253e+00,2.762836518223022253e+01,-1.212618873849150347e+01,1.086863065426688379e+01,8.588047256290124665e+01,-1.872455713743195815e+01,-6.329409026755707046e+00,-3.208646578786809300e+01,-7.334912978575360398e+00,-2.483764614315667529e+00,-3.818729529923059474e-02,7.725354107642957935e+00,-1.743557324661829355e+01,-2.567859265370223198e+01,2.356347613471355018e+00,9.741574808488307369e+00,5.905221553193121053e+01,4.518107458208149296e+00,3.313736580917917252e+01,1.821908833070845901e+01,1.992483696670114668e+01,-4.706353852761532863e+01,1.060830412097759989e+01,6.239071504070085261e+00,-2.996213259514136595e+01,9.299340421191102379e+00,4.292891172313343873e+01,-1.707061477600683119e+01,-9.538700058184883090e+00,-6.069591960614628690e+00,6.677302708475309601e+01,2.454978651843077486e+01,3.411417783241193291e+01,-4.641624261238561644e+01,-1.641445759882774169e+01,3.857065971460212239e+01,-1.374629140588256604e+01,6.647220280241604939e+01,-1.934806915996663790e+01,1.585527913023976865e+01,-2.551442785682898062e+01,-2.181380140119022482e+00,2.810294956818384549e+01,-3.525284670639048556e+01,-2.374757862541690301e+01,-1.734422876746407738e+01,1.013518032137570479e+01,1.104063188697372588e+01,-1.605352113469528774e+01,3.398269952425165741e+01,2.527514427045777268e+01,-3.434522952264664752e+01,-1.454367740280894772e+01,-1.892680175676443000e+01,-5.327070891791800022e+01,-4.538652822622159633e+00,1.530699510756456938e+01,-8.798895051458792693e+00,7.826559798335541718e-01,4.385783254001139220e+00,5.394762385703030105e+01,-3.415113366431662456e+01,-1.654777778037644254e+01,-7.243291161793362853e+00,3.498852710966232848e+01,8.186941316846391814e+00,1.282438508263479093e+01,4.054345283538339118e+01,1.440955776686954071e+00,2.181982753955421295e+00,-4.317447638549781175e+01,-3.042844143088937514e+01,8.048486762036251463e+00,-5.488951671243452779e+01,1.399510830907166614e+01,-1.911376190861866320e+01,1.583894045564124831e+01,-8.786313648525954090e-01,1.652145441520369928e+01,4.983311204013237905e+00,-9.156405062860935473e+00,1.832353685822760525e+01,2.387691976682336126e+00,-1.504469343902473666e+00,-2.950836586331525169e+01,4.089275419359057651e+01,6.354210217126238902e+00
-1.323301151490094973e+00,-3.103347601457156379e+00,2.419670862463902949e+00,6.629109160995570349e+00,-1.563474676694125876e+00,-8.271085515104953600e+00,9.248651831233416942e+00,-1.977772673881715626e+00,7.694606022895832176e+00,-1.662355932277319592e+00,-1.088053361454166978e+00,-1.491861249782039778e+01,4.206320298927398227e+00,-1.730098021098334771e+00,2.914952691179077515e+00,-4.224924710344465595e+00,1.103151640823069934e+00,1.766715519255091493e+01,-3.270268342593785071e+00,-7.542405169984841562e-01,-7.064459632071231177e+00,-1.112835971924427181e+00,-6.600471860922496603e-03,-1.000487155626655689e+00,3.864909395771348510e+00,-2.863265551261888753e+00,-2.957731736139650458e+00,-1.217631840439253432e+00,1.166049339840748988e+00,9.537359399250339820e+00,-5.022442544550655086e+00,4.444026136709088526e+00,2.802577652597012747e+00,4.978206015671153395e+00,-9.067812733103853162e+00,2.600346899460230787e+00,-2.157307116907334343e-01,-2.503089115188615210e+00,1.103250907472487663e+00,2.772612773493627891e+00,-3.132982070463436131e+00,-2.921336023484987443e+00,-2.797776457661745209e+00,1.397505062006877097e+01,5.141865809086972661e+00,6.875712998843148682e+00,-8.390499318548313212e+00,-2.922599733932586652e+00,7.902541035146144921e+00,-1.111745553684072130e+00,1.290586729145833012e+01,-4.080343383127212675e+00,3.968515213776515616e-01,-3.953138872664223147e+00,2.562896428102356960e-02,3.504210549454254586e+00,-5.670237418582264155e+00,-3.388679353106466063e+00,-3.008586969456004567e+00,-2.276484761222937969e+00,5.639240413985913136e-01,-4.320389966981018404e+00,8.793721842026830160e+00,6.879009415265588068e+00,-6.586554067055518935e+00,-3.694971256057507869e+00,-3.092078582658622565e+00,-9.709731081199363345e+00,-3.925725974496673265e-01,4.191952378617652464e+00,-1.649726727753907163e+00,6.965533935100431950e-02,1.750736732056552780e+00,9.045910038830461630e+00,-6.689970591366572350e+00,-3.326401096802551915e+00,-1.496332702823403471e+00,7.436462745434258892e+00,5.146251766714982079e-01,1.828376476615375390e+00,5.842953670297275970e+00,6.983251607113771797e-01,-1.395598311546356607e+00,-7.436036894589141966e+00,-5.569155265761650320e+00,1.721846183245667739e+00,-6.161970255469719326e+00,1.804561183061416330e+00,-1.296482787806592540e+00,4.875191038837884960e+00,3.491283548473640974e-01,2.663045292769664840e+00,-8.909635025855338064e-01,-1.729213206682574056e+00,6.671281982553613155e+00,-9.768847681953192197e-01,-8.139700875153275117e-01,-5.176238630282258057e+00,6.331897036489556818e+00,1.783679402102656741e+00
-2.058310760806090656e+00,-2.829027225892095387e+01,1.138445828337627219e+01,1.876312488484456154e+01,-1.850625726958983464e+01,-1.868087036685642488e+01,2.194984685173876215e+01,2.454036423423302082e+00,3.088880594489158682e+01,-1.586922589087169833e+01,5.462179295555348091e+00,-5.508446715000799543e+01,4.070933427720436093e+00,-1.781691952399143686e+00,2.346583708092220633e+01,-3.579887728207173048e+00,9.330497919324200140e+00,5.330903228974522534e+01,-1.294998356168493459e+01,-5.178599497740292712e+00,-1.885941464374007737e+01,-5.456590822332525903e+00,-2.692290744723734530e+00,2.240680759960308244e+00,-3.958355836269417116e-01,-1.247342059015986315e+01,-2.124296295617503816e+01,5.346115710231494234e+00,7.958505085079146113e+00,4.261139769444798020e+01,1.638198495023704737e+01,2.598263234199574256e+01,1.346590688648341683e+01,1.036217229337360557e+01,-3.061465323430859087e+01,5.631344073785334636e+00,7.292822821791575372e+00,-2.694922600136597879e+01,7.619717145669238967e+00,4.046841055582464719e+01,-1.146033356658216640e+01,-3.733218020543926929e+00,-2.336917330182299302e-01,4.090398401300090825e+01,1.503010995871901123e+01,2.150022465998284815e+01,-3.145417264627736387e+01,-1.122503353330291809e+01,2.401547509046509887e+01,-1.244759504878787659e+01,4.301509509346455218e+01,-1.178168421882807415e+01,1.637724145037178403e+01,-1.879330331935629417e+01,-2.436207883638898952e+00,2.263893085611468692e+01,-2.549131804728544282e+01,-1.815504799876013919e+01,-1.204234708938139420e+01,1.624063126505579291e+01,1.074806525294935255e+01,-7.642975247098413583e+00,1.698156012788957625e+01,1.185800075258251418e+01,-2.241170282670967140e+01,-7.423920261814751953e+00,-1.357691926578266894e+01,-3.591623913037784632e+01,-4.051678109531619221e+00,7.122239664420308536e+00,-5.827605247992851289e+00,6.942116062990562053e-01,7.868112780255314131e-01,3.816839325558065354e+01,-2.196422169595052765e+01,-1.044920554200914076e+01,-4.481890853829573196e+00,2.117410183438328630e+01,7.749951952595754534e+00,9.807926349523437892e+00,3.086417370637078150e+01,-2.234789122337363376e-02,5.562031004002120582e+00,-3.009790391066213644e+01,-2.046321833089194442e+01,4.845128345769205147e+00,-4.577390024102733435e+01,1.113836284665682186e+01,-1.787681204888560416e+01,6.143469441482778848e+00,-1.754153461182310636e+00,1.193375608106075703e+01,7.464358901404511748e+00,-6.035973430815396945e+00,4.754491393285551482e+00,4.831090776896985517e+00,2.169255181842738023e-01,-2.035663874922202510e+01,3.012954359524621495e+01,2.857283124655651374e+00
-1.084850767725501708e+00,-1.400716098651840191e+01,5.706831328694033978e+00,9.563817959719992601e+00,-9.134924970276182776e+00,-9.621976335386877466e+00,1.127759381893030088e+01,1.080470085554855020e+00,1.555166920952562926e+01,-7.852518431590477022e+00,2.603395110685038816e+00,-2.780519827276788192e+01,2.240797780015856500e+00,-9.740724624725602965e-01,1.163888629638584327e+01,-2.002010345573604244e+00,4.624512154118151308e+00,2.710242511118326192e+01,-6.522618425348931659e+00,-2.575193227939463814e+00,-9.636935337435742710e+00,-2.732484261068805154e+00,-1.315721344673952631e+00,1.034767841313680714e+00,3.809718072212076034e-02,-6.265415375511407703e+00,-1.055545724937597463e+01,2.538930993091694788e+00,3.957988472999284912e+00,2.138914284417641554e+01,7.702650933261079302e+00,1.296005538745412800e+01,6.746662451125570392e+00,5.360630855223746494e+00,-1.549997758806152248e+01,2.906952979944561921e+00,3.550007654447358885e+00,-1.331603745993764321e+01,3.788711466483834833e+00,1.993701487552218765e+01,-5.786623256495740719e+00,-1.998843524934809102e+00,-2.817399313181645493e-01,2.082077097766809715e+01,7.650966779108936855e+00,1.091580556950532532e+01,-1.586956028719083278e+01,-5.659066203318933397e+00,1.220613859147780289e+01,-6.147893216237215519e+00,2.178812272889975077e+01,-6.000360975931188001e+00,8.024915078117786038e+00,-9.418287944184823957e+00,-1.188681021128910054e+00,1.127019183096978772e+01,-1.279346477854799780e+01,-9.072658987632241434e+00,-6.063517073931345536e+00,7.798057785863658609e+00,5.284772219680854199e+00,-3.992760650222944907e+00,8.823076288914542431e+00,6.205268102482629722e+00,-1.134379192507836898e+01,-3.848282093982442476e+00,-6.818237136128281861e+00,-1.812852876704711136e+01,-2.002971065583262877e+00,3.730661252023611762e+00,-2.945900751008751151e+00,3.433308980957867629e-01,4.892569127092375458e-01,1.918906613291396113e+01,-1.113136779161736989e+01,-5.304218472355885616e+00,-2.279260961279627296e+00,1.079006274909817797e+01,3.817083062851308828e+00,4.901197523100842446e+00,1.542873274399494221e+01,3.090715700420493262e-02,2.633757930147584858e+00,-1.514978519145484981e+01,-1.033091870476286012e+01,2.470228470580413394e+00,-2.273202756764267463e+01,5.549759531918805777e+00,-8.811416650381014293e+00,3.293402072674436187e+00,-8.360858880325928721e-01,5.989768868462125972e+00,3.593369883094689410e+00,-3.052460337123219958e+00,2.722387581937995904e+00,2.301733385057760817e+00,5.722787261210618426e-02,-1.025531572553420645e+01,1.509911182018190701e+01,1.502764663275364843e+00
-3.474420693409597583e+00,3.593140276037187775e+00,2.539494138193743922e+00,1.317575552551078388e+01,3.938744374416462968e+00,-1.880608040463269859e+01,2.049781790691790206e+01,-7.960210901475587519e+00,1.073482881033663006e+01,2.282566229879802400e+00,-6.436974548334889690e+00,-2.321708089339445991e+01,1.228086684110372140e+01,-4.997549130796477002e+00,-1.820232412220680551e+00,-1.258991846238857093e+01,-9.140183531316190546e-01,3.346135675001256971e+01,-4.651461300463408222e+00,2.403893732818462858e-02,-1.460947153421390610e+01,-1.057483702251745150e+00,1.324778553895261890e+00,-4.526839455412489777e+00,1.335394046751906139e+01,-3.504530734853153806e+00,5.622699195664422334e-01,-6.819970700253710660e+00,-1.336198717203540554e-02,1.114133425190269477e+01,-2.529370654334378798e+01,2.125191998216303446e+00,2.801304785963625754e+00,1.176011627121370751e+01,-1.554630958995459977e+01,6.033410931558719881e+00,-4.383724055359745186e+00,4.965303619219767484e+00,-5.759065032020238561e-02,-1.081298469673811624e+01,-4.929583169739164106e+00,-8.075872802285461560e+00,-9.406479192672680512e+00,2.710130622681089818e+01,9.981324667614906332e+00,1.264550754069870919e+01,-1.282068275028199444e+01,-4.331203736696625839e+00,1.488209940633586470e+01,2.444588250099254179e+00,2.240546797803819956e+01,-7.993523108778253672e+00,-6.844463519323275236e+00,-4.051852408385208548e+00,1.306339004978664953e+00,5.993481876008779352e-01,-6.544980971888205268e+00,-2.449863263892897880e+00,-4.214906897092343563e+00,-1.587593818085465003e+01,-3.458871750173891257e+00,-1.088167014007992606e+01,2.143544499598468889e+01,1.748178228550298030e+01,-1.120512056517236843e+01,-8.862408944183790993e+00,-3.731192599304048674e+00,-1.507839095931456086e+01,6.912079148408716289e-01,1.070505893504502026e+01,-2.699360552631144383e+00,-1.102880828591916995e-01,5.565648825347345507e+00,1.169179625448557047e+01,-1.178106614385716888e+01,-6.093944377988085748e+00,-2.850626197309999998e+00,1.471745223761262977e+01,-2.126399006136676206e+00,1.315683030450911062e+00,4.444269682051221082e+00,2.388229397767921203e+00,-7.533801100095487868e+00,-1.025045331058820253e+01,-8.717010427522389193e+00,3.436489871824170983e+00,1.930780681920102992e+00,5.688553907855284919e-01,4.532584732852939169e+00,1.352053720073152654e+01,2.066200539225797606e+00,3.093048922478275564e+00,-6.768003850305100322e+00,-2.865657268814826075e+00,2.032935254348318210e+01,-5.742762751805453370e+00,-2.879244392031957478e+00,-7.432885121292853725e+00,6.476211514812218795e+00,4.641700800215945222e+00
-1.904306627326577406e+00,-1.864358537206229016e+01,8.086936821708320622e+00,1.464678694414384807e+01,-1.196289894713708435e+01,-1.541673009654821946e+01,1.787999899133519577e+01,4.955868352453256520e-01,2.250562924795812947e+01,-1.041882766149590367e+01,2.757394866923657428e+00,-4.073199849041312604e+01,4.559589816500881909e+00,-1.940225016110793455e+00,1.563436812818179611e+01,-4.272161542772197507e+00,6.188644349225730146e+00,4.103121267961901708e+01,-9.457511590546747726e+00,-3.505681818853353615e+00,-1.492228947432821329e+01,-3.852663105939165611e+00,-1.630116474588661379e+00,8.545099534755474791e-01,1.690110130677104250e+00,-8.966378933093640313e+00,-1.431254689249927203e+01,2.622579943804505209e+00,5.391012575507985183e+00,3.050889681883842286e+01,7.391729930316436992e+00,1.791843275322629125e+01,9.535796276387342729e+00,8.746394192453257332e+00,-2.302545250508091002e+01,4.700797262999046211e+00,4.299012645802764432e+00,-1.753361726887334981e+01,5.154951471513918193e+00,2.583715085770423414e+01,-8.488856958072075187e+00,-3.714083204840185282e+00,-1.537809254376915291e+00,3.169240604183127985e+01,1.164870019291982572e+01,1.642378479928133217e+01,-2.319463076007581037e+01,-8.241657333341537495e+00,1.845620391971417007e+01,-8.076445953866203453e+00,3.243433136181980103e+01,-9.155939716363949543e+00,1.009407954670956897e+01,-1.332922521240049818e+01,-1.459289569350434412e+00,1.542885563623105227e+01,-1.823365820195291320e+01,-1.266179003773936174e+01,-8.778443862555796784e+00,8.677050333728228537e+00,6.776039124450867313e+00,-6.774944221134619582e+00,1.465080958223039787e+01,1.059909877692405544e+01,-1.683020412663601206e+01,-6.330381868605241991e+00,-9.747389462082159284e+00,-2.654937983844762073e+01,-2.644199258942673048e+00,6.396175011572105440e+00,-4.344855638234241368e+00,4.542493554609898787e-01,1.349369018300403233e+00,2.757888037169264450e+01,-1.661143653257296293e+01,-7.974432350893469135e+00,-3.455133651720149413e+00,1.650664085175540663e+01,4.939814524387744932e+00,6.839150785994691617e+00,2.156643302103392656e+01,3.350878323795769553e-01,2.664209438069105484e+00,-2.189865209658707101e+01,-1.514496127250746937e+01,3.787192921009748581e+00,-3.073491015460627196e+01,7.631181313113970077e+00,-1.144927787905346328e+01,6.145811975851433573e+00,-8.856717474892983333e-01,8.540339243777415490e+00,4.065599353891632184e+00,-4.510440742479386422e+00,6.203096312336061402e+00,2.431551866838617570e+00,-2.752418483155593676e-01,-1.488442331926606244e+01,2.136660331779544109e+01,2.616899839823547236e+00
-2.385620776754284300e+00,2.434255132867656712e+00,1.754357542018250893e+00,9.058635095834548068e+00,2.681909942235565669e+00,-1.292085708195548577e+01,1.408489497922498757e+01,-5.457921959640524179e+00,7.397306510177958927e+00,1.548649290048119909e+00,-4.409755046739697093e+00,-1.598608187929047908e+01,8.428874533246863976e+00,-3.430162994008608468e+00,-1.223284276804002424e+00,-8.640348100827070610e+00,-6.169158470618933965e-01,2.301156862458617525e+01,-3.204824774159490630e+00,1.089250481266690329e-02,-1.004224494348503427e+01,-7.313148550098291789e-01,9.058662135323414244e-01,-3.102915856683737150e+00,9.160157153492971105e+00,-2.417533999210331963e+00,3.627453734083783132e-01,-4.672609610029663685e+00,-5.633490232248572482e-04,7.688834153133829119e+00,-1.733336140496707856e+01,1.485932955667833788e+00,1.936205314317751558e+00,8.078448670871662074e+00,-1.069760738675648426e+01,4.144908555400156125e+00,-2.999279910736375232e+00,3.376986378472425443e+00,-3.126970273754658969e-02,-7.373786500170229630e+00,-3.394001594530924315e+00,-5.543952254676712599e+00,-6.452943686589860839e+00,1.863526860083442926e+01,6.863272499244656544e+00,8.697852310910464624e+00,-8.828779375696866438e+00,-2.983268729755285342e+00,1.023483666047339291e+01,1.663492365481959556e+00,1.541628227388978623e+01,-5.496161709555181574e+00,-4.677487174821227001e+00,-2.799819212150651992e+00,8.934937972595358158e-01,4.356146470318806863e-01,-4.517304910324891232e+00,-1.700190903640779183e+00,-2.904374473522381539e+00,-1.087307893809342119e+01,-2.361111387682156781e+00,-7.472909654370693211e+00,1.472272137109266765e+01,1.200503501446354981e+01,-7.710755636971219573e+00,-6.087492669596691997e+00,-2.574213164102464368e+00,-1.038235360512833516e+01,4.697776726672897585e-01,7.351194362777974334e+00,-1.858016603841546655e+00,-7.490541445995457792e-02,3.818794687421762646e+00,8.061639424308738811e+00,-8.105361190956493544e+00,-4.191641384188930175e+00,-1.960327713622451506e+00,1.011882000620153654e+01,-1.450297664662054231e+00,9.131389581511035747e-01,3.082059074272506027e+00,1.638262199655353468e+00,-5.162052210444313616e+00,-7.064177902788911112e+00,-6.001846507539292830e+00,2.362613266638923459e+00,1.275004655611029492e+00,4.022655332802616002e-01,3.089955127702328497e+00,9.281508461079926775e+00,1.415483665462107021e+00,2.134680846200362136e+00,-4.634671482212940674e+00,-1.972318670635745841e+00,1.395074315093007122e+01,-3.934219269750753867e+00,-1.974880136371230499e+00,-5.120842315518512322e+00,4.475143881720779149e+00,3.187219513398423132e+00
-3.429990877317797615e+00,-6.317216727326492531e+00,5.710964275757689279e+00,1.656064602065357860e+01,-2.869614084705209400e+00,-2.101064163694220710e+01,2.341582284932634650e+01,-5.533353089661959601e+00,1.855204693437854857e+01,-3.331290110923528225e+00,-3.346731613256969773e+00,-3.632298064127947157e+01,1.108465754779627765e+01,-4.551326389304632514e+00,6.162361464039039838e+00,-1.117114545846405349e+01,2.299008273413886805e+00,4.389245362327592659e+01,-7.897865652848556905e+00,-1.660230708477805850e+00,-1.773181853165917232e+01,-2.610297541340905081e+00,1.802605111737389798e-01,-2.872668645560636058e+00,1.048935020648371896e+01,-6.831399118203159482e+00,-6.441721488607105250e+00,-3.688889456888604812e+00,2.570202663299882229e+00,2.267672430009672979e+01,-1.479858010464758777e+01,1.011552706600773988e+01,6.594113172782179788e+00,1.271076566268838448e+01,-2.228875008625182375e+01,6.623325650509142903e+00,-1.120541872164816155e+00,-4.791328398324919746e+00,2.425172494377516585e+00,4.525912780245043621e+00,-7.635928562748632409e+00,-7.631751934494157119e+00,-7.554871479058656192e+00,3.481280375409447458e+01,1.281019291234110113e+01,1.702664742990381441e+01,-2.039384890125098337e+01,-7.083852903777268395e+00,1.962061984316589047e+01,-2.092881625759092756e+00,3.176374666910487576e+01,-1.017627556701271274e+01,-1.311309850968385149e-01,-9.316019926227729897e+00,2.486431572344145469e-01,7.818015651384514264e+00,-1.347037386038561202e+01,-7.835301994189689090e+00,-7.256428152784178742e+00,-7.356354352823341713e+00,7.352924810007310796e-01,-1.113051759482282321e+01,2.255018715093928705e+01,1.774513581095394343e+01,-1.617697523103016977e+01,-9.453967321330354778e+00,-7.369466373409321314e+00,-2.363593487901544066e+01,-7.643207421917850297e-01,1.082122714916320660e+01,-4.036067863079375151e+00,1.374326481479224982e-01,4.680397030322888341e+00,2.167359512307977809e+01,-1.648979779622878539e+01,-8.233817769121523966e+00,-3.719943638185449153e+00,1.856829314987154333e+01,8.224968594023231994e-01,4.226666202894344693e+00,1.354243746125152370e+01,1.891633354182143956e+00,-4.186437613719240503e+00,-1.791044216609195772e+01,-1.356681461969811053e+01,4.303556267721939221e+00,-1.330864311031260172e+01,4.064304873045113453e+00,-2.193331924153817170e+00,1.274241217401467807e+01,1.073989097343567511e+00,6.329224752062241777e+00,-2.960655351336486163e+00,-4.235861083684328676e+00,1.770567386496873041e+01,-2.999416805108124251e+00,-2.218940544817921801e+00,-1.251124479051863680e+01,1.491980397972876204e+01,4.617189975258205514e+00
-7.265548656330785171e+00,-6.387893745748682761e+01,2.849872422108420977e+01,5.326977768296183768e+01,-4.067381326597671176e+01,-5.702221522454610891e+01,6.587995146621902620e+01,1.814166761296469588e-01,8.001807778801772031e+01,-3.564531713491354736e+01,8.308901947175971969e+00,-1.455519614521758740e+02,1.816032040541733039e+01,-7.683670771734772309e+00,5.379843579019929223e+01,-1.722441332761259503e+01,2.125803744417100205e+01,1.485637864438938038e+02,-3.365296417684831454e+01,-1.213725169415106642e+01,-5.450045438622338168e+01,-1.354757745856205986e+01,-5.390419525575858017e+00,2.086631987482610029e+00,8.428842483555836651e+00,-3.173075862656913415e+01,-4.946290839309464360e+01,7.768115306630237527e+00,1.866913131796497538e+01,1.078156902522140541e+02,2.072354517000274043e+01,6.247009984488732925e+01,3.356731914994922050e+01,3.256084640514173145e+01,-8.274632262241344449e+01,1.744463495388164631e+01,1.404422444867075725e+01,-5.976996893182258930e+01,1.784300745787044917e+01,8.740149549102221727e+01,-3.035167321984449629e+01,-1.442102969065378382e+01,-7.140124069728319256e+00,1.149924721088612785e+02,4.226992763350077098e+01,5.932213593885798275e+01,-8.280666120435098776e+01,-2.938010911314301765e+01,6.679269850216732607e+01,-2.750126167465286997e+01,1.166565789261655937e+02,-3.325295482804300917e+01,3.364084227458843657e+01,-4.694697009851848435e+01,-4.802318439783773485e+00,5.355323623107067732e+01,-6.441418897940026511e+01,-4.432638964171930240e+01,-3.121683626767800845e+01,2.699135409971880151e+01,2.280172422309556879e+01,-2.556335379964525956e+01,5.487650375788648205e+01,4.008102948006029465e+01,-6.045200106584577071e+01,-2.363422421582541588e+01,-3.447948866121770095e+01,-9.486116993740502323e+01,-9.024860600434578828e+00,2.421743353818849442e+01,-1.556889902658596192e+01,1.552019358545268402e+00,5.746800054694451987e+00,9.777376385468383546e+01,-5.980536711228728564e+01,-2.879450444028009670e+01,-1.251652747092107631e+01,6.000865950348722322e+01,1.669893539567249618e+01,2.394103308157618670e+01,7.555211504397300359e+01,1.621117496862958252e+00,7.774643926338977273e+00,-7.782241294245443441e+01,-5.413537674073251083e+01,1.377958841722725936e+01,-1.060776657123771827e+02,2.654020359885408809e+01,-3.878037696654373434e+01,2.389323932905153214e+01,-2.669068669090873591e+00,3.017582530845637123e+01,1.277601715442474983e+01,-1.617446963085080469e+01,2.540465094056516904e+01,7.314219985099096100e+00,-1.508528687781835131e+00,-5.298537665610506053e+01,7.525184572158036644e+01,9.958704402805190981e+00
-1.798089464655487912e+00,-1.833693466273031092e+01,7.874023820489593817e+00,1.409395695133303761e+01,-1.179797363717823622e+01,-1.473857056526213505e+01,1.711908444777384020e+01,6.407705112368797806e-01,2.184159647528810666e+01,-1.025281134314713505e+01,2.827179373390785955e+00,-3.945632909548571376e+01,4.228025018272857594e+00,-1.803586225571225388e+00,1.535395472845325138e+01,-3.940378939663587765e+00,6.081419351535681805e+00,3.954976860163639429e+01,-9.175729055209401963e+00,-3.435316089636199610e+00,-1.433594015337164507e+01,-3.754200361996458124e+00,-1.623007712239383116e+00,9.255021912279689511e-01,1.395603571598003523e+00,-8.716881311823431844e+00,-1.403431565276290094e+01,2.702555601981428079e+00,5.282344440977857047e+00,2.967522772896658978e+01,7.735517684253292892e+00,1.751494596597503062e+01,9.288503773380579531e+00,8.340385378597677146e+00,-2.225710871910532873e+01,4.488183634772646258e+00,4.297616368679059384e+00,-1.727614669628607658e+01,5.051915403414420247e+00,2.552591248813012825e+01,-8.221224231753124556e+00,-3.481585598742492405e+00,-1.323342227401912652e+00,3.052365773028963503e+01,1.121872898848336675e+01,1.584538754713760156e+01,-2.247600917035946111e+01,-7.990685807812015540e+00,1.779313440862867779e+01,-7.960917749110828723e+00,3.134214503554690623e+01,-8.815091671409838625e+00,1.002356659364339819e+01,-1.298090273116405235e+01,-1.455272958156124563e+00,1.510542106636815873e+01,-1.773763109420205808e+01,-1.235818687869460497e+01,-8.518893639405934692e+00,8.811252648837943013e+00,6.706561533584459056e+00,-6.425896479798543837e+00,1.393686218025723456e+01,1.004410173474492218e+01,-1.627167762316109645e+01,-6.029685569973334935e+00,-9.477691910752701787e+00,-2.571895582088157184e+01,-2.604247850774120909e+00,6.058223853441270457e+00,-4.204436779044569583e+00,4.472212205074199698e-01,1.213592797301740855e+00,2.679368186932355655e+01,-1.604610136055282865e+01,-7.694492760397094955e+00,-3.329742989189096836e+00,1.588617349917874755e+01,4.881460223589239256e+00,6.675310246655273616e+00,2.104402199135943263e+01,2.817547507337522239e-01,2.757261236202857013e+00,-2.125632735302528076e+01,-1.466899588220379869e+01,3.643670432726202169e+00,-3.015153654903840419e+01,7.465897945038571848e+00,-1.130630847855749366e+01,5.758027208512275230e+00,-9.080601700524066899e-01,8.307472520051213394e+00,4.115404759278004754e+00,-4.363433910821768791e+00,5.681405110742749898e+00,2.494385434700900461e+00,-2.135448518902688386e-01,-1.443875837390297434e+01,2.080861394437147283e+01,2.473526271981711488e+00
-4.338030609304698082e+00,-5.004930863924637663e+01,2.088378254209745322e+01,3.609566726032071671e+01,-3.244391083616213223e+01,-3.699805330221692401e+01,4.317418042954534485e+01,2.915346416994809786e+00,5.737965746666398559e+01,-2.802501210679239563e+01,8.592427018792307081e+00,-1.030855583996113580e+02,9.588382061781945964e+00,-4.126112274684547998e+00,4.173055960688844124e+01,-8.765653679054373981e+00,1.655745002984812331e+01,1.018127169521284685e+02,-2.408428997048287812e+01,-9.279802336364083359e+00,-3.653563379101311881e+01,-9.979855230927631382e+00,-4.579762820270093293e+00,3.173039088325682044e+00,1.780369303269755399e+00,-2.301603808733795375e+01,-3.797991640604107033e+01,8.312931142743408941e+00,1.426565708862501047e+01,7.847192587209991643e+01,2.465354431223243026e+01,4.697839461280342022e+01,2.466425868060851201e+01,2.077032504615026198e+01,-5.778532001764699544e+01,1.122098768443893846e+01,1.225729457902195918e+01,-4.738919801267731202e+01,1.365002502387492278e+01,7.053624857375794477e+01,-2.146547886372712455e+01,-8.198839528970378154e+00,-2.172937238216124722e+00,7.838680606283791974e+01,2.880740546484155828e+01,4.090391592079014771e+01,-5.878219373778465240e+01,-2.093205252856523657e+01,4.583034542441856729e+01,-2.186044055188296298e+01,8.129603813308307281e+01,-2.261291676204959344e+01,2.808516136391426699e+01,-3.444849141389016012e+01,-4.124091253164600346e+00,4.069923239856765917e+01,-4.692168958091355080e+01,-3.300550254560248220e+01,-2.237566153746480069e+01,2.615619851882187774e+01,1.862436603874970231e+01,-1.573150185033775017e+01,3.444178193433508284e+01,2.451895799087707672e+01,-4.226944964829754525e+01,-1.496225650179607847e+01,-2.503667432029275020e+01,-6.720284692090871204e+01,-7.135034692912326726e+00,1.476498624398983317e+01,-1.095116752278995342e+01,1.224030074295834325e+00,2.448402804280430445e+00,7.060907035925309572e+01,-4.157459073310014475e+01,-1.986982221623792100e+01,-8.566752575839277739e+00,4.070558043246852264e+01,1.349775382408955515e+01,1.782915139612195787e+01,5.616253298058865084e+01,4.052533230534950404e-01,8.566924163925223823e+00,-5.587139568089621378e+01,-3.831222900720064217e+01,9.327213709260622210e+00,-8.170423635468821999e+01,2.007512493469143777e+01,-3.120470041508061598e+01,1.353521527229751698e+01,-2.759605137871762981e+00,2.197179143335832663e+01,1.212024493678434922e+01,-1.135574205039832485e+01,1.231463041692662230e+01,7.590445934970373898e+00,-1.479677766866394073e-01,-3.788170799428829127e+01,5.522435931095198214e+01,5.988098209712967801e+00
-4.991446415465891739e+00,-1.572497059901155758e+01,1.043236133725731563e+01,2.645259436946295750e+01,-8.650913904853604564e+00,-3.219448382378588747e+01,3.618133726810690121e+01,-6.512743471293706676e+00,3.226484424948073837e+01,-8.545820355513949806e+00,-2.878520205621859063e+00,-6.173345649976057103e+01,1.544268786155675954e+01,-6.370095833999554813e+00,1.423812248054840879e+01,-1.542378981478635680e+01,5.465434330512778160e+00,7.106439359277638346e+01,-1.368232175630269687e+01,-3.531099142500689236e+00,-2.799521825466960934e+01,-4.835782336804304471e+00,-4.843277056462484964e-01,-3.123398151061892669e+00,1.348070748344306757e+01,-1.217393037472283090e+01,-1.400730672533392251e+01,-3.352641755216429154e+00,5.450900938312619459e+00,4.073273254409065203e+01,-1.480003348491425896e+01,2.002944605907943298e+01,1.213120076354441679e+01,1.922623780551751693e+01,-3.703168437660436751e+01,1.008021572213319672e+01,4.930129905717395289e-01,-1.339103160783201929e+01,5.172725425248673403e+00,1.665168939051988062e+01,-1.294588492542381708e+01,-1.088030011609972547e+01,-9.847690544707797144e+00,5.599666428586551348e+01,2.059956845981991336e+01,2.778593427682477213e+01,-3.480115893118672687e+01,-1.216807868726855624e+01,3.181636229303577323e+01,-6.029519450329598129e+00,5.261025508371671577e+01,-1.632192560356224220e+01,4.196593433261837092e+00,-1.707709867312741991e+01,-3.274797829178499597e-01,1.616212812142582322e+01,-2.424379109053402104e+01,-1.498904179259684710e+01,-1.260951447262932135e+01,-5.198239609586146059e+00,3.817991019606703951e+00,-1.645445233050407907e+01,3.373550352740996772e+01,2.614577618418923066e+01,-2.692841836972972303e+01,-1.422451088502268313e+01,-1.316506826629979443e+01,-4.019010357783002974e+01,-2.070223575112805303e+00,1.591500984867096058e+01,-6.781417999196598601e+00,3.630966354474616242e-01,6.272022090969587182e+00,3.824886034425187376e+01,-2.721429342856743716e+01,-1.345071272552547370e+01,-6.013171311575578493e+00,2.969578842164049348e+01,3.131595848531227411e+00,8.089507456741152680e+00,2.576962184339057771e+01,2.444164073629235379e+00,-3.939520331838653355e+00,-3.122294361865169066e+01,-2.302813176897669578e+01,6.865935762517283436e+00,-2.944197798712819747e+01,8.233926368319428590e+00,-7.607144690323259795e+00,1.814245268131509903e+01,9.233895251035710849e-01,1.137960983680210347e+01,-1.844644388074883956e+00,-7.095752865172274326e+00,2.420075194325126944e+01,-2.596922080691303591e+00,-2.816228423254687030e+00,-2.163249786233820160e+01,2.735778001054287500e+01,6.742175250433339428e+00
-2.164823920583773820e+00,-1.138870331296377714e+01,6.008484619329145460e+00,1.311840689111714298e+01,-6.881907142512353914e+00,-1.509538240612186399e+01,1.716495682005609780e+01,-1.747772304254789910e+00,1.767758423872545137e+01,-6.292905397594209305e+00,1.446815478597338611e-01,-3.298168740932722898e+01,6.216310730026916254e+00,-2.585684877967897588e+00,9.861508550113697424e+00,-6.106865050108805981e+00,3.853087987443346574e+00,3.585042167214594855e+01,-7.465228253406777981e+00,-2.311384598992068273e+00,-1.367434816839292644e+01,-2.822756453591883208e+00,-7.322908893009175690e-01,-6.153241248578484868e-01,4.599035309313387998e+00,-6.841502681922770002e+00,-9.315615182087920942e+00,-4.430232358780594737e-02,3.560585151278753191e+00,2.307463449465015515e+01,-1.707885445795533030e+00,1.240019702213935560e+01,7.034604652796399016e+00,8.848490140518613600e+00,-1.927571060807780867e+01,4.680808449363579982e+00,1.699195158349898094e+00,-1.029713413488573437e+01,3.392990631358719256e+00,1.426208298658897888e+01,-6.897350814657063900e+00,-4.560995967071217017e+00,-3.469152678349416430e+00,2.801820205524096252e+01,1.030347045474166556e+01,1.415495549338659487e+01,-1.867692255596377038e+01,-6.577912539887392995e+00,1.608174563049519890e+01,-4.702083320103675135e+00,2.728438485914250933e+01,-8.137208017555892070e+00,4.888817949716794509e+00,-9.868536854836671424e+00,-6.241626049899865469e-01,1.035648222387499473e+01,-1.376093798350441588e+01,-9.009611077978423310e+00,-6.902467857666778173e+00,1.597286898399346455e+00,3.577920168326114592e+00,-7.316107536492326702e+00,1.527455854853116790e+01,1.156510814957490396e+01,-1.404810240051770265e+01,-6.495733414886903034e+00,-7.416934953410618370e+00,-2.148342784448091791e+01,-1.567900814095223083e+00,7.019651628255083153e+00,-3.576226675564362800e+00,2.715555345593090308e-01,2.343178989781363075e+00,2.128108048152460441e+01,-1.405363462674779385e+01,-6.860833897350781641e+00,-3.027458287337676079e+00,1.474993665696133327e+01,2.711374554757043587e+00,4.864481065145956684e+00,1.541657495050582938e+01,8.441976353939089073e-01,-2.028926292525161656e-01,-1.715001579938763498e+01,-1.228525839867747216e+01,3.399735235168330316e+00,-1.981585191307637572e+01,5.193387553661931832e+00,-6.387517608444301942e+00,7.588193706522850412e+00,-4.682286865188478586e-02,6.452559437124300246e+00,9.232456444907808368e-01,-3.729054557226997524e+00,9.401280899765556143e+00,1.102595631694831546e-01,-9.326516474470126772e-01,-1.177821215779585273e+01,1.581423919065327333e+01,2.940265558252301847e+00
-3.246613530699245409e+00,1.106274853669734348e+01,-1.296493152558423345e-01,9.536278421266207062e+00,8.959234795863370238e+00,-1.566316927815646842e+01,1.666980780449172883e+01,-9.254418346369632786e+00,3.817636921109565762e+00,6.495151234271929752e+00,-8.364448452860450800e+00,-1.122573753393447404e+01,1.228735149443714114e+01,-4.968506071212706487e+00,-7.917996513309100592e+00,-1.274689953607358639e+01,-3.354689986963330650e+00,2.278531968234035432e+01,-1.764215046954217492e+00,1.337824396509623037e+00,-1.106674486362438614e+01,2.353352095624744456e-01,2.118679934304542822e+00,-5.476902784698939541e+00,1.458253935831522874e+01,-6.410901087808549281e-01,5.990682814472537920e+00,-8.750406374107507546e+00,-2.030403469565435604e+00,1.289123215225148833e+00,-3.158048636718384117e+01,-4.276717566823793781e+00,-3.729541266796736476e-01,1.012901135049234291e+01,-9.105104344383647685e+00,5.116764275149674468e+00,-6.601417209828158938e+00,1.221116102169417950e+01,-1.992553235321005811e+00,-2.197738688222808179e+01,-2.443169317708142607e+00,-7.812603490620878333e+00,-1.014207878997147816e+01,1.903011557669590559e+01,7.017519719347875551e+00,8.267912146389042150e+00,-5.936524715670467245e+00,-1.853832382748778373e+00,1.005636315442214546e+01,5.804154163123330434e+00,1.340275493100878990e+01,-5.684595831516313424e+00,-1.157118491070905719e+01,3.661872902964433685e-01,2.033815814562730306e+00,-5.084517261062185156e+00,-6.409699644414539321e-01,1.941863546488614922e+00,-1.520681217366076421e+00,-2.133116444175230697e+01,-6.473643056289374975e+00,-9.865121995402491351e+00,1.894514055747352899e+01,1.595522814794050426e+01,-6.474940533472642201e+00,-7.730731891585422844e+00,-6.073841993610684664e-01,-7.254742113999994579e+00,1.775912923379514341e+00,9.805491977147077876e+00,-1.451291933937784329e+00,-2.954526209298319883e-01,5.836613149545762269e+00,3.011522087900293965e+00,-7.212898533413239832e+00,-3.962034142799200964e+00,-1.956212039140532433e+00,1.059753233375076853e+01,-4.269153073977367541e+00,-1.057525432102861984e+00,-2.998199525901329654e+00,2.595682086204124328e+00,-9.579243384668828298e+00,-3.492672209989156507e+00,-4.270155920665661853e+00,2.499568774490643630e+00,1.368858272588568781e+01,-2.204459223216587382e+00,9.443811008454883194e+00,1.310678760532286091e+01,2.685114991421190922e+00,3.315389947826631878e-01,-9.230605775809754832e+00,-1.578859517556305825e+00,2.084274158574852009e+01,-7.451723122255955900e+00,-3.177472154180061459e+00,-2.904526192722144184e+00,-6.084861361250690770e-01,4.310140195249953621e+00
-5.149419935184035069e+00,-5.191377323399650123e+01,2.235495444959423850e+01,4.014652003911055544e+01,-3.337627708065232213e+01,-4.206000395809616776e+01,4.883267195466005006e+01,1.693620418401368788e+00,6.206670630014786383e+01,-2.902257184941142754e+01,7.913581115467616556e+00,-1.121808538015400245e+02,1.217155239558152857e+01,-5.188418428390392911e+00,4.348691913452213242e+01,-1.136108175054494751e+01,1.722140112527013756e+01,1.126031910285073110e+02,-2.607661384198717158e+01,-9.735718861551637460e+00,-4.085437399842289352e+01,-1.065610404958211177e+01,-4.579423959944522338e+00,2.553375809742858937e+00,4.160637861064587995e+00,-2.475855004066573883e+01,-3.976625007030991554e+01,7.554493687901856269e+00,1.497057789216542467e+01,8.427438607835226492e+01,2.153444111848989451e+01,4.967208751244197629e+01,2.636778211366868163e+01,2.381845651402731079e+01,-6.331829931573251002e+01,1.281280986526149235e+01,1.211254325314566671e+01,-4.888627704107820193e+01,1.431683491679024911e+01,7.217716484303761604e+01,-2.337571175982344940e+01,-9.991398473895241494e+00,-3.895143525340619917e+00,8.692434093518933480e+01,3.194866853460857214e+01,4.510212641858976212e+01,-6.389677889033929148e+01,-2.271313800083394696e+01,5.065665977379232743e+01,-2.252458545116876110e+01,8.917182544320669990e+01,-2.510591365416499343e+01,2.830272040945525802e+01,-3.685170234150867685e+01,-4.104327536181044955e+00,4.281974971829523469e+01,-5.037116312146782349e+01,-3.506222000831029106e+01,-2.420835270166889686e+01,2.472801022141306149e+01,1.895399700577115709e+01,-1.837906333410104764e+01,3.982829822770419526e+01,2.873496623960138407e+01,-4.628813469068461472e+01,-1.722510647341314538e+01,-2.691826167451219121e+01,-7.312238496333091575e+01,-7.370115485766404184e+00,1.733432039098104127e+01,-1.195737276849944308e+01,1.265781543894124006e+00,3.525043144985690269e+00,7.611621138356068172e+01,-4.565768101266444035e+01,-2.190079655377537193e+01,-9.480713936034177891e+00,4.524957736104025230e+01,1.380193440800488247e+01,1.893884202097259362e+01,5.970956140767051323e+01,8.352480424305299689e-01,7.698559821650153623e+00,-6.040053711491444943e+01,-4.170768892417262919e+01,1.037942950590203850e+01,-8.542330078795612280e+01,2.116797681134878317e+01,-3.197370933995436459e+01,1.652681945329667101e+01,-2.541778516348926154e+00,2.359191047938730179e+01,1.155947287198490869e+01,-1.241054630041496232e+01,1.641435760423349066e+01,6.981078468081683752e+00,-6.494831707466639514e-01,-4.103542378423440340e+01,5.907363108632904414e+01,7.081635432553514242e+00
-5.110311729619355425e+00,-5.263741941449948314e+01,2.254827262731832249e+01,4.024431758276885063e+01,-3.388866518225950841e+01,-4.201766421702659926e+01,4.882220085200696502e+01,1.944253128049689749e+00,6.249679688626135032e+01,-2.943505443836211555e+01,8.194362862213152354e+00,-1.128477889822212887e+02,1.196134668839656712e+01,-5.105686936419550292e+00,4.405866415763426147e+01,-1.113225646584836603e+01,1.745341167825224815e+01,1.129786344086183902e+02,-2.625322002624015028e+01,-9.852619422296417184e+00,-4.091911980789114267e+01,-1.075268428819197020e+01,-4.672430876054889382e+00,2.714887456481321237e+00,3.823753152951941736e+00,-2.495262319885483393e+01,-4.025717227441225532e+01,7.842075677574588788e+00,1.514965223486137269e+01,8.495777888574447445e+01,2.252363090636019294e+01,5.020345317234083637e+01,2.660141864490130814e+01,2.376234102536501069e+01,-6.362405476176541441e+01,1.279109821576522776e+01,1.238400967603734415e+01,-4.961350618501116827e+01,1.448938648948189467e+01,7.335166017626151813e+01,-2.351202963380125510e+01,-9.876889199546734943e+00,-3.669353873547783529e+00,8.717738295861573761e+01,3.204108382019026635e+01,4.527442232530894017e+01,-6.428833553968125614e+01,-2.285886825624749363e+01,5.083051330649966815e+01,-2.286419853923849743e+01,8.958761989203794940e+01,-2.517419367736649605e+01,2.883866046961873408e+01,-3.717427547425007361e+01,-4.191129986428295595e+00,4.331349381698957046e+01,-5.078293682625898953e+01,-3.540980551615344041e+01,-2.437529606525992776e+01,2.548270964545223904e+01,1.928035149474690613e+01,-1.828345137488426175e+01,3.968321093995935911e+01,2.857191335266258392e+01,-4.651628041168113015e+01,-1.717417090529805535e+01,-2.713155197191114354e+01,-7.355870561745064151e+01,-7.478092404462941545e+00,1.723135068944727877e+01,-1.202195875797357161e+01,1.284082226493526768e+00,3.406013421734098490e+00,7.668629512182050689e+01,-4.586163025968869533e+01,-2.198580613953770069e+01,-9.511360168596780795e+00,4.536365831953627747e+01,1.402822429653363301e+01,1.912681043889640620e+01,6.029360504604570536e+01,7.760873449164402693e-01,8.008524044892757487e+00,-6.082476127168582991e+01,-4.195318414341938507e+01,1.040384420946566912e+01,-8.649879490211955613e+01,2.140416981217861547e+01,-3.248654592787293893e+01,1.633271411195721257e+01,-2.631925610693481410e+00,2.378396955727723139e+01,1.189335371536108177e+01,-1.247572767443488218e+01,1.602182064715951526e+01,7.230635152927221476e+00,-5.738921846703975982e-01,-4.131006544154885773e+01,5.959126733393076591e+01,7.031801674526423795e+00
-3.765387664296548031e+00,-2.007281100414585850e+01,1.053656350310468426e+01,2.291255769626822314e+01,-1.215081886105356190e+01,-2.632156433403510931e+01,2.994094234148973399e+01,-2.977795395534857725e+00,3.096029096771416178e+01,-1.109495305323394199e+01,3.321112087493096610e-01,-5.772522808712705000e+01,1.078454675097236048e+01,-4.487185814633663838e+00,1.736552454351093289e+01,-1.058833469112768988e+01,6.787503491560128666e+00,6.264691826153534748e+01,-1.307307817260793925e+01,-4.065352472270170381e+00,-2.387300208193511253e+01,-4.951661010445422839e+00,-1.303872190010537668e+00,-1.027565277097566732e+00,7.927277294385381978e+00,-1.198996078025334633e+01,-1.639027821471239932e+01,4.363388411638524644e-03,6.262209083595538850e+00,4.044724993125185364e+01,-2.698528613932499098e+00,2.178275035531218151e+01,1.233805571232600862e+01,1.542007777201004970e+01,-3.371288945239744805e+01,8.159410170483898384e+00,3.041283598194778115e+00,-1.816960820045986935e+01,5.967991989538232289e+00,2.521336426363992445e+01,-1.207098930335444464e+01,-7.924053423025291032e+00,-5.987761395791394214e+00,4.894902056358557729e+01,1.800043071663878180e+01,2.474194643358837098e+01,-3.269267593655754212e+01,-1.151640806796513417e+01,2.810363454765774449e+01,-8.299108056604444172e+00,4.771509882492309629e+01,-1.421457803090392247e+01,8.680602307911989612e+00,-1.730704246899496823e+01,-1.113483094895000303e+00,1.820685059522196170e+01,-2.412258150886166419e+01,-1.581576536854243464e+01,-1.208861081392088721e+01,3.000702217597366328e+00,6.334264217956338427e+00,-1.273565423139036490e+01,2.660496221274669182e+01,2.012880140974899135e+01,-2.457139981822074404e+01,-1.131721254669432142e+01,-1.299924654890213915e+01,-3.760127588917578123e+01,-2.765826728319705552e+00,1.221640402929660141e+01,-6.256990822207457725e+00,4.789188392594452282e-01,4.053833773679654584e+00,3.728626196443687491e+01,-2.457418101206218353e+01,-1.199271926799240440e+01,-5.290039728165202071e+00,2.576335097023425647e+01,4.794183655357199925e+00,8.539353901068951203e+00,2.705971569426969126e+01,1.455889052355090030e+00,-2.659395706145337712e-01,-3.003829309517598034e+01,-2.150108032870930685e+01,5.937700026400042574e+00,-3.487369267572853460e+01,9.126816048106414669e+00,-1.128849378669517378e+01,1.318233955516272893e+01,-1.072753465473257339e-01,1.131088544397423234e+01,1.705375764376206860e+00,-6.523764964695024204e+00,1.628889593512206702e+01,2.631976027407647578e-01,-1.605530511960044260e+00,-2.062482357230097207e+01,2.773457897386566273e+01,5.115084591454525764e+00
-1.894571634900936052e+00,-2.710050992973044259e+01,1.082334712877798921e+01,1.765261414648880134e+01,-1.776077760686009910e+01,-1.745772244395618245e+01,2.054569507311316556e+01,2.508835213423342481e+00,2.928695315040713609e+01,-1.520735336626625411e+01,5.351109024640984480e+00,-5.214370811884455037e+01,3.635346551455501896e+00,-1.598846905943525520e+00,2.245500217590165448e+01,-3.159855995031109366e+00,8.932499592486587758e+00,5.023597039053944258e+01,-1.227529640955587986e+01,-4.947719805698623574e+00,-1.771498378241938454e+01,-5.190948379059045159e+00,-2.599368543694760003e+00,2.234084932867552276e+00,-6.540180149630042683e-01,-1.184371944363882001e+01,-2.030545733600548886e+01,5.248143084269150549e+00,7.603200541498092768e+00,4.047738983549266578e+01,1.617257096080237844e+01,2.477784345718723813e+01,1.280638949698574791e+01,9.656254915066647015e+00,-2.892565296375430961e+01,5.255100178075960748e+00,7.057544230368972826e+00,-2.584772710033278997e+01,7.280463099748762268e+00,3.888368615528083438e+01,-1.084645746858028126e+01,-3.399587558661217201e+00,-2.892981302994229731e-02,3.851655827148663747e+01,1.415237890569556356e+01,2.027837612881376828e+01,-2.978396970879673944e+01,-1.063403190982219293e+01,2.263504297041432167e+01,-1.194194573589668984e+01,4.063035381710238880e+01,-1.109015497259772509e+01,1.578691162882305576e+01,-1.786992745471027177e+01,-2.354346362637536938e+00,2.161505742748845549e+01,-2.421717595735570683e+01,-1.729328312524003408e+01,-1.141723093473933659e+01,1.584297891536881586e+01,1.033930302221823894e+01,-7.076696835374374217e+00,1.578001834229213607e+01,1.096705157734023572e+01,-2.117888584511639039e+01,-6.909143337025573928e+00,-1.289323212982885636e+01,-3.400003396565256963e+01,-3.884930992621562940e+00,6.582875829206268570e+00,-5.511467947091350794e+00,6.654730563000810228e-01,6.366809161008087914e-01,3.622152426124393543e+01,-2.073949987903520409e+01,-9.856452371862449269e+00,-4.222754281218245254e+00,1.992402164374432516e+01,7.447616918088174387e+00,9.342535275386964599e+00,2.939337296122512200e+01,-7.068587355354269408e-02,5.469157866328282935e+00,-2.854139439538619527e+01,-1.936885813240219534e+01,4.557659693045219562e+00,-4.376864001854693242e+01,1.062895687666265232e+01,-1.717172322974859355e+01,5.589673737572447898e+00,-1.718463022218464697e+00,1.133666724166358186e+01,7.270671074228197028e+00,-5.707090994291318609e+00,4.122096553532808905e+00,4.733875958773620773e+00,2.667133806230134740e-01,-1.929356814442104451e+01,2.864958940380022412e+01,2.633732576972604988e+00
-5.194017987137950598e+00,-7.510746828080245052e+01,2.993580736258487818e+01,4.868714080968928926e+01,-4.924704515881551714e+01,-4.806175185648808679e+01,5.658792244201656985e+01,7.069123409651488110e+00,8.094469319978847466e+01,-4.215033573873880357e+01,1.491741306451346816e+01,-1.440548573866994104e+02,9.880994335892411939e+00,-4.351860221184009170e+00,6.221511642602972358e+01,-8.559457848201693864e+00,2.475178491878595466e+01,1.386156816188145910e+02,-3.392474258138557275e+01,-1.370270060238194354e+01,-4.883805842387406670e+01,-1.435985106436260850e+01,-7.218907277537025102e+00,6.255993270720561661e+00,-2.014399752347857842e+00,-3.274697054130735552e+01,-5.624297823205888847e+01,1.463808301672259837e+01,2.105669076295798448e+01,1.119295752893829814e+02,4.517348901386716165e+01,6.858802960059546194e+01,3.542371007801112626e+01,2.656336550166849619e+01,-7.987090520809597649e+01,1.446181845611499384e+01,1.961202098532389471e+01,-7.165885520543831433e+01,2.016356671234026621e+01,1.078499132231369799e+02,-2.996345053486899701e+01,-9.292046031319177501e+00,6.297687464041057392e-02,1.062564103031007789e+02,3.904209985540362737e+01,5.596705594079521262e+01,-8.228941188491204173e+01,-2.938425688426238125e+01,6.245964200705557801e+01,-3.310950161536261760e+01,1.121818421244391146e+02,-3.059174219766413216e+01,4.382477614351927997e+01,-4.942777066016385135e+01,-6.540056411337952902e+00,5.985214532084686567e+01,-6.696806754979043319e+01,-4.785516812017305455e+01,-3.155503637112018112e+01,4.411744129590491070e+01,2.868653387669026955e+01,-1.943283829553394781e+01,4.337547840074138605e+01,3.010647680275394222e+01,-5.848286117775182902e+01,-1.899952953806300116e+01,-3.565006827399474787e+01,-9.393113689833010937e+01,-1.076953684475276951e+01,1.806792514893326995e+01,-1.522252870400551927e+01,1.844654933643971040e+00,1.678572254463362556e+00,1.001349043349118233e+02,-5.725725349911751039e+01,-2.720399366075552905e+01,-1.165123278058850786e+01,5.495417865824099835e+01,2.065795822873885257e+01,2.585342838817443933e+01,8.133510975085980022e+01,-2.320900402020815989e-01,1.526102582506801397e+01,-7.888729329783579658e+01,-5.350797695232905937e+01,1.256981549458252267e+01,-1.212433023373226177e+02,2.942743658245409222e+01,-4.762473749780956211e+01,1.527449686823703345e+01,-4.790585079038804928e+00,3.134898756345807413e+01,2.023853041098637817e+01,-1.576176211877326772e+01,1.110657420460890599e+01,1.319747220427882262e+01,7.824429117173256065e-01,-5.331900175831410138e+01,7.924434671782989881e+01,7.223310964134575407e+00
-4.468743370247596047e+00,-4.146361906567049971e+01,1.823460963460284034e+01,3.354729788349533948e+01,-2.650638390619679541e+01,-3.561097465732865430e+01,4.122103133973325129e+01,6.240659341684526851e-01,5.096916937534372494e+01,-2.315494007537407839e+01,5.773466249786626037e+00,-9.247729310608039555e+01,1.094062447214475498e+01,-4.641644400050468633e+00,3.484359798856672796e+01,-1.031680037808007455e+01,1.378058339702396573e+01,9.376904681069984804e+01,-2.142724254328529199e+01,-7.836303634794865580e+00,-3.425040910411404127e+01,-8.677810940834630671e+00,-3.563964935568114445e+00,1.635250375741593931e+00,4.590473372690540899e+00,-2.025947499186419876e+01,-3.196483656851728483e+01,5.448772325587204257e+00,1.205204705172948110e+01,6.888704397753110698e+01,1.498822048859351774e+01,4.019001269134786014e+01,2.148978762352631477e+01,2.026953850135265611e+01,-5.242386424821783208e+01,1.087651836671297545e+01,9.344935867275378172e+00,-3.889860848780149638e+01,1.152158884590867238e+01,5.710758014322934883e+01,-1.927849852824205712e+01,-8.794659680439208316e+00,-4.009987291350078031e+00,7.250332468051327339e+01,2.665017699299585274e+01,3.748795295012307349e+01,-5.263639960846207089e+01,-1.868944850841139527e+01,4.216786890103646357e+01,-1.790815233822833363e+01,7.387659186715031012e+01,-2.095618610572949336e+01,2.215155413241166471e+01,-3.004690397116200629e+01,-3.183162770130928187e+00,3.453122322292902879e+01,-4.116346916568446090e+01,-2.845730638701871129e+01,-1.988248917901125523e+01,1.843439668798559694e+01,1.493912876737213757e+01,-1.580850040117680066e+01,3.405843135481690354e+01,2.475953266502083494e+01,-3.830903069961729557e+01,-1.469181906388542380e+01,-2.201938492312400797e+01,-6.027397472194667927e+01,-5.869699598991927836e+00,1.495093704549645253e+01,-9.878037874909466609e+00,1.008874965856828121e+00,3.355185810693978699e+00,6.236977722861033868e+01,-3.785493904807131571e+01,-1.819916919457995874e+01,-7.898054000084242077e+00,3.779915877730304885e+01,1.091482905911416879e+01,1.537049402587410363e+01,4.848694977459509659e+01,8.943567176657889473e-01,5.498448081260359999e+00,-4.958268398296367963e+01,-3.439001702730404020e+01,8.676066560023512508e+00,-6.859764248782434493e+01,1.709585935531000800e+01,-2.532196288603541845e+01,1.456235670387112435e+01,-1.854511988279964330e+00,1.928194877728081735e+01,8.678136286659766441e+00,-1.025835164282851331e+01,1.510436455268022193e+01,5.087172567251515787e+00,-7.904079229208484936e-01,-3.372945681421934694e+01,4.816371407306846919e+01,6.132874504432523466e+00
-3.228684243307387014e+00,-4.493448793563582910e+01,1.803903712211676336e+01,2.963304867023690292e+01,-2.941143810581013440e+01,-2.944131514300440600e+01,3.461065024398849488e+01,3.980973138274758405e+00,4.890250912112864512e+01,-2.520858202496900091e+01,8.738208170645821227e+00,-8.716429481530187218e+01,6.326906669631303437e+00,-2.773146477385636022e+00,3.725904832855285775e+01,-5.544279237563681129e+00,1.481702950624418236e+01,8.423540606035642497e+01,-2.050050150766887924e+01,-8.218473539210988221e+00,-2.977027246143301298e+01,-8.647878003894533094e+00,-4.286948122647396886e+00,3.605067721843668860e+00,-7.733253877940493570e-01,-1.975668342857050774e+01,-3.371777023392523631e+01,8.558183308630999520e+00,1.262994678705138618e+01,6.750133401236415409e+01,2.627242944867339958e+01,4.121020793405611471e+01,2.133935978957190116e+01,1.631648954957970332e+01,-4.841514198499022115e+01,8.871117650446741720e+00,1.162104191344488768e+01,-4.282122065020274704e+01,1.209278580345683629e+01,6.433914049833845183e+01,-1.813346866903540544e+01,-5.836673458664432879e+00,-2.686142807390096143e-01,6.461826477903611021e+01,2.374363836201479216e+01,3.398247057409562188e+01,-4.977704916963275394e+01,-1.776656187092966377e+01,3.794975286740835685e+01,-1.978036375405575598e+01,6.801954799638897953e+01,-1.861013448739261733e+01,2.606436647036525045e+01,-2.978011339366993226e+01,-3.880355326263672744e+00,3.592048431309938650e+01,-4.038247232534550335e+01,-2.878464287559877377e+01,-1.906486704513685737e+01,2.594574024868478546e+01,1.709430868131282111e+01,-1.201079039061183096e+01,2.671600362691188479e+01,1.862811225642982649e+01,-3.544460317537434690e+01,-1.168510814435619594e+01,-2.150542413266267161e+01,-5.683361437038967523e+01,-6.437350129418014433e+00,1.118632534859043659e+01,-9.218815278851360873e+00,1.102882419592623897e+00,1.188139106156307134e+00,6.044449585935097957e+01,-3.472820979853173640e+01,-1.651619635603637448e+01,-7.081580852845736018e+00,3.344240669111246689e+01,1.232194982701213881e+01,1.555045178260838057e+01,4.893179447226176393e+01,-6.142414691717903996e-02,8.908590518308750816e+00,-4.765264693093568837e+01,-3.237948767263806360e+01,7.651654876200867150e+00,-7.266217625947730596e+01,1.766991435022945822e+01,-2.841899069424077240e+01,9.602456535388631309e+00,-2.806223976867860070e+00,1.890473194469991114e+01,1.191917829842786780e+01,-9.547678952502534955e+00,7.324199900828340049e+00,7.729152349769187857e+00,3.755475005101731600e-01,-3.222430839418611725e+01,4.774388210207754923e+01,4.483930819559882153e+00
-5.899634146006089708e+00,-5.085295268328686547e+01,2.281073627096414924e+01,4.288884161586097576e+01,-3.233057293779236829e+01,-4.605007174305028173e+01,5.316679256070388249e+01,-9.235649048020633245e-02,6.415482754234810159e+01,-2.836837394556968661e+01,6.436781805813177826e+00,-1.168068096902883610e+02,1.485331862758165578e+01,-6.278558786894064880e+00,4.286394965812927893e+01,-1.411589539477319022e+01,1.693155862216156393e+01,1.195146295738379791e+02,-2.698547715212927045e+01,-9.681880456404275748e+00,-4.391332561587169891e+01,-1.083919147004935546e+01,-4.260796728204033101e+00,1.529803259291557804e+00,7.121908747159717556e+00,-2.541786157910397392e+01,-3.944271213585613367e+01,5.993957656594398387e+00,1.489306132947248784e+01,8.634271797125900605e+01,1.577904961091790170e+01,4.989935255232128952e+01,2.686204890302386161e+01,2.632595170562411013e+01,-6.647461110189635747e+01,1.409630312973891542e+01,1.107333747147582415e+01,-4.753412000265065274e+01,1.423269666354107166e+01,6.940324221462790888e+01,-2.436012748728028754e+01,-1.174502788079074556e+01,-5.976253263043358466e+00,9.254340145995814737e+01,3.401847565811347351e+01,4.770136955834111347e+01,-6.644156792770542097e+01,-2.356723205258400000e+01,5.372768838876074682e+01,-2.186655840973367759e+01,9.373109826739745642e+01,-2.676590467548597729e+01,2.663341755541236466e+01,-3.757302568791180875e+01,-3.792183248395254669e+00,4.274040326755767438e+01,-5.158190322529601701e+01,-3.543472230409640389e+01,-2.502903312987770335e+01,2.105974223628571096e+01,1.808725323961085252e+01,-2.071747886004792605e+01,4.441662382013998212e+01,3.249565354151899754e+01,-4.855982932216365811e+01,-1.911835849270853060e+01,-2.761743528133246883e+01,-7.612539796799181602e+01,-7.179073174030873083e+00,1.963849934634955474e+01,-1.250061894309809674e+01,1.234851958248714965e+00,4.750323610305713373e+00,7.834807994221263527e+01,-4.806112524482735893e+01,-2.315256155506450497e+01,-1.007006863471793068e+01,4.831075943923816851e+01,1.325838696389985216e+01,1.913834973811031048e+01,6.040471246995798538e+01,1.364390264986315549e+00,5.977905528245368139e+00,-6.238879070603779553e+01,-4.344658349522016039e+01,1.109513540461375669e+01,-8.456686026474440609e+01,2.118961709943060967e+01,-3.080238126078142358e+01,1.946372552844839987e+01,-2.067733625128100883e+00,2.416514483426685800e+01,9.990601974282272479e+00,-1.298867097926326153e+01,2.087225764765250346e+01,5.663941836454584156e+00,-1.289195739726402667e+00,-4.249091529771323650e+01,6.022568845275764460e+01,8.082887917765507524e+00
-5.307077220486766223e+00,-6.360263364645637552e+01,2.631966784400950132e+01,4.501370843630573404e+01,-4.131715143768432341e+01,-4.585103870771535384e+01,5.358365349907025177e+01,4.125936030875966054e+00,7.211099056655052664e+01,-3.562887151899132476e+01,1.123546417304756062e+01,-1.293375723380791555e+02,1.148027803056362650e+01,-4.955844903964865544e+00,5.296729558599707843e+01,-1.042117323317479460e+01,2.102627496475163582e+01,1.271684283484585762e+02,-3.025964175769584941e+01,-1.175787750794897413e+01,-4.549320621743160586e+01,-1.258601346483193240e+01,-5.874073162814817728e+00,4.265867823250921731e+00,1.530013946203282238e+00,-2.896858858737067877e+01,-4.814726335227513232e+01,1.090217974665548439e+01,1.807387135891901409e+01,9.881067649822392696e+01,3.260778270886844155e+01,5.940141286341341953e+01,3.109492448097883610e+01,2.567496232677653012e+01,-7.236351107230315449e+01,1.388805532490993855e+01,1.576692557062913025e+01,-6.030709351195336154e+01,1.729633075928909847e+01,8.994977740787774678e+01,-2.692676216529009281e+01,-9.948329971843325126e+00,-2.241827660390406152e+00,9.783571582396892552e+01,3.595377439808287079e+01,5.113408235831418125e+01,-7.377453554396508650e+01,-2.628347552336277815e+01,5.725385406998332627e+01,-2.782778537867550028e+01,1.017765487106950530e+02,-2.821398282614729780e+01,3.595292734421879288e+01,-4.342261464627027578e+01,-5.295781511464691782e+00,5.152924984988066370e+01,-5.908944142134755140e+01,-4.168153142177740733e+01,-2.811870073299758488e+01,3.399981617566246683e+01,2.378311322758669633e+01,-1.933900964749329532e+01,4.246964509067241522e+01,3.011323702900338617e+01,-5.294233332354794186e+01,-1.847416219278706961e+01,-3.151621564098751449e+01,-8.431998814586323476e+01,-9.076921732203453885e+00,1.812412755836874112e+01,-1.372736300765706119e+01,1.556714434930483781e+00,2.799491139169995257e+00,8.881932624113669306e+01,-5.203072557854817859e+01,-2.484196550148904947e+01,-1.069833188957447412e+01,5.077024035597965934e+01,1.721581913052417789e+01,2.251624995741720525e+01,7.091078974233056442e+01,3.836599149644844831e-01,1.126274640290529483e+01,-7.022649200017025350e+01,-4.806411652029548520e+01,1.162992866415075000e+01,-1.036159092139442635e+02,2.540224733154838077e+01,-3.977946109519215412e+01,1.641316408820426531e+01,-3.608399638212971716e+00,2.766798989214908744e+01,1.572283801983829576e+01,-1.423088295505285039e+01,1.449687619091140256e+01,9.928338156892809963e+00,-3.102776331366774443e-02,-4.758845783121975614e+01,6.961182095470624631e+01,7.334126475172960902e+00
-3.568157940460428001e+00,6.788235622691523474e+00,1.601731901124776369e+00,1.241520356354803667e+01,6.167518494619796954e+00,-1.854552820466557250e+01,2.005203883990551361e+01,-8.905214049738344073e+00,8.526146742578603721e+00,4.098147445899718022e+00,-7.555351744980386641e+00,-1.963399053383296433e+01,1.293857025772340386e+01,-5.252454660757390315e+00,-4.369156122082134885e+00,-1.332462011127600832e+01,-1.944135285429674287e+00,3.095359155370644189e+01,-3.738661192984194859e+00,5.535763720533055654e-01,-1.396430004580193440e+01,-5.940680926191531652e-01,1.714662839291320573e+00,-5.150321267630989297e+00,1.456028004172059909e+01,-2.540122037253186971e+00,2.774953419249511555e+00,-7.959968877212725502e+00,-8.250994933960551503e-01,7.774205349217295336e+00,-2.917077210841848256e+01,-3.355643845976690187e-01,1.674408261781259677e+00,1.173158905819323650e+01,-1.378567316540539522e+01,5.986679004183416808e+00,-5.509268271204783574e+00,8.143626869319589900e+00,-8.386846381066910272e-01,-1.587883288624903599e+01,-4.192788082054645926e+00,-8.400805620666471185e+00,-1.020402180418764360e+01,2.530165107233897004e+01,9.322051281638726650e+00,1.155988340791255808e+01,-1.073654846676191355e+01,-3.566125269285812749e+00,1.373559008513622004e+01,3.925824889445192145e+00,1.998077119456183937e+01,-7.491532126615819465e+00,-9.110116381257371998e+00,-2.491556406233144116e+00,1.668531263199332315e+00,-1.654085301901814908e+00,-4.520186768484969697e+00,-8.146927005853723536e-01,-3.356430675904582994e+00,-1.891627716358929234e+01,-4.855575941487543901e+00,-1.105338899454769752e+01,2.157755471537340952e+01,1.780050328999141485e+01,-9.900892683095804614e+00,-8.880122962968647116e+00,-2.674184369939448302e+00,-1.273693280952610074e+01,1.164223911834881831e+00,1.091439338260078706e+01,-2.341520758187822793e+00,-1.906232832411556277e-01,5.971487251033374299e+00,8.825250301600464198e+00,-1.057270379560087648e+01,-5.561800643082200679e+00,-2.643054950780681089e+00,1.384595925432982533e+01,-3.101399166269099616e+00,4.316306666197720077e-01,1.688824661134672667e+00,2.599038163553976766e+00,-8.758119583300292277e+00,-8.080030183102749675e+00,-7.393981054019194588e+00,3.243078786021130533e+00,6.761425044176544219e+00,-5.159120635579621528e-01,6.749102354548719873e+00,1.407539769299124721e+01,2.425274515576957057e+00,2.147675563110293950e+00,-8.119206726543730213e+00,-2.501115756095263709e+00,2.162020416462252115e+01,-6.736247438254073572e+00,-3.152744693788803065e+00,-6.008585076113852175e+00,3.973011034689675203e+00,4.755986218429853807e+00
-3.529513967864457591e+00,-9.831242952691937376e+00,6.958486464137593863e+00,1.824096438638963136e+01,-5.234720707235939408e+00,-2.244585010227678623e+01,2.516901859177337286e+01,-4.908845588712814845e+00,2.177618787353846841e+01,-5.313618561555422559e+00,-2.428208355339562807e+00,-4.190237991195046163e+01,1.105540970162033965e+01,-4.554296355117504191e+00,9.028638138260250301e+00,-1.107059263910468161e+01,3.446650758042852036e+00,4.883256770180624073e+01,-9.243262625405224142e+00,-2.276994947362395827e+00,-1.936366148186289848e+01,-3.214912072415321731e+00,-1.952368193609774760e-01,-2.417033997128705369e+00,9.884131793021396106e+00,-8.168068549926600141e+00,-8.991109340951858542e+00,-2.768158690996523230e+00,3.517064302233851247e+00,2.727774512616463554e+01,-1.179349062857044395e+01,1.311615632413847443e+01,8.078186407481103615e+00,1.345134098193622307e+01,-2.527918858789262302e+01,7.040741411842923014e+00,-7.016587350533320944e-02,-8.203250017450644194e+00,3.333599292422673166e+00,9.789742365247597888e+00,-8.792574645843410863e+00,-7.738103376380195186e+00,-7.189497957155935204e+00,3.854372972165882061e+01,1.418015542432787157e+01,1.905458230730231151e+01,-2.359803258161567996e+01,-8.237531056263392770e+00,2.185414731688142709e+01,-3.675134305237178545e+00,3.594196445509726345e+01,-1.124306890532462155e+01,2.102275493475413981e+00,-1.138127642971616105e+01,-9.563402010585497770e-02,1.048483866102521134e+01,-1.622785061856426836e+01,-9.891624970761609958e+00,-8.512149509774264544e+00,-4.761704888573682126e+00,2.157856974092297264e+00,-1.158448399956455077e+01,2.367344077428879245e+01,1.842442484646939249e+01,-1.837349262735044420e+01,-9.966285691090220666e+00,-8.827873177224722312e+00,-2.727631401488291729e+01,-1.274974319275730128e+00,1.122065745884137655e+01,-4.616172561998097557e+00,2.245873134218913381e-01,4.541326332992164261e+00,2.572331458338050680e+01,-1.860903494022695526e+01,-9.221569491803387919e+00,-4.133714239750113428e+00,2.047084989228689977e+01,1.832878709895400249e+00,5.337882800471967393e+00,1.702657463636000656e+01,1.789155784792956227e+00,-3.210197705384466360e+00,-2.106078652346294433e+01,-1.563564317107995372e+01,4.736030275278593216e+00,-1.883207247806726059e+01,5.364931529566479895e+00,-4.508415207294529381e+00,1.290778423757621773e+01,7.790515866276095380e-01,7.618924186992305891e+00,-1.790227696724830508e+00,-4.833791058096974069e+00,1.742130343429620609e+01,-2.184948716379284672e+00,-2.072803947240507760e+00,-1.462107283994451734e+01,1.823166160069190056e+01,4.762926032780898211e+00
-6.678461339891878623e+00,-5.883779777015107726e+01,2.623506050165677195e+01,4.900877755865298013e+01,-3.746978368983602081e+01,-5.244445746982178491e+01,6.059543407190184894e+01,1.951715694772433451e-01,7.364948603487364664e+01,-3.283327255066941319e+01,7.674266505463727128e+00,-1.339545349649588104e+02,1.668018964656101133e+01,-7.058125205841168537e+00,4.954856189965096291e+01,-1.581723624463865008e+01,1.957942024841222306e+01,1.366919043775711771e+02,-3.097406169247497232e+01,-1.117708934665186504e+01,-5.013702590165442530e+01,-1.247201729652366176e+01,-4.968630524689439554e+00,1.937531064795712687e+00,7.714835402452712820e+00,-2.920798264492128027e+01,-4.555160089853069394e+01,7.177616955177761326e+00,1.719215700547027126e+01,9.924643539354234179e+01,1.917330029607952824e+01,5.752022969453305734e+01,3.090172550397138096e+01,2.994324666280188296e+01,-7.614489433645275085e+01,1.604318615428190142e+01,1.294858481723812105e+01,-5.505875834797982549e+01,1.643154869040739285e+01,8.052484557110790320e+01,-2.793297263970061550e+01,-1.325158354536396033e+01,-6.542013488074648109e+00,1.057990658343640860e+02,3.889046806011877067e+01,5.458417154697513496e+01,-7.621008347896865587e+01,-2.704038741278218083e+01,6.145579779373951368e+01,-2.533411188908629441e+01,1.073480968469303178e+02,-3.059389842055822939e+01,3.100349136247132975e+01,-4.321842019889777475e+01,-4.426992360434600648e+00,4.931421784725307589e+01,-5.929490440597960088e+01,-4.081082549703343432e+01,-2.873221125126484665e+01,2.491197260933006419e+01,2.100996313112771929e+01,-2.350246744715986580e+01,5.045922109505369235e+01,3.684826173256155357e+01,-5.562973265753532814e+01,-2.173309239786242486e+01,-3.173844461231567848e+01,-8.730291919796380284e+01,-8.313293068468567526e+00,2.226365423740769955e+01,-1.432762305436174444e+01,1.429619683472667102e+00,5.272485400710182901e+00,8.999703938506095824e+01,-5.503222392004931152e+01,-2.649488896375616420e+01,-1.151620790295329755e+01,5.520906420146652493e+01,1.538529573596796496e+01,2.204227563450501037e+01,6.955906328275075623e+01,1.484428715398544041e+00,7.186149620304819408e+00,-7.162924311043636294e+01,-4.982163813161979249e+01,1.267727218498790620e+01,-9.769207401674837854e+01,2.443844801900696595e+01,-3.572824481139763719e+01,2.195516732303525487e+01,-2.465199249654411506e+00,2.777752193081323284e+01,1.178913161862465486e+01,-1.488469631316779918e+01,2.332296035770788833e+01,6.755828220752920998e+00,-1.379013657109867452e+00,-4.876715540930563009e+01,6.927537511720571217e+01,9.154424460020701204e+00
-5.286995004113478558e+00,-7.322476019455677942e+01,2.942349540549303200e+01,4.839617355508146801e+01,-4.791769537539997259e+01,-4.812218550986083443e+01,5.656049709572725703e+01,6.435009561698061376e+00,7.979131506602023194e+01,-4.107780791584070101e+01,1.420038746620117109e+01,-1.422487619653098818e+02,1.039784009735174131e+01,-4.554838429784779485e+00,6.072488540947507119e+01,-9.124166965770854176e+00,2.414752742556838427e+01,1.375444383501016432e+02,-3.345048506935381027e+01,-1.339707303695128182e+01,-4.862968710517309034e+01,-1.410446882622705900e+01,-6.979238867371131860e+00,5.845748481803976659e+00,-1.169160971420991402e+00,-3.223010401873037267e+01,-5.496073319010027802e+01,1.390429901886249375e+01,2.058845187213053407e+01,1.101127317068121272e+02,4.265441439891044695e+01,6.719284027605185372e+01,3.480526667605531799e+01,2.667866184295331067e+01,-7.902979521929881912e+01,1.450246172423207724e+01,1.891386473523646572e+01,-6.977044665156873293e+01,1.971250294912607615e+01,1.048075510541630990e+02,-2.959380223561757361e+01,-9.569891479208358476e+00,-5.023060137572394890e-01,1.055222487920370185e+02,3.877374832073380873e+01,5.548269523407847714e+01,-8.123122181591011781e+01,-2.899159540423258363e+01,6.196522795787345217e+01,-3.222795880284362369e+01,1.110346430898535317e+02,-3.039181870622069326e+01,4.244160792073704158e+01,-4.857341671302622643e+01,-6.316563209902572140e+00,5.855941516921407697e+01,-6.587379037263094972e+01,-4.693969087435890941e+01,-3.110721413451825512e+01,4.218637151374057481e+01,2.784237393426217011e+01,-1.965376563771024720e+01,4.369756375480145749e+01,3.048611300901234245e+01,-5.785630600208401830e+01,-1.910902840617094967e+01,-3.508234339844533878e+01,-9.274985350076752866e+01,-1.048902823894963454e+01,1.830856501301074246e+01,-1.504642052684421216e+01,1.797094025891680102e+00,1.974950384181838547e+00,9.861288911493163312e+01,-5.669243149448227115e+01,-2.696540189804551346e+01,-1.156347170667531010e+01,5.461650852549575319e+01,2.007190177960789512e+01,2.535837813213181491e+01,7.979596817863254898e+01,-8.377203814055272924e-02,1.447062152231087140e+01,-7.775055084159782837e+01,-5.284270600353000447e+01,1.249678322197007141e+01,-1.184360765005046403e+02,2.880827719688628363e+01,-4.629580274312638011e+01,1.574592597687141193e+01,-4.560377438050171151e+00,3.083848802576067172e+01,1.938353719983238221e+01,-1.558365238331793279e+01,1.207869129411388975e+01,1.256024312666617426e+01,5.924730186944469068e-01,-5.258094714340814591e+01,7.787342569732376774e+01,7.341213944215533971e+00
-3.191096497893313177e+00,-4.303335959532147115e+01,1.738145473988660328e+01,2.879167679918534262e+01,-2.812497753384175780e+01,-2.875700369525510069e+01,3.376347169988925856e+01,3.609827247304418840e+00,4.722199183926257859e+01,-2.413495782767607523e+01,8.216286720724962578e+00,-8.427724011963921669e+01,6.398416272767051716e+00,-2.794269628135078953e+00,3.571340796505139537e+01,-5.655439015503655575e+00,1.419732118106532148e+01,8.173780558528112294e+01,-1.980002250102695527e+01,-7.887554361366852618e+00,-2.896141793147926080e+01,-8.328391499510308549e+00,-4.079523288297434824e+00,3.340105321978303454e+00,-3.880085093573528709e-01,-1.905567223671362953e+01,-3.234781552257866366e+01,8.033336940105911594e+00,1.212202389895420218e+01,6.508415617952729804e+01,2.454563733630773115e+01,3.961043947741423921e+01,2.055609007635140628e+01,1.597272695230683404e+01,-4.688184455951903118e+01,8.674655609965707725e+00,1.103773240482134810e+01,-4.096862040167521712e+01,1.160527692700388691e+01,6.146666379048826911e+01,-1.753549296614701802e+01,-5.816338925299582741e+00,-5.073440751807989368e-01,6.274031951564619192e+01,2.305420994498377496e+01,3.295223962867596867e+01,-4.811671738993842240e+01,-1.716745815158118660e+01,3.681941585608063860e+01,-1.892058918847160243e+01,6.588034694743868158e+01,-1.807427952915612934e+01,2.483533725222503108e+01,-2.869080241638243578e+01,-3.689759662940352403e+00,3.449282173605392643e+01,-3.893321197764917230e+01,-2.769284174845516233e+01,-1.841050243955623245e+01,2.448190127158335727e+01,1.631557467251746019e+01,-1.181676145597799632e+01,2.621096506982435059e+01,1.834322896595109853e+01,-3.431740348355334902e+01,-1.145060287759492113e+01,-2.074014772243124938e+01,-5.494958552005764574e+01,-6.160312265732803994e+00,1.102074481401325912e+01,-8.919938033761459550e+00,1.055634516932680844e+00,1.288029974839819181e+00,5.832551813180097611e+01,-3.364507835831388860e+01,-1.601410199740695717e+01,-6.872606740176097517e+00,3.248884194853337704e+01,1.177035229353795920e+01,1.496041598495515856e+01,4.708323121325835814e+01,4.396683017784841496e-03,8.350726380656029235e+00,-4.600950974521210668e+01,-3.130946604247653653e+01,7.435311953383317629e+00,-6.969083332276380816e+01,1.697489121350793440e+01,-2.715666154813415289e+01,9.575213961299859022e+00,-2.638638400487365754e+00,1.822704337924869122e+01,1.126063981163477479e+01,-9.239996771994002600e+00,7.569132007023073427e+00,7.266197816942787213e+00,2.840776691185056824e-01,-3.112645919095447411e+01,4.599695943044646640e+01,4.426861937798691748e+00
-3.459512089010132740e+00,-5.446385276847090395e+00,5.459613072470343553e+00,1.636990168607112395e+01,-2.260466924302869884e+00,-2.096214997940941771e+01,2.331908774613538782e+01,-5.799049946975531888e+00,1.796565301129599135e+01,-2.836164820930060060e+00,-3.657655822899421150e+00,-3.537853052122552810e+01,1.127752624197508879e+01,-4.626356838622800005e+00,5.468879523378244123e+00,-1.138526255481605709e+01,2.018535498907183534e+00,4.325174060629431949e+01,-7.655775365796957388e+00,-1.516577820595605086e+00,-1.757405913213023396e+01,-2.485854019509249113e+00,2.875696670640559560e-01,-3.047111636439959970e+00,1.083228893588687214e+01,-6.573958705805590164e+00,-5.840920221099236365e+00,-4.006129493917882201e+00,2.350022252428777936e+00,2.177660836452392346e+01,-1.587997018307981101e+01,9.450611056515995756e+00,6.291772493801071064e+00,1.271689639060879173e+01,-2.182955189278912655e+01,6.617765588758246054e+00,-1.430988680772975030e+00,-3.923427866317632962e+00,2.213251258715709824e+00,3.139169775192861778e+00,-7.441903460157005767e+00,-7.729405732878494639e+00,-7.782278648682611433e+00,3.435664882567262168e+01,1.264315098532824067e+01,1.674710964334707342e+01,-1.984369536061497286e+01,-6.881450965371855411e+00,1.932720587563100167e+01,-1.688248353000053825e+00,3.113252639525873633e+01,-1.004954867693183651e+01,-7.537071900074110431e-01,-8.897604562918070670e+00,3.484197591161741769e-01,7.207531742896285287e+00,-1.292891432523130213e+01,-7.394689533933982872e+00,-7.028557133944447699e+00,-8.199696220995301488e+00,3.523905520475318909e-01,-1.118992444230828021e+01,2.261400870808007824e+01,1.785219667571554680e+01,-1.583644776368059759e+01,-9.469222785085896987e+00,-7.087177811906308911e+00,-2.301865070036917871e+01,-6.352112053716636453e-01,1.089062807118310161e+01,-3.942195466653275027e+00,1.155135630409521164e-01,4.797034396753470986e+00,2.090989963615868419e+01,-1.617595077505533396e+01,-8.096672586750809586e+00,-3.667006420609466133e+00,1.834927671836513952e+01,5.555435152553962475e-01,3.988439362504355046e+00,1.280032887029780397e+01,1.951626568248842730e+00,-4.527389326263109304e+00,-1.733385388070155386e+01,-1.321825359908701181e+01,4.255150536751568069e+00,-1.199616789333040856e+01,3.770758105228819712e+00,-1.586808766461738074e+00,1.290884902592560479e+01,1.173816001942614928e+00,6.076461988227150002e+00,-3.335118400139776007e+00,-4.140367108853332923e+00,1.807976021568280345e+01,-3.275648220951270062e+00,-2.296516386558613565e+00,-1.213370218996453431e+01,1.424850692912336747e+01,4.653660903311759967e+00
-5.878031469482195348e+00,-6.309985375220460924e+01,2.676546439240192754e+01,4.721047614934655456e+01,-4.072996554908358746e+01,-4.896319025187548846e+01,5.698034359880704613e+01,2.838495640960546851e+00,7.394575990979735991e+01,-3.530341712866267301e+01,1.020440829563318275e+01,-1.332719891938629928e+02,1.348916538404906262e+01,-5.773697669993691939e+00,5.273892486822087022e+01,-1.247890406473269564e+01,2.090452996113928208e+01,1.327636834306674416e+02,-3.105340565468214109e+01,-1.176889572399550410e+01,-4.792340684303518117e+01,-1.277371357443856859e+01,-5.666394183220676339e+00,3.536157964448439106e+00,3.700532242986102283e+00,-2.957446136050964469e+01,-4.811705888913019180e+01,9.808505286999228190e+00,1.809463907347713629e+01,1.007453438200763145e+02,2.854166320119587397e+01,5.982191408150046641e+01,3.158929734255346489e+01,2.761729833041145099e+01,-7.497994812039611645e+01,1.488545992004582175e+01,1.507505256759837131e+01,-5.957730253472650617e+01,1.730892930252264250e+01,8.830798790198731751e+01,-2.776146113447395081e+01,-1.127241464717212338e+01,-3.772212170175566648e+00,1.023609217148425756e+02,3.762029328337710865e+01,5.325250928624424063e+01,-7.595014262868674848e+01,-2.702018590821583288e+01,5.974325282068593168e+01,-2.746611948755569799e+01,1.055441881443374825e+02,-2.954787553699735980e+01,3.488706741023430880e+01,-4.413571186469666685e+01,-5.090363060403705120e+00,5.169197526263088349e+01,-6.022728622906691953e+01,-4.213226839166465965e+01,-2.883885450057002942e+01,3.146483597550442468e+01,2.325160244405743271e+01,-2.113065182568192668e+01,4.600449375361171889e+01,3.299035992506788517e+01,-5.482914741351724075e+01,-1.993679440473859188e+01,-3.216212974642066769e+01,-8.687561282734785095e+01,-8.976194463158799763e+00,1.988554763403497105e+01,-1.418313969684927756e+01,1.540780134469257545e+00,3.706862263382452838e+00,9.083070428181738976e+01,-5.400991184800355427e+01,-2.586310189601271858e+01,-1.117482879705100984e+01,5.322467330982937028e+01,1.689235703498649599e+01,2.275848212840195828e+01,7.172249780363856075e+01,7.719767844322247274e-01,1.005360900854627104e+01,-7.198021088996033257e+01,-4.954068982786294839e+01,1.220274758881426180e+01,-1.034338646021816999e+02,2.552686310231986511e+01,-3.909388864274084341e+01,1.862962464986485855e+01,-3.277444095690349002e+00,2.820539061121959534e+01,1.464372048444562324e+01,-1.471430396205679614e+01,1.781660368758628721e+01,9.008358023899889488e+00,-4.986341402503537967e-01,-4.885589547044770597e+01,7.075185211460795642e+01,8.097210510542181439e+00
-2.242744334606539436e+00,-2.714963060724696930e+01,1.121073492914682745e+01,1.912035979033877808e+01,-1.764640637633430131e+01,-1.944370938028164986e+01,2.273170360060628070e+01,1.807587328135108029e+00,3.069265754533463664e+01,-1.521027703131909270e+01,4.830831295597145747e+00,-5.502626618357285082e+01,4.822909640318382429e+00,-2.083793726880397656e+00,2.260276043442649652e+01,-4.369320900708941302e+00,8.973701811050030841e+00,5.403958960750570384e+01,-1.287855372851631763e+01,-5.015164105467884603e+00,-1.931627234576014018e+01,-5.361893089055511652e+00,-2.513385674852278040e+00,1.846665228730963282e+00,5.724403916774500889e-01,-1.233477189505187788e+01,-2.053934978770673325e+01,4.690976072709106326e+00,7.709024534217375546e+00,4.207828116953535869e+01,1.405981762055958662e+01,2.532338780944926526e+01,1.324592632702492878e+01,1.088041208455379127e+01,-3.077148612821835627e+01,5.887381001004264647e+00,6.751286253131929094e+00,-2.575223828608731580e+01,7.377650068385447568e+00,3.843065825895095600e+01,-1.145533054494550740e+01,-4.194734175338632021e+00,-8.997380635789045122e-01,4.156664827768972259e+01,1.527525059199207647e+01,2.173403009868821911e+01,-3.138968093730978737e+01,-1.118454454800534670e+01,2.433083753613592037e+01,-1.188389707740377865e+01,4.327569252207492667e+01,-1.198597221737918517e+01,1.537587428311099202e+01,-1.849647953510995180e+01,-2.266619594338706634e+00,2.197487722858890180e+01,-2.516379774545396941e+01,-1.776348014211859550e+01,-1.196801058534919093e+01,1.459703010186771799e+01,1.016483386586426008e+01,-8.183246906868056669e+00,1.798568210535241363e+01,1.273910356863924243e+01,-2.251393788819155972e+01,-7.826487696676835526e+00,-1.342003622231422355e+01,-3.587402183970444014e+01,-3.875675680307096638e+00,7.666130225618669414e+00,-5.838852128234266026e+00,6.646383760538204788e-01,1.160646945527378682e+00,3.781342428143009471e+01,-2.212165837392215195e+01,-1.055912596098085743e+01,-4.545989051235419076e+00,2.156640726996789681e+01,7.355726476336763575e+00,9.595830053015228955e+00,3.021849745929488762e+01,1.493065854506304690e-01,4.849050759383159992e+00,-2.989178034068116219e+01,-2.044819328270210690e+01,4.939821426925488090e+00,-4.420628561826833192e+01,1.083126021307255549e+01,-1.699410827354443043e+01,6.919464891500851422e+00,-1.551470849930091545e+00,1.178250464900709993e+01,6.746791809265788586e+00,-6.052617514433176638e+00,6.061256509026811123e+00,4.269143839343627178e+00,4.046549606450400294e-03,-2.025302037995620807e+01,2.965226047346673255e+01,3.100324208551668015e+00
-1.326806304760015820e+00,-1.374963095470295293e+01,5.881306127844143639e+00,1.047873361075915533e+01,-8.855628429791538636e+00,-1.092980374042626046e+01,1.270268780286205867e+01,5.244058762581742528e-01,1.629334083178310877e+01,-7.689425778294548763e+00,2.152901888108329498e+00,-2.941208694256876655e+01,3.096796070650714050e+00,-1.322380492869864588e+00,1.150623115518213879e+01,-2.879692648142826883e+00,4.558489374991546050e+00,2.942460025016690395e+01,-6.844093208972023668e+00,-2.572271798491571282e+00,-1.065187457981993724e+01,-2.804966227122564160e+00,-1.222629713482192404e+00,7.183403749295134144e-01,9.700490282834742795e-01,-6.506970205654257100e+00,-1.051111846134084793e+01,2.061739639708573435e+00,3.955144331188437778e+00,2.215636508834727536e+01,5.933685346955144269e+00,1.310211295246489804e+01,6.938906778157987176e+00,6.178779210855311455e+00,-1.657746696654999141e+01,3.326620174646465422e+00,3.242353400086609660e+00,-1.296307807310489935e+01,3.782862367021021743e+00,1.917274860961821403e+01,-6.127863606542016228e+00,-2.561492535514530822e+00,-9.380811548921246246e-01,2.270211267232953389e+01,8.343867260968993449e+00,1.179306228723604733e+01,-1.675664992598753145e+01,-5.958607315972564322e+00,1.323886364611390754e+01,-5.974316352988927825e+00,2.334127510759939739e+01,-6.555330175758538047e+00,7.543364779339552406e+00,-9.696517543348059931e+00,-1.096937641635770122e+00,1.130657706220734227e+01,-1.324405945889540170e+01,-9.239252845466044306e+00,-6.354746501391336011e+00,6.686311287472273435e+00,5.040825472460468859e+00,-4.750262980380552946e+00,1.031479265000165846e+01,7.422323051602503163e+00,-1.212031746467862448e+01,-4.464930155001797907e+00,-7.075343677284189781e+00,-1.917209262353294008e+01,-1.953764345100245103e+00,4.475964490305177179e+00,-3.132866072961995041e+00,3.354680828959563099e-01,8.774467211371449471e-01,1.999576765073103246e+01,-1.194819111448418703e+01,-5.726952470977920484e+00,-2.477105068765749429e+00,1.181198102274508699e+01,3.666838320301392784e+00,4.990651761389688801e+00,1.573144621239021212e+01,1.975665343625533643e-01,2.106702621336212999e+00,-1.585784639318802647e+01,-1.093428846475910454e+01,2.708867716177134621e+00,-2.258629956179621701e+01,5.586779500253309827e+00,-8.490832293680879772e+00,4.235408459263680925e+00,-6.914821383073284089e-01,6.202739552079440166e+00,3.119296023518653982e+00,-3.250980025607460355e+00,4.139856335838687507e+00,1.899834833490049668e+00,-1.437419619791664438e-01,-1.076910301570628370e+01,1.554379351642444895e+01,1.825982727012592122e+00
-4.977318278450548306e+00,-6.516027076930137696e+01,2.647379637474430325e+01,4.420144108165900576e+01,-4.252446512258818956e+01,-4.436770042193447949e+01,5.203041110398828550e+01,5.168201511804035420e+00,7.207319677955094051e+01,-3.653428664914584800e+01,1.221737842621842773e+01,-1.287870390902681663e+02,1.018653131255269351e+01,-4.434372846973199778e+00,5.412170385587637611e+01,-9.071132172867837795e+00,2.150785662831786382e+01,1.253318703328265542e+02,-3.022589523978009751e+01,-1.196784773174901062e+01,-4.451474500392322398e+01,-1.267882869277609892e+01,-6.138876386447363664e+00,4.892387238971148911e+00,-6.965329629285621493e-02,-2.905181281939755422e+01,-4.906356748510940236e+01,1.192487703202752414e+01,1.839375811794660365e+01,9.919351674065693203e+01,3.626292758035305752e+01,6.018853626860750694e+01,3.130124906866318568e+01,2.469459823307846591e+01,-7.174408983845070509e+01,1.339769311996834489e+01,1.657853228505674537e+01,-6.197383979857772118e+01,1.760791334116503748e+01,9.285078666840121286e+01,-2.680045033458560866e+01,-9.139806936602420606e+00,-1.135524651061892820e+00,9.625734527116487982e+01,3.537107784595504967e+01,5.049417557418426838e+01,-7.351196231255826774e+01,-2.621872323854437425e+01,5.644927564593434965e+01,-2.861556823337395983e+01,1.008395594046430404e+02,-2.773712680584357670e+01,3.741972161857688661e+01,-4.369368908202157087e+01,-5.548155639817824891e+00,5.236361300623789816e+01,-5.933270832021932506e+01,-4.211708162721734539e+01,-2.810043037747095696e+01,3.653231907799942491e+01,2.462322151278113225e+01,-1.835407828717078971e+01,4.060648842349158372e+01,2.851408428382872629e+01,-5.250971747958764979e+01,-1.771996289117799250e+01,-3.161669143052545294e+01,-8.396810207309032137e+01,-9.320949671955963467e+00,1.713931613750578364e+01,-1.364028325770010319e+01,1.597560212821552250e+00,2.170849527417892944e+00,8.895918045117799977e+01,-5.151190297558068210e+01,-2.453711507778328382e+01,-1.053948926220017945e+01,4.987154852631441315e+01,1.777798019451341105e+01,2.275247413250981054e+01,7.161809859810716716e+01,9.951165913056592149e-02,1.237874266890061214e+01,-7.021451498336081443e+01,-4.784867139742840436e+01,1.141612779827455171e+01,-1.056756443452988492e+02,2.578025959788708121e+01,-4.103203205795592368e+01,1.505527852950758039e+01,-3.923617766372855087e+00,2.777843367836647204e+01,1.682409136073956901e+01,-1.413241341379737293e+01,1.227588291650285512e+01,1.080267534715398980e+01,3.191391877657125953e-01,-4.752105291243694296e+01,7.004875095066348933e+01,6.897878065408018067e+00
-2.252627325585477180e+00,-1.008859622193423888e+01,5.679881289444232095e+00,1.301575859472470675e+01,-5.953889998093122138e+00,-1.527089328686336245e+01,1.729310523120630450e+01,-2.233973575886178065e+00,1.697370640346755266e+01,-5.550582920735613435e+00,-3.867394827344230457e-01,-3.192533198733734423e+01,6.654059157402991254e+00,-2.758848904562258841e+00,8.839755421438107774e+00,-6.579223807846540595e+00,3.437529103003722053e+00,3.536480454879432500e+01,-7.177499987699435202e+00,-2.104335804639925200e+00,-1.363787013951711380e+01,-2.657459259593957235e+00,-5.605792968601320814e-01,-9.254160741939090329e-01,5.266750704248172710e+00,-6.516723619753047814e+00,-8.443649837288774052e+00,-5.898082555767274471e-01,3.243542534062006766e+00,2.192457200804628314e+01,-3.594064730974215749e+00,1.147101605193449636e+01,6.636035738079632651e+00,9.010705878585117290e+00,-1.881764246344177849e+01,4.751503459603272361e+00,1.195242698283029981e+00,-8.983347235094122141e+00,3.087257148945593777e+00,1.212533999196947399e+01,-6.682422295315276095e+00,-4.806869991732398262e+00,-3.919114464103969464e+00,2.771523091338356792e+01,1.019326652500943808e+01,1.391760555978579106e+01,-1.805240614857388337e+01,-6.343123712052167740e+00,1.585359899990807087e+01,-4.087877328653503284e+00,2.666822178649487185e+01,-8.059094838032262231e+00,3.903573974136927305e+00,-9.319232819922145694e+00,-4.635318561299933693e-01,9.485733836280205722e+00,-1.306707640428523298e+01,-8.407467014704685937e+00,-6.629508785733412068e+00,1.765304944537682275e-01,2.981758630352067563e+00,-7.543536566657221165e+00,1.564599885462489048e+01,1.194720594562969040e+01,-1.370419270487773922e+01,-6.633284655476625602e+00,-7.059352622716772885e+00,-2.079175006076800614e+01,-1.373079594825731942e+00,7.259159810836475657e+00,-3.476341103568077351e+00,2.385725718680708485e-01,2.583630793105557544e+00,2.033452475366623347e+01,-1.375563390684848031e+01,-6.742950322434512422e+00,-2.988456807225848610e+00,1.462671021297967044e+01,2.299458233317726474e+00,4.538802651764505924e+00,1.440655262633396916e+01,9.616865138694790094e-01,-7.918335864364602905e-01,-1.645393161446389030e+01,-1.189733376154831213e+01,3.374896855447806043e+00,-1.790184478756826181e+01,4.778355318988729117e+00,-5.455531002380661576e+00,8.004072878630292820e+00,1.237915097827335664e-01,6.129144967289602342e+00,2.960661631655447934e-01,-3.629004409998236369e+00,1.020480542027341109e+01,-3.621790755239855386e-01,-1.081848763935120417e+00,-1.133182978640659755e+01,1.493262749845349902e+01,3.053295904280017403e+00
-3.359840999910176151e+00,-1.053646887912622176e+01,7.006534216723366626e+00,1.778835731360418748e+01,-5.789998020290303415e+00,-2.165876526008516478e+01,2.433879429131037142e+01,-4.395244922081406713e+00,2.167913931155414176e+01,-5.725004776111295435e+00,-1.952322460202586818e+00,-4.148835581835862740e+01,1.039986783611179888e+01,-4.289709805295334633e+00,9.544973814425564029e+00,-1.038821801477891604e+01,3.663210479063669922e+00,4.778165387555495869e+01,-9.193647315048039559e+00,-2.368603895693704331e+00,-1.882792408007836471e+01,-3.247388044776507332e+00,-3.204873112872754781e-01,-2.110239961339023029e+00,9.087325182418581448e+00,-8.177997038835801646e+00,-9.394321875666229005e+00,-2.271639071988774017e+00,3.656454647660070556e+00,2.736080368329085388e+01,-1.001201833810909569e+01,1.344294285193908145e+01,8.146996627449036410e+00,1.293616655471624100e+01,-2.489275659725151257e+01,6.781924453748544579e+00,3.161472908502336310e-01,-8.966287466725662014e+00,3.469705751875560296e+00,1.113412315959519461e+01,-8.700565116184256098e+00,-7.325414120777658411e+00,-6.637155211407238298e+00,3.765298799275907982e+01,1.385149382754837433e+01,1.868100797531857182e+01,-2.338744752026525120e+01,-8.176819072358256335e+00,2.139207788744316474e+01,-4.036515640241757019e+00,3.536575688956381924e+01,-1.097541746173307509e+01,2.792354558280916166e+00,-1.146889253230767558e+01,-2.153340084651671482e-01,1.084365033430688285e+01,-1.628464115281858682e+01,-1.006288659727529833e+01,-8.472550504386601844e+00,-3.539774659471593310e+00,2.549637396700788372e+00,-1.107391576353763440e+01,2.270122957539635067e+01,1.759685246279347126e+01,-1.810099383219376534e+01,-9.571345988105909086e+00,-8.843611939941663280e+00,-2.700988921623319072e+01,-1.386421980090192685e+00,1.071146735865296407e+01,-4.557989483543632758e+00,2.432010011136418737e-01,4.225809348705609203e+00,2.569643581407052224e+01,-1.829467475166860169e+01,-9.043076481646313169e+00,-4.043147433556276482e+00,1.996903624094908736e+01,2.093627514080926844e+00,5.430865676785181506e+00,1.730119658795904058e+01,1.647497915152301706e+00,-2.667693317037441503e+00,-2.097861595074871488e+01,-1.547638770896423921e+01,4.617134328637124696e+00,-1.974344949233516644e+01,5.525260779242598730e+00,-5.087857403789663557e+00,1.221500721351361030e+01,6.262824276749143770e-01,7.643794237128416214e+00,-1.259892128987751825e+00,-4.769399987063696500e+00,1.630158149391198208e+01,-1.761117486747499239e+00,-1.898712899533030019e+00,-1.453591990893328401e+01,1.837329619716868123e+01,4.538120412911659685e+00
-1.811477608904346726e+00,-1.192218363066337794e+01,5.804805446167240035e+00,1.183898020548255481e+01,-7.397611012034468914e+00,-1.322447269716515095e+01,1.513452205000250039e+01,-8.986118426445166563e-01,1.672138014230830194e+01,-6.620187078580883622e+00,8.505638446217131943e-01,-3.084886934399857594e+01,4.949650307080782241e+00,-2.070923875024615946e+00,1.018222817946792524e+01,-4.805049784599548346e+00,4.000584377657848911e+00,3.263242860054100447e+01,-7.048500180770757240e+00,-2.342519070301326778e+00,-1.224495289487732208e+01,-2.741896787733040242e+00,-8.862305758685071755e-01,-1.277515811407345936e-01,3.195053516680852024e+00,-6.542537690916968351e+00,-9.492002427546138321e+00,7.011427538434205076e-01,3.605957432170177501e+00,2.214052425657444800e+01,1.037763224225288994e+00,1.232066102421607390e+01,6.814942309996258274e+00,7.671252367813161221e+00,-1.781291928777488920e+01,4.078579368557887719e+00,2.199656925607504920e+00,-1.096724460320916883e+01,3.441133943523100314e+00,1.562073005727322617e+01,-6.443197518201473351e+00,-3.733877927165803357e+00,-2.483023325157357242e+00,2.539930241824424328e+01,9.338746373382747379e+00,1.294631229662807215e+01,-1.750488498906277002e+01,-6.185272553898813364e+00,1.465221848336858912e+01,-5.027468799665408383e+00,2.517008211610792046e+01,-7.363201084694241061e+00,5.697779542631235650e+00,-9.547034686660083480e+00,-7.747518258642049904e-01,1.041864418681255167e+01,-1.321473179334645742e+01,-8.852747243640274988e+00,-6.526551371725489936e+00,3.353549090119203768e+00,4.000387729134144976e+00,-6.216059152987241987e+00,1.311824973750454149e+01,9.795517748072285258e+00,-1.299569583747038060e+01,-5.606441427717415493e+00,-7.100273405780816560e+00,-2.009904558427871279e+01,-1.662843512943334323e+00,5.935265550346601415e+00,-3.325065099586468342e+00,2.869681598666222744e-01,1.763286633960511995e+00,2.026463995346026792e+01,-1.293829741659676813e+01,-6.278868496026117185e+00,-2.752983111121872106e+00,1.332199471950135283e+01,2.977405124200096509e+00,4.780558130178864218e+00,1.512056970049145121e+01,5.933760528037770321e-01,6.186778232658061150e-01,-1.624028812540689515e+01,-1.148326956004745369e+01,3.065767394179987448e+00,-2.027142502466482554e+01,5.195211368146638975e+00,-6.962080713268010257e+00,6.202852616067511704e+00,-2.734083034942740298e-01,6.193807097643491133e+00,1.674938639281949193e+00,-3.461587625311714600e+00,7.293528375274424214e+00,7.397821215186577426e-01,-6.292120398956786431e-01,-1.111043216577738768e+01,1.530087744929313232e+01,2.468801292619996257e+00
-4.317019926993991952e+00,-2.787977039758582265e+01,1.366073733300352266e+01,2.802220582072984101e+01,-1.726475257338069014e+01,-3.138387682700084014e+01,3.589612231716046153e+01,-2.267051554937512758e+00,3.942008087644093450e+01,-1.547538166663286319e+01,1.864627026155342371e+00,-7.279383963196963236e+01,1.185185382640626273e+01,-4.955959427842547171e+00,2.383605095590592526e+01,-1.151905178659992934e+01,9.361151509684042082e+00,7.718166141779408918e+01,-1.661914278580474758e+01,-5.491656348024550383e+00,-2.900288342556917343e+01,-6.449783109950141480e+00,-2.051143039742545859e+00,-3.906315006489067265e-01,7.759721466818600533e+00,-1.540980680972901418e+01,-2.224310513166814474e+01,1.506594021863485011e+00,8.454058695968619475e+00,5.213368714157790862e+01,1.923992618318951742e+00,2.892911192776730545e+01,1.603431764675055859e+01,1.822228973751646208e+01,-4.207608421173401325e+01,9.683845969449533797e+00,5.068961794013745248e+00,-2.561325566661813724e+01,8.066732498036460086e+00,3.640586238349781922e+01,-1.520558155443268333e+01,-8.916786976210950399e+00,-6.010883982060700959e+00,6.009526577911915268e+01,2.209600167327759479e+01,3.060772281121329996e+01,-4.129902507870608019e+01,-1.458882134630697536e+01,3.465231191423295343e+01,-1.173792176282582567e+01,5.946333488883323071e+01,-1.742423913110838640e+01,1.322093831129389940e+01,-2.246499969916286688e+01,-1.790147285486606954e+00,2.443903798943569683e+01,-3.111425824162068210e+01,-2.080496847351779977e+01,-1.538662399842817408e+01,7.543008154947127508e+00,9.309469892216991838e+00,-1.479284391208742733e+01,3.118775390514368340e+01,2.331788508405247740e+01,-3.069451388031736627e+01,-1.332292612270663312e+01,-1.672200505797793468e+01,-4.742659117333882079e+01,-3.884698574830358186e+00,1.413095614308312697e+01,-7.850093413304811918e+00,6.705898371297427385e-01,4.246124438871507145e+00,4.774667214600758314e+01,-3.057153285383059327e+01,-1.484374008687666979e+01,-6.511866280126455742e+00,3.153022924306250729e+01,6.937860497901764845e+00,1.123471213897980547e+01,3.554029874319034121e+01,1.439264732442319783e+00,1.298883973984355400e+00,-3.828239015514616739e+01,-2.709848469480715139e+01,7.256994695692283948e+00,-4.748839682508786098e+01,1.219185361544011847e+01,-1.623168011516548859e+01,1.481499338911580566e+01,-5.994312684993774454e-01,1.458391047498574622e+01,3.790747743892982413e+00,-8.173523622699823576e+00,1.750917306663379236e+01,1.618866830685238511e+00,-1.533166515622582660e+00,-2.619850509344424694e+01,3.600393541676849196e+01,5.881638533999268503e+00
-5.519511545828944321e+00,-6.421593506512033400e+01,2.674549384644695493e+01,4.611936842192736208e+01,-4.164700205760200902e+01,-4.720735777028752977e+01,5.510548258619296291e+01,3.835568678892859129e+00,7.343905611189056515e+01,-3.596090415568885845e+01,1.109589516011330446e+01,-1.318889111279339943e+02,1.214340762701967336e+01,-5.229122485044001678e+00,5.352812238545416790e+01,-1.108473843939201231e+01,2.124072496013173250e+01,1.301313165044238360e+02,-3.082320682837053738e+01,-1.189860896638328036e+01,-4.666590485934474231e+01,-1.278293895271734826e+01,-5.888290687513373811e+00,4.123883347746078343e+00,2.119027064361484136e+00,-2.946758382991109926e+01,-4.870372583174787451e+01,1.074222843030164043e+01,1.829120762797926858e+01,1.004780146779675789e+02,3.192020720099472442e+01,6.020838643791592659e+01,3.158950948699236250e+01,2.648697995448769404e+01,-7.390019864425431706e+01,1.431328258136274023e+01,1.576971812487654034e+01,-6.082203465712790802e+01,1.750240289548809258e+01,9.057225414702594435e+01,-2.746202761792799762e+01,-1.041332518403871177e+01,-2.670761714340410542e+00,1.001732124470522223e+02,3.681371680695579585e+01,5.229087686260164958e+01,-7.521177872339779924e+01,-2.678541857442182561e+01,5.857999309215431083e+01,-2.805884178818624974e+01,1.039609213632408284e+02,-2.889567891605551964e+01,3.609395325035113444e+01,-4.411925960874317099e+01,-5.303814733853311481e+00,5.217611898960644368e+01,-6.008149563684926164e+01,-4.228873773986692441e+01,-2.863780117929730551e+01,3.373141154544304499e+01,2.392206840931951106e+01,-2.003710513016544326e+01,4.389753989461874539e+01,3.122323111336164914e+01,-5.405938633049777309e+01,-1.907555479005088017e+01,-3.205561074364643304e+01,-8.598083618099533965e+01,-9.156824548540557274e+00,1.880002987463041109e+01,-1.400820072603640298e+01,1.570770704837623599e+00,3.071043581167320458e+00,9.038972324587486185e+01,-5.316139592258845425e+01,-2.540184468248179783e+01,-1.094911321463657750e+01,5.201117506113297395e+01,1.733252773212118925e+01,2.284393103609603770e+01,7.195561180167956650e+01,4.903260782561339459e-01,1.107664280663779266e+01,-7.151114148729384112e+01,-4.901604730090283368e+01,1.191697364071784371e+01,-1.047826564250800061e+02,2.573281406769918078e+01,-4.006539989618410402e+01,1.718873362288258377e+01,-3.563622793086755447e+00,2.813372333960149163e+01,1.562322720906555240e+01,-1.452489661836808743e+01,1.554025859409802557e+01,9.802671021168244181e+00,-1.544217561642488024e-01,-4.847978772194593944e+01,7.072779970155418994e+01,7.620873610856633285e+00
-4.032303032571579848e+00,-2.681877308430303586e+01,1.301238877883018574e+01,2.645423725685450478e+01,-1.665892118089327667e+01,-2.950681520158090976e+01,3.377942354656899226e+01,-1.934220660289132532e+00,3.744739227082773425e+01,-1.489505546867538222e+01,1.978803366529334973e+00,-6.904963626590576098e+01,1.098826780482390042e+01,-4.598960366188277860e+00,2.289154362148722655e+01,-1.066017890213925412e+01,8.996164572409730553e+00,7.294751194909649428e+01,-1.578371824186414685e+01,-5.262237370706827733e+00,-2.735098294305638333e+01,-6.147899683649781899e+00,-2.004766654309451113e+00,-2.390135945495792669e-01,7.035563111701860883e+00,-1.465932824813654811e+01,-2.132776890551615523e+01,1.647217072592702003e+00,8.100176223292988809e+00,4.961606816053716784e+01,2.599061422037248548e+00,2.765329426045341066e+01,1.527867809373668351e+01,1.710729818139371972e+01,-3.984833925193549220e+01,9.097768476389209269e+00,4.987510329771515316e+00,-2.468823645900131680e+01,7.730403001847391486e+00,3.520327111590599145e+01,-1.442108528140766133e+01,-8.301832009038381699e+00,-5.477951450285432955e+00,5.676716919027415997e+01,2.087182037932412015e+01,2.894724592117885820e+01,-3.918527732182710821e+01,-1.384804916649943607e+01,3.275551726686412479e+01,-1.131906088155878365e+01,5.630201742312124225e+01,-1.645522528496436010e+01,1.287138363913429018e+01,-2.140250903493522827e+01,-1.754157454231814794e+00,2.339697194519068546e+01,-2.961481881151724949e+01,-1.985990667108080032e+01,-1.461589313005612034e+01,7.701229054455845713e+00,9.022681035096070445e+00,-1.384781433528458372e+01,2.924035393900268431e+01,2.181840843425026577e+01,-2.907343412892396017e+01,-1.249982516740777783e+01,-1.590976465144616547e+01,-4.498860408037062797e+01,-3.742554818161810459e+00,1.321894068872830275e+01,-7.440473451426688811e+00,6.457826947306827270e-01,3.901899172732830934e+00,4.539645239276233468e+01,-2.893839937548185759e+01,-1.403961991741896220e+01,-6.153807653772066288e+00,2.976918991560009431e+01,6.710647834669142497e+00,1.072459394569890989e+01,3.391814126384704764e+01,1.307597061432976604e+00,1.469538490716204571e+00,-3.637185003900364677e+01,-2.570243961631927831e+01,6.850206420169937971e+00,-4.555600060553068431e+01,1.166393766127869824e+01,-1.568688347437854702e+01,1.379019449191085300e+01,-6.360427043981635720e-01,1.388033629377991396e+01,3.834096846504686518e+00,-7.745381341933625485e+00,1.616804384993070443e+01,1.722601288345728676e+00,-1.382893735888206521e+00,-2.487854084355722506e+01,3.430164037720123105e+01,5.496478954447608700e+00
-5.477658417069647179e+00,-5.298091063196885386e+01,2.305172647881368064e+01,4.189795680846714276e+01,-3.396781206932400465e+01,-4.418531395055678956e+01,5.122262179118816050e+01,1.273133538091959061e+00,6.421510795512699588e+01,-2.960326350550051799e+01,7.734370058963143890e+00,-1.162853769256949334e+02,1.318358380327175183e+01,-5.606035842661771795e+00,4.444989625125644039e+01,-1.237113774821535017e+01,1.759153833986487925e+01,1.173127928993257143e+02,-2.698744555079782614e+01,-9.973568376340516295e+00,-4.270643555135328029e+01,-1.097935556463202822e+01,-4.615052486772306395e+00,2.353330440626458131e+00,5.038103517011383481e+00,-2.557041015868484024e+01,-4.071082285292456504e+01,7.344224760727633416e+00,1.533768836393096535e+01,8.699211647614832543e+01,2.059527814724124539e+01,5.101609822378861736e+01,2.717836377043745344e+01,2.508646771633594597e+01,-6.577677342108903247e+01,1.347792246118785542e+01,1.215571247023326507e+01,-4.979936014691433854e+01,1.466531278405890504e+01,7.332312762358822056e+01,-2.423631716739412667e+01,-1.070574676815248871e+01,-4.536927088434508093e+00,9.063369877480971581e+01,3.331320878934911178e+01,4.694456005485851335e+01,-6.621124055078239223e+01,-2.352272426041437825e+01,5.276542874187636301e+01,-2.293619025012418788e+01,9.266381024704024583e+01,-2.618690465590670158e+01,2.860089541340085972e+01,-3.799251201578628212e+01,-4.129351521398483271e+00,4.390679323767779607e+01,-5.198893027508353981e+01,-3.606605643785711379e+01,-2.504793102636718061e+01,2.441404572021670560e+01,1.921897721834783113e+01,-1.946241166984059845e+01,4.205140616422772837e+01,3.045594938831597176e+01,-4.807609594746242010e+01,-1.816287547366840727e+01,-2.779635259260463087e+01,-7.579462054055559861e+01,-7.511102328395643291e+00,1.838174264488741727e+01,-1.240791575302043093e+01,1.290484351262401574e+00,3.934764164802688313e+00,7.866541863932920364e+01,-4.746358430287403962e+01,-2.279275092187288365e+01,-9.879176908640713961e+00,4.721591489178061352e+01,1.401766076601857769e+01,1.948062206145702291e+01,6.143485944927252262e+01,9.944147708153947551e-01,7.450391916550164417e+00,-6.247987547421885068e+01,-4.323865089644799298e+01,1.083398799815941693e+01,-8.741040270747848240e+01,2.172118068256143886e+01,-3.249630411121578533e+01,1.771784224474267333e+01,-2.484293058914093244e+00,2.435121433651107026e+01,1.145063886125290509e+01,-1.288187939619889377e+01,1.799788181537332932e+01,6.819252495492443167e+00,-8.325893043581102937e-01,-4.247531956356331762e+01,6.090126000960461283e+01,7.525118966052557035e+00
-6.015290303996225774e+00,-5.991089849023983760e+01,2.587612563037906810e+01,4.663339239286505489e+01,-3.848689502506452698e+01,-4.895088641894904669e+01,5.680781559773129175e+01,1.805836507036761240e+00,7.191279089140527958e+01,-3.348820137077436243e+01,9.020996382857205731e+00,-1.300492185923925490e+02,1.429531418677660248e+01,-6.089221552571714824e+00,5.020847094067502070e+01,-1.336478882682986224e+01,1.987956330616166056e+01,1.307313706364820973e+02,-3.021601271207298467e+01,-1.124778882674153913e+01,-4.747839642504081326e+01,-1.233166605355553358e+01,-5.265762039219307411e+00,2.864248689212867127e+00,5.060179118017696709e+00,-2.867143421933630876e+01,-4.593361194590978158e+01,8.598861233595210152e+00,1.729612956634302989e+01,9.757832633414625434e+01,2.440050346859082353e+01,5.742935074271924378e+01,3.051734292212599442e+01,2.774179076357687279e+01,-7.345004084140489908e+01,1.491776309553655722e+01,1.391122610459870224e+01,-5.638704318284599992e+01,1.653998368581573786e+01,8.318551122543516385e+01,-2.710077518133508789e+01,-1.169674079263780797e+01,-4.678605813009149017e+00,1.009425278111460358e+02,3.710137885818799930e+01,5.234884189969239543e+01,-7.406672224873078392e+01,-2.632392152057791535e+01,5.880871782020149396e+01,-2.597762676589814390e+01,1.034501586989826905e+02,-2.915786171043260921e+01,3.257003488008620451e+01,-4.265373487259456198e+01,-4.717204956145684136e+00,4.948351924826574333e+01,-5.832081974917596767e+01,-4.055587245546695385e+01,-2.804922573570850375e+01,2.826875339108214291e+01,2.183308960819953271e+01,-2.144068943908640890e+01,4.642231144338298066e+01,3.353058742846869222e+01,-5.369180103682507621e+01,-2.006917646847985992e+01,-3.117097202861674532e+01,-8.476840316181588264e+01,-8.502021552125482273e+00,2.023028888114228963e+01,-1.386622292504882026e+01,1.460340599056511035e+00,4.178196442746801686e+00,8.816314583145555162e+01,-5.297431931160812724e+01,-2.541879235974663231e+01,-1.100766189677383800e+01,5.255847852982451229e+01,1.590587056963514279e+01,2.190609161177435382e+01,6.907019334498073704e+01,1.010284607593802120e+00,8.751777136973323934e+00,-6.997858600563675679e+01,-4.835257734814724984e+01,1.205710671974625292e+01,-9.865792593989044690e+01,2.446738356502761391e+01,-3.685516915151954009e+01,1.935070903636562889e+01,-2.897496097803143211e+00,2.731574692776955260e+01,1.322703270008669207e+01,-1.439295326435496492e+01,1.934985030316237342e+01,7.956781822522520642e+00,-8.049677958842699210e-01,-4.755152695471059587e+01,6.837398551819373438e+01,8.269819882703473013e+00
-4.779476323092422874e+00,-3.100750157522808337e+01,1.516997172010859174e+01,3.107489766302463607e+01,-1.921091438518445571e+01,-3.478082639989449376e+01,3.978695903550512725e+01,-2.476640367933390152e+00,4.375672924898708516e+01,-1.721307113732086336e+01,2.107410450207686026e+00,-8.078357190734195115e+01,1.310660341618261171e+01,-5.481391439251376951e+00,2.650334491832157369e+01,-1.273502242109439209e+01,1.040975982562309632e+01,8.560503820479988235e+01,-1.844675193379605460e+01,-6.104038442737302006e+00,-3.215713523934919493e+01,-7.163120590105196861e+00,-2.287002923489622308e+00,-4.096380517932276533e-01,8.552430824698307177e+00,-1.710880848666673160e+01,-2.472598480196020887e+01,1.711537757680885008e+00,9.396654122186317792e+00,5.788554133390209699e+01,2.275633714937196572e+00,3.214282753341419152e+01,1.780675737199810627e+01,2.019008759021164678e+01,-4.668275678110752835e+01,1.073076252283616761e+01,5.657856411132104135e+00,-2.849573820549474235e+01,8.966385646887399474e+00,4.052329256964441129e+01,-1.687408816259687327e+01,-9.867111933966571158e+00,-6.630022295518920750e+00,6.664820428867564317e+01,2.450531490805444790e+01,3.395154276520787562e+01,-4.583384321726581589e+01,-1.619181116777354390e+01,3.843492696990265500e+01,-1.305980914743147814e+01,6.597128124287509365e+01,-1.932348626916132162e+01,1.473201934169880367e+01,-2.494760060139615021e+01,-1.996809393587166914e+00,2.716043884593272395e+01,-3.454762702032044785e+01,-2.311118223684042761e+01,-1.707918949660824737e+01,8.470037871609708446e+00,1.036611426447797868e+01,-1.638306381206556495e+01,3.454858207012386373e+01,2.582275654324774194e+01,-3.405581958603802661e+01,-1.476021658399553260e+01,-1.856607167352719756e+01,-5.263231609393503163e+01,-4.321542071189776735e+00,1.564834131018364616e+01,-8.710646095153400381e+00,7.459502796039658712e-01,4.689338454182645499e+00,5.300644388303392418e+01,-3.391600498212898174e+01,-1.646559280749158560e+01,-7.222403042920303662e+00,3.496566339594822637e+01,7.722875234569968050e+00,1.248011009399069948e+01,3.947850612089172984e+01,1.586776229090654855e+00,1.484540919102071754e+00,-4.249482631511691721e+01,-3.007236788618336121e+01,8.047427571644020006e+00,-5.279323418407283697e+01,1.354801022446324055e+01,-1.806588686325599724e+01,1.639337503256121309e+01,-6.774631546274381133e-01,1.619306593534177807e+01,4.250064609140585148e+00,-9.069233129838830010e+00,1.935100576681230322e+01,1.830487092062511145e+00,-1.688484669932077242e+00,-2.907901407812823891e+01,3.998281558209544073e+01,6.512201687127802785e+00
-5.130837941652534262e+00,-1.720296338346535236e+01,1.106111506793601151e+01,2.756553048418578200e+01,-9.604208088989363290e+00,-3.335104617685016137e+01,3.752665039248392986e+01,-6.449757980302211813e+00,3.400359066853739876e+01,-9.372612824073350168e+00,-2.642130292783185119e+00,-6.486892565157830859e+01,1.576450337772613786e+01,-6.507724613143414771e+00,1.547396143835069005e+01,-1.572205481144184347e+01,5.955206823079147505e+00,7.419254236360245613e+01,-1.441256994915893230e+01,-3.807052951346040270e+00,-2.912551522569408746e+01,-5.135783257771818100e+00,-6.166022448404322454e-01,-3.042512172670337023e+00,1.357347457136805957e+01,-1.286898447323418893e+01,-1.513533391585188070e+01,-3.125707158095990756e+00,5.875189619154070897e+00,4.310007524265178347e+01,-1.414212474682539522e+01,2.143314259904093433e+01,1.287318434478415341e+01,1.987910505912237369e+01,-3.879684099646021167e+01,1.043196793747085849e+01,8.445346005819382995e-01,-1.478580938679453283e+01,5.578570426029889617e+00,1.871753762176150104e+01,-1.359906634610769594e+01,-1.114824820282609785e+01,-9.940366397715227009e+00,5.840905458659526772e+01,2.148619383491863033e+01,2.904030982143466844e+01,-3.658784174769131425e+01,-1.280360959696011847e+01,3.322394096202644675e+01,-6.672465214911001752e+00,5.509518067198707314e+01,-1.701837142795366020e+01,5.011575212518755151e+00,-1.811383998886001123e+01,-4.462554532255831319e-01,1.737450369450228038e+01,-2.565897711767776457e+01,-1.597808594383224268e+01,-1.328763848144254389e+01,-4.467558769945970454e+00,4.361656774836966122e+00,-1.695482220675406637e+01,3.482386880383296557e+01,2.692720290487351420e+01,-2.821911733864472893e+01,-1.469597997357454489e+01,-1.392090141890105492e+01,-4.223398730735190298e+01,-2.280392842309338697e+00,1.638610444336118732e+01,-7.115205091359177558e+00,3.991763254923546000e-01,6.361441412858008349e+00,4.038396533338787009e+01,-2.848604098192029710e+01,-1.405990289024913764e+01,-6.276485507961519161e+00,3.095044135502227078e+01,3.526744099494092843e+00,8.623753528606444618e+00,2.745341193143456238e+01,2.463337965478664238e+00,-3.707158827194146689e+00,-3.291538314800381215e+01,-2.419370667640765049e+01,7.153616253319714957e+00,-3.186649471528095035e+01,8.832751955235282892e+00,-8.521808518532806076e+00,1.858536146984143755e+01,8.474654440946933764e-01,1.204237637217166146e+01,-1.504307241924038863e+00,-7.442069688300773755e+00,2.462765300128707224e+01,-2.388266285643973141e+00,-2.829213220487506231e+00,-2.278143882417658972e+01,2.901972192428788944e+01,6.934127504116073482e+00
-3.346600854214614174e+00,-8.347110083548583859e+00,6.281309258412793639e+00,1.694456006618555932e+01,-4.295722926915907181e+00,-2.104103938217182446e+01,2.355045440145970304e+01,-4.884175094043278875e+00,1.986172840511587268e+01,-4.486460634864418928e+00,-2.599563552047756243e+00,-3.840659100204167942e+01,1.058514879934310216e+01,-4.356049223356536437e+00,7.774329398142363345e+00,-1.062114452923946750e+01,2.951727988156051197e+00,4.522896652885939517e+01,-8.437607267678934875e+00,-1.992610601045887719e+00,-1.803320344042082723e+01,-2.893543062698250345e+00,-7.371013877210352838e-02,-2.449492512503186781e+00,9.638057404266346495e+00,-7.411632894988611220e+00,-7.833845593971246579e+00,-2.925447411671956210e+00,3.079547622302489351e+00,2.471029101084816304e+01,-1.218730519912895360e+01,1.164426674014421792e+01,7.281260722486468495e+00,1.264545408214546995e+01,-2.328330282247876681e+01,6.609954093639224482e+00,-3.834052363609012914e-01,-6.820408340268816261e+00,2.915605920561871400e+00,7.780522621047207821e+00,-8.063284090613880295e+00,-7.370761962569146952e+00,-6.987971072829886054e+00,3.575007817015367095e+01,1.315317108844209315e+01,1.761825001645810573e+01,-2.161063586154696381e+01,-7.533186066798934988e+00,2.023459432717555018e+01,-3.039444622967387488e+00,3.312637152870533441e+01,-1.043464592533552349e+01,1.338673382432499892e+00,-1.026621610393361017e+01,1.217580416452435088e-02,9.227485612811197058e+00,-1.469433686790824289e+01,-8.843806192416394651e+00,-7.765178044634808430e+00,-5.336642126526220054e+00,1.635999863406281563e+00,-1.094579536437785450e+01,2.230936752748326057e+01,1.742149162687273289e+01,-1.691591215305104257e+01,-9.380148557581950541e+00,-8.006189513062791363e+00,-2.499818180110456467e+01,-1.065961966118505133e+00,1.061415606459960159e+01,-4.241462447192653862e+00,1.886119584077809996e-01,4.386411257425422150e+00,2.338922209172124411e+01,-1.716451757501322817e+01,-8.524545128439925179e+00,-3.829995697112026143e+00,1.901089875562717779e+01,1.449216764151461945e+00,4.771974881403142632e+00,1.523964398605729897e+01,1.742482835568005761e+00,-3.365045821660832548e+00,-1.919954875094895286e+01,-1.433515136986151184e+01,4.400579567741128351e+00,-1.635285004994933189e+01,4.740818025599388363e+00,-3.615953248610506598e+00,1.229865155480882954e+01,8.341016461004402416e-01,6.900427975704808148e+00,-2.065079934755375213e+00,-4.444283419950742164e+00,1.675200738182365257e+01,-2.335512996497866034e+00,-2.026985796130618134e+00,-1.335220034866423866e+01,1.644438580323857479e+01,4.512649825150782057e+00
-6.302435887197843201e+00,-4.843062419465203305e+01,2.245368001198810504e+01,4.369383284140649693e+01,-3.049981568867042370e+01,-4.773316673833905099e+01,5.489655091853153124e+01,-1.487974814382877931e+00,6.378194045563106584e+01,-2.696819898355329315e+01,5.078908626869380605e+00,-1.167732125761364586e+02,1.648837942587925909e+01,-6.935679645821006822e+00,4.103452922990479834e+01,-1.583123666464188162e+01,1.617465446140906238e+01,1.211859269746091883e+02,-2.685254054786347311e+01,-9.336687882193198007e+00,-4.493418850026873201e+01,-1.064330080902309028e+01,-3.877936490075860387e+00,6.804133896749311461e-01,9.217822019889064578e+00,-2.513857849110616272e+01,-3.795484329197665119e+01,4.584374457748072729e+00,1.436622215866369778e+01,8.525987321000853569e+01,1.077842049347070841e+01,4.851550618166821494e+01,2.640832574011329825e+01,2.746546617342848151e+01,-6.686556328784411107e+01,1.466014037579565077e+01,9.913001701285416800e+00,-4.498753708223832604e+01,1.372134121708291232e+01,6.505886146201099507e+01,-2.436852334993879765e+01,-1.275059804150066256e+01,-7.418814473314446545e+00,9.404687833511573558e+01,3.457448924401550272e+01,4.824369530214859481e+01,-6.635470152204034378e+01,-2.349839647876988735e+01,5.445082716599004868e+01,-2.066688619996456566e+01,9.436753463772488715e+01,-2.722801096130650578e+01,2.449266740792968378e+01,-3.696185489890082465e+01,-3.429066672123007642e+00,4.134053367784976274e+01,-5.091550451478221362e+01,-3.461733426551058557e+01,-2.488827992289082758e+01,1.752815386408914833e+01,1.684243438091897005e+01,-2.190013582679259230e+01,4.661931001484414594e+01,3.442337365036763686e+01,-4.881879920415877194e+01,-2.000248130302955474e+01,-2.730052144185218665e+01,-7.609424834637495394e+01,-6.804778783418933941e+00,2.082811848878395722e+01,-1.253474931927181935e+01,1.171982760219893338e+00,5.561098342166719277e+00,7.764351774777350101e+01,-4.843887063848227115e+01,-2.340810099503935859e+01,-1.021637839076839072e+01,4.919573304067494490e+01,1.241778625054476493e+01,1.869556056983125103e+01,5.905843558548639294e+01,1.736030792262454270e+00,4.443444161338043763e+00,-6.199297768061869363e+01,-4.344838449126363855e+01,1.130830075625461717e+01,-8.124935561637281012e+01,2.054334598232685138e+01,-2.892108527080004876e+01,2.115427183329706295e+01,-1.631814570833123312e+00,2.385766796013232494e+01,8.449400676457408110e+00,-1.303483736070547749e+01,2.370973226721187288e+01,4.455281715421510746e+00,-1.749771886423544753e+00,-4.230070914538384130e+01,5.924279528990332722e+01,8.613931209531388689e+00
-3.532871122581080936e+00,-2.908163613358230748e+01,1.321456506215076132e+01,2.518936282942232907e+01,-1.842151217885151837e+01,-2.723639207360841397e+01,3.139595685102402456e+01,-3.783545127296554789e-01,3.731254992184383212e+01,-1.621185681338577922e+01,3.436603514837176743e+00,-6.808507892450292331e+01,9.038979221304426659e+00,-3.812901759374441646e+00,2.456228756753183617e+01,-8.627763217506529969e+00,9.694305956996778662e+00,7.006004010721318309e+01,-1.570035641359121570e+01,-5.563816542838172730e+00,-2.583678432776346412e+01,-6.273190883955134467e+00,-2.394820369868295273e+00,6.942998569603311410e-01,4.639089258602906440e+00,-1.475248096907262152e+01,-2.264728557306479928e+01,3.166433976972492736e+00,8.559453327746799900e+00,5.008196696009639481e+01,8.035678583983218104e+00,2.876720419344810864e+01,1.555381290138896766e+01,1.561175966047566632e+01,-3.884248602744194301e+01,8.348589313353235397e+00,6.185430208554700826e+00,-2.711802019490068716e+01,8.178092043176215853e+00,3.944866117077707202e+01,-1.420276392104401886e+01,-7.080619718194940404e+00,-3.819305695208223383e+00,5.429805690857037348e+01,1.996046223041679113e+01,2.793376480506520210e+01,-3.871211902906986779e+01,-1.372258489777589396e+01,3.148886941337688583e+01,-1.246822507126182167e+01,5.478882055153579245e+01,-1.571071782106909431e+01,1.502825697829789320e+01,-2.176119957327803434e+01,-2.126231570944260074e+00,2.459014677482959144e+01,-2.991487624464334871e+01,-2.046671850303442142e+01,-1.455802376914183327e+01,1.145566218589489615e+01,1.025456974289899748e+01,-1.235231473893516529e+01,2.640498607292940392e+01,1.939168330539968110e+01,-2.836831948980698925e+01,-1.135068616281438736e+01,-1.602597920370104490e+01,-4.437029320894797735e+01,-4.098030418728781932e+00,1.172493916767693278e+01,-7.295210623015266016e+00,7.052421603135018424e-01,2.957740576694172674e+00,4.550942783349364618e+01,-2.810521658395600397e+01,-1.355627648355612180e+01,-5.904398220203933789e+00,2.836868443459703570e+01,7.533557702843903137e+00,1.105380099710472841e+01,3.490007207122266664e+01,8.817909359584036322e-01,3.128039145058545856e+00,-3.627770244947997469e+01,-2.532773903133647764e+01,6.517509607652272052e+00,-4.852711275115316880e+01,1.220227917729351574e+01,-1.751889663363745342e+01,1.173953190915155709e+01,-1.104029991510741437e+00,1.401565013013340888e+01,5.465685755143036673e+00,-7.582520729644869562e+00,1.282732863513793298e+01,3.020769708238694395e+00,-8.586357371013486617e-01,-2.472598299376317499e+01,3.488020496963524408e+01,4.835424924813427339e+00
-3.041485509003502230e+00,7.591702904158859511e+00,7.789085478013297870e-01,9.932319348633534162e+00,6.494053346622568057e+00,-1.536063917420626090e+01,1.651024608538228122e+01,-8.016318945793283746e+00,5.811786514707924844e+00,4.515380990561269847e+00,-6.990682182029685166e+00,-1.428289849796819588e+01,1.121898594550618355e+01,-4.547147568705816489e+00,-5.181008315297126465e+00,-1.158806492424611179e+01,-2.243099443577378338e+00,2.439726694602519075e+01,-2.581761865420501678e+00,7.800739199231361276e-01,-1.129746032090494978e+01,-2.197027002650336902e-01,1.667947593532655315e+00,-4.682275895147494538e+00,1.290416983904250792e+01,-1.548088645517869288e+00,3.645950857366375253e+00,-7.342154473100387158e+00,-1.176137824260838682e+00,4.489364124005697398e+00,-2.672673771839425072e+01,-1.753439616922331634e+00,7.265243817349682498e-01,9.798449146438930057e+00,-1.048043882711840169e+01,4.980934316421188335e+00,-5.283065481086262949e+00,8.715686690103666479e+00,-1.169165034832948091e+00,-1.631715788793689015e+01,-3.067051458983346190e+00,-7.223201642914177434e+00,-9.014748048838415073e+00,2.009221278883254769e+01,7.404969505825194531e+00,9.022149800147392540e+00,-7.735711071086246449e+00,-2.525811976824642535e+00,1.080607038313128498e+01,4.171108907463946913e+00,1.526630135015020429e+01,-5.967549080644444004e+00,-8.978120754638752032e+00,-1.150836142842266874e+00,1.612777714960984543e+00,-2.732536577384379939e+00,-2.570152658034133175e+00,2.969629596854339582e-01,-2.294470380072539673e+00,-1.764630976568919252e+01,-4.898418051388079064e+00,-9.350857087587245431e+00,1.813843838814529619e+01,1.508397169106932445e+01,-7.503287392102141240e+00,-7.440373946650435499e+00,-1.604837422251773837e+00,-9.255381860072080968e+00,1.257160948020411118e+00,9.257074689964397862e+00,-1.744935474356455796e+00,-2.075676104403851863e-01,5.239072176466790687e+00,5.668329030538134639e+00,-8.122746994385323660e+00,-4.334946475002457333e+00,-2.087152216940169946e+00,1.106300165322050333e+01,-3.178367086951805920e+00,-1.679417649499703735e-01,-2.360462866038890439e-01,2.300711115186285127e+00,-8.060409757757071247e+00,-5.461428865227045293e+00,-5.394566215535080644e+00,2.597651264902062884e+00,8.548093257887263263e+00,-1.080847986053886656e+00,6.973314638635526919e+00,1.210859240919704760e+01,2.244059329952906801e+00,1.231130698287149494e+00,-7.601783764355992012e+00,-1.874453786844824998e+00,1.886160619401874428e+01,-6.230614429025871814e+00,-2.801502079463154438e+00,-4.174833536054757488e+00,1.826034298879874118e+00,4.047608575140966281e+00
-2.473128184649394434e+00,-1.347385743139195569e+01,7.014640877399191510e+00,1.515353478598034087e+01,-8.179348350381530963e+00,-1.736001545471762952e+01,1.975884796561921064e+01,-1.887498179585374247e+00,2.056868315375621847e+01,-7.451365044719543640e+00,3.065371638946299271e-01,-3.830817559290876773e+01,7.052810456544481355e+00,-2.935972885573783664e+00,1.163970452505746245e+01,-6.917512139771781143e+00,4.552160198069383767e+00,4.146600619681646549e+01,-8.683634352067649331e+00,-2.719639328800568912e+00,-1.577718271091293900e+01,-3.298314773695253610e+00,-8.895308117989683128e-01,-6.279951589540624379e-01,5.127508214566526057e+00,-7.974170466547912284e+00,-1.097086829561596488e+01,9.232683362379345837e-02,4.188982102090551329e+00,2.690920395619961525e+01,-1.473458048050037661e+00,1.454267409257061949e+01,8.216231136294764426e+00,1.016035537564873792e+01,-2.234682565432681400e+01,5.378752818288003112e+00,2.091791569762137648e+00,-1.221878916080347466e+01,3.992759397259344922e+00,1.700703644402003789e+01,-8.009688553433191416e+00,-5.194545938908296634e+00,-3.881911553988229624e+00,3.238682772827863232e+01,1.190967927792623371e+01,1.638416879604964649e+01,-2.170013464833692751e+01,-7.646572420865106245e+00,1.860348900094166069e+01,-5.583341576507443449e+00,3.162301576183708107e+01,-9.403372776257846510e+00,5.896205303320062541e+00,-1.152360412299219483e+01,-7.619373437236930391e-01,1.217074946153968007e+01,-1.604985050263758950e+01,-1.054708692019350735e+01,-8.030844856453493108e+00,2.215306709507734340e+00,4.282349749833439745e+00,-8.376254136477751189e+00,1.751511065851795479e+01,1.323502245570507796e+01,-1.628897287099814051e+01,-7.453927055746169650e+00,-8.646312697110127843e+00,-2.495391112487839536e+01,-1.859129811668168042e+00,8.031241739655428091e+00,-4.149928463463421480e+00,3.217958295421244341e-01,2.638654999988788497e+00,2.478759497287549962e+01,-1.628328271228005519e+01,-7.942069044427392477e+00,-3.501149462533574397e+00,1.704022609221848228e+01,3.234717712535845280e+00,5.694746368486550914e+00,1.804204653564008964e+01,9.425386331594655109e-01,-7.912133250737207746e-02,-1.995830657270146702e+01,-1.426784719292827752e+01,3.926690485802821318e+00,-2.335241015239968831e+01,6.097491959677346252e+00,-7.610322107171306527e+00,8.640448135486455072e+00,-9.884412607059211986e-02,7.525329744028322665e+00,1.229456887989181624e+00,-4.326194228653001517e+00,1.062916936655123124e+01,2.513397374209977997e-01,-1.036197083653342288e+00,-1.369855148091851760e+01,1.846682596753790762e+01,3.360640993671324850e+00
-3.401081897147467892e+00,-1.447977074504180450e+01,8.331308531700837960e+00,1.938057964115022003e+01,-8.473974626837929236e+00,-2.286997118714545252e+01,2.586710651941623951e+01,-3.550233006814446757e+00,2.502076416288941019e+01,-7.954530413608319250e+00,-8.133023813334743224e-01,-4.717966039096555875e+01,1.012574025673859524e+01,-4.194546193832014325e+00,1.273952167666156399e+01,-1.002942353403381404e+01,4.945939073625556404e+00,5.256667206045528928e+01,-1.058468226626045450e+01,-3.048764041048237505e+00,-2.033848565962896515e+01,-3.892856248017193543e+00,-7.603870783724602234e-01,-1.518956354450356816e+00,8.157330103424623502e+00,-9.582005120331393400e+00,-1.221487380530225764e+01,-1.122642411137048768e+00,4.700178492939681263e+00,3.221177106038982174e+01,-6.202139655285488828e+00,1.670783707078293645e+01,9.727298097883616990e+00,1.352065686381797960e+01,-2.788206505006564839e+01,7.123085143091733684e+00,1.560028940968425815e+00,-1.282409545363571723e+01,4.471944796672035594e+00,1.714795273416507371e+01,-9.878114616029193940e+00,-7.283545336386850977e+00,-6.049227073373921293e+00,4.123073017375895688e+01,1.516461834225451000e+01,2.066675499976113173e+01,-2.666599406738382072e+01,-9.362884114274191205e+00,2.356033802421094592e+01,-5.828341038410975727e+00,3.952891747435770498e+01,-1.199359708948773928e+01,5.388428807522462449e+00,-1.366503770740097501e+01,-6.204653327836704424e-01,1.377073782305413729e+01,-1.919451995506211617e+01,-1.228074117686525035e+01,-9.773359914470319154e+00,-3.677106594483170454e-01,4.185461498813200620e+00,-1.135985998559992360e+01,2.351686444979293000e+01,1.800110456701574080e+01,-2.030089345680443103e+01,-9.961368581031596392e+00,-1.037731251294789914e+01,-3.072466195716731008e+01,-1.962787239623506652e+00,1.094079040776963652e+01,-5.144107358032540489e+00,3.414195439718784586e-01,3.962924214481273300e+00,2.992901551530852799e+01,-2.039806559439262656e+01,-1.001156659687373285e+01,-4.442982297656786095e+00,2.177580299583970103e+01,3.248972341866393609e+00,6.629533847354266207e+00,2.105324749628566749e+01,1.487524681354242650e+00,-1.443464164062592481e+00,-2.424845620765303522e+01,-1.758457987686414370e+01,5.026040984943930923e+00,-2.586841076861574606e+01,6.947372902620872814e+00,-7.728404135301933486e+00,1.213093695687863516e+01,2.605574431233859123e-01,9.004145378058085569e+00,1.632519581458495850e-01,-5.371886133874107294e+00,1.558777289344567052e+01,-7.504421751683381103e-01,-1.680955027208199226e+00,-1.671458772919432079e+01,2.189546845972620304e+01,4.607297052460192610e+00
-2.787662287870735334e+00,3.544196361093815639e+00,1.822751563019329168e+00,1.033321102873499697e+01,3.613242854569722162e+00,-1.492493793058412521e+01,1.623300705777570840e+01,-6.542650983233865958e+00,8.079723357450696142e+00,2.205770858942702084e+00,-5.366276627350297979e+00,-1.772947970331052758e+01,9.923077676384110646e+00,-4.035356531575407857e+00,-1.994012011721690847e+00,-1.018569683937748493e+01,-9.479605687339112130e-01,2.611938795295056792e+01,-3.510430765341149062e+00,1.321752097292872019e-01,-1.149990799759307336e+01,-7.434575654806070411e-01,1.138510576430349142e+00,-3.739068702998450178e+00,1.089496963294764598e+01,-2.585793086235508742e+00,9.201757595634045828e-01,-5.675978629777079121e+00,-1.839039044354453534e-01,8.156274711997891558e+00,-2.097599957229628131e+01,1.167653643285123444e+00,1.990935273633751112e+00,9.361786692981315383e+00,-1.200808600845628149e+01,4.796120996949275295e+00,-3.732227715169174065e+00,4.633654602654505794e+00,-2.125949246234095646e-01,-9.694681232250086822e+00,-3.769544245622532763e+00,-6.502435044894800953e+00,-7.663245173743637118e+00,2.120423911940017092e+01,7.810207936453043231e+00,9.841441480787363361e+00,-9.767857184549944449e+00,-3.286850143322185946e+00,1.161007070972021182e+01,2.263470748424128320e+00,1.733021639310799955e+01,-6.260335486094704471e+00,-5.935752683152056619e+00,-2.894590478154109636e+00,1.117911316746496464e+00,-3.551604806125929770e-03,-4.781423226054830167e+00,-1.602496182548337700e+00,-3.174275251121335906e+00,-1.329539810971967739e+01,-3.053385997488484271e+00,-8.704775108823888274e+00,1.710538320046817873e+01,1.399367032508215836e+01,-8.647398225375091840e+00,-7.063400329240813846e+00,-2.746582678437373026e+00,-1.151137873573735249e+01,6.515646720883545573e-01,8.572118921734086072e+00,-2.073878597297284188e+00,-1.050003198591031306e-01,4.520109123315216415e+00,8.701607962774525973e+00,-9.126646928232462486e+00,-4.740732796359655055e+00,-2.226447642289031137e+00,1.153761645817587755e+01,-1.901954667015676170e+00,8.593518976605591941e-01,2.952085638490217878e+00,1.947411963206965746e+00,-6.262599396903976157e+00,-7.702045548617292070e+00,-6.661405928286905365e+00,2.696157431470374455e+00,2.569090778544158127e+00,2.216024849521849305e-01,4.083668250671104616e+00,1.088862338230324944e+01,1.722536384394559139e+00,2.262077793736403830e+00,-5.679663114953168446e+00,-2.204916829342186801e+00,1.646948323885508358e+01,-4.786623781947858092e+00,-2.351925874334405808e+00,-5.616881593462173861e+00,4.624530178482870291e+00,3.721880367031354275e+00
-6.637832674176593617e-01,-6.218621847147139725e+00,2.727927923933510357e+00,5.004574451702113791e+00,-3.978102046501877709e+00,-5.304408943543195143e+00,6.142167041069491518e+00,1.067582879744223279e-01,7.619018448896667906e+00,-3.473186192586371401e+00,8.757751448875659150e-01,-1.381754600219840334e+01,1.618826862905534014e+00,-6.871539071150039035e-01,5.223769230937669761e+00,-1.524842589730551534e+00,2.066314967955530157e+00,1.399403916128686198e+01,-3.202775306762285723e+00,-1.174180964598556365e+00,-5.107537205054467400e+00,-1.298466427812760893e+00,-5.362069191260137035e-01,2.525516758138001139e-01,6.655749107790724928e-01,-3.029714015315635223e+00,-4.790340001808194970e+00,8.277627303048316065e-01,1.805822857895935662e+00,1.030303988411636418e+01,2.287847198418579531e+00,6.018272947097266012e+00,3.215226827965712797e+00,3.017477828275014318e+00,-7.828970265398974782e+00,1.619622489577040580e+00,1.407482717164501018e+00,-5.836581688437327387e+00,1.726416071224362803e+00,8.574631294540587589e+00,-2.880358409054461166e+00,-1.304289953003179736e+00,-5.851704390047185456e-01,1.081830951446068312e+01,3.976472704831318428e+00,5.595899430583314960e+00,-7.865352855734690785e+00,-2.793095164295774868e+00,6.293384187048189915e+00,-2.687311263080991441e+00,1.103188867935431183e+01,-3.126631342519771817e+00,3.330440070093851013e+00,-4.495287744166805766e+00,-4.791192924252423158e-01,5.172936862168721284e+00,-6.156771216325826579e+00,-4.259779763986333734e+00,-2.972046258402753605e+00,2.788521043450985726e+00,2.244140611787457384e+00,-2.350527246336013398e+00,5.067408507665155604e+00,3.680703924916269187e+00,-5.721322379134934799e+00,-2.186572652839352315e+00,-3.293030161734500805e+00,-9.005958935653529451e+00,-8.806284769546852687e-01,2.222329536891735291e+00,-1.475567227839990281e+00,1.513468951331416179e-01,4.934535085523485964e-01,9.325618458913060849e+00,-5.652325385431566929e+00,-2.716700249391023725e+00,-1.178647448074814363e+00,5.639079086103766514e+00,1.638947304649964076e+00,2.300824826800585754e+00,7.257571381850456582e+00,1.300286490435400566e-01,8.363942204442749162e-01,-7.412082860970270914e+00,-5.138265020027482421e+00,1.294244451493272052e+00,-1.028144051817887394e+01,2.560585715738815438e+00,-3.801624713334140537e+00,2.159419921444511559e+00,-2.813079014724016447e-01,2.883932865204431373e+00,1.311543179217010024e+00,-1.532274124171616903e+00,2.229295433736520504e+00,7.717896123270399089e-01,-1.136361853565666935e-01,-5.041428792716617480e+00,7.205757028404023323e+00,9.111825825727709605e-01
-4.879927879576499983e+00,-6.631319259035448965e+01,2.674436667906595844e+01,4.421114258712728429e+01,-4.335572320821227521e+01,-4.410135814259061959e+01,5.179505648699404219e+01,5.639338635770171138e+00,7.262077127783977915e+01,-3.719396642496166550e+01,1.271865699391566906e+01,-1.295658795728853647e+02,9.731445872170466416e+00,-4.253507777726164285e+00,5.502172006700329376e+01,-8.584065226785526193e+00,2.187495329123289522e+01,1.255522178193076428e+02,-3.044813940268882391e+01,-1.214814419896373288e+01,-4.445820944273835096e+01,-1.281626260355223046e+01,-6.296285739108199664e+00,5.189547844166346735e+00,-7.313146699371344539e-01,-2.931322462735880308e+01,-4.982565376650302369e+01,1.244072491665990121e+01,1.866969466698819957e+01,1.001268560990802285e+02,3.805690657496982254e+01,6.098416688921948747e+01,3.163111383563147072e+01,2.448239773427006583e+01,-7.204871523565697089e+01,1.329972639848148930e+01,1.704350435940713382e+01,-6.314695531029502007e+01,1.787427716060799909e+01,9.477528199119244334e+01,-2.695767162531357286e+01,-8.877077435977071218e+00,-6.871803831384586392e-01,9.635720350802684209e+01,3.540665513425610555e+01,5.062428362794751280e+01,-7.397788182865410533e+01,-2.639684038338773675e+01,5.655786184169392783e+01,-2.916475404013483086e+01,1.012402966522758021e+02,-2.775679311848783470e+01,3.831832944940966712e+01,-4.414715088636783236e+01,-5.695812237043309523e+00,5.311762158403879397e+01,-5.989688406907536233e+01,-4.262619873807852855e+01,-2.831246179415562381e+01,3.786443303781221914e+01,2.516283561077772646e+01,-1.809044414527456723e+01,4.015378238679381440e+01,2.807599446559674661e+01,-5.274124542887455647e+01,-1.754673154622872033e+01,-3.190527549711524102e+01,-8.447881633227669340e+01,-9.494638273101870141e+00,1.686623917541052009e+01,-1.371088242274441704e+01,1.626924773005222979e+00,1.928005367272688453e+00,8.971212443037509843e+01,-5.170000592133079209e+01,-2.460286305609117008e+01,-1.055619975729862681e+01,4.988983949728569200e+01,1.814923306033454864e+01,2.302789412342508513e+01,7.247005596970049623e+01,-1.714470279239488359e-02,1.293669613678329000e+01,-7.075823503966552153e+01,-4.813353023319321267e+01,1.141697515058833723e+01,-1.073526703679882104e+02,2.613793806557382382e+01,-4.187033209424605928e+01,1.461173086797160892e+01,-4.084552334552981279e+00,2.804114446225600688e+01,1.741068863663768695e+01,-1.420215096021505552e+01,1.145390778963509604e+01,1.124843925484985085e+01,4.663514485893952011e-01,-4.786453434058655176e+01,7.077670183985959795e+01,6.771484889406767849e+00
-3.632394213127740912e+00,-3.259566235894774877e+01,1.446208725053066502e+01,2.686968119515838183e+01,-2.078661880138225015e+01,-2.867160053894298954e+01,3.314915259347105092e+01,2.461529882194883889e-01,4.053669086100374841e+01,-1.819418526401767622e+01,4.355126772754584152e+00,-7.366447819517391338e+01,9.009731375128488651e+00,-3.815871725187314656e+00,2.742856424175304753e+01,-8.527210398147159864e+00,1.084194844162574434e+01,7.500015418574349724e+01,-1.704575338614788294e+01,-6.180580781722762040e+00,-2.746862727796719028e+01,-6.877805415029550673e+00,-2.770317700403011507e+00,1.149934505392261386e+00,4.033870845140582695e+00,-1.608915040079606129e+01,-2.519667342540955346e+01,4.087164742864574762e+00,9.506314966680770695e+00,5.468298778616429701e+01,1.104076806006036549e+01,3.176783345157884497e+01,1.703788613608789149e+01,1.635233497972350492e+01,-4.183292452908274583e+01,8.766005074687015508e+00,7.235806207214182884e+00,-3.052994181402641871e+01,9.086518841221373322e+00,4.471249075577962628e+01,-1.535941000413879642e+01,-7.186971160080976695e+00,-3.453932173305503284e+00,5.802898287613471950e+01,2.133042474240356157e+01,2.996169968246369564e+01,-4.191630270943456082e+01,-1.487626305026201656e+01,3.372239688709242245e+01,-1.405047775073990657e+01,5.896703833752818724e+01,-1.677751115938100313e+01,1.726166345687014569e+01,-2.382645607676646549e+01,-2.470508748284529599e+00,2.725696978447028584e+01,-3.267235300282200683e+01,-2.252304147960634140e+01,-1.581374512613191818e+01,1.405031165014455397e+01,1.167713423599056277e+01,-1.280628114367689463e+01,2.752823969627891643e+01,2.007097234091513371e+01,-3.056483688612726368e+01,-1.186300453257425325e+01,-1.748438600751644501e+01,-4.801067234481545398e+01,-4.608683995812727474e+00,1.212436947735510273e+01,-7.875315321933988422e+00,7.923968255874707101e-01,2.818669879363449482e+00,4.955914729379436778e+01,-3.022445372795417029e+01,-1.454402820623798576e+01,-6.318168821768598953e+00,3.027124117701239214e+01,8.543939553336979742e+00,1.216501759468235377e+01,3.838420924633115305e+01,7.793133665692159040e-01,4.104279053393319998e+00,-3.942804680685095775e+01,-2.739656758271832615e+01,6.949983615208925158e+00,-5.405054211890782057e+01,1.350290583381488396e+01,-1.983397991677816563e+01,1.190490397271309675e+01,-1.398967502226699189e+00,1.530534956506347299e+01,6.636113409754692327e+00,-8.180450704057514955e+00,1.254295820446540688e+01,3.835237796967533086e+00,-7.124991395239341774e-01,-2.683581104318905375e+01,3.819206259059838970e+01,4.981160982336120924e+00
-4.623191499386999581e+00,-2.529797646959544011e+01,1.314880109837200983e+01,2.836731384438871117e+01,-1.536582907309505330e+01,-3.247964368960588644e+01,3.697217233727079133e+01,-3.502422055183377569e+00,3.853946435402294668e+01,-1.399183308731048925e+01,6.066808165755892546e-01,-7.176208806226298975e+01,1.317268683948199381e+01,-5.484142538882596618e+00,2.184795404550155951e+01,-1.291731864170458444e+01,8.545484572766081754e+00,7.763678437745321048e+01,-1.626990774900022529e+01,-5.102850371733737234e+00,-2.953041057907033462e+01,-6.183292988202965468e+00,-1.675476279045044148e+00,-1.156097788372248747e+00,9.555074159178339244e+00,-1.494439335466946694e+01,-2.058688411145782027e+01,2.066445285506262053e-01,7.859657458804857555e+00,5.043389641863616646e+01,-2.640648454629459962e+00,2.727532911945584360e+01,1.540200612858171958e+01,1.900578015220714789e+01,-4.185213535913597127e+01,1.006234129852703063e+01,3.946210132416116956e+00,-2.294987356169285775e+01,7.491710646448967559e+00,3.196249093313510770e+01,-1.500405191938606819e+01,-9.706715006787344890e+00,-7.237360647525668433e+00,6.063310724773051419e+01,2.229667069617433128e+01,3.067889318271461008e+01,-4.065213397461869960e+01,-1.432568592995520618e+01,3.483194161520430043e+01,-1.048774153299063983e+01,5.922301075790265656e+01,-1.760394423885417581e+01,1.109631135549214065e+01,-2.160134865948369409e+01,-1.435988249654559290e+00,2.283247363965878662e+01,-3.008151825371916033e+01,-1.977700422829978422e+01,-1.504724822354013547e+01,4.234264541993063347e+00,8.051720882636155707e+00,-1.566265824922734851e+01,3.275775842847873065e+01,2.474660017289917846e+01,-3.050733900519063013e+01,-1.394203273875530158e+01,-1.620439193127225508e+01,-4.674598105868244602e+01,-3.491585394173451817e+00,1.501619290690056374e+01,-7.773091337240834342e+00,6.043109066549187114e-01,4.923515306554859805e+00,4.645052319786065453e+01,-3.049384084961457475e+01,-1.487147553296353308e+01,-6.555076358659241542e+00,3.189967096493301568e+01,6.079568939366351898e+00,1.067834085382750331e+01,3.382967578162278244e+01,1.756739661520025031e+00,-1.115381054879538425e-01,-3.739661651478429860e+01,-2.672738610191129638e+01,7.350628586456337210e+00,-4.382449967396716062e+01,1.143765289724742651e+01,-1.430110129446164535e+01,1.614542341605384124e+01,-1.955804470220008362e-01,1.410427056307016969e+01,2.339934056881607383e+00,-8.102995773295496917e+00,1.984340709095975086e+01,4.997150085120543039e-01,-1.930060810230009416e+00,-2.566553493899142069e+01,3.461671368349388445e+01,6.282671087896849471e+00
-5.336282197763689616e+00,-3.823185997345191822e+01,1.811043692280049910e+01,3.599622682927086714e+01,-2.392351545851527206e+01,-3.972806166549146667e+01,4.558656525373633883e+01,-1.913809103658084432e+00,5.176701885920350321e+01,-2.126329440468026988e+01,3.454321699895578135e+00,-9.510244345278489675e+01,1.425300782569976477e+01,-5.979979234466669347e+00,3.250539344283750154e+01,-1.375808987639805636e+01,1.279470923496906209e+01,9.955415521569729265e+01,-2.180628730066844767e+01,-7.431763547413162918e+00,-3.711512329315809211e+01,-8.571157645472291975e+00,-2.966316955496522745e+00,1.271428850749067863e-01,8.562398383123607459e+00,-2.033656705573514145e+01,-3.016853202175649074e+01,3.025490325261548819e+00,1.143730746094868955e+01,6.890519744826117687e+01,6.265259617410617210e+00,3.882318075153057180e+01,2.128314481918361878e+01,2.294538015893636640e+01,-5.466290969628296637e+01,1.222514657967919227e+01,7.491330816930506842e+00,-3.536476401757504817e+01,1.091979587458456180e+01,5.081017151514793539e+01,-1.985396063376548170e+01,-1.089181691038023025e+01,-6.768465984431324856e+00,7.736325913500286333e+01,2.844273825975566083e+01,3.957030836971688359e+01,-5.400651869780229930e+01,-1.910635179392081184e+01,4.471733691788287501e+01,-1.623128603258404112e+01,7.718848134484728973e+01,-2.241133705744597293e+01,1.887443109787833606e+01,-2.980050791934095855e+01,-2.610611131603384649e+00,3.297064447610845406e+01,-4.113888815513916342e+01,-2.778705215927538319e+01,-2.020233951644696546e+01,1.250203043074071019e+01,1.309332153428458234e+01,-1.843375180477402964e+01,3.908201881048720594e+01,2.900937862775484177e+01,-3.989628816810679979e+01,-1.673787778752607380e+01,-2.207868763774742860e+01,-6.196802576424839515e+01,-5.354726531166783765e+00,1.756402510546625351e+01,-1.022752608108573291e+01,9.230433324132105710e-01,4.937555445768778917e+00,6.289139457248281673e+01,-3.964653553916146933e+01,-1.919590543858210552e+01,-8.395470001080186151e+00,4.051809798001289664e+01,9.692411949422890416e+00,1.500609648924038453e+01,4.742996992175699233e+01,1.600981032763843404e+00,2.847901118127762032e+00,-5.029826510377288429e+01,-3.539242594061130376e+01,9.318528348044337051e+00,-6.451471962212231404e+01,1.640892064090233760e+01,-2.261212504310676152e+01,1.808157880304122500e+01,-1.110025814025473068e+00,1.927900589849058832e+01,6.107622858828601231e+00,-1.064093219961705472e+01,2.073987546732115916e+01,3.021365881087803018e+00,-1.656893450129386380e+00,-3.436102335575481703e+01,4.776286269669189721e+01,7.283628263725788088e+00
-3.438985876976953904e+00,-4.088084130788121939e+01,1.694677063185265453e+01,2.904868878465419257e+01,-2.654492401757301323e+01,-2.962876801958585915e+01,3.461463820565842298e+01,2.594961161376369674e+00,4.645885922901993581e+01,-2.289860643521882366e+01,7.178837332096914992e+00,-8.335739385186850825e+01,7.474369552645516279e+00,-3.224319161898935526e+00,3.405358224266181821e+01,-6.795464209222581431e+00,1.351674035408028374e+01,8.203783265131026781e+01,-1.949642544287817714e+01,-7.562144291545982888e+00,-2.936766371432729628e+01,-8.102755049929401210e+00,-3.768258964150400736e+00,2.710287992711697846e+00,1.082567517470754082e+00,-1.865759743142623961e+01,-3.096275857965961364e+01,6.961653341752695567e+00,1.162448486813608284e+01,6.363431200761662154e+01,2.078578547010577893e+01,3.822092162981589780e+01,2.002000679391822047e+01,1.660013235685142519e+01,-4.665676565809433640e+01,8.976895867052617106e+00,1.010848639468242993e+01,-3.875112466453427373e+01,1.112406732216771310e+01,5.777329232969287887e+01,-1.735486674785056493e+01,-6.458046729599132618e+00,-1.511266124515168396e+00,6.312497719769309867e+01,2.319804097059987669e+01,3.298122214722134515e+01,-4.754418915260492184e+01,-1.693670962465922969e+01,3.693377822010423017e+01,-1.787998167732754595e+01,6.562496561530961969e+01,-1.820537092634467413e+01,2.307337806709256967e+01,-2.795804004830813128e+01,-3.396454774086538286e+00,3.314652186538357626e+01,-3.805287403381252176e+01,-2.682640910625518060e+01,-1.811621471776183157e+01,2.175057219440290268e+01,1.527108527195747278e+01,-1.251855361043847736e+01,2.747335084420646467e+01,1.949690712350461652e+01,-3.413361083671699703e+01,-1.194741371680940922e+01,-2.029782836491640197e+01,-5.434336901046792434e+01,-5.832910767525266493e+00,1.173587431726919661e+01,-8.848949133267666411e+00,1.000419464042124451e+00,1.841606405629560017e+00,5.721222942459131389e+01,-3.355154005282373220e+01,-1.602257583603937618e+01,-6.901881081244727767e+00,3.276249368287914621e+01,1.105702371229493508e+01,1.449149627279431662e+01,4.564052198490893630e+01,2.643759476866188729e-01,7.188293545823793984e+00,-4.524323200438357873e+01,-3.097773106609874461e+01,7.505378492897522236e+00,-6.662846808016902855e+01,1.634217596217215274e+01,-2.555154617580187093e+01,1.065620166804137980e+01,-2.305575052845559636e+00,1.781805517333271993e+01,1.006254255714534551e+01,-9.174025094987440454e+00,9.473927861555248242e+00,6.343253217619923667e+00,-4.119535074150482146e-02,-3.066232880733680588e+01,4.482005233876624573e+01,4.751335073722111169e+00
-6.092282252081573368e+00,-4.388016099476206477e+01,2.075150316961928709e+01,4.117941873372009098e+01,-2.747169205838938311e+01,-4.541389011574727164e+01,5.211966066923959318e+01,-2.130275363327759131e+00,5.928796310832169780e+01,-2.440700616749033713e+01,4.014422844804044210e+00,-1.088908889717657331e+02,1.624782279490427328e+01,-6.818184028822299680e+00,3.729762435052730751e+01,-1.567764905237949336e+01,1.468262614878750938e+01,1.139134730358643992e+02,-2.497334769084642403e+01,-8.524226815875515229e+00,-4.245108934922259891e+01,-9.822275206646546408e+00,-3.413071339686807981e+00,1.826867952740345302e-01,9.712111281554875575e+00,-2.329695672349678404e+01,-3.460706543933053325e+01,3.525683236805186027e+00,1.311839004341373993e+01,7.894167906992123562e+01,7.392023150990471692e+00,4.451183143235459738e+01,2.438838136742008444e+01,2.622197788280147179e+01,-6.257029640863682118e+01,1.397278753286569852e+01,8.628045249765186497e+00,-4.060285184837304229e+01,1.252517840716702757e+01,5.836592666125167739e+01,-2.273181753200161026e+01,-1.242686494078076187e+01,-7.686659588716381108e+00,8.851290078180794296e+01,3.254178128122351410e+01,4.528311051965287959e+01,-6.183962569905320805e+01,-2.187920246556780413e+01,5.116840232776647923e+01,-1.863674830997298315e+01,8.835066873850678348e+01,-2.564011239924130336e+01,2.170418758434178841e+01,-3.414738377138458958e+01,-3.004936279378530806e+00,3.781155452451428545e+01,-4.713189922054925063e+01,-3.185104799494094863e+01,-2.313721752283361610e+01,1.446875089259765801e+01,1.504584645252949571e+01,-2.105441488099486236e+01,4.465148830688377757e+01,3.313063396069947686e+01,-4.566872807798267786e+01,-1.912573415779646524e+01,-2.529327627774770093e+01,-7.095287605456522328e+01,-6.147353793509207520e+00,2.005829992295716835e+01,-1.170871674904643100e+01,1.059603612423734242e+00,5.617926788072050925e+00,7.203952854432058928e+01,-4.537757926357884486e+01,-2.196756589745898935e+01,-9.606166547857922566e+00,4.635332978390896130e+01,1.113424651594336012e+01,1.720087316778686670e+01,5.436470318006950464e+01,1.816836920144385914e+00,3.327805216262555987e+00,-5.760728617975266275e+01,-4.052317843654387985e+01,1.066011934011575057e+01,-7.401235282892167788e+01,1.881595503984901896e+01,-2.597239786877031520e+01,2.062899644949477107e+01,-1.289992409871765222e+00,2.208731304766818937e+01,7.060382491976251451e+00,-1.218152836559756125e+01,2.362255345892830860e+01,3.512182024638164535e+00,-1.876969119774864803e+00,-3.935064296383853133e+01,5.472997816420618733e+01,8.316331388246567258e+00
-5.592238110569068610e+00,-3.885130147680544610e+01,1.858468640028405616e+01,3.728535502037373561e+01,-2.423906967461723738e+01,-4.133262909510432337e+01,4.738164540679569825e+01,-2.291832441302220857e+00,5.327079745390948773e+01,-2.159569249950941483e+01,3.249717970830842795e+00,-9.801410200073077306e+01,1.506458280826367435e+01,-6.313875168162914164e+00,3.308469002461018960e+01,-1.457283819582500506e+01,1.301430950766959072e+01,1.029924957737833182e+02,-2.244525953621319303e+01,-7.580925543318628002e+00,-3.848798300548882168e+01,-8.789451222107267370e+00,-2.969786621589769471e+00,-6.326905344700950451e-02,9.304718802111866083e+00,-2.089694385470219373e+01,-3.075423105769189291e+01,2.795893132462698105e+00,1.166787172909885939e+01,7.077264704476017698e+01,5.313589942006554878e+00,3.969834737006583936e+01,2.183267192895204190e+01,2.391041743283341958e+01,-5.643032641379213032e+01,1.272940893899803072e+01,7.455841124023287136e+00,-3.586776906096891082e+01,1.113801638186314058e+01,5.137601976725491681e+01,-2.046533522094903645e+01,-1.145620544966029186e+01,-7.306251069699949419e+00,8.008201700886152707e+01,2.944303962941564379e+01,4.090905962023865072e+01,-5.564447578079914081e+01,-1.967710892475275131e+01,4.625545026076905941e+01,-1.645508635978317713e+01,7.970352133551463680e+01,-2.320501030295188016e+01,1.896407733579666655e+01,-3.057547189186380976e+01,-2.607678507954651170e+00,3.366249109097179115e+01,-4.224927009415316093e+01,-2.845303310447471290e+01,-2.079028741907292144e+01,1.207788219883365244e+01,1.321046807147314972e+01,-1.927016604638289010e+01,4.078562158481606303e+01,3.034087921102548790e+01,-4.118022268044101963e+01,-1.745393842974629450e+01,-2.268393325196701582e+01,-6.386312228363696875e+01,-5.433472433464578977e+00,1.837533422127947347e+01,-1.054928682210794122e+01,9.369952672895679457e-01,5.274603641444425506e+00,6.466077907974424477e+01,-4.094997569506260504e+01,-1.984361881821465801e+01,-8.686655672394437033e+00,4.196433088844415238e+01,9.797634245800976416e+00,1.536543941512275069e+01,4.857793254336470312e+01,1.735146253431014474e+00,2.584284133492118052e+00,-5.175171283405833123e+01,-3.647927361500613586e+01,9.653343541346464107e+00,-6.573617253322321119e+01,1.676477529410437128e+01,-2.287586197457318349e+01,1.902337223196058957e+01,-1.044374947363210016e+00,1.980046902186093050e+01,5.942527139935554814e+00,-1.097813667795002424e+01,2.202565286494453289e+01,2.837607230434489480e+00,-1.813120796857037753e+00,-3.537228477592289266e+01,4.900417532724814862e+01,7.628699353356843460e+00
-4.560347925625814369e+00,-3.360157567259759759e+01,1.577875490483231502e+01,3.109672605032826098e+01,-2.108124507783864487e+01,-3.418155627137080899e+01,3.925741114726807979e+01,-1.416581839009583454e+00,4.498877187013694368e+01,-1.869735063290645272e+01,3.235287227526479903e+00,-8.253596299323068308e+01,1.208266117532260076e+01,-5.074445033445544873e+00,2.852838139335714729e+01,-1.163912179240919187e+01,1.123572731718191520e+01,8.610082004938233524e+01,-1.894680130034068455e+01,-6.509705493970431078e+00,-3.202993022668321998e+01,-7.472346889351491050e+00,-2.641173966976503973e+00,2.589733098959667856e-01,7.063692733998680140e+00,-1.769698505457954241e+01,-2.644067893509584621e+01,2.872195498103732092e+00,1.001751135752989974e+01,5.998555489035450705e+01,6.312086452824910765e+00,3.393299642979116015e+01,1.854895309767674405e+01,1.971263646789274659e+01,-4.736816392482158022e+01,1.051033739949074608e+01,6.704043578420470162e+00,-3.113524810685865418e+01,9.565704240634063993e+00,4.485340704592465499e+01,-1.722783606673479895e+01,-9.275970557559531926e+00,-5.621247692691194509e+00,6.687288532161504406e+01,2.458536380673184141e+01,3.424428588617518443e+01,-4.688216212848145403e+01,-1.659257474367110063e+01,3.867924591036170767e+01,-1.429547721264343707e+01,6.687294005004881114e+01,-1.936773547261089590e+01,1.675388696107254205e+01,-2.596788966117524566e+01,-2.329036737344506669e+00,2.885695814598474840e+01,-3.581702245524652994e+01,-2.425669573627808262e+01,-1.755626018414874423e+01,1.146729428118850258e+01,1.158024598497032187e+01,-1.578988699279906527e+01,3.352999348755388809e+01,2.483705445222579300e+01,-3.457675747193355420e+01,-1.437044605785968088e+01,-1.921538582335421808e+01,-5.378142317710437226e+01,-4.712341423768066306e+00,1.503391814546930938e+01,-8.869494216503106543e+00,8.120205400172246790e-01,4.142939093855934729e+00,5.470056783622740681e+01,-3.433923661006674166e+01,-1.661352575868432524e+01,-7.260001656891811095e+00,3.500681808063360734e+01,8.558194182667529404e+00,1.309980507355006729e+01,4.139541020697672735e+01,1.324299414763993044e+00,2.739936221838099151e+00,-4.371819644180252595e+01,-3.071330026665418700e+01,8.049334114350035208e+00,-5.656654273512388187e+01,1.435278677675840697e+01,-1.995206194490879170e+01,1.539539279410527683e+01,-1.039565933032721157e+00,1.678416519909323767e+01,5.569908479911358512e+00,-9.226142609278619844e+00,1.750156173135984261e+01,2.833455884378197176e+00,-1.357257083078791116e+00,-2.985184729146485694e+01,4.162070508278667802e+01,6.227817041124988684e+00
-3.973408607740205767e+00,-1.995632615761726569e+01,1.072064785277194865e+01,2.373695193275029780e+01,-1.198257778317978861e+01,-2.747197477063616589e+01,3.119999146532889256e+01,-3.431139471505256555e+00,3.168255287757477490e+01,-1.101413764284918884e+01,-2.320483480000490317e-02,-5.924931193820956565e+01,1.150943666850550962e+01,-4.782576535066533907e+00,1.733613653754029116e+01,-1.132954206883175985e+01,6.764792656637686363e+00,6.475891063526873381e+01,-1.338462989415959292e+01,-4.080752832488538928e+00,-2.478079384396239959e+01,-5.030638170971418077e+00,-1.235830657204037175e+00,-1.282633936323797741e+00,8.699867819826172521e+00,-1.223350130817803461e+01,-1.642658193362014885e+01,-3.735240411699338736e-01,6.287243010869936199e+00,4.123108388684794789e+01,-4.111199742146165903e+00,2.199016522588307510e+01,1.254406208335201356e+01,1.613519124219762091e+01,-3.471309243275769774e+01,8.527313973566926109e+00,2.810891976705143236e+00,-1.796925630348212621e+01,5.989364181965997069e+00,2.471797415660546449e+01,-1.239382774746888849e+01,-8.404164582484506596e+00,-6.533634070215614820e+00,5.065221391246707583e+01,1.862759887914293699e+01,2.554448828492234469e+01,-3.353764856308415432e+01,-1.180380678383773763e+01,2.904394571640619915e+01,-8.197807460357072529e+00,4.915300969051605051e+01,-1.471601694201296340e+01,8.337067822094857306e+00,-1.760279528867650711e+01,-1.045679713073722761e+00,1.831499816111585233e+01,-2.458453429605992824e+01,-1.601661155167897732e+01,-1.237192044030334692e+01,2.133341765026397496e+00,6.168673555257651486e+00,-1.339104291434258798e+01,2.790223633405531700e+01,2.118034188213368196e+01,-2.529342559878966057e+01,-1.185487266711681364e+01,-1.325950084260143491e+01,-3.859155478593166322e+01,-2.738909539999579756e+00,1.285986924754048388e+01,-6.432319528469808922e+00,4.747787615979649489e-01,4.378920185250250618e+00,3.808758772839195217e+01,-2.532813229721732995e+01,-1.237975466458302520e+01,-5.469770474412556815e+00,2.668490651361360477e+01,4.696088673644388756e+00,8.647404714620439137e+00,2.741735355298476406e+01,1.594216855785307807e+00,-6.844940017565006585e-01,-3.072992018236631040e+01,-2.207259899628240163e+01,6.152560082668469654e+00,-3.491024007273565388e+01,9.195901866376141598e+00,-1.108379786929406308e+01,1.398579053693945262e+01,6.774571387399674904e-03,1.152883013761876896e+01,1.337369018347587257e+00,-6.709406438972608022e+00,1.748242030094591470e+01,-5.393470290058832717e-02,-1.771682137009821467e+00,-2.112158027627079804e+01,2.820758758940356259e+01,5.393341531217904716e+00
-6.135043609469470915e+00,-4.519868833986030410e+01,2.122537692464251435e+01,4.183247164655627159e+01,-2.835681999136144071e+01,-4.598312433612782968e+01,5.281126545589930288e+01,-1.907042048679458368e+00,6.051898009167741321e+01,-2.515042501874375347e+01,4.350739727006762259e+00,-1.110282036680287376e+02,1.625541052585177937e+01,-6.826875060079266255e+00,3.837478682614971603e+01,-1.565883963427094372e+01,1.511363586518842439e+01,1.158254473655783698e+02,-2.548729745116393275e+01,-8.756567222641130854e+00,-4.308805058935119092e+01,-1.005167666689314743e+01,-3.552539356311663177e+00,3.474963555588743702e-01,9.504317789110260151e+00,-2.380588045494640426e+01,-3.556674045351764590e+01,3.862251539459091276e+00,1.347511665790021773e+01,8.069207580679110947e+01,8.485919933578102814e+00,4.564559153465771857e+01,2.495177659340154364e+01,2.651882108329265009e+01,-6.372055198994686975e+01,1.413919783122411999e+01,9.017150968368161656e+00,-4.188083044282260659e+01,1.286735700281891148e+01,6.033278419474748944e+01,-2.317507345498036031e+01,-1.247917089737360996e+01,-7.563250896917687705e+00,8.995965567599149892e+01,3.307306209331693481e+01,4.606633069195660113e+01,-6.306628381713547782e+01,-2.232043353272170805e+01,5.203247192049920500e+01,-1.922918605448831286e+01,8.995883382551913598e+01,-2.605415704555797873e+01,2.253529255527963571e+01,-3.493164483644900287e+01,-3.132669490126463785e+00,3.881723533752173694e+01,-4.818074397030528644e+01,-3.262951593954414165e+01,-2.361671896374567936e+01,1.542227649148032498e+01,1.557658205687080155e+01,-2.124194212764010103e+01,4.510717191193766240e+01,3.341305566138181860e+01,-4.651328228977583024e+01,-1.933218705207596599e+01,-2.584841014312356222e+01,-7.234729929104757673e+01,-6.338704270660772799e+00,2.022501213903042583e+01,-1.193137138897131067e+01,1.092273570022624707e+00,5.573962245782819735e+00,7.358304677974876995e+01,-4.619388941906076695e+01,-2.234895206829466474e+01,-9.766381066726189886e+00,4.709245083772447060e+01,1.151170392172589807e+01,1.762153712277891415e+01,5.568414719101752297e+01,1.781845213795380189e+00,3.684206008342078675e+00,-5.880976509416201736e+01,-4.131585375503550495e+01,1.082826837004137666e+01,-7.609047705432531927e+01,1.930685102567593603e+01,-2.683777886625739484e+01,2.071178896011048209e+01,-1.397984723698243670e+00,2.257791654525670566e+01,7.491107248940583219e+00,-1.241115095787952072e+01,2.354621392173070760e+01,3.810346118545384186e+00,-1.826272064917968008e+00,-4.015681992355347063e+01,5.598759150753090097e+01,8.378272904061001114e+00
-5.863270863636027563e+00,-6.353526947744431652e+01,2.689113999404560218e+01,4.730584831663778544e+01,-4.103453912928475233e+01,-4.898743608064188493e+01,5.702871115040252903e+01,2.971344069617332551e+00,7.423895687133864385e+01,-3.555097977365940665e+01,1.035987040045440821e+01,-1.337442142538899645e+02,1.339273103695965617e+01,-5.736182445334607749e+00,5.308566583855126453e+01,-1.237184551655669651e+01,2.104476634839263838e+01,1.330840399391582309e+02,-3.117445079820793907e+01,-1.184072216793660282e+01,-4.800228654279965212e+01,-1.283593533535439590e+01,-5.720048761165835494e+00,3.623379459888101728e+00,3.529062878284527027e+00,-2.970318156670842669e+01,-4.841745952288412980e+01,9.967125305513867772e+00,1.820472927891269421e+01,1.011954017878627212e+02,2.908235824041198470e+01,6.015437208624633314e+01,3.174046768204402014e+01,2.761423296645124736e+01,-7.520954721712746505e+01,1.488823995092127106e+01,1.523027597190245075e+01,-6.001125280073014778e+01,1.741488992035354855e+01,8.900135940451342265e+01,-2.785847368576976280e+01,-1.122358774797995551e+01,-3.658508585363589471e+00,1.025889991790535021e+02,3.770381424688354599e+01,5.339227817952261290e+01,-7.622521939900474308e+01,-2.712138687741853715e+01,5.988995980445337608e+01,-2.766843612393521568e+01,1.058597982812605522e+02,-2.961123898203779703e+01,3.519835551268960216e+01,-4.434491954635149114e+01,-5.140251361344584602e+00,5.199721721687500064e+01,-6.049801599664407092e+01,-4.235257462179251320e+01,-2.895279000998989360e+01,3.188650690959040190e+01,2.344305340853403052e+01,-2.110094840193920263e+01,4.597258297504132685e+01,3.293682949268708171e+01,-5.499941114719203483e+01,-1.992916667286082344e+01,-3.230327402717217922e+01,-8.718425491667099436e+01,-9.040749231568861788e+00,1.985084717302502355e+01,-1.423007589506232762e+01,1.551739677022742736e+00,3.648543580167161515e+00,9.121255202527792960e+01,-5.416683535859028353e+01,-2.593167448719807666e+01,-1.120129740583900180e+01,5.333418152558257219e+01,1.702583370705995591e+01,2.287759554859695754e+01,7.209355209911541351e+01,7.419801773988752291e-01,1.022408486481820589e+01,-7.226850503265553982e+01,-4.971497033816850575e+01,1.222695045429944649e+01,-1.040901022106728107e+02,2.567363648622801620e+01,-3.939715022158687674e+01,1.854640622390939342e+01,-3.327357547989873598e+00,2.833177199313714212e+01,1.483095200884726594e+01,-1.476205094947229313e+01,1.762956051222925424e+01,9.146473731821462394e+00,-4.598462193800080255e-01,-4.904466677072475278e+01,7.108750063991065815e+01,8.078975046515402880e+00
-3.413265815661132851e+00,-3.518973645631727010e+01,1.507087043525438830e+01,2.689150958246200673e+01,-2.265694949403643932e+01,-2.807233041041930477e+01,3.261960470523400346e+01,1.306211517143294198e+00,4.176873348215361403e+01,-1.967846475960326558e+01,5.483003550073378918e+00,-7.541686928106264531e+01,7.985789134268479472e+00,-3.408925319381483021e+00,2.945360071678862113e+01,-7.431309769461961423e+00,1.166791593318456144e+01,7.549593603032595013e+01,-1.754580275269251644e+01,-6.586247832955891113e+00,-2.734142226530121889e+01,-7.187031714275844863e+00,-3.124488743889892284e+00,1.818545867081455825e+00,2.545132754440956990e+00,-1.667732696870887210e+01,-2.691136755854519080e+01,5.247822483287422735e+00,1.012717220202435087e+01,5.678300134261670706e+01,1.507722079794807790e+01,3.355800234795581360e+01,1.778008186176652572e+01,1.587488385740460473e+01,-4.251833167279679770e+01,8.545579951341593983e+00,8.281993374502551575e+00,-3.316945171539032344e+01,9.685837434968037840e+00,4.904260523205986999e+01,-1.571315790827671854e+01,-6.595829783673936575e+00,-2.445157570477776598e+00,5.825366390907412750e+01,2.141047364108095508e+01,3.025444280343100090e+01,-4.296462162065019896e+01,-1.527702662615957330e+01,3.396671582755147512e+01,-1.528614581595186550e+01,5.986869714470189052e+01,-1.682176036283057741e+01,1.928353107624388585e+01,-2.484674513654555383e+01,-2.802736092041869576e+00,2.895348908452230674e+01,-3.394174843774808892e+01,-2.366855497904399641e+01,-1.629081581367242038e+01,1.704756805972334632e+01,1.289126595648290419e+01,-1.221310432441039318e+01,2.650965111370893723e+01,1.908527024989318477e+01,-3.108577477202279127e+01,-1.147323400643840152e+01,-1.813370015734346907e+01,-4.915977942798479461e+01,-4.999483348391017046e+00,1.150994631264076595e+01,-8.034163443283695472e+00,8.584670860007296289e-01,2.272270519036738712e+00,5.125327124698785042e+01,-3.064768535589193021e+01,-1.469196115743072539e+01,-6.355767435740106386e+00,3.031239586169777311e+01,9.379258501434540207e+00,1.278471257424172158e+01,4.030111333241615057e+01,5.168365522425539815e-01,5.359674356129348283e+00,-4.065141693353657359e+01,-2.803749996318915549e+01,6.951890157914939472e+00,-5.782385066995888678e+01,1.430768238611005216e+01,-2.172015499843096009e+01,1.090692173425716049e+01,-1.761070280631982676e+00,1.589644882881492904e+01,7.955957280525465691e+00,-8.337360183497306565e+00,1.069351416901294805e+01,4.838206589283219117e+00,-3.812715526706482727e-01,-2.760864425652567178e+01,3.982995209128961989e+01,4.696776336333305935e+00
-5.786722911210570253e+00,-5.375367748998835538e+01,2.363243245690660288e+01,4.346349999597540403e+01,-3.436582894040540737e+01,-4.612896114581268137e+01,5.339815921602819060e+01,8.225183624520449044e-01,6.605090293616798647e+01,-3.001866975950404282e+01,7.494874076664843621e+00,-1.198348701711045265e+02,1.416094118494967091e+01,-6.008251171627801313e+00,4.516939953289340082e+01,-1.335177736919660063e+01,1.786475111141043115e+01,1.214918554964030477e+02,-2.776730905401124616e+01,-1.015791323685455971e+01,-4.437246992416228863e+01,-1.124688051323835580e+01,-4.622076534040192364e+00,2.127422383228330993e+00,5.927677215539192801e+00,-2.625553576828699676e+01,-4.143563750872814921e+01,7.074639738840323488e+00,1.562258669934619881e+01,8.927640061758324919e+01,1.947171459486875378e+01,5.209300823594951879e+01,2.785153713170925727e+01,2.625450939716079191e+01,-6.792836203158600483e+01,1.408849163461989562e+01,1.212092091588789700e+01,-5.043110047660183426e+01,1.493505132538723323e+01,7.404459506048223716e+01,-2.498150811773716029e+01,-1.138638411048139787e+01,-5.181945687190633976e+00,9.393683080443921085e+01,3.452849576122732600e+01,4.857250993145214579e+01,-6.820850842863740127e+01,-2.421896715401107869e+01,5.463507684030530243e+01,-2.321775467970101303e+01,9.572494340084405451e+01,-2.715100192388966249e+01,2.872579812785227205e+01,-3.894163722892735535e+01,-4.128427203346904051e+00,4.476035713747258171e+01,-5.334732576797296133e+01,-3.688383896257882100e+01,-2.576565404056806585e+01,2.392279633075479239e+01,1.937086255096960130e+01,-2.047334978211750212e+01,4.411198263954317156e+01,3.206494849267618008e+01,-4.963929371153410131e+01,-1.902928426520458061e+01,-2.853644698248895040e+01,-7.810492906872718777e+01,-7.609823934777714349e+00,1.936202733976605472e+01,-1.279988592363747557e+01,1.307950353615543682e+00,4.339700470977666313e+00,8.082740239777518809e+01,-4.904969204478525313e+01,-2.358043409675362412e+01,-1.023305791122049158e+01,4.897238147650020323e+01,1.415206021279591830e+01,1.992188525700910162e+01,6.284402758571747682e+01,1.155246532305478357e+00,7.140249032847645339e+00,-6.425448557628519097e+01,-4.456348126599466042e+01,1.124056443560331608e+01,-8.892354242136332232e+01,2.215967701980117610e+01,-3.283152574293018944e+01,1.885352805733161929e+01,-2.407447980970275125e+00,2.498911082174451792e+01,1.126064043966667327e+01,-1.329258729036066988e+01,1.954450481379335613e+01,6.604077060907988184e+00,-1.019665149298407014e+00,-4.370941345641293907e+01,6.242156732687284659e+01,7.941876839604530502e+00
-2.267387931431644965e+00,-9.653180496694535151e+00,5.554205687800559232e+00,1.292038642743347943e+01,-5.649316417891951936e+00,-1.524664745809696953e+01,1.724473767961082515e+01,-2.366822004542964208e+00,1.668050944192627227e+01,-5.303020275738880684e+00,-5.422015875556489561e-01,-3.145310692731036539e+01,6.750493504492396823e+00,-2.796364129221343031e+00,8.493014451107709917e+00,-6.686282356022542395e+00,3.297292715750370640e+00,3.504444804030352856e+01,-7.056454844173635443e+00,-2.032509360698824707e+00,-1.355899043975264462e+01,-2.595237498678129029e+00,-5.069247189149737043e-01,-1.012637569633571211e+00,5.438220068949749297e+00,-6.388003413554262266e+00,-8.143249203534839609e+00,-7.484282740913661414e-01,3.133452328626454175e+00,2.147451404025987998e+01,-4.134759770190326478e+00,1.113855804718862430e+01,6.484865398589078289e+00,9.013771242545320916e+00,-1.858804336671043345e+01,4.748723428727823048e+00,1.040019293978950543e+00,-8.549396969090478748e+00,2.981296531114690396e+00,1.143196848944338306e+01,-6.585409744019461442e+00,-4.855696890924567022e+00,-4.032818048915947529e+00,2.748715344917264147e+01,1.010974556150300607e+01,1.377783666650741878e+01,-1.777732937825588166e+01,-6.241922742849461692e+00,1.570689201614063002e+01,-3.885560692273983374e+00,2.635261164957180213e+01,-7.995731392991826780e+00,3.592285871681640153e+00,-9.110025138267316080e+00,-4.136435551891136653e-01,9.180491882036092122e+00,-1.279634663670807804e+01,-8.187160784576832384e+00,-6.515573276313546103e+00,-2.451404396322125478e-01,2.790307665875467080e+00,-7.573239990399948773e+00,1.567790963319528430e+01,1.200073637801049387e+01,-1.353392897120295224e+01,-6.640912387354397595e+00,-6.918208341965265795e+00,-2.048310797144487339e+01,-1.308524826415671249e+00,7.293860271846423160e+00,-3.429404905355026845e+00,2.276130293145856576e-01,2.641949476320848866e+00,1.995267701020568651e+01,-1.359871039626175104e+01,-6.674377731249155232e+00,-2.961988198437857100e+00,1.451720199722646676e+01,2.165981561244262998e+00,4.419689231569510213e+00,1.403549833085711107e+01,9.916831209028286187e-01,-9.623094427083946911e-01,-1.616563747176869015e+01,-1.172305325124276187e+01,3.350693989962620467e+00,-1.724560717907716167e+01,4.631581935080582468e+00,-5.152269423534623805e+00,8.087291304585757956e+00,1.737049620822572749e-01,6.002763585372057342e+00,1.088346387638994273e-01,-3.581257422582738492e+00,1.039184859563044583e+01,-5.002947834455588882e-01,-1.120636684805466299e+00,-1.114305848612954541e+01,1.459697897315080439e+01,3.071531368306795073e+00
-4.860881653076290831e+00,-1.570655034494285829e+01,1.028709091211899995e+01,2.590218975301921489e+01,-8.693803116300779621e+00,-3.144973872266383097e+01,3.536158407029698481e+01,-6.249775514310617730e+00,3.173770510138292877e+01,-8.544723981119135559e+00,-2.683416057230418872e+00,-6.065249722548745837e+01,1.499735170323318023e+01,-6.188240776148228761e+00,1.418271313360159347e+01,-1.497024047515716916e+01,5.449983498551485894e+00,6.963803638641404348e+01,-1.345610026169253359e+01,-3.505807530087216684e+00,-2.739473504341682286e+01,-4.771678070555630313e+00,-5.165712814621792326e-01,-2.978115762010671297e+00,1.302078558095289651e+01,-1.198978570544293554e+01,-1.391959705594595498e+01,-3.143704125881412459e+00,5.411216941042887640e+00,4.013239829382463597e+01,-1.400775098232320914e+01,1.982486692698117281e+01,1.196637445227972307e+01,1.876717886695983850e+01,-3.633949693993034913e+01,9.843110413535082870e+00,6.078597320356307065e-01,-1.342683991317407255e+01,5.136280312009916749e+00,1.682157485164358590e+01,-1.271755752178685839e+01,-1.058212013484569525e+01,-9.521137450751936626e+00,5.485288053353935567e+01,2.017849157745872191e+01,2.724006403812185084e+01,-3.419901722049432635e+01,-1.196163644794987313e+01,3.118043933089017372e+01,-6.051287697264439380e+00,5.161825306935201496e+01,-1.598599413676919667e+01,4.350732437903859662e+00,-1.684214164297753769e+01,-3.603773210299112684e-01,1.602719569601315541e+01,-2.388880791999717701e+01,-1.481271791126738790e+01,-1.240297210365062597e+01,-4.731008804523231248e+00,3.883416953239445135e+00,-1.603949605369394860e+01,3.290837961626236563e+01,2.548125668745210248e+01,-2.642777385357653586e+01,-1.388050675015345981e+01,-1.296751673161778129e+01,-3.948735812506058096e+01,-2.073694317230729833e+00,1.550878945001631060e+01,-6.658648931268005278e+00,3.634096405398093421e-01,6.075534829934623460e+00,3.765189783668206758e+01,-2.669598399298482860e+01,-1.318721012960607197e+01,-5.891958272819138642e+00,2.907989381180665589e+01,3.166054764188006132e+00,7.994521915130553325e+00,2.546020015661441604e+01,2.361666901502670335e+00,-3.706980166734232363e+00,-3.071654888916607362e+01,-2.262338108761422717e+01,6.722625112312183404e+00,-2.927786088723267000e+01,8.158062617165715125e+00,-7.673750298899820521e+00,1.764378099859195004e+01,8.607674604954311803e-01,1.121242080904828420e+01,-1.648189663713981012e+00,-6.966180420119076899e+00,2.347356695994101372e+01,-2.422647535905055882e+00,-2.717728361623476196e+00,-2.127270327401251748e+01,2.698177835941793390e+01,6.567203388591190460e+00
-5.892644076775066075e+00,-7.126854785460949415e+01,2.943423212339118322e+01,5.021387797532444353e+01,-4.632002968740057725e+01,-5.107076816911941819e+01,5.970487833483357321e+01,4.733959738147030194e+00,8.059019018767416753e+01,-3.992702288947906908e+01,1.267280281142619813e+01,-1.444889887016401246e+02,1.267869347909923761e+01,-5.477535827138183322e+00,5.933455486315899918e+01,-1.148836525351218718e+01,2.355661103867138451e+01,1.419133542699675843e+02,-3.381562943296409429e+01,-1.316585959403709261e+01,-5.073023504142257423e+01,-1.407764036986441525e+01,-6.596293914161566185e+00,4.841442792541645446e+00,1.521819440757063990e+00,-3.238644891906450596e+01,-5.391944776228800862e+01,1.230510645630577926e+01,2.023784290220684667e+01,1.104805019971247333e+02,3.687400948302762060e+01,6.648241713030841993e+01,3.477742437140980059e+01,2.858020917772694247e+01,-8.080399222976794249e+01,1.546425451549444929e+01,1.771734113357698348e+01,-6.759813348825662160e+01,1.936784997589674973e+01,1.008733993688661172e+02,-3.007975632230016672e+01,-1.102360137614949309e+01,-2.375418795809451922e+00,1.091601093852824533e+02,4.011507767407758962e+01,5.707457360233586030e+01,-8.242300169838371460e+01,-2.936803119848564947e+01,6.389494532244619052e+01,-3.119432281789596573e+01,1.136400262877118763e+02,-3.147717421507007174e+01,4.035524753463960224e+01,-4.856304865591987152e+01,-5.948505704384436044e+00,5.768967490943806098e+01,-6.606976004725569851e+01,-4.663648220145004331e+01,-3.142463371858240251e+01,3.829773606719180634e+01,2.667996281732565222e+01,-2.149831297539573782e+01,4.724687902284789942e+01,3.346783518004205860e+01,-5.911994714467589773e+01,-2.055886370939624186e+01,-3.523582639751992218e+01,-9.419858838975621040e+01,-1.017350404655121388e+01,2.014051769219295096e+01,-1.533210221444530852e+01,1.744662695262430896e+00,3.054885201219159185e+00,9.928511217656939891e+01,-5.809094945802826260e+01,-2.772868492240472804e+01,-1.193827180277449429e+01,5.663748135907547265e+01,1.930734621223163927e+01,2.519301162006541617e+01,7.933644840093141681e+01,3.953671689798451405e-01,1.271906906983477903e+01,-7.848702317468328715e+01,-5.369337197881647228e+01,1.297300252277128507e+01,-1.160483379604500271e+02,2.843521904894686259e+01,-4.460675898436343800e+01,1.818437332696986530e+01,-4.070001728374484706e+00,3.093604091313337889e+01,1.770214288580765682e+01,-1.589351982726430634e+01,1.594109771049997448e+01,1.119924113891092610e+01,6.518023482298351823e-03,-5.317916993856528762e+01,7.785285047831371230e+01,8.145641541691551524e+00
-1.770384710220352042e+00,6.252280628967792353e-01,1.685587798556840156e+00,7.147983884667409527e+00,1.181003313031321333e+00,-9.881443024094540561e+00,1.083330753427462589e+01,-3.771936283754745212e+00,6.442128051554957047e+00,4.805069647292694590e-01,-2.912312854861642375e+00,-1.346834020358755879e+01,6.130684138493213808e+00,-2.499764554002529504e+00,4.530935196339580529e-02,-6.261441624741161505e+00,-7.446168168948785748e-02,1.837738306784972409e+01,-2.774196307750593338e+00,-1.935686109641044927e-01,-7.848683417174862065e+00,-7.302800281506782731e-01,5.372235001027255707e-01,-2.111541511562268436e+00,6.475230762605423962e+00,-2.197821844667724012e+00,-5.686609909983628697e-01,-3.103075094829494951e+00,3.089395527253051554e-01,7.104340734640648414e+00,-1.164515677964617701e+01,2.062805751818397315e+00,1.895343471214787634e+00,6.126916575356133876e+00,-8.769967628857568087e+00,3.155844052890619533e+00,-1.841736694793378426e+00,1.345344603234641667e+00,2.740136075216177414e-01,-3.651882486701540032e+00,-2.850340279234508056e+00,-4.073386881771409840e+00,-4.581448422368766593e+00,1.479429510259356206e+01,5.447316504469709386e+00,6.998732062815520294e+00,-7.478402601929229121e+00,-2.550161252510353638e+00,8.185558861073111814e+00,6.948765652235984192e-01,1.259547325101656234e+01,-4.352359333826429477e+00,-2.677762933470887674e+00,-2.714345038688747991e+00,5.384104433759092645e-01,1.188615097014003918e+00,-4.191649405336987932e+00,-1.910372624137089081e+00,-2.526027234209533123e+00,-7.073085935677438485e+00,-1.255247710723090382e+00,-5.592157204953872807e+00,1.109214037244218076e+01,8.967320821256640428e+00,-6.334732748026276283e+00,-4.601977262011851089e+00,-2.351731900923824892e+00,-8.752655191613104790e+00,1.753860983924542261e-01,5.485672904081900114e+00,-1.543048509288479808e+00,-2.609248633827290775e-02,2.736467513563431986e+00,7.195804614009694511e+00,-6.596945453261306547e+00,-3.376222763221330858e+00,-1.563236632509888313e+00,7.992911699611433107e+00,-7.264055529039792347e-01,1.028247047751329690e+00,3.383513899395105717e+00,1.159955509087564840e+00,-3.441487247269485739e+00,-6.175341441084428951e+00,-5.048114730888475954e+00,1.862402938430970156e+00,-8.757527816248327213e-01,7.179699142332194306e-01,1.494597938712898255e+00,6.815392621552943453e+00,9.347877660409129597e-01,1.976424272882492117e+00,-2.993859373615332053e+00,-1.632138625878294835e+00,1.006988612818408413e+01,-2.599892012993113788e+00,-1.390909996823507244e+00,-4.419718577121720671e+00,4.342058297727156457e+00,2.369429085948870473e+00
-4.173067020355531120e+00,-3.427610117558405278e+01,1.558468528218756255e+01,2.972677795013658297e+01,-2.170800440997163605e+01,-3.215322959397577307e+01,3.706093151712187961e+01,-4.647012440730291516e-01,4.401315806132292607e+01,-1.910690955680430037e+01,4.036346703315855322e+00,-8.032034010918366107e+01,1.068489237927475877e+01,-4.506766720537829229e+00,2.895236815794443430e+01,-1.020083160203478201e+01,1.142653565160058093e+01,8.267264421252713191e+01,-1.852015016563322902e+01,-6.559161754945950662e+00,-3.049338747281070994e+01,-7.397982417964884760e+00,-2.820163751929352536e+00,8.079046607710176353e-01,5.500349619245580968e+00,-1.740000576135557964e+01,-2.669770868749694159e+01,3.716944499336508834e+00,1.009076170750656765e+01,5.906805636370404500e+01,9.414029580938002795e+00,3.391881773742800021e+01,1.834305279887018969e+01,1.843236380974330046e+01,-4.582808620639043795e+01,9.856344927066178485e+00,7.281767978549190445e+00,-3.195796606503709469e+01,9.641068844689023365e+00,4.648093027547842837e+01,-1.675528086434737673e+01,-8.366314666533609667e+00,-4.524649790349395850e+00,6.407583733883838306e+01,2.355490740601701916e+01,3.296092782301991519e+01,-4.566800754931037432e+01,-1.618779236090149354e+01,3.715730487734744969e+01,-1.469313895920608815e+01,6.464339579390751567e+01,-1.854019825103093666e+01,1.770086436694808540e+01,-2.566391071351695885e+01,-2.503565955890587613e+00,2.899088244357863431e+01,-3.528217437193943340e+01,-2.413408422724267055e+01,-1.717242389712992434e+01,1.346794251872877624e+01,1.208106963030004977e+01,-1.458772496208859870e+01,3.117924243674877260e+01,2.290194957398799147e+01,-3.346985114985489673e+01,-1.340216613009332924e+01,-1.890187202826780677e+01,-5.234375595717222041e+01,-4.829573654779069969e+00,1.384769404752314514e+01,-8.606696024834318948e+00,8.311559028628880963e-01,3.499943341177772282e+00,5.367875155430106560e+01,-3.316102736220405234e+01,-1.599586175532824583e+01,-6.967413119437239288e+00,3.347851341290606797e+01,8.876374512947686313e+00,1.303447871384561729e+01,4.115432934728215741e+01,1.045146258245730042e+00,3.670007552025826847e+00,-4.279203465327893952e+01,-2.987946033560102777e+01,7.691587084033398192e+00,-5.720439124956591570e+01,1.438667644117833788e+01,-2.064251348903152916e+01,1.387149629883741753e+01,-1.296705199665649566e+00,1.653038686963964921e+01,6.427668588249941806e+00,-8.945797463156681673e+00,1.516986481879186677e+01,3.547744688653729384e+00,-1.018999265985961689e+00,-2.916703671324414415e+01,4.113567026072188781e+01,5.711391651518835211e+00
-6.008448233318500087e+00,-7.172238383391787409e+01,2.970517815017316821e+01,5.085965475905940991e+01,-4.658171405615456706e+01,-5.183975909900786405e+01,6.057299908423897250e+01,4.603840209820727836e+00,8.141052629731325396e+01,-4.017568190887061519e+01,1.263316076785598696e+01,-1.460421730359402090e+02,1.302759529033341224e+01,-5.621875660330426072e+00,5.973670518043621769e+01,-1.183485604496537213e+01,2.371229825788602597e+01,1.436600679848207278e+02,-3.416289607110005733e+01,-1.326297765039166343e+01,-5.140959795243983166e+01,-1.420396639702891761e+01,-6.617704916290794159e+00,4.783381898930086251e+00,1.810271978545658467e+00,-3.269931379454319398e+01,-5.430755806542990882e+01,1.225478884548540393e+01,2.038761710491213108e+01,1.115308942151771419e+02,3.662242201965268862e+01,6.701945426715253973e+01,3.509342102216504600e+01,2.903620275232441728e+01,-8.172577876317330947e+01,1.570413985496801246e+01,1.775771779641717174e+01,-6.799627544891822595e+01,1.951025570696640798e+01,1.013968854102685100e+02,-3.040509627723293917e+01,-1.127295445821135544e+01,-2.588268304953335264e+00,1.105319706018195376e+02,4.061967551994521131e+01,5.776021273431715741e+01,-8.330022017939410262e+01,-2.967567440700703685e+01,6.467757526835923443e+01,-3.137487120734063950e+01,1.149476384389996468e+02,-3.187646912690355450e+01,4.051239663245286238e+01,-4.900721336772458159e+01,-5.965496467213254661e+00,5.812984928909484239e+01,-6.669547298536970459e+01,-4.703311231290735606e+01,-3.174511159698096208e+01,3.825217619621487586e+01,2.680598784816951152e+01,-2.188356582846314069e+01,4.804209215542510947e+01,3.407882424439838331e+01,-5.979085539450387898e+01,-2.089524011238769674e+01,-3.557452221295343975e+01,-9.520997593184880259e+01,-1.023458807284334959e+01,2.051203762983765344e+01,-1.550180748058695102e+01,1.755309232723568424e+00,3.193053779038831586e+00,1.002639224275997520e+02,-5.876618240419760042e+01,-2.806076010950948785e+01,-1.208595345031892521e+01,5.736288418466251215e+01,1.940636396864832491e+01,2.540711058187100946e+01,8.001692438318444545e+01,4.478677340730606304e-01,1.265700476100229110e+01,-7.928171204686410078e+01,-5.427240317048449469e+01,1.314051603846157334e+01,-1.168686926688366441e+02,2.865785618400872181e+01,-4.484341495463291949e+01,1.859982658373755271e+01,-4.057293116065867622e+00,3.122961132280474317e+01,1.769291968584839836e+01,-1.607083925973299898e+01,1.648123951845319013e+01,1.116308230204625218e+01,-5.319411727856704353e-02,-5.372773582716802565e+01,7.856450065474135158e+01,8.302377939506921933e+00
-4.046619642757857349e+00,-5.219568684199705899e+01,2.127004317508529496e+01,3.565518706937061211e+01,-3.403826075624660064e+01,-3.587804061084548835e+01,4.204976285783953927e+01,4.017868488583888009e+00,5.796707702754069658e+01,-2.926099804111803593e+01,9.694911123550836507e+00,-1.036450849092910431e+02,8.363983395795619558e+00,-3.635444388303582741e+00,4.337191554696241269e+01,-7.474445372125720688e+00,1.723288057951273089e+01,1.010372374839785437e+02,-2.431247986376160242e+01,-9.596781868713796015e+00,-3.592922693774748666e+01,-1.018412359175897919e+01,-4.901775003022435406e+00,3.851283880609361443e+00,1.564859756115919431e-01,-2.335273133619871544e+01,-3.933573679249745680e+01,9.454260617541629941e+00,1.474996812035321980e+01,7.972165862725525187e+01,2.867749034596472413e+01,4.829971941636900823e+01,2.514539985928679755e+01,1.998989999541977980e+01,-5.777966977351369593e+01,1.083971232448599231e+01,1.322482283631550892e+01,-4.961862985159894635e+01,1.411908625763151193e+01,7.428624852159457248e+01,-2.156999594747792770e+01,-7.457738397586153312e+00,-1.060164157563134868e+00,7.762088713001563178e+01,2.852321547843839511e+01,4.069297665601046532e+01,-5.915400807155402418e+01,-2.109398697571429793e+01,4.550400873967978299e+01,-2.290830414533862935e+01,8.122075212709057723e+01,-2.236984820926336681e+01,2.989850021726073948e+01,-3.510293477191450506e+01,-4.428361988055768528e+00,4.200055479410045223e+01,-4.768369980123791407e+01,-3.381316056069265130e+01,-2.260110180293296978e+01,2.904327119768996113e+01,1.969066408385393885e+01,-1.489139093694055838e+01,3.290368818957043118e+01,2.314377333441118267e+01,-4.228636078974950152e+01,-1.435077761762518200e+01,-2.541314316624692538e+01,-6.757481494624194340e+01,-7.463593105159172403e+00,1.391444994118234391e+01,-1.098123340064088183e+01,1.279349462217173272e+00,1.829330619812368219e+00,7.152337156393949158e+01,-4.149535922672944110e+01,-1.977351417896570496e+01,-8.497073888518499984e+00,4.022663049484480524e+01,1.422256871055150285e+01,1.826640926107926077e+01,5.750210164667935686e+01,1.177750010091394017e-01,9.806870387125597333e+00,-5.646887517856288241e+01,-3.850904708979094693e+01,9.209376953011384259e+00,-8.471189589731783087e+01,2.068255226897598220e+01,-3.283201765693841878e+01,1.228800367131494653e+01,-3.113542507049615882e+00,2.232504996335635639e+01,1.338382709939407889e+01,-1.137852291238715274e+01,1.016743956795769677e+01,8.571482049221984312e+00,2.101385970504415779e-01,-3.822590684846407072e+01,5.627593251892389503e+01,5.605301119842165392e+00
-5.910741600029039589e+00,-4.837536343244594406e+01,2.201786873657316690e+01,4.204261899207527620e+01,-3.062848332301194532e+01,-4.549893143497290282e+01,5.243729132510177493e+01,-6.990709434336137562e-01,6.220052301133762285e+01,-2.696490986036885218e+01,5.664221072043696736e+00,-1.135303347533171063e+02,1.515237095090851582e+01,-6.390114472267026002e+00,4.086830118906435416e+01,-1.447058864575432047e+01,1.612830196552518913e+01,1.169068553555221399e+02,-2.617387606403298150e+01,-9.260813044952779904e+00,-4.313273886651037969e+01,-1.045098801027706514e+01,-3.974667217523651708e+00,1.116260556828593931e+00,7.838056312418553162e+00,-2.458614448326647306e+01,-3.769171428381275035e+01,5.211187345753121036e+00,1.424717016685450766e+01,8.345887045921050174e+01,1.315526800124384721e+01,4.790176878537342731e+01,2.591384680631922066e+01,2.608828935775544267e+01,-6.478900097782205592e+01,1.394882445000130922e+01,1.025754192567709211e+01,-4.509496199826448048e+01,1.361200587736664147e+01,6.556851784538210381e+01,-2.368354113902791624e+01,-1.185605809773857189e+01,-6.439155191446864990e+00,9.061552707813726215e+01,3.331125859693192126e+01,4.660608458603984161e+01,-6.454827638996317773e+01,-2.287906976081383803e+01,5.254305827955325014e+01,-2.073219094076909386e+01,9.139152859463078471e+01,-2.622021656092736208e+01,2.495508442185575859e+01,-3.625698380845118152e+01,-3.527759286459191124e+00,4.093573640161176286e+01,-4.985055500317167088e+01,-3.408836262152221508e+01,-2.426865281595474499e+01,1.892984627927787855e+01,1.703871218181719627e+01,-2.065526699636220087e+01,4.413793828140133257e+01,3.242981516015625232e+01,-4.731686565569920333e+01,-1.897046889842188833e+01,-2.670786683780615078e+01,-7.398601198806659340e+01,-6.815191009772709307e+00,1.960945729282000727e+01,-1.216644211548603849e+01,1.172921775496936547e+00,4.971636559061828109e+00,7.585263022506407538e+01,-4.688394233173445258e+01,-2.261759320728114631e+01,-9.852739274499068500e+00,4.734804921117343923e+01,1.252116299751510198e+01,1.841060394499945474e+01,5.813017052515790795e+01,1.488539275882759805e+00,5.141064656651305853e+00,-6.047379349216186029e+01,-4.223413244717622206e+01,1.087836880563931352e+01,-8.075700431668622059e+01,2.031575472886571276e+01,-2.912090209652973272e+01,1.965825678512760888e+01,-1.819680764657543248e+00,2.335610087687086533e+01,9.038764849540116941e+00,-1.264612002554588521e+01,2.152817731728111994e+01,4.978105349780252986e+00,-1.454271701529911365e+00,-4.122132538040678185e+01,5.811479033652850035e+01,8.089015624004943561e+00
-2.761202233788429883e+00,-3.378524792556511613e+01,1.391906802958569678e+01,2.366990179288837837e+01,-2.197197121448452251e+01,-2.402761905146919119e+01,2.810248499546133516e+01,2.310162001749404226e+00,3.807773380767477533e+01,-1.892992949450738394e+01,6.057172693697377319e+00,-6.823507797152511500e+01,5.899965997810931562e+00,-2.551577351484990874e+00,2.811786128874774704e+01,-5.333555602634303838e+00,1.116480233429762059e+01,6.692762807092101696e+01,-1.597615268419423984e+01,-6.235879901594068464e+00,-2.390220603932629473e+01,-6.658477011535425483e+00,-3.135490747739380968e+00,2.331720789035646391e+00,6.066240352647762624e-01,-1.530906144728639973e+01,-2.554238075388089158e+01,5.886296450863593321e+00,9.585253600279132868e+00,5.223104477117212241e+01,1.768064236078532758e+01,3.146953962919414138e+01,1.644749718321650533e+01,1.343576561031092353e+01,-3.813786805367465860e+01,7.272678212858640912e+00,8.428839116064400727e+00,-3.205857854587033984e+01,9.173581644201956209e+00,4.786854651714134690e+01,-1.420437410165882319e+01,-5.152017247895612329e+00,-1.044651823815784697e+00,5.146925150403517790e+01,1.891416737796863501e+01,2.692382818384698595e+01,-3.892796885267009088e+01,-1.387239844218514584e+01,3.013500574480595517e+01,-1.479529322379913125e+01,5.363118932398760563e+01,-1.484003553814634557e+01,1.917174146030215098e+01,-2.296601793078170672e+01,-2.828524725816890406e+00,2.731812361958906976e+01,-3.123631555882010602e+01,-2.206724225490332003e+01,-1.484744998419311557e+01,1.827445288446759619e+01,1.266585137576105957e+01,-1.008911445265121110e+01,2.219405592329956534e+01,1.570175756443757997e+01,-2.790487948484809522e+01,-9.661428482769192527e+00,-1.665665913011821431e+01,-4.448587741191164469e+01,-4.824329667789768017e+00,9.447538902845806774e+00,-7.238586486358713046e+00,8.272578188327950333e-01,1.399294509829472233e+00,4.692392797623389100e+01,-2.741259783435783959e+01,-1.308089620563783484e+01,-5.629892069341784655e+00,2.669909996199102764e+01,9.162609368716971403e+00,1.192078275840020929e+01,3.753770144984603974e+01,1.668414553342561502e-01,6.088461001203791412e+00,-3.708576261486102510e+01,-2.535598813167267451e+01,6.114958093698845687e+00,-5.497984664504277674e+01,1.346275556156580500e+01,-2.116560017430117213e+01,8.496994704266747078e+00,-1.945314268310156969e+00,1.462562986837525791e+01,8.442021237245347365e+00,-7.503066180967095988e+00,7.376323784096046055e+00,5.353323704378487591e+00,2.769834675144061675e-02,-2.512342588462419002e+01,3.681766437604851205e+01,3.818299465255512892e+00
-1.792451619712955413e+00,-3.023703263065956826e+00,2.894296062407794690e+00,8.554312630365124903e+00,-1.309455175926006909e+00,-1.091098615395011073e+01,1.214720735069241186e+01,-2.957052663818290128e+00,9.471146228952076029e+00,-1.583733270682194494e+00,-1.833577701786359926e+00,-1.860461489744914232e+01,5.821882533107706870e+00,-2.389198857233859385e+00,2.996383379102061983e+00,-5.873230767306909073e+00,1.111342469823210166e+00,2.263186197900899899e+01,-4.034263053365769736e+00,-8.202241020437988084e-01,-9.173217816604088526e+00,-1.320021664947773843e+00,1.259282125774393579e-01,-1.546120592955328110e+00,5.557343726192479849e+00,-3.475095417746372206e+00,-3.169454793823334171e+00,-2.013394528690857666e+00,1.270451261654607311e+00,1.152186185537845731e+01,-8.019678677946412648e+00,5.060599271476501571e+00,3.338236646152400677e+00,6.611437362974081466e+00,-1.145239058681213962e+01,3.442461319739485326e+00,-6.758158161081517790e-01,-2.231120607526771771e+00,1.197513326377766196e+00,1.937451744211768911e+00,-3.912475321851800913e+00,-3.997807145452263011e+00,-3.996755319997687295e+00,1.796581147360257091e+01,6.611187736313515195e+00,8.769995327582961409e+00,-1.043975536645970692e+01,-3.622882928442555439e+00,1.011469812818579683e+01,-9.669084635670164296e-01,1.632778218578069129e+01,-5.253645227822348218e+00,-2.549609737235272178e-01,-4.718805752645521601e+00,1.592274223264235067e-01,3.882222966173479062e+00,-6.842156546854225141e+00,-3.942173298901926248e+00,-3.704981333795853260e+00,-4.078306823919725765e+00,2.674815114344202271e-01,-5.805691203553505986e+00,1.174524378563066485e+01,9.259588881124532378e+00,-8.309868879930817798e+00,-4.920639646218447183e+00,-3.747435945721943273e+00,-1.210550088349415176e+01,-3.587139248936918046e-01,5.647858394170835794e+00,-2.070593569873445006e+00,6.488925150482860449e-02,2.468797665697076482e+00,1.104116081792515480e+01,-8.480540747686934111e+00,-4.240441685231978397e+00,-1.918489526583638582e+00,9.589807508481282383e+00,3.476123636451298182e-01,2.126398373388062257e+00,6.819434902564676548e+00,1.001647308394724378e+00,-2.279233072897166146e+00,-9.140453440750697212e+00,-6.950175296059686758e+00,2.223327539924297103e+00,-6.526751852267895337e+00,2.025374503638571078e+00,-9.585756532523603823e-01,6.675985386060911964e+00,5.884224019983693710e-01,3.215368041921838671e+00,-1.651879697335959740e+00,-2.173999571066552061e+00,9.319176314997960731e+00,-1.642566163409168389e+00,-1.177121835827526830e+00,-6.392584510903460249e+00,7.556908954277337109e+00,2.411880065550333185e+00
-6.363315005148532322e+00,-6.856412899540094941e+01,2.905795676338082956e+01,5.119991202998414792e+01,-4.426716151305689095e+01,-5.306869710128483320e+01,6.176672641284641685e+01,3.132901147591795166e+00,8.025612252575086814e+01,-3.836229344164033250e+01,1.112457527442761140e+01,-1.446210012249249246e+02,1.457597102360025687e+01,-6.240491305993993265e+00,5.729860016446838245e+01,-1.347665637311118303e+01,2.271308298951055349e+01,1.440050172012392977e+02,-3.370253895284117363e+01,-1.278402344049348827e+01,-5.196539288653342936e+01,-1.386875931989367672e+01,-6.163333479262874448e+00,3.869335308609145763e+00,3.936455357727536963e+00,-3.210319443550302054e+01,-5.227029390452277369e+01,1.069691540985635569e+01,1.965524759322757120e+01,1.093644338130237657e+02,3.116079144939589440e+01,6.496785614853510538e+01,3.429617712051206269e+01,2.992579341641930313e+01,-8.134951721197214169e+01,1.613161854478893531e+01,1.640248009764435011e+01,-6.474633558813428635e+01,1.880205194565743554e+01,9.599126629851018322e+01,-3.012495599682234015e+01,-1.219424723910042552e+01,-4.038917104380019829e+00,1.110198829519999180e+02,4.080255589869141630e+01,5.776632907893683466e+01,-8.242036931725880322e+01,-2.932348041823358997e+01,6.480291187145078879e+01,-2.985009807412501814e+01,1.145069456842526989e+02,-3.204634107832721668e+01,3.793846576123472403e+01,-4.791683142587227451e+01,-5.537509132768464681e+00,5.614628065041748783e+01,-6.538064512304016773e+01,-4.575058951225874182e+01,-3.129972011375059182e+01,3.427737560335441458e+01,2.527843178959037473e+01,-2.288519723655117488e+01,4.983844969710904138e+01,3.572658424236107066e+01,-5.948791654473368595e+01,-2.160096240091099773e+01,-3.491261705295286788e+01,-9.427400868759923469e+01,-9.754630591613491220e+00,2.153381287470271843e+01,-1.538950582200081563e+01,1.674348022156909144e+00,3.991866726794787379e+00,9.859130148985427411e+01,-5.859443892710652335e+01,-2.805562156644240801e+01,-1.212080828130248733e+01,5.772318042104738112e+01,1.836244597720234140e+01,2.471302930126106645e+01,7.788032273582021503e+01,8.236708441122462254e-01,1.096760594758864471e+01,-7.812407837834987845e+01,-5.375887515970623554e+01,1.323372625306873474e+01,-1.123662825063712773e+02,2.772481623197266032e+01,-4.249368611578401556e+01,2.015203044144357492e+01,-3.572975010498429249e+00,3.061861601894439744e+01,1.594880736088796169e+01,-1.596544263711983191e+01,1.922646110621302995e+01,9.821048526025135672e+00,-5.236945422978349640e-01,-5.302302495864039855e+01,7.681330347686868265e+01,8.766607081405128454e+00
-3.314946950849666951e+00,-4.550993487609423127e+00,5.014567968998580483e+00,1.544528452956368625e+01,-1.708505379163431037e+00,-1.992066485371389462e+01,2.212934837919787157e+01,-5.714122861644987061e+00,1.667640689074967852e+01,-2.339577698410173490e+00,-3.708441168019953604e+00,-3.299280136880742731e+01,1.087661339172245611e+01,-4.458913877472532761e+00,4.701518453455029167e+00,-1.099464719832914561e+01,1.717461615118758722e+00,4.070921798082959242e+01,-7.112056419265140761e+00,-1.339202782828774252e+00,-1.661565545093091600e+01,-2.275938142679359455e+00,3.518873885331319507e-01,-3.027844775250990494e+00,1.056199846196979486e+01,-6.070992067701490136e+00,-5.123172727740745280e+00,-4.044786025167137922e+00,2.076929845198032698e+00,2.007604676192977422e+01,-1.590498359139063744e+01,8.512922870893241623e+00,5.769663399800371906e+00,1.211094853378562419e+01,-2.044743711709440959e+01,6.296065115543196811e+00,-1.588306500762611595e+00,-3.103271741433081488e+00,1.952736538735559302e+00,1.978940718305615576e+00,-6.943441819382764280e+00,-7.429486222924123417e+00,-7.574281693032085094e+00,3.237544889414922977e+01,1.191467321516712197e+01,1.573974487185310878e+01,-1.849068620572244015e+01,-6.403792707874865542e+00,1.818589462523532063e+01,-1.312639409487471376e+00,2.917863676892633151e+01,-9.474913164460232906e+00,-1.170764722061951701e+00,-8.165913159408573208e+00,4.043329768485188769e-01,6.417137933857833154e+00,-1.191414389602786095e+01,-6.718978565238999501e+00,-6.525296289799789484e+00,-8.420063682416714101e+00,5.672320127131946776e-02,-1.069605625404689597e+01,2.157499838369072975e+01,1.707323154482765304e+01,-1.482839427479343897e+01,-9.025806069015809285e+00,-6.541487204160613800e+00,-2.146437258469697795e+01,-5.107293247087749677e-01,1.041840179499679664e+01,-3.684630979655716843e+00,9.401181805711195105e-02,4.651688748470768076e+00,1.935025413914451065e+01,-1.517102450643840150e+01,-7.608190609820891126e+00,-3.452451818024896646e+00,1.730906747374694987e+01,3.345353919841738133e-01,3.623565133300233221e+00,1.164565803030920144e+01,1.901623552813455298e+00,-4.558287485334417077e+00,-1.608207262266365944e+01,-1.233002500332595375e+01,4.015663938841061764e+00,-1.046486987648751210e+01,3.376059669207574832e+00,-1.069093086871740539e+00,1.241039030087233286e+01,1.190146820397476546e+00,5.600780520720300970e+00,-3.447641816461861630e+00,-3.872109873951407710e+00,1.748426658864987004e+01,-3.319513577079419520e+00,-2.242758812791023626e+00,-1.127643347164285181e+01,1.307587434368472046e+01,4.456836015575784238e+00
-5.096311353848490100e+00,-5.176044787933051339e+01,2.224849794898487332e+01,3.987010504270514843e+01,-3.329381442567289184e+01,-4.172092419245313266e+01,4.845221468287937228e+01,1.766212256397145630e+00,6.173468991381285065e+01,-2.893956369023704411e+01,7.948473368701179709e+00,-1.115430191040763077e+02,1.200576999646751730e+01,-5.120099033120608212e+00,4.334671243465786006e+01,-1.119519044899064220e+01,1.716778862642511783e+01,1.118624689895160031e+02,-2.593572257431849692e+01,-9.700535996943060013e+00,-4.056119933794460763e+01,-1.060687267761075603e+01,-4.575869578769882651e+00,2.588871928619069784e+00,4.013384581525037298e+00,-2.463380123003063460e+01,-3.962713445044173000e+01,7.594481516990316372e+00,1.491624382490036105e+01,8.385755153341634127e+01,2.170633499545832024e+01,4.947034411881634242e+01,2.624413586216530092e+01,2.361545210709952158e+01,-6.293412742274471583e+01,1.270650305114829237e+01,1.211184511458381508e+01,-4.875754175478456887e+01,1.426531688274049969e+01,7.202154565825057375e+01,-2.324189539666397053e+01,-9.875149670846395722e+00,-3.787910011853119041e+00,8.633996677941851772e+01,3.173368293239034088e+01,4.481292779251789682e+01,-6.353746809548111685e+01,-2.258765223806918598e+01,5.032512501824958662e+01,-2.246682134879107196e+01,8.862573228007025250e+01,-2.493548963168793975e+01,2.826746393292217263e+01,-3.667754110089045128e+01,-4.102319230583889365e+00,4.265803243336378614e+01,-5.012314956759239237e+01,-3.491041842878791357e+01,-2.407857759009396403e+01,2.479511137896790984e+01,1.891925821033795430e+01,-1.820453946343300800e+01,3.947132452671761627e+01,2.845746771851181478e+01,-4.600887143894715337e+01,-1.707475832409719274e+01,-2.678341289884746246e+01,-7.270717295454790019e+01,-7.350139781682128337e+00,1.716534481191562378e+01,-1.188716333890460675e+01,1.262267476417338941e+00,3.457155034486358858e+00,7.572361213237613242e+01,-4.537501342665436965e+01,-2.176082675852718751e+01,-9.418018604768651159e+00,4.493934368475192542e+01,1.377275725760562963e+01,1.885692175130288462e+01,5.944835589283326271e+01,8.085815016076176587e-01,7.745085720717028721e+00,-6.007937474313355608e+01,-4.146970622902079384e+01,1.030766826176026285e+01,-8.513161398517219425e+01,2.108533512731108317e+01,-3.190222463970637534e+01,1.633292706962708962e+01,-2.552972727630480332e+00,2.347547711752419985e+01,1.158437557467809498e+01,-1.233704288458615217e+01,1.615351200343683757e+01,7.012495252012824309e+00,-6.186346725340187147e-01,-4.081259131155285758e+01,5.879463639961705468e+01,7.009948648632596147e+00
-1.739807271346119677e+00,-1.876621030328045237e+01,7.951275947087163232e+00,1.400586091314302095e+01,-1.211684362119512848e+01,-1.451456802698784543e+01,1.689420093343267837e+01,8.612749255546952032e-01,2.195908038746344815e+01,-1.050000853001226275e+01,3.047676194342491485e+00,-3.956823439742164794e+01,3.983145285075592845e+00,-1.705452648295032292e+00,1.568222591646804531e+01,-3.682137278277856751e+00,6.216505461468602611e+00,3.939467270800641074e+01,-9.221367033865146112e+00,-3.498711996106142141e+00,-1.421465878271852112e+01,-3.795054034162727685e+00,-1.687410148789851849e+00,1.061151149684704809e+00,1.070826906066370654e+00,-8.784219961595583825e+00,-1.430547973005418072e+01,2.930821496941071747e+00,5.379206647323499624e+00,2.992517427999765545e+01,8.540306890999753264e+00,1.777921092668815106e+01,9.384732009116238061e+00,8.184300368451580709e+00,-2.225597867027866528e+01,4.411928562782056140e+00,4.491122020137769510e+00,-1.772203306407040557e+01,5.145727650165738076e+00,2.627591247769745308e+01,-8.242127648503284831e+00,-3.333365372465647347e+00,-1.100787611271314859e+00,3.037047394372517672e+01,1.116189099120273376e+01,1.580319969418166437e+01,-2.255037203711333049e+01,-8.023072697241827811e+00,1.772786707168091880e+01,-8.170490467801961643e+00,3.132708783434840782e+01,-8.766477960852594009e+00,1.038623436431269198e+01,-1.311179140276892063e+01,-1.516127105134358111e+00,1.536568554547471877e+01,-1.789003313826693287e+01,-1.251971848171263879e+01,-8.563981692499570642e+00,9.388667184611559691e+00,6.919821142605306896e+00,-6.257874297119105478e+00,1.362924343130430493e+01,9.769064803451742662e+00,-1.627505985145148770e+01,-5.907389793139156353e+00,-9.552985679943535757e+00,-2.579334942594822166e+01,-2.669959533223490222e+00,5.888116592879772959e+00,-4.210449954614754908e+00,4.582850980916877148e-01,1.089778360408128366e+00,2.697654211026083360e+01,-1.603025505927868721e+01,-7.675231152942650681e+00,-3.315807251724941729e+00,1.579038351165400655e+01,5.026423200881628972e+00,6.762761819646735617e+00,2.131193572457757313e+01,2.242590863248810629e-01,3.005250480842931893e+00,-2.137582325255861448e+01,-1.470835949872185822e+01,3.620103081476354401e+00,-3.075306845756432850e+01,7.587383411895481267e+00,-1.163177192692905138e+01,5.508584888315760431e+00,-9.788476438879772923e-01,8.378124226050818635e+00,4.368121191799950509e+00,-4.367990083219535080e+00,5.251966940948964435e+00,2.690592657551222899e+00,-1.419235771428526416e-01,-1.450759814473812881e+01,2.101892858596585612e+01,2.396966854007550829e+00
-4.725459513128278388e+00,-4.077067330861534344e+01,1.828340883210928070e+01,3.436684136724327487e+01,-2.592251378551098284e+01,-3.689455623360164083e+01,4.259775777206952796e+01,-6.484670378501444787e-02,5.141764403605992584e+01,-2.274428477708141472e+01,5.167510922388689920e+00,-9.361195671585429068e+01,1.189305710986901587e+01,-5.027467655106856448e+00,3.436420187703262741e+01,-1.130154122882529677e+01,1.357432423064400773e+01,9.577086544119269718e+01,-2.162767218338258601e+01,-7.761555761405873000e+00,-3.518646864673377195e+01,-8.688071145972561027e+00,-3.417218726431196174e+00,1.231601413917763566e+00,5.693894584953469895e+00,-2.037230961580826261e+01,-3.162009714672822369e+01,4.812960953689445986e+00,1.193911270448307960e+01,6.920420825391555297e+01,1.267855986307147020e+01,3.999961225161275991e+01,2.153086161106817542e+01,2.109075222094442381e+01,-5.327175452997496308e+01,1.129340553053942919e+01,8.882058208610548178e+00,-3.811169883496511090e+01,1.140977912861495547e+01,5.564994237479928074e+01,-1.952272632699252242e+01,-9.406135590211098574e+00,-4.780032099736015283e+00,7.415658891096379079e+01,2.725955651134947644e+01,3.822544077457542500e+01,-5.324841247694075719e+01,-1.888778865186231926e+01,4.305388697190512914e+01,-1.753225883860052292e+01,7.511413410892689058e+01,-2.144779186051640352e+01,2.135871573117814393e+01,-3.011592588867041087e+01,-3.041531089696908552e+00,3.426236649992247152e+01,-4.134333407845470276e+01,-2.840359401472466061e+01,-2.005978309705137974e+01,1.690097925550823632e+01,1.450373105567514997e+01,-1.659570615507713853e+01,3.558205849447440983e+01,2.603011804652151184e+01,-3.891529250554275876e+01,-1.531609485678255034e+01,-2.213534718352841324e+01,-6.100889648910937524e+01,-5.755938110098847815e+00,1.573094074478796500e+01,-1.001806699864965999e+01,9.900526081035125880e-01,3.801694302337177422e+00,6.279463100296686662e+01,-3.851483886035140358e+01,-1.855333060201663642e+01,-8.069429498782373145e+00,3.871156883519676484e+01,1.063110764449078793e+01,1.534083484396795782e+01,4.841860894751350486e+01,1.091012702057486683e+00,4.800916916177053295e+00,-5.000245104200165258e+01,-3.481910627699473082e+01,8.890502940135048604e+00,-6.779567687348678362e+01,1.698610593973636540e+01,-2.469811695048924349e+01,1.558758151641583467e+01,-1.659994786255175825e+00,1.936853807898058477e+01,8.016830902682084314e+00,-1.040912434389725405e+01,1.670887648193794917e+01,4.547158307762232177e+00,-1.030165678382466865e+00,-3.405447280411437561e+01,4.827274724400831474e+01,6.474328032196527971e+00
-5.176976691065874325e-01,-7.948004578726816760e+00,3.133783380415991804e+00,5.019126709904529804e+00,-5.224989174938003522e+00,-4.904895524527408845e+00,5.789135115578127433e+00,8.134639739236263489e-01,8.440380196329909879e+00,-4.462705856310096308e+00,1.627692996433428574e+00,-1.498580672612422582e+01,9.361987023321943768e-01,-4.158563032444495544e-01,6.573793547628051570e+00,-7.942421706070860177e-01,2.616959962328075928e+00,1.432456039100849488e+01,-3.536141551125373095e+00,-1.444625665420641969e+00,-5.022733863277153432e+00,-1.504617293976956427e+00,-7.723209481172679247e-01,6.982925836065964065e-01,-3.269171496873446991e-01,-3.421831727257509836e+00,-5.933469423898619866e+00,1.601534557253396773e+00,2.219727681458323776e+00,1.170304892175130185e+01,4.978815690343722622e+00,7.211718878015243028e+00,3.710023978418136359e+00,2.699177080062414191e+00,-8.285908361208345951e+00,1.472672407346759638e+00,2.104940828690079702e+00,-7.596254956013268611e+00,2.125961800388806111e+00,1.146137427872741910e+01,-3.116190345146409246e+00,-9.101957020651525454e-01,8.734596288043262879e-02,1.096809686975361942e+01,4.029838637282913361e+00,5.791061511228183356e+00,-8.564232129878449840e+00,-3.060270881560813283e+00,6.456263480687559841e+00,-3.511089973222297544e+00,1.163299455080345091e+01,-3.156130811486154819e+00,4.678351816343012004e+00,-5.175480450686201550e+00,-7.006041882634690410e-01,6.303949728870067659e+00,-7.003034839609883377e+00,-5.023455430278104039e+00,-3.290093383429753437e+00,4.786691983170180187e+00,3.053561758782352697e+00,-1.955076033491679910e+00,4.388349452618503399e+00,3.023569197568303668e+00,-6.068614303065287707e+00,-1.926725635415450721e+00,-3.725906261619182480e+00,-9.772030324433087500e+00,-1.141161378673545279e+00,1.812714093748844402e+00,-1.581465975406461277e+00,1.953937354086475453e-01,1.291872683345414718e-01,1.045503442770871061e+01,-5.934479804056739027e+00,-2.815322216852850445e+00,-1.203713190722486059e+00,5.666515542560687457e+00,2.195826603381671127e+00,2.713954813173498515e+00,8.535507439240456407e+00,-4.495589384090115104e-02,1.673324422268293921e+00,-8.227662945427343999e+00,-5.565553273674702872e+00,1.295515479963948113e+00,-1.279697955221291039e+01,3.097103417268928016e+00,-5.059074767769339509e+00,1.494098429140554352e+00,-5.227097537425904328e-01,3.277999041038734962e+00,2.191439093064192267e+00,-1.636880443798144569e+00,9.963327434348809852e-01,1.440435473870830707e+00,1.071822058789572429e-01,-5.556650934941028908e+00,8.297683362198181811e+00,7.215928185708948561e-01
-3.182713729756162735e+00,-1.576145758200264702e+01,8.514641436447437428e+00,1.893282332109891541e+01,-9.444880982704333405e+00,-2.194971520528190467e+01,2.491920491045611641e+01,-2.801063778199970322e+00,2.519750285004949575e+01,-8.695756516072099984e+00,-8.677720234787678066e-02,-4.715505653868232372e+01,9.242655671038939147e+00,-3.839527109386326131e+00,1.370586545839034187e+01,-9.103515436666892668e+00,5.346047126103889546e+00,5.162593197744455864e+01,-1.064618903735763134e+01,-3.230521222986907137e+00,-1.977448047725199487e+01,-3.994049175766444915e+00,-9.643422466291766693e-01,-1.063582016063075564e+00,7.029692805999668614e+00,-9.722639513221219332e+00,-1.299912948071343877e+01,-3.681988498131110177e-01,4.977537112886697201e+00,3.276149929672767769e+01,-3.523677867515759843e+00,1.743243890888953374e+01,9.961040701335690528e+00,1.289938218719379748e+01,-2.764794575802766019e+01,6.815284824253929230e+00,2.178828142499185994e+00,-1.417369065876938272e+01,4.741233165846404418e+00,1.945458118990828211e+01,-9.864715731734021276e+00,-6.739491330471638619e+00,-5.272712193663506852e+00,4.038991756329019722e+01,1.485374538962554603e+01,2.035823469465901780e+01,-2.668836876408131076e+01,-9.391230702790734242e+00,2.315256169265246911e+01,-6.464315276795989718e+00,3.915307853264063453e+01,-1.173577880221832004e+01,6.527811787744353111e+00,-1.397938471216562206e+01,-8.139936197557247066e-01,1.450655378523625672e+01,-1.953339836374444971e+01,-1.270656135880952853e+01,-9.839776617424989880e+00,1.520276549560170665e+00,4.847048970419990610e+00,-1.071747467862489778e+01,2.231830023255160356e+01,1.695448727422382618e+01,-2.014415863629120551e+01,-9.479813205572650503e+00,-1.053734330895973414e+01,-3.071359428811077308e+01,-2.161079201010922546e+00,1.029506182653359225e+01,-5.121223862100233504e+00,3.747155117554643589e-01,3.525985150122115108e+00,3.027860873559709276e+01,-2.017775687870933510e+01,-9.865947575870599451e+00,-4.360770739012172825e+00,2.128313482998752448e+01,3.695347578962489443e+00,6.860226719125118500e+00,2.175384813368136250e+01,1.287538630752107949e+00,-6.219830417742269191e-01,-2.443814566309116287e+01,-1.756775383263083512e+01,4.907568714459353387e+00,-2.761830079422833961e+01,7.286541386140362953e+00,-8.726996349942133691e+00,1.121638610204804110e+01,2.732100008062787744e-02,9.160370820138965087e+00,9.868861638319881280e-01,-5.342363836049671910e+00,1.405706338962756341e+01,-1.037289916886212637e-01,-1.433257849088880542e+00,-1.680117551225788830e+01,2.240107850080103802e+01,4.319294844590328530e+00
-2.093913813100849453e+00,-1.692034272517217630e+01,7.729504840271944843e+00,1.481570289142267782e+01,-1.070171541488523204e+01,-1.606449188260469185e+01,1.850628198276320191e+01,-2.987748363649074257e-01,2.185998054989082462e+01,-9.429673455903781587e+00,1.940442299247314928e+00,-3.992405752457834467e+01,5.390663363182081724e+00,-2.272140972598457154e+00,1.430281359380702000e+01,-5.153945075105392348e+00,5.643149632173614982e+00,4.117614385201817129e+01,-9.199552511053715520e+00,-3.243667655502425085e+00,-1.520725388652312127e+01,-3.667880328524528277e+00,-1.383254586992097135e+00,3.603415826656775067e-01,2.835909491973578334e+00,-8.635642777578398821e+00,-1.319865402687150180e+01,1.779162240410934626e+00,4.990335751035507528e+00,2.930899919795881914e+01,4.436667270860946033e+00,1.679317986634106674e+01,9.095941229689817220e+00,9.217714586851752046e+00,-2.279924355482954468e+01,4.926782448095364586e+00,3.563272287122555504e+00,-1.576200789951672476e+01,4.767554113429059548e+00,2.289377938647616872e+01,-8.329134156525780597e+00,-4.207570782862888770e+00,-2.319176687580686735e+00,3.192387993731372831e+01,1.173569322125529624e+01,1.641057946487077146e+01,-2.269646538949618630e+01,-8.043295695849392857e+00,1.850529894679000265e+01,-7.245411161413283452e+00,3.216389282849223008e+01,-9.238417402995249716e+00,8.694788132246401346e+00,-1.272735151593106551e+01,-1.226838827474854066e+00,1.434282024466726213e+01,-1.750572230218113745e+01,-1.195688899855741028e+01,-8.529244193855028300e+00,6.523135792321396842e+00,5.944809332911724198e+00,-7.308714192915664043e+00,1.560557660765958232e+01,1.147774000318439569e+01,-1.664979370809005488e+01,-6.704896930985550618e+00,-9.380363873758149396e+00,-2.601755693392454205e+01,-2.382509443184504416e+00,6.941197254266546324e+00,-4.279879913310635331e+00,4.100981801547014527e-01,1.779131012196531580e+00,2.664845190542025932e+01,-1.650205192580865798e+01,-7.963644582071443878e+00,-3.470472255324624555e+00,1.668450259857643303e+01,4.371448920437111418e+00,6.457682646825310790e+00,2.039163752590264522e+01,5.375714326395397702e-01,1.749765847876946889e+00,-2.125187025529186968e+01,-1.485258991264773876e+01,3.833692109274106308e+00,-2.827407682053740956e+01,7.119951528635095173e+00,-1.016962595509274436e+01,6.977357362396440443e+00,-6.233958736830628178e-01,8.202002743861051215e+00,3.120218531924149108e+00,-4.449025237870592342e+00,7.678453997074451642e+00,1.704814490366078017e+00,-5.288935934281536744e-01,-1.448913270648354867e+01,2.040001086770959660e+01,2.864813557772806440e+00
-2.010523789997666455e+00,-1.895023608139426585e+01,8.299849822927049203e+00,1.519961693695465854e+01,-1.212782425709592893e+01,-1.609488962783430566e+01,1.864091353489655489e+01,3.504031592537715234e-01,2.316966202062814517e+01,-1.058484397984467229e+01,2.687610360456528902e+00,-4.200766788534055252e+01,4.891154614728906225e+00,-2.076863806650361521e+00,1.591478152791034084e+01,-4.603944145880806360e+00,6.295869346915779374e+00,4.251265675760163987e+01,-9.739294125884093489e+00,-3.576047548070507176e+00,-1.550863879528477796e+01,-3.951125849881873542e+00,-1.637225236937940087e+00,7.835177157231261180e-01,1.984616689756204977e+00,-9.215876554363850559e+00,-1.459077813223564135e+01,2.542604285627583227e+00,5.499680710038115095e+00,3.134256590871025239e+01,7.047942176379581092e+00,1.832191954047754834e+01,9.783088779394105927e+00,9.152403006308837519e+00,-2.379379629105649130e+01,4.913410891225446164e+00,4.300408922926469479e+00,-1.779108784146062305e+01,5.257987539613414363e+00,2.614838922727833648e+01,-8.756489684391027595e+00,-3.946580810937878159e+00,-1.752276281351917708e+00,3.286115435337292467e+01,1.207867139735628470e+01,1.700218205142506278e+01,-2.391325234979216319e+01,-8.492628858871059450e+00,1.911927343079966590e+01,-8.191974158621579960e+00,3.352651768809268873e+01,-9.496787761318060461e+00,1.016459249977573975e+01,-1.367754769363694578e+01,-1.463306180544744262e+00,1.575229020609394581e+01,-1.872968530970377188e+01,-1.296539319678411495e+01,-9.037994085705658875e+00,8.542848018618517614e+00,6.845516715317275569e+00,-7.123991962470695327e+00,1.536475698420355940e+01,1.115409581910318693e+01,-1.738873063011092768e+01,-6.631078167237147269e+00,-1.001708701341161856e+01,-2.737980385601366606e+01,-2.684150667111224742e+00,6.734126169702941311e+00,-4.485274497423914042e+00,4.612774904145599542e-01,1.485145239299066056e+00,2.836407887406172534e+01,-1.717677170459309721e+01,-8.254371941389843315e+00,-3.580524314251201545e+00,1.712710820433206393e+01,4.998168825186250608e+00,7.002991325334108730e+00,2.208884405070842405e+01,3.884209140254016313e-01,2.571157639935353956e+00,-2.254097684014886482e+01,-1.562092666281114006e+01,3.930715409293295437e+00,-3.131828376017413262e+01,7.796464681189370083e+00,-1.159224727954943468e+01,6.533596743190591027e+00,-8.632833249261899766e-01,8.773205967503619362e+00,4.015793948505259614e+00,-4.657447574137004942e+00,6.724787513929372906e+00,2.368718298976335568e+00,-3.369388447408498410e-01,-1.533008826462915053e+01,2.192459269121940935e+01,2.760273407665383427e+00
-4.075232625821592514e+00,-6.124135247957090655e+01,2.423858558440799627e+01,3.903280143541220326e+01,-4.022317565115020699e+01,-3.828235855266288468e+01,4.514428376299366619e+01,6.091373457422914584e+00,6.537361427786598256e+01,-3.438009455005950343e+01,1.240919513285582454e+01,-1.161668542952131418e+02,7.509088182774847020e+00,-3.324870448747014873e+00,5.067949726487693596e+01,-6.420972577762935174e+00,2.017058470887196719e+01,1.113030737423810734e+02,-2.739220109396520542e+01,-1.114582916410874347e+01,-3.909397560608141475e+01,-1.163386199776604002e+01,-5.928236031248331983e+00,5.282584236564818347e+00,-2.211858255190541911e+00,-2.648354086357778314e+01,-4.576816348962579184e+01,1.219845594743245343e+01,1.712658035904394538e+01,9.055704415663181805e+01,3.782713253869835768e+01,5.569333151870145571e+01,2.869080967087914047e+01,2.109969976100075684e+01,-6.429364122190622766e+01,1.150310208455155703e+01,1.613927596374765017e+01,-5.849542523535566119e+01,1.640207653774700702e+01,8.818177450648431659e+01,-2.415842537244142463e+01,-7.210664655263862244e+00,4.551853551083144822e-01,8.525749097965272938e+01,3.132540075693879089e+01,4.497653550489313545e+01,-6.637773458545112248e+01,-2.371304828416242216e+01,5.016108952969011625e+01,-2.703388466612632257e+01,9.027847788243268212e+01,-2.453785093301463505e+01,3.593787687836259437e+01,-4.002700593649732497e+01,-5.375315387880905682e+00,4.865371582453341404e+01,-5.418596087809329731e+01,-3.881676145784355469e+01,-2.548359949611130659e+01,3.656376955586167554e+01,2.348011774153111375e+01,-1.533796399810562150e+01,3.435795987204835455e+01,2.373569422353612524e+01,-4.708456949364212107e+01,-1.507225950348369459e+01,-2.883497889040985740e+01,-7.574932317155304418e+01,-8.788855311332399722e+00,1.423542587687197525e+01,-1.226499133730587587e+01,1.505046773086534673e+00,1.126211944896813977e+00,8.094046244813587521e+01,-4.606301366978847511e+01,-2.186407658636822759e+01,-9.353858458070112292e+00,4.406375317887525966e+01,1.689302492672464950e+01,2.097082744033624024e+01,6.596130139718465557e+01,-2.913287711344174080e-01,1.273576877258983409e+01,-6.372107399183810372e+01,-4.314520715514305493e+01,1.007580783467381558e+01,-9.869355017253352003e+01,2.390974290047051198e+01,-3.892920928672756986e+01,1.184253939075007622e+01,-3.985053022796751776e+00,2.536419270502317147e+01,1.675122764143910103e+01,-1.269642356744339295e+01,8.160242234594065280e+00,1.098050506514742075e+01,7.600332486467150650e-01,-4.304665544657764542e+01,6.417356181694334794e+01,5.675585176885363126e+00
-2.459888038953832456e+00,-1.128449863581431423e+01,6.289415919088618523e+00,1.430973753856171093e+01,-6.685073257007132952e+00,-1.674228957680428920e+01,1.897050807576853870e+01,-2.376428351547247964e+00,1.875127224731794584e+01,-6.212820903472664469e+00,-3.407039279505394980e-01,-3.522641077659182685e+01,7.238091419775786406e+00,-3.002312303634985913e+00,9.869060108774263540e+00,-7.150438654232333491e+00,3.840677707161765042e+00,3.891331885012090197e+01,-7.927594304698542871e+00,-2.343646034152752300e+00,-1.498246207125540330e+01,-2.944469791616996179e+00,-6.427536392837966961e-01,-9.672477101182264114e-01,5.678240436414292880e+00,-7.207806322700723634e+00,-9.410392013920981569e+00,-5.614815060593887353e-01,3.612075076732970125e+00,2.425869128375693151e+01,-3.648744909069895570e+00,1.274399798077575596e+01,7.350495231332197399e+00,9.869642903077970431e+00,-2.073737187955407535e+01,5.206782458178683015e+00,1.392239042551002282e+00,-1.007291003434662713e+01,3.438659565945656027e+00,1.365343590547205643e+01,-7.372407527862815613e+00,-5.239893780699785175e+00,-4.232727415410877825e+00,3.048391790567321991e+01,1.121135653881995076e+01,1.532141083718918217e+01,-1.992332298961864367e+01,-7.002939415305784898e+00,1.744600544067404968e+01,-4.586270559233075694e+00,2.938363040097860335e+01,-8.862601239860296687e+00,4.442524127471647155e+00,-1.032092769461812942e+01,-5.344275310940016510e-01,1.055458474004399427e+01,-1.445954621772724735e+01,-9.328006515334605453e+00,-7.323472396701700582e+00,4.184392424531058197e-01,3.368712216538933379e+00,-8.248133737317971281e+00,1.712324861060486825e+01,1.305966161978434492e+01,-1.510389119185541595e+01,-7.262729625222211993e+00,-7.808890270231256814e+00,-2.294220370974976930e+01,-1.538669797696480712e+00,7.933930445602066506e+00,-3.833401427112442583e+00,2.672067868362635323e-01,2.799256908708601443e+00,2.248038125052621794e+01,-1.515312553562467812e+01,-7.423537691221004486e+00,-3.287997726089324058e+00,1.608208860689657271e+01,2.590306962606380381e+00,5.035855573104511151e+00,1.598049393373834626e+01,1.037523553575169899e+00,-7.764738371307635667e-01,-1.817923937290170144e+01,-1.312661085382555015e+01,3.710135724906825416e+00,-1.996181071001385021e+01,5.313049206034135885e+00,-6.138417951992151345e+00,8.724092476781674321e+00,1.089750923549339667e-01,6.781963482604715487e+00,4.242690822215591240e-01,-4.001077661540047181e+00,1.107959525446290527e+01,-3.230557723293694394e-01,-1.164469980250930625e+00,-1.251483192064947225e+01,1.653791557360780118e+01,3.335170405910447222e+00
-3.444159488950777614e+00,-4.029824031266510076e+01,1.676306200464572171e+01,2.886036982643880933e+01,-2.614359137857669779e+01,-2.951369079221710123e+01,3.445906444821890346e+01,2.447048585054331760e+00,4.600935893050957759e+01,-2.256840108917931431e+01,6.993232764378774391e+00,-8.260765385246885728e+01,7.553466886728768870e+00,-3.254133343905344589e+00,3.358510435478275014e+01,-6.887814569054006242e+00,1.332804174530233965e+01,8.145220650594893641e+01,-1.930989619655376188e+01,-7.463565520467462910e+00,-2.919577042450213611e+01,-8.012670005791777683e+00,-3.700302146425293870e+00,2.610135153131172281e+00,1.260090903462836254e+00,-1.846550997101898162e+01,-3.055247888250014654e+01,6.773375275881512891e+00,1.147328859452537664e+01,6.296753091164963934e+01,2.015289014032774517e+01,3.775491327547715770e+01,1.980013230667918478e+01,1.655321296006973242e+01,-4.627372381393320211e+01,8.946844124930006359e+00,9.914282604661867282e+00,-3.817650301045630812e+01,1.097873704136664585e+01,5.686767315533850109e+01,-1.720014696794092757e+01,-6.490018152827131459e+00,-1.626587227158265314e+00,6.269378682848673634e+01,2.303989336566228374e+01,3.273421137410542059e+01,-4.711051549099286717e+01,-1.677883697246465644e+01,3.666751080150923769e+01,-1.761264485625872567e+01,6.509392965337167425e+01,-1.808356061442486507e+01,2.267545381989019049e+01,-2.765299013608503742e+01,-3.333592321511149592e+00,3.272454010134557478e+01,-3.765245843587221941e+01,-2.651307592371476929e+01,-1.794135155309326635e+01,2.124025881618414502e+01,1.502308686750341948e+01,-1.251205192244987963e+01,2.742399589217281530e+01,1.949444553370823030e+01,-3.385096535668915152e+01,-1.191936134432763517e+01,-2.008768582006083392e+01,-5.385376339661825540e+01,-5.747223380991621333e+00,1.173700599876527662e+01,-8.772726528102646526e+00,9.858415189810717516e-01,1.897532732023841096e+00,5.663676993246949820e+01,-3.328471876808779939e+01,-1.590186764824563248e+01,-6.853121487443357474e+00,3.254804999411555855e+01,1.088288358460329164e+01,1.432212443013314740e+01,4.511140273685355595e+01,2.952050712725776682e-01,6.986830200250595091e+00,-4.480257373306934454e+01,-3.070038475442884973e+01,7.457184600005597019e+00,-6.573524936885915793e+01,1.613804881127754243e+01,-2.515459802718232396e+01,1.071175160456831499e+01,-2.245981790291543767e+00,1.763097010547001275e+01,9.834728827316586930e+00,-9.095965506760865793e+00,9.642520430552377064e+00,6.178462778700743563e+00,-8.196812727627589279e-02,-3.037065656382010559e+01,4.433074301045987653e+01,4.756207707775354621e+00
-5.533659920153106704e+00,-5.648879677264473287e+01,2.425082519214747734e+01,4.339480696872194443e+01,-3.634721509567046382e+01,-4.537227404885068438e+01,5.270256646769855280e+01,1.985297024702132873e+00,6.726353584492099458e+01,-3.158522649800080018e+01,8.717928033011032696e+00,-1.215044564382748860e+02,1.300589057098795287e+01,-5.548387455857535677e+00,4.729770314316203894e+01,-1.211940181564624908e+01,1.873403054717341476e+01,1.217774545757352485e+02,-2.825743535848444310e+01,-1.058190207775394853e+01,-4.413811743113941333e+01,-1.156260200695688667e+01,-5.001297675912333318e+00,2.857392552075462167e+00,4.279577802719003010e+00,-2.684569803398164822e+01,-4.323097414880665923e+01,8.334601403064720415e+00,1.627132200377502258e+01,9.139302588546090078e+01,2.386446179084874331e+01,5.394853443788660741e+01,2.860749490138147877e+01,2.567402338939789175e+01,-6.853648277717184101e+01,1.381630311965559699e+01,1.324437071604737781e+01,-5.322321786782075037e+01,1.556159121102447784e+01,7.864358569563201229e+01,-2.531685411594325075e+01,-1.071270488295385093e+01,-4.062702535213167820e+00,9.398336349159866643e+01,3.454281234054882077e+01,4.879053818602269388e+01,-6.921471032758296360e+01,-2.460758833312760885e+01,5.478698189487669623e+01,-2.452569901191388624e+01,9.651136069491107605e+01,-2.714172083862093032e+01,3.088568156018711974e+01,-3.997944950922475016e+01,-4.484594544776107305e+00,4.652863877218094046e+01,-5.462807930974991422e+01,-3.806360478731920693e+01,-2.623480492703103195e+01,2.716443878615400109e+01,2.066335035598364200e+01,-1.977805931564561703e+01,4.289895181719470685e+01,3.091373192491904831e+01,-5.010573183839829881e+01,-1.856052579847186834e+01,-2.918890888485936230e+01,-7.920075119216659232e+01,-8.022912819518897010e+00,1.864576615501403722e+01,-1.294709742929628860e+01,1.377743351567152663e+00,3.730197713793643732e+00,8.251615059710665889e+01,-4.941005163501134234e+01,-2.369266844591494348e+01,-1.025254316395323251e+01,4.891317343091802172e+01,1.503952892173058054e+01,2.056017681183111279e+01,6.481585606212229322e+01,8.644381440506855308e-01,8.504145213253078595e+00,-6.546142158842795311e+01,-4.517256255404234366e+01,1.121869178898103847e+01,-9.287912637526797255e+01,2.299651942203156807e+01,-3.483358926388201837e+01,1.771699041406316155e+01,-2.800104591166097556e+00,2.558518409552319639e+01,1.268655142398485935e+01,-1.343661855559380491e+01,1.747111639026405072e+01,7.691812099150031834e+00,-6.536193529036256056e-01,-4.446521608354730404e+01,6.408778374685944357e+01,7.612531069627868519e+00
-3.292732042803766745e+00,-9.506171989291264168e+00,6.600303037780552273e+00,1.713772977713508183e+01,-5.112684608724265445e+00,-2.102294546986864887e+01,2.358835085040209734e+01,-4.500693955738173102e+00,2.058501595277063601e+01,-5.146505868811838802e+00,-2.163319700480994090e+00,-3.954575124274993669e+01,1.027850874506873602e+01,-4.235802506726609629e+00,8.692815391584890250e+00,-1.028526069636688689e+01,3.323974928391511874e+00,4.592476641746126376e+01,-8.735258595457713326e+00,-2.181337605731769269e+00,-1.817682894965354734e+01,-3.052345062223938754e+00,-2.203716328276297265e-01,-2.200759370325063191e+00,9.129703331452125425e+00,-7.734426259376493640e+00,-8.625168431827518134e+00,-2.479245403484584997e+00,3.368712170433991737e+00,2.584374178602679351e+01,-1.065742037204254089e+01,1.250809040478895717e+01,7.666067593209648479e+00,1.258627322952296268e+01,-2.381865736524301980e+01,6.591022475018409210e+00,4.328459083485292069e-02,-7.981587750205425991e+00,3.194118111084419454e+00,9.648389456797197283e+00,-8.296614515887497987e+00,-7.207425789028471641e+00,-6.648477836225072046e+00,3.623119765779101442e+01,1.332910733753022114e+01,1.793031481645565961e+01,-2.227726928120693373e+01,-7.780117291415186820e+00,2.055515484365033174e+01,-3.581374347416644177e+00,3.385777611445966784e+01,-1.056628939357746333e+01,2.185901545051265771e+00,-1.079799691832983477e+01,-1.245149470236064371e-01,1.002647166574964999e+01,-1.537684034027656566e+01,-9.411697930387395772e+00,-8.046056917645707074e+00,-4.160271768401061721e+00,2.153805316858631080e+00,-1.082047998141834455e+01,2.213236946116802528e+01,1.720490830755313283e+01,-1.731432160772234141e+01,-9.321585257589092066e+00,-8.360624091213251674e+00,-2.574314454454741963e+01,-1.238493653225103630e+00,1.047648590205589159e+01,-4.352984634879832448e+00,2.178721835606690360e-01,4.209062850958538604e+00,2.434115357344161623e+01,-1.752539033262420887e+01,-8.678127305387610235e+00,-3.887110538462621001e+00,1.923448792987640488e+01,1.808983324753673294e+00,5.079056719521950036e+00,1.619474191990935452e+01,1.653325531020566563e+00,-2.884605742146294283e+00,-1.991206705041554059e+01,-1.475492709941381442e+01,4.449197136789946327e+00,-1.808458177260386179e+01,5.123784410337366424e+00,-4.432051415375119596e+00,1.202132778751390774e+01,6.940410994563612768e-01,7.218868435512283632e+00,-1.543967566977554995e+00,-4.557211781386159011e+00,1.617242724939264420e+01,-1.947840603730754960e+00,-1.912606889184006009e+00,-1.381561330625574335e+01,1.729767057614299119e+01,4.444580603096913940e+00
-5.894460534032265997e+00,-5.143555367850299120e+01,2.299444489817108206e+01,4.307716057407636612e+01,-3.273190557678868373e+01,-4.616514897041903254e+01,5.332236631814340910e+01,5.555608584183158172e-02,6.460432784085845981e+01,-2.869857929160919952e+01,6.622386373531318426e+00,-1.175565496896880120e+02,1.477422129349840318e+01,-6.248744604887654930e+00,4.333242754600834701e+01,-1.402354503494176541e+01,1.712025723093951157e+01,1.201002557191993105e+02,-2.717200639845368926e+01,-9.780459227482795725e+00,-4.408521890569685553e+01,-1.092927651418697899e+01,-4.328753545929140856e+00,1.629956098872083370e+00,6.944385361167634940e+00,-2.560994903951123192e+01,-3.985299183301560078e+01,6.182235722465581063e+00,1.504425760308319227e+01,8.700949906722600247e+01,1.641194494069592835e+01,5.036536090666003673e+01,2.708192339026289730e+01,2.637287110240580290e+01,-6.685765294605749887e+01,1.412635487186152616e+01,1.126754126149638680e+01,-4.810874165672861125e+01,1.437802694434213890e+01,7.030886138898227955e+01,-2.451484726718992135e+01,-1.171305645756274671e+01,-5.860932160400261992e+00,9.297459182916452392e+01,3.417662326305107001e+01,4.794838033145704514e+01,-6.687524158931746854e+01,-2.372510470477857325e+01,5.399395580735573930e+01,-2.213389523080250143e+01,9.426213422933540187e+01,-2.688771498740578636e+01,2.703134180261474029e+01,-3.787807560013490615e+01,-3.855045700970642919e+00,4.316238503159567585e+01,-5.198231882323631936e+01,-3.574805548663681520e+01,-2.520389629454626501e+01,2.157005561450446862e+01,1.833525164406490049e+01,-2.072398054803652201e+01,4.446597877217363504e+01,3.249811513131538732e+01,-4.884247480219150361e+01,-1.914641086519030466e+01,-2.782757782618803333e+01,-7.661500358184147785e+01,-7.264760560564517355e+00,1.963736766485347474e+01,-1.257684154826311840e+01,1.249429903309767775e+00,4.694397283911432517e+00,7.892353943433444385e+01,-4.832794652956328463e+01,-2.327326974285825045e+01,-1.011882822851930186e+01,4.852520312800175617e+01,1.343252709159149383e+01,1.930772158077148504e+01,6.093383171801337284e+01,1.333561141400356753e+00,6.179368873818567032e+00,-6.282944897735202261e+01,-4.372392980689005526e+01,1.114332929750568368e+01,-8.546007897605426251e+01,2.139374425032521643e+01,-3.119932940940097410e+01,1.940817559192146291e+01,-2.127326887682117196e+00,2.435222990212956518e+01,1.021841570411103106e+01,-1.306673056748983619e+01,2.070366507865537642e+01,5.828732275373766036e+00,-1.248422963191631485e+00,-4.278258754122993679e+01,6.071499778106400669e+01,8.078015283712264960e+00
-5.868740472716444501e+00,-4.574444882693903480e+01,2.111854470157281582e+01,4.091998137188416962e+01,-2.884393105325210271e+01,-4.460871136125248171e+01,5.132733281771898248e+01,-1.233193558391243450e+00,5.991420209399213093e+01,-2.547843761599363432e+01,4.926552591507782353e+00,-1.096160251188821491e+02,1.528564087512136638e+01,-6.433350762370203313e+00,3.873244602013515703e+01,-1.465939059518114362e+01,1.527143281004378927e+01,1.135583590982149929e+02,-2.522138370826802145e+01,-8.804562768892703062e+00,-4.205897745667077459e+01,-1.001355317853342086e+01,-3.684983325668632403e+00,7.382139732418417921e-01,8.406950598137838071e+00,-2.362967857679386796e+01,-3.580160081190118149e+01,4.468404864000305565e+00,1.354694493697146207e+01,8.015818840222608799e+01,1.070338026853823266e+01,4.570244162479994543e+01,2.484199845811119900e+01,2.564762260295898599e+01,-6.271921896075995306e+01,1.369503895615050482e+01,9.441048241316508438e+00,-4.252706870758466806e+01,1.293979705714246364e+01,6.157817429134925646e+01,-2.287313842761607319e+01,-1.185083951163755245e+01,-6.794823606362869306e+00,8.810327854054554564e+01,3.238905593353214840e+01,4.522160098766669734e+01,-6.229567405736275276e+01,-2.206542170627891863e+01,5.102689341480299134e+01,-1.954005936942682098e+01,8.850586575872766559e+01,-2.550410442389169319e+01,2.324149481176606002e+01,-3.476678068837232871e+01,-3.261327018925973764e+00,3.896935225073440989e+01,-4.787119322717189362e+01,-3.259020135942563456e+01,-2.337849739045685382e+01,1.686705147982491226e+01,1.595543232859033544e+01,-2.041853126200843604e+01,4.350227904167610404e+01,3.208647825770395201e+01,-4.579463873749730141e+01,-1.867223115481929341e+01,-2.566344961861510399e+01,-7.143141399935835523e+01,-6.431333141430268796e+00,1.941143966022504586e+01,-1.176205585827914391e+01,1.107477525268372842e+00,5.125061397318611434e+00,7.296458125673098039e+01,-4.542409183263148265e+01,-2.194265506424960321e+01,-9.572714583014681367e+00,4.607510530682037597e+01,1.175476188073109896e+01,1.760093788221888644e+01,5.559442306552058710e+01,1.586021745956291751e+00,4.350749684124121330e+00,-5.823763390650501748e+01,-4.078369870398046260e+01,1.058984096252310003e+01,-7.665546156584410653e+01,1.935925067426311585e+01,-2.736793823203005971e+01,1.965889565813724005e+01,-1.582822115468539792e+00,2.243062355761177784e+01,8.111830427491149464e+00,-1.223006565599970052e+01,2.192325138611307622e+01,4.323685647037061486e+00,-1.588499165120774936e+00,-3.972890299041880269e+01,5.572489753358738795e+01,8.023456546323460614e+00
-4.901066323131685110e+00,-3.817045912655626694e+01,1.762620217233945041e+01,3.416154477445840598e+01,-2.406647949667251396e+01,-3.724557799508463063e+01,4.285405459436994136e+01,-1.037249247047790313e+00,5.000988836554412842e+01,-2.125963982336422475e+01,4.104668861200376107e+00,-9.149924587187452119e+01,1.276855396462116587e+01,-5.373795708295578955e+00,3.232069561968144455e+01,-1.224625874430076777e+01,1.274320646176475869e+01,9.479963119448946429e+01,-2.105221565196789868e+01,-7.347458172701585966e+00,-3.511351258898214667e+01,-8.357476757976709081e+00,-3.073795541549625199e+00,6.114175152456433615e-01,7.029325374823039319e+00,-1.972275149146881645e+01,-2.987616645712993346e+01,3.721949089711602099e+00,1.130502747004958763e+01,6.690408328070780897e+01,8.906201292714104767e+00,3.814125031120303788e+01,2.073372378163464447e+01,2.141518369707743119e+01,-5.235561824070289560e+01,1.143479555101881395e+01,7.874153288476812840e+00,-3.548412503538188645e+01,1.079831216378870451e+01,5.137645638556027450e+01,-1.909286928830894325e+01,-9.897883639533461064e+00,-5.679955671245121351e+00,7.355064662724899449e+01,2.703914865188502148e+01,3.775074090737381027e+01,-5.199937966216099028e+01,-1.841821099619187052e+01,4.259759371073087664e+01,-1.630384685570017922e+01,7.388180796363161562e+01,-2.129156550146914739e+01,1.938822778001841129e+01,-2.901731781884135586e+01,-2.720269591976922197e+00,3.252086972473289705e+01,-3.995561092001633341e+01,-2.719930588817718586e+01,-1.951386495318465109e+01,1.405946644761707987e+01,1.331140797972705592e+01,-1.705056421540692568e+01,3.632493910666185855e+01,2.679431363863108473e+01,-3.822747311426283545e+01,-1.559119733796199547e+01,-2.142018252214071694e+01,-5.962554092168355169e+01,-5.366295671559867309e+00,1.620995710995075001e+01,-9.818295854657087318e+00,9.240866827210361123e-01,4.282597908985566804e+00,6.090151954725012473e+01,-3.791883742055278361e+01,-1.831756345218409621e+01,-7.991426538558718207e+00,3.846511594723342853e+01,9.807275001612154597e+00,1.468947801720505453e+01,4.639856429916978442e+01,1.325990459008626887e+00,3.623035001809165045e+00,-4.861028267215417031e+01,-3.404325700273641786e+01,8.840826180694001835e+00,-6.396766262247054158e+01,1.615604147038995819e+01,-2.283414373836196631e+01,1.641933986063072126e+01,-1.318766029385939786e+00,1.872170913931119074e+01,6.762471940031612228e+00,-1.020902404943973174e+01,1.831592552295365550e+01,3.602281030375295678e+00,-1.328559911358682344e+00,-3.316170806133585813e+01,4.650952385960876256e+01,6.700388724251959971e+00
-1.532546557977764845e+00,-1.757030788940037169e+01,7.341741317442775916e+00,1.271188196930601677e+01,-1.138566036228111678e+01,-1.304317173704692046e+01,1.521679808887044416e+01,1.003729701215764436e+00,2.018151454361305497e+01,-9.837770547275212607e+00,3.001640639558608381e+00,-3.626715560816717243e+01,3.399113022702799025e+00,-1.461989249222305443e+00,1.465292122913189132e+01,-3.110922431892064743e+00,5.813356857310559178e+00,3.584615840667984088e+01,-8.471272716866037555e+00,-3.259401766593315042e+00,-1.287006685098023162e+01,-3.508043502139688741e+00,-1.605235806366187123e+00,1.102982785609022409e+00,6.593371739002514831e-01,-8.093137258647907117e+00,-1.333873755342197143e+01,2.902494747423732591e+00,5.010674104652535377e+00,2.759105500428700708e+01,8.594987069095434862e+00,1.650622899784688968e+01,8.670272515863672425e+00,7.325363343958729345e+00,-2.033624925416637552e+01,3.956649564206645042e+00,4.294125675869797654e+00,-1.663247026481790058e+01,4.794325233165676714e+00,2.474781656419487064e+01,-7.552142415955745314e+00,-2.900341583498261322e+00,-7.871746599644070530e-01,2.760178695143552119e+01,1.014380097739222109e+01,1.439939441677827325e+01,-2.067945519606857729e+01,-7.363256993988209764e+00,1.613546063091493821e+01,-7.672097237222388344e+00,2.861167921986467633e+01,-7.962971559024558665e+00,9.847284210977974794e+00,-1.211009652807293691e+01,-1.445231430170349718e+00,1.429683464171093021e+01,-1.649756332482491317e+01,-1.159917898108271928e+01,-7.870018081531282128e+00,9.146758436612220322e+00,6.532867556418441524e+00,-5.553277126458354473e+00,1.215199367532432895e+01,8.656609129297088145e+00,-1.487536136447381274e+01,-5.277944823393569962e+00,-8.803448032429050940e+00,-2.364289577696645850e+01,-2.504369330352741674e+00,5.213345958114182110e+00,-3.853389631070389676e+00,4.296508831234950310e-01,8.741522448050844663e-01,2.483068561340084557e+01,-1.463276343050248762e+01,-6.994643784156158617e+00,-3.016266332861466282e+00,1.433500511773710251e+01,4.735574471592975065e+00,6.265708898306728614e+00,1.973799441717319425e+01,1.484220466191903953e-01,2.989890731537235613e+00,-1.965051549412080334e+01,-1.347908240644461841e+01,3.284864212017335472e+00,-2.869310253511873654e+01,7.052689524850074498e+00,-1.094888497731756338e+01,4.788565290164378929e+00,-9.640312264601778036e-01,7.725305710735706377e+00,4.239918272743937067e+00,-3.995916831677723824e+00,4.377177106759472025e+00,2.651469354356606356e+00,-5.930236082704254397e-02,-1.332459601049525411e+01,1.941364051081155750e+01,2.115092352377121454e+00
-4.826947059485434011e+00,-1.584759553022971623e+01,1.029670046263615468e+01,2.581166833846212683e+01,-8.804858578911652245e+00,-3.129232175422550810e+01,3.519553921020438025e+01,-6.147055380984336459e+00,3.171829538898606060e+01,-8.627001224030310667e+00,-2.588238878203023674e+00,-6.056969240676909294e+01,1.486624333013147137e+01,-6.135323466183794316e+00,1.428598026883465621e+01,-1.483376555029201604e+01,5.493295442755648850e+00,6.942785362116379133e+01,-1.344617719962109703e+01,-3.524129319753478207e+00,-2.728758756305991540e+01,-4.778173265027866989e+00,-5.416213798474389662e-01,-2.916756954852735007e+00,1.286142425883233464e+01,-1.199177140322477619e+01,-1.400023956288882943e+01,-3.044400202079862616e+00,5.439095010128132124e+00,4.014901000524988461e+01,-1.365145652423094091e+01,1.989022423254129279e+01,1.198013649627331034e+01,1.866414398151584209e+01,-3.626221054180212633e+01,9.791347021916209314e+00,6.851223649067437194e-01,-1.357944740302907505e+01,5.163501603900494175e+00,1.709045101051310667e+01,-1.269915561585502850e+01,-1.049958228372518931e+01,-9.410668901602196712e+00,5.467473218775940325e+01,2.011275925810282672e+01,2.716534917172510433e+01,-3.415690020822424344e+01,-1.194949405116884478e+01,3.108802544500251841e+01,-6.123563964265355430e+00,5.150301155624532612e+01,-1.593246384805088667e+01,4.488748250864961875e+00,-1.685966486349584059e+01,-3.843173187017736581e-01,1.609895803066948972e+01,-2.390016602684804070e+01,-1.484697023657012593e+01,-1.239505230257309343e+01,-4.486622758702814906e+00,3.961773037761142646e+00,-1.593738240648856497e+01,3.271393737648387656e+01,2.531574221071691966e+01,-2.637327409454520222e+01,-1.380151880955659749e+01,-1.297066448416116913e+01,-3.943407316533063067e+01,-2.095983849393622478e+00,1.540695142997862810e+01,-6.647012315577112140e+00,3.671323780781594603e-01,6.012431433077312093e+00,3.764652208282006995e+01,-2.663311195527315789e+01,-1.315151152757465525e+01,-5.873844911580371253e+00,2.897953108153909341e+01,3.218204525025111451e+00,8.013118490393196680e+00,2.551512454693422427e+01,2.333335327574539431e+00,-3.598479289064827391e+00,-3.070011477462322702e+01,-2.259152999519108462e+01,6.698845922983888812e+00,-2.946013629008625401e+01,8.190128467100938892e+00,-7.789638738198847889e+00,1.750522559377942855e+01,8.302136287048922370e-01,1.121739481907550662e+01,-1.542122550166564743e+00,-6.953302205912421208e+00,2.324962257186416892e+01,-2.337881289978699151e+00,-2.682910152081980470e+00,-2.125567268781026797e+01,2.701010527871329003e+01,6.522242264617342578e+00
-6.658527122071888016e+00,-5.985581449060689607e+01,2.654444473050737585e+01,4.929246868415959426e+01,-3.817568990903350823e+01,-5.258378052595693930e+01,6.079937538093685134e+01,4.759325744560687355e-01,7.439218329492527459e+01,-3.341104054170565973e+01,8.015333178003094972e+00,-1.351765000243854331e+02,1.650465796538835406e+01,-6.990795799175675285e+00,5.036378075786042530e+01,-1.561782733663122258e+01,1.990835524444351989e+01,1.375978870314233120e+02,-3.128163608232518911e+01,-1.134749456167148551e+01,-5.038779889124404576e+01,-1.262432410157711438e+01,-5.090241920359705574e+00,2.124905399815899987e+00,7.365842651759055393e+00,-2.952879031152732381e+01,-4.626228122944408483e+01,7.524515039563583585e+00,1.745344348451652650e+01,1.003632744572957165e+02,2.034689066507367272e+01,5.831869605361767128e+01,3.127277033070097190e+01,2.998710069562337566e+01,-7.675753527734522663e+01,1.607601792727996326e+01,1.329801201156276136e+01,-5.606733026806142561e+01,1.668283958903936082e+01,8.212383624798837900e+01,-2.818470497090606486e+01,-1.317078522294379184e+01,-6.312988800619573126e+00,1.064583336677813747e+02,3.913213662856279029e+01,5.497095121336943180e+01,-7.691883391089871225e+01,-2.729946103417945835e+01,6.186877219610194345e+01,-2.580376534653463239e+01,1.081947429457913330e+02,-3.077907217751847568e+01,3.171270371212899875e+01,-4.373267779277570355e+01,-4.539743113950868825e+00,5.004144156553519451e+01,-5.996604977149706173e+01,-4.134446490970169918e+01,-2.902100992535327606e+01,2.584395692163480973e+01,2.144941250005837219e+01,-2.347926571140573770e+01,5.047666526851695323e+01,3.679719288997713988e+01,-5.608264187123795352e+01,-2.175351703846642692e+01,-3.208973143792274385e+01,-8.810116690113660809e+01,-8.463535223412273822e+00,2.222782209490167205e+01,-1.445078185773981616e+01,1.455157171087205104e+00,5.158240391100610722e+00,9.095434662064333509e+01,-5.545596871537196648e+01,-2.668416974273526421e+01,-1.159143610554265891e+01,5.553301610598331450e+01,1.569291253573307188e+01,2.233076089736117353e+01,7.045923682628301776e+01,1.423602984779235969e+00,7.558088822149953145e+00,-7.235819552444579017e+01,-5.027326495359523761e+01,1.274966894336501788e+01,-9.924153033654931733e+01,2.478934855380972024e+01,-3.642845453886322815e+01,2.181639896055285277e+01,-2.574705964507951528e+00,2.809098838059348324e+01,1.220417687285506148e+01,-1.501050288880987260e+01,2.296732461335372477e+01,7.058734367593674897e+00,-1.299452959704750832e+00,-4.924759895309938429e+01,7.010033297081476178e+01,9.131316361940680082e+00
-4.357352595602683287e+00,-4.173956935155464976e+01,1.820540526059104636e+01,3.318278684889991581e+01,-2.674279123523426449e+01,-3.504789235341132070e+01,4.061569055361141523e+01,9.171621864820456160e-01,5.075463690118405680e+01,-2.331912910306482090e+01,6.028855323971896496e+00,-9.195136371055261293e+01,1.052996233983347807e+01,-4.475191427504491060e+00,3.503166247671725131e+01,-9.892667415140039111e+00,1.386205700811186325e+01,9.287322887807856375e+01,-2.133198925427236503e+01,-7.864516676656231553e+00,-3.383595307298263322e+01,-8.669433241029546267e+00,-3.624812990943944158e+00,1.806395453074540303e+00,4.118443427619357777e+00,-2.020206483100124473e+01,-3.209688502594038084e+01,5.717026049635308915e+00,1.209457519081005650e+01,6.872015598362624189e+01,1.596490357230840651e+01,4.025253425843534671e+01,2.146236960775858904e+01,1.991044908427877047e+01,-5.203856230640337799e+01,1.069395648060918624e+01,9.537743380172235774e+00,-3.921575956929218876e+01,1.156388305861024079e+01,5.770196094800962783e+01,-1.916558558183274386e+01,-8.530190651113516154e+00,-3.680199161731978919e+00,7.176576673817798735e+01,2.637835339349698671e+01,3.715656647109527455e+01,-5.235145168035776919e+01,-1.859634963507644656e+01,4.177106680854596021e+01,-1.805996095454177919e+01,7.331544150281537497e+01,-2.073714837269519151e+01,2.247896542654787311e+01,-3.000363140214865254e+01,-3.242008611512007032e+00,3.462977041710414028e+01,-4.106785765587390102e+01,-2.846703641051436406e+01,-1.979780212052995836e+01,1.907891238131406908e+01,1.511764958095977818e+01,-1.546595434782932266e+01,3.339383890487739137e+01,2.420699721263808968e+01,-3.803314967617022546e+01,-1.441917513773529080e+01,-2.195982991665011497e+01,-5.993315631823030287e+01,-5.915435577357021302e+00,1.461185420586953754e+01,-9.813841620884815597e+00,1.016424775964311022e+00,3.163483263301035020e+00,6.216003821836306997e+01,-3.755642516078710713e+01,-1.803993779187732827e+01,-7.821422931354559793e+00,3.739313511348998276e+01,1.103061488600730300e+01,1.537602532919585663e+01,4.849365799297598301e+01,8.101945124340055315e-01,5.792963224967310865e+00,-4.938101751071612000e+01,-3.419139794867027149e+01,8.580737964631891757e+00,-6.890748759356633002e+01,1.713470313812921830e+01,-2.557594163415899402e+01,1.411902200000503171e+01,-1.936493673397089443e+00,1.923616712141732066e+01,8.955755421874897593e+00,-1.018940439939746945e+01,1.441408078208977983e+01,5.314796574032980558e+00,-6.879381499607871708e-01,-3.357546411237296269e+01,4.809503402795086657e+01,5.984628302537444711e+00
-5.089301047308648407e+00,-3.046788117283891850e+01,1.532522741822439194e+01,3.217085614317797848e+01,-1.870950691947806632e+01,-3.640348774181052249e+01,4.154414273962208881e+01,-3.238144843882634127e+00,4.453722029603829924e+01,-1.688542399820258666e+01,1.466562869576187644e+00,-8.255607021457956307e+01,1.422481845302088388e+01,-5.935534089577549466e+00,2.616415550665173839e+01,-1.388565457339392140e+01,1.025711315808816337e+01,8.834757887428403933e+01,-1.878807284156201973e+01,-6.064473433956885984e+00,-3.338636944244719729e+01,-7.222612167214482071e+00,-2.143811095527342836e+00,-8.487831324932675336e-01,9.803105316500786870e+00,-1.734639192124589968e+01,-2.452036100003933683e+01,1.035738556694663970e+00,9.338053842204981692e+00,5.861954015522247374e+01,-2.059207875532784726e-01,3.215417048730472516e+01,1.797147761104335117e+01,2.121430571673120724e+01,-4.791481895585243933e+01,1.125395650077582310e+01,5.195676891029127553e+00,-2.783756383895199349e+01,8.906093963643431977e+00,3.922127398600139969e+01,-1.725213232450681033e+01,-1.059483664678730719e+01,-7.507300617392360209e+00,6.888584267489697766e+01,2.532968002862629930e+01,3.497822921573209953e+01,-4.680516688060268393e+01,-1.651563707398923242e+01,3.965247979631406849e+01,-1.274167975018136190e+01,6.775491664778812151e+01,-1.998551604642528901e+01,1.397443741699836650e+01,-2.519078375952278037e+01,-1.857186018750302203e+00,2.705329940785760812e+01,-3.497550548696612083e+01,-2.320927144406875442e+01,-1.738625852622330115e+01,6.869519281577488812e+00,9.965455348214197429e+00,-1.734479343663393891e+01,3.642918291076795612e+01,2.737084044583798459e+01,-3.494134464370095117e+01,-1.553484052620861178e+01,-1.881688270959632803e+01,-5.378244986988075027e+01,-4.227756286380972561e+00,1.659732058854057613e+01,-8.920884648488430102e+00,7.306419893274351818e-01,5.203735056325175634e+00,5.382389690857499431e+01,-3.485857238041914030e+01,-1.695972401017645126e+01,-7.456473872883959686e+00,3.618830713013026212e+01,7.468330970345840925e+00,1.253237118175425913e+01,3.967137080864738152e+01,1.810098754305264901e+00,7.404838549518890645e-01,-4.323575574593578352e+01,-3.073943983102589073e+01,8.333625195897329974e+00,-5.228295537251920422e+01,1.352089849292729618e+01,-1.751352562795780798e+01,1.761249222877550125e+01,-4.717517413210954302e-01,1.639608859890465098e+01,3.563856522469717625e+00,-9.293509246736380902e+00,2.121636329686668887e+01,1.259056048642086090e+00,-1.959090923606340517e+00,-2.962686254070480985e+01,4.037084343974726863e+01,6.925341998812725386e+00
-4.406343792146301119e+00,-2.395488878573893743e+01,1.248123344316436345e+01,2.698038810962754752e+01,-1.453788675538589459e+01,-3.091741600106260535e+01,3.518756328686451695e+01,-3.375031427187560773e+00,3.660559517320348277e+01,-1.324695240353065628e+01,5.305027988947905726e-01,-6.818349433363582079e+01,1.257131756410304568e+01,-5.232978097157195307e+00,2.069691244061673530e+01,-1.233139560697421722e+01,8.093873747083446091e+00,7.382300043925611988e+01,-1.545432932920249947e+01,-4.836787815083490649e+00,-2.809280505727135591e+01,-5.868419172958129870e+00,-1.578999696841430600e+00,-1.127197496588793868e+00,9.149638448302725990e+00,-1.418994339751331957e+01,-1.951026287142008186e+01,1.486597316767426236e-01,7.450018847958738810e+00,4.788305401474494261e+01,-2.678168567095699615e+00,2.586879684102170884e+01,1.461884248758066995e+01,1.809685836697239836e+01,-3.977896319559388871e+01,9.579790588704458543e+00,3.710233402431660110e+00,-2.171963937436603231e+01,7.100938566478742331e+00,3.022214734780424550e+01,-1.425635945822470596e+01,-9.256835741855789834e+00,-6.925365214049879370e+00,5.766130735044542632e+01,2.120395404093265057e+01,2.916784602547366489e+01,-3.862262024227990054e+01,-1.360919854370972182e+01,3.311997473961077532e+01,-9.924328117721763931e+00,5.629217631840404579e+01,-1.674199097014676951e+01,1.047072505741033233e+01,-2.050381155421944968e+01,-1.352118423056042795e+00,2.164688292610111020e+01,-2.855936260991400033e+01,-1.876343777525730516e+01,-1.429235695732315037e+01,3.903713349860939985e+00,7.608219856471837517e+00,-1.492185596683527038e+01,3.119924294189470970e+01,2.357815247656733249e+01,-2.899525877185989131e+01,-1.327690766465016914e+01,-1.538585601965370842e+01,-4.441456388517414666e+01,-3.304862573179119245e+00,1.430785349262110628e+01,-7.386744606744497510e+00,5.720582891791584634e-01,4.705496834130806327e+00,4.411105495233938711e+01,-2.898645144668917695e+01,-1.413875256756865539e+01,-6.233244454782386867e+00,3.033935709800573122e+01,5.748056754459519802e+00,1.013102951002132102e+01,3.209766952163987952e+01,1.681735138366943660e+00,-1.578853440949146147e-01,-3.551894462772747119e+01,-2.539504320826971195e+01,6.991398689590578641e+00,-4.152755264870280882e+01,1.084560524321555697e+01,-1.352452777507665260e+01,1.539773532847393156e+01,-1.710842193397090760e-01,1.339074836180989436e+01,2.171148932398478060e+00,-7.700609920942609321e+00,1.895016665041035253e+01,4.339169743198301177e-01,-1.849424449578624285e+00,-2.437963186150889783e+01,3.285776480533590416e+01,5.987433756292884546e+00
-6.837787083898512641e+00,-5.929777383414904790e+01,2.655443000348486393e+01,4.983802254786920116e+01,-3.771717165477429035e+01,-5.346169676675091154e+01,6.173680588724388940e+01,-2.260394451008718164e-02,7.464553519387867198e+01,-3.308229702819256346e+01,7.569589745763034117e+00,-1.358680390573499608e+02,1.717753684390304869e+01,-7.263083391650519971e+00,4.996918199924378001e+01,-1.631491014930156425e+01,1.974025774494729646e+01,1.389140704945451148e+02,-3.139673549548098919e+01,-1.128263794047759561e+01,-5.101654988308926875e+01,-1.261971141243772188e+01,-4.979293668213356838e+00,1.831042708167080590e+00,8.156595241071364910e+00,-2.958222907682659297e+01,-4.596894775813525058e+01,7.057653467912379242e+00,1.735515920726546568e+01,1.004969390283500701e+02,1.865761866517424394e+01,5.812545987540993764e+01,3.127266425848152309e+01,3.055225988358525413e+01,-7.729741001541611922e+01,1.636210659662150135e+01,1.295067923292367951e+01,-5.544496420686073179e+01,1.658610279255663755e+01,8.099170312546907269e+01,-2.833442172917904145e+01,-1.360032995451049942e+01,-6.863714028537151179e+00,1.075521883016765514e+02,3.953542486677345380e+01,5.545176742519073088e+01,-7.728801586354317976e+01,-2.741684470107646021e+01,6.245040206036775032e+01,-2.550740419621935828e+01,1.089863763363396458e+02,-3.110517048798939754e+01,3.110926079207058237e+01,-4.374090392075244438e+01,-4.433017277226065644e+00,4.979936970204741442e+01,-6.003894506760588712e+01,-4.126623023560056680e+01,-2.912153658598963801e+01,2.471066913666550136e+01,2.111417951742733123e+01,-2.402603905916398119e+01,5.153014219801344353e+01,3.768075729583025435e+01,-5.646752241274769801e+01,-2.218413684581028633e+01,-3.214299093930986828e+01,-8.854855522431287795e+01,-8.373220180721395067e+00,2.277058097460395203e+01,-1.453825134314625167e+01,1.440161885903022077e+00,5.476149732208176246e+00,9.117483713861457773e+01,-5.588022667807951649e+01,-2.691479834950072814e+01,-1.170429389674987597e+01,5.613976523033151267e+01,1.547282718716572347e+01,2.228803644351413737e+01,7.034267982726251489e+01,1.564428337867281193e+00,7.046571923104191448e+00,-7.259273022577905010e+01,-5.053558621707530563e+01,1.289255591741322604e+01,-9.856713442510017842e+01,2.468637307112006241e+01,-3.594269891214160140e+01,2.253684447404398838e+01,-2.431616615809748971e+00,2.812682201640253865e+01,1.171442351054509601e+01,-1.510520656065422607e+01,2.410549716009785470e+01,6.661577868959496662e+00,-1.471559151747803496e+00,-4.943565282735026756e+01,7.011235917734165923e+01,9.369484811783454603e+00
-4.196190157030031287e+00,-1.940442558584896915e+01,1.077905660079554018e+01,2.446597400194114513e+01,-1.150976312510485045e+01,-2.859813937847082954e+01,3.241067303757257179e+01,-4.017331976132442861e+00,3.211161782589411473e+01,-1.068575958746769849e+01,-5.339829831705449337e-01,-6.030117072926510957e+01,1.233076093312806343e+01,-5.115482480158488166e+00,1.696000756123925157e+01,-1.217780799471182895e+01,6.601845434461893092e+00,6.655054650051131659e+01,-1.357513647218545039e+01,-4.024326748765806983e+00,-2.560970590622521925e+01,-5.047393570581586886e+00,-1.114134546452378416e+00,-1.624924090989690484e+00,9.643927709968538764e+00,-1.234832162990393911e+01,-1.616248501877396393e+01,-9.100314892661440780e-01,6.202186732708780070e+00,4.156485987465764964e+01,-6.064565909575943436e+00,2.186512209170809484e+01,1.259889811488746147e+01,1.685337007634539219e+01,-3.548369631638659882e+01,8.892437745774504521e+00,2.425276950911428031e+00,-1.733495414050074857e+01,5.904775756562859357e+00,2.352921254704492071e+01,-1.261965364028751857e+01,-8.933102641135889144e+00,-7.193210329451813045e+00,5.212732979713763370e+01,1.917124607814066195e+01,2.620726124297794613e+01,-3.410754441929275771e+01,-1.199000453050763504e+01,2.983754990138720586e+01,-7.894190227730180531e+00,5.027531041918594212e+01,-1.515409240808156355e+01,7.682245233822438735e+00,-1.768934042670321460e+01,-9.279880303115657370e-01,1.811790377276562580e+01,-2.477575731568104089e+01,-1.599715150468766645e+01,-1.254129455726593889e+01,8.443103783694532183e-01,5.811631928082364063e+00,-1.407613502103754222e+01,2.923142123393434133e+01,2.228541278689917249e+01,-2.584518764568379723e+01,-1.240016051941707786e+01,-1.337861085554922447e+01,-3.927319159336441601e+01,-2.647437583269392825e+00,1.353803492679431386e+01,-6.560712036519110057e+00,4.596791413829993123e-01,4.762325280036137976e+00,3.850706574888648248e+01,-2.592516007178574711e+01,-1.269821746998828793e+01,-5.623032611871919606e+00,2.749695384123974762e+01,4.464517019858114111e+00,8.636342107976934912e+00,2.740393711622298412e+01,1.762541266248874638e+00,-1.273524289170401502e+00,-3.113325312686143675e+01,-2.246983715354995326e+01,6.343217273451712934e+00,-3.429054986125167659e+01,9.118214300737722766e+00,-1.057584037304691549e+01,1.487245994467163968e+01,1.707379416216490142e-01,1.162039344934576057e+01,7.821307479173214006e-01,-6.847300925834694851e+00,1.886298784212679536e+01,-5.091827164635160941e-01,-1.976621682929944113e+00,-2.142956567996357720e+01,2.834494767963876782e+01,5.689833935008062227e+00
-6.978699070235760971e+00,-5.815099209778549039e+01,2.633228317420931575e+01,5.001178924788217017e+01,-3.687161716533448441e+01,-5.397628741313545220e+01,6.224541157017476678e+01,-5.813970541372519563e-01,7.427367374495577224e+01,-3.242298271050835012e+01,7.003276461935313613e+00,-1.354495183328237715e+02,1.778106767039313496e+01,-7.504566813514665924e+00,4.908763557043246806e+01,-1.695316020859360151e+01,1.937831135935269700e+01,1.391691754101848062e+02,-3.124989849744231662e+01,-1.111077201073402954e+01,-5.127324651469174199e+01,-1.250364559041115164e+01,-4.811136456947210149e+00,1.485454639954808975e+00,8.971563915545699430e+00,-2.938219882529197591e+01,-4.523609803320428568e+01,6.472159706834997195e+00,1.709245065731378332e+01,9.976371108668212173e+01,1.659954550302713017e+01,5.739802229883070339e+01,3.099774159526813833e+01,3.091748002857954702e+01,-7.722351376376786902e+01,1.653910842097439371e+01,1.244742491141866125e+01,-5.425991259336274908e+01,1.633188734419326238e+01,7.901057931563660475e+01,-2.825330957299673074e+01,-1.396245278222052733e+01,-7.420909327779205533e+00,1.078335913155899846e+02,3.964020653925945936e+01,5.550361611766179237e+01,-7.702281025101147804e+01,-2.730754163600599682e+01,6.255379018532337199e+01,-2.495096230714687024e+01,1.089163064268284558e+02,-3.119748133094282139e+01,3.015927329302380500e+01,-4.336576112645614955e+01,-4.274394833963227391e+00,4.909033859938406863e+01,-5.959309704226213000e+01,-4.081588775184920337e+01,-2.897835262563120295e+01,2.322281157516506767e+01,2.055275677488648611e+01,-2.442799195999691264e+01,5.225855620509373978e+01,3.834035361297461009e+01,-5.640287596884519417e+01,-2.247203623571596154e+01,-3.192025738428074533e+01,-8.827208944938298885e+01,-8.198374665536180217e+00,2.317906473625076558e+01,-1.450857520074480256e+01,1.410692990688569015e+00,5.784489646031702570e+00,9.062088066194074543e+01,-5.586489354419026654e+01,-2.693688456983264246e+01,-1.172798774790357434e+01,5.632677246263817494e+01,1.509008801612565698e+01,2.204427829980239295e+01,6.959386301792790164e+01,1.708583757165763384e+00,6.411105066853371781e+00,-7.221780841263621653e+01,-5.038564427509798094e+01,1.293947878183447564e+01,-9.694481410237598595e+01,2.435398252048456058e+01,-3.508219700632594851e+01,2.314661602982101130e+01,-2.249808026093576441e+00,2.791984090843093824e+01,1.106234132652667590e+01,-1.507865982925427417e+01,2.516986728140236806e+01,6.157722446334886968e+00,-1.651604766448556028e+00,-4.921210292864255109e+01,6.950974217185387261e+01,9.554201941732088699e+00
-4.379863500755177164e+00,-1.957617119458365451e+01,1.103078352654321925e+01,2.529279361479029120e+01,-1.154933656863710034e+01,-2.968196424523592114e+01,3.361088350716317308e+01,-4.352891771111307762e+00,3.297077336032693751e+01,-1.076986412103689972e+01,-7.639793847955482775e-01,-6.201996470100193193e+01,1.294187949056565579e+01,-5.365656933279599805e+00,1.715562360805033393e+01,-1.279724863589532191e+01,6.670908765268206864e+00,6.871762574586497863e+01,-1.394224923446428832e+01,-4.084801225787857426e+00,-2.650336377795628451e+01,-5.160729208801615897e+00,-1.085445351811086923e+00,-1.805702598917121815e+00,1.025110289199825964e+01,-1.265721510981894049e+01,-1.638931030803011524e+01,-1.158956947689620876e+00,6.296204797243575513e+00,4.258202866985957513e+01,-7.028742289135415433e+00,2.227144461743198178e+01,1.288737067765553590e+01,1.751543342183086338e+01,-3.656005564604841140e+01,9.235849868485818348e+00,2.311128348009389377e+00,-1.742788112145233015e+01,5.992738903851364540e+00,2.351494627070827192e+01,-1.298179740708395613e+01,-9.347531425438766917e+00,-7.626996936895175772e+00,5.385548770523460860e+01,1.980730856272008822e+01,2.704233010775273272e+01,-3.506899692484333286e+01,-1.232193253259107912e+01,3.080500761907555329e+01,-7.930186083173026645e+00,5.181340559668709034e+01,-1.566044789735166809e+01,7.563362705713498002e+00,-1.809845869747131886e+01,-8.970987977966595750e-01,1.841455348310973861e+01,-2.537875404009331604e+01,-1.632527696553950136e+01,-1.287761203781956354e+01,3.099784157516864980e-01,5.780944789882825674e+00,-1.466561516851571056e+01,3.041551884606852951e+01,2.322743080472586641e+01,-2.662509541357444220e+01,-1.289451280360225383e+01,-1.371101116589596813e+01,-4.039114905491688745e+01,-2.663942545235744142e+00,1.411323090451438134e+01,-6.753690534042539717e+00,4.628802037674366043e-01,5.026700651570433109e+00,3.949662750764083796e+01,-2.672613709337842636e+01,-1.310168986115587764e+01,-5.806940981893886189e+00,2.842308212736191564e+01,4.459235254600589116e+00,8.813247919257241492e+00,2.797456431783639275e+01,1.871704979198351770e+00,-1.552590353341698481e+00,-3.196081022812794359e+01,-2.311257053006426077e+01,6.558289167798586838e+00,-3.474635376393113972e+01,9.276719735929136235e+00,-1.058071946471834224e+01,1.556502401106437006e+01,2.445542175113430972e-01,1.190401583896268001e+01,5.607733208632330602e-01,-7.050376786716700650e+00,1.985101842623370061e+01,-7.148740451809043606e-01,-2.105970242773800294e+00,-2.201219274097080714e+01,2.899994401747569128e+01,5.936492580771128402e+00
-5.052345770725398921e+00,-7.756663727757467086e+01,3.058340447183755018e+01,4.898295881703124621e+01,-5.099202398504311162e+01,-4.786814706344341630e+01,5.649767047980876100e+01,7.938805819587982704e+00,8.237185858270115091e+01,-4.355270344954482908e+01,1.588507794667438766e+01,-1.462503730493975524e+02,9.136605854241970803e+00,-4.058449477959721108e+00,6.415535554814783836e+01,-7.751215257591376862e+00,2.553959074346103719e+01,1.397970986307680903e+02,-3.451012217487169664e+01,-1.409847640141996905e+01,-4.901816196198259235e+01,-1.468395025788622377e+01,-7.537280364033336788e+00,6.814818362234746907e+00,-3.190469220096864067e+00,-3.339454296786495746e+01,-5.790626641471430958e+01,1.562979095689889064e+01,2.166289792830623284e+01,1.142130885511654839e+02,4.858955312613225885e+01,7.038103423544505688e+01,3.620708586345106994e+01,2.634196891097948878e+01,-8.086432789549625966e+01,1.437219182725448796e+01,2.054266327258651614e+01,-7.413382151516653096e+01,2.074781238527593885e+01,1.118545230535064690e+02,-3.041170947948440073e+01,-8.882835833117322721e+00,8.524318969997776163e-01,1.070405009325955206e+02,3.932824003422398107e+01,5.651647067439356675e+01,-8.358056171196190576e+01,-2.986597693671386011e+01,6.300834915411748227e+01,-3.426563733126204880e+01,1.135294097828410855e+02,-3.080149884542969829e+01,4.565724828171791216e+01,-5.050885550947459990e+01,-6.837377911386076867e+00,6.152187976138010583e+01,-6.834443260137793175e+01,-4.902520392141779126e+01,-3.210887431606445119e+01,4.671456805797564726e+01,2.980050086811666432e+01,-1.908009388240954252e+01,4.282704002833243351e+01,2.950779568737955572e+01,-5.922518032806308952e+01,-1.880341499748041656e+01,-3.636208518283905988e+01,-9.536777742548586900e+01,-1.113688975112885871e+01,1.769074680380816744e+01,-1.543393646368898331e+01,1.906898121488097342e+00,1.260772044672284320e+00,1.020333915444905699e+02,-5.791612697662780818e+01,-2.747545941261948599e+01,-1.174734910205092930e+01,5.530099427647189003e+01,2.142964111078038059e+01,2.648618863967470105e+01,8.330023000888370177e+01,-4.387362232250908711e-01,1.633040686176649814e+01,-8.029589578222612545e+01,-5.431567731901052554e+01,1.264327144335186404e+01,-1.248890411854852687e+02,3.022543520186527743e+01,-4.937282227063781193e+01,1.458129392883467013e+01,-5.101260004117502689e+00,3.199084249310024930e+01,2.138682226008943132e+01,-1.597474062743744661e+01,9.723469551670042677e+00,1.405758323573940416e+01,1.046018935152045692e+00,-5.422879708729485770e+01,8.097924318293409840e+01,7.042211396052992178e+00
-3.849685916028330990e+00,-8.126420559870524585e+00,6.746324907839531093e+00,1.896028495011220016e+01,-3.930647963536916478e+00,-2.383835698945530268e+01,2.661505478101129540e+01,-5.966175217306136425e+00,2.165767832356898026e+01,-4.325560730358117389e+00,-3.440265071407344610e+00,-4.217539822038879294e+01,1.233181940662511877e+01,-5.068067369456494831e+00,7.752492950832286844e+00,-1.240592551106706409e+01,2.916606872952027807e+00,5.040385608056773492e+01,-9.211525040522355212e+00,-2.040272396424940737e+00,-2.024910910531059471e+01,-3.094233561249358999e+00,8.386864405151772672e-02,-3.056484756989795493e+00,1.148985305680804103e+01,-8.021477063691254017e+00,-7.964926144712054068e+00,-3.820514023725110508e+00,3.156071475031104079e+00,2.667818175555104077e+01,-1.554083579061698117e+01,1.219548256935151009e+01,7.803157672048270044e+00,1.438172031489239444e+01,-2.574516707431527607e+01,7.503831905537355240e+00,-9.207529736494333150e-01,-6.395832342751969435e+00,2.982647047576572508e+00,6.676485432895834293e+00,-8.861179247934074965e+00,-8.529770935656930675e+00,-8.297418484315567611e+00,3.991898736946742332e+01,1.468822533502453354e+01,1.958724721159466853e+01,-2.370200892172844576e+01,-8.245611658089931240e+00,2.253916530610285918e+01,-2.822331265849417292e+00,3.666352793613438621e+01,-1.166147805874896903e+01,5.488450743702202317e-01,-1.101435976339660527e+01,1.697142598817864556e-01,9.533735694874085453e+00,-1.585489788932934196e+01,-9.363047812909117695e+00,-8.469492210052189662e+00,-7.382850235043425968e+00,1.261201248920412077e+00,-1.253321024815572571e+01,2.545533171086558610e+01,1.996758556946686269e+01,-1.869372672495767418e+01,-1.068480488833975173e+01,-8.658399123582723789e+00,-2.744723656312929805e+01,-1.009813761399636745e+00,1.217190010019046831e+01,-4.673965905003084842e+00,1.801231330232551664e-01,5.167575587923256997e+00,2.538984862467793491e+01,-1.901795976904525531e+01,-9.474284318900766166e+00,-4.270265882111028866e+00,2.126460624894176377e+01,1.230054190287988014e+00,5.051400202913185922e+00,1.616120082800489399e+01,2.074136557179484086e+00,-4.357181460681047724e+00,-2.092039941165335293e+01,-1.574802249258269171e+01,4.925840113748051863e+00,-1.653535624389392211e+01,4.929565496241318456e+00,-3.162157674757247960e+00,1.423800130684437626e+01,1.103949525041984625e+00,7.447776714829760891e+00,-2.932063243053216972e+00,-4.901947998541375640e+00,1.962384610234484583e+01,-3.085960637638072157e+00,-2.424955753984312956e+00,-1.458557681548768770e+01,1.764107080173099718e+01,5.185811612572306828e+00
-2.692256582116002050e+00,-1.087978333402244147e+01,6.405857692675470005e+00,1.513170639867671596e+01,-6.309017657727340911e+00,-1.795928558324131075e+01,2.028839585385625810e+01,-2.947556708509180279e+00,1.933664053260635285e+01,-5.967085549133955169e+00,-8.213396134241648383e-01,-3.655578450702003579e+01,8.076752697404490533e+00,-3.342919291379614855e+00,9.614668050021890622e+00,-8.013412768456980473e+00,3.726192706510565777e+00,4.097022435223401260e+01,-8.183584985523017608e+00,-2.313972277567439839e+00,-1.590438772357891040e+01,-2.989088474448959865e+00,-5.353597683120872031e-01,-1.296606520643256877e+00,6.616246305266153094e+00,-7.385993898635099697e+00,-9.256174162480325762e+00,-1.068330906799054514e+00,3.568124866746969381e+00,2.480919039974720874e+01,-5.509910785937751854e+00,1.275250519619365264e+01,7.474035410616130193e+00,1.063780649796763811e+01,-2.166141851061275858e+01,5.599177941633424638e+00,1.045604402473770289e+00,-9.579279259439566374e+00,3.393440803512679960e+00,1.267692196773979596e+01,-7.655940649295268408e+00,-5.785687315315337642e+00,-4.890686156815956309e+00,3.216214669533922432e+01,1.182963037924884198e+01,1.609142567508234478e+01,-2.065181573712128937e+01,-7.245808844967549511e+00,1.835917006048260802e+01,-4.347673511295486293e+00,3.072135695466337424e+01,-9.359123572808272229e+00,3.874337683946321498e+00,-1.050331506321310115e+01,-4.297099999663531733e-01,1.047423016148765917e+01,-1.478045506771150386e+01,-9.401573420755852339e+00,-7.553774168912992693e+00,-7.819497000710597945e-01,3.068218029341096997e+00,-8.969430955744250866e+00,1.853369924108793398e+01,1.422072454672702690e+01,-1.576803498510261115e+01,-7.843697581882022263e+00,-7.996998547283104664e+00,-2.380480404170905828e+01,-1.468330459089878248e+00,8.645664904369763093e+00,-3.991080342113715318e+00,2.557255691288655153e-01,3.185054360315498823e+00,2.309347101968202409e+01,-1.586005108434229527e+01,-7.794136093234651952e+00,-3.463550848562066520e+00,1.699907140753310131e+01,2.399398764438285259e+00,5.075051388927182217e+00,1.612514244955509213e+01,1.205015447486127433e+00,-1.334516635243400362e+00,-1.873493644601585473e+01,-1.362691481245744818e+01,3.924783943096807448e+00,-1.957910160134862920e+01,5.292715407382178050e+00,-5.724147025518508514e+00,9.638430373942391327e+00,2.632586523346909235e-01,6.934230480276868391e+00,-9.038698278159085220e-02,-4.169284749213210794e+00,1.247861340200369185e+01,-7.516290548946886751e-01,-1.367424670506628193e+00,-1.292571826758189957e+01,1.682893646684667388e+01,3.645025639674138951e+00
-4.362230210469912883e+00,-5.836518801162768000e+01,2.361058329864996708e+01,3.919201587722275804e+01,-3.813073403327427258e+01,-3.919646261806320808e+01,4.600592137141591564e+01,4.825874661846545344e+00,6.418039108150985328e+01,-3.273126056865157096e+01,1.109096399748224115e+01,-1.145800728467611549e+02,8.795247169838273038e+00,-3.837651474481714065e+00,4.844792651937524397e+01,-7.789823056178439842e+00,1.925799332890482063e+01,1.112276574282991390e+02,-2.691199785156344859e+01,-1.070351853354309135e+01,-3.943547557946119753e+01,-1.131164530957527425e+01,-5.523964790990931739e+00,4.491255260559750440e+00,-4.043975202497898103e-01,-2.589139290010129102e+01,-4.389218434260440205e+01,1.083919035940650488e+01,1.644996698552987624e+01,8.842380717732892492e+01,3.307809088462609992e+01,5.377244801120424000e+01,2.792108985721333525e+01,2.178322065420764986e+01,-6.376280687444861428e+01,1.182705399113473099e+01,1.493856353071705456e+01,-5.555070035428174435e+01,1.574831536021918943e+01,8.331390771246502425e+01,-2.384148128016716583e+01,-7.966881733911916896e+00,-7.745263460188912541e-01,8.538910663827321912e+01,3.137681649697319841e+01,4.483322211671932678e+01,-6.541364969877565727e+01,-2.333656950182692214e+01,5.010159836100636710e+01,-2.565366406691253331e+01,8.960730210147234231e+01,-2.460066230700167722e+01,3.363997763306665689e+01,-3.897167043568163081e+01,-4.995208048779840482e+00,4.681367185516872809e+01,-5.289384922946548073e+01,-3.760274330780042362e+01,-2.502236841072587126e+01,3.307774105464203984e+01,2.210927385199537198e+01,-1.613536811178288843e+01,3.576543293417531544e+01,2.505242526802844338e+01,-4.667263112580926787e+01,-1.562000591081327272e+01,-2.817936923549605766e+01,-7.470678600784360412e+01,-8.353476894428323973e+00,1.505352508166167702e+01,-1.212941644733795421e+01,1.431531037596575517e+00,1.798818098938146814e+00,7.925709000266638782e+01,-4.576552611727405662e+01,-2.178754083923831786e+01,-9.352486566576141414e+00,4.422332395472500366e+01,1.595340645695287662e+01,2.031393931025158395e+01,6.393454853046004871e+01,2.781119104850626744e-02,1.126337171451499586e+01,-6.253057209423818108e+01,-4.256797695951851068e+01,1.012145967062438778e+01,-9.455569081577529289e+01,2.304083464830489447e+01,-3.681125732647672066e+01,1.311763243883105545e+01,-3.561842580810390402e+00,2.476314542121727413e+01,1.521924954357349868e+01,-1.256527051641691273e+01,1.045757504620021550e+01,9.808003780979019481e+00,3.591692427104379859e-01,-4.230788340564552641e+01,6.247901847766140548e+01,6.049892070835872993e+00
-2.399177156865258453e+00,-2.425504588523504168e+01,1.043746221825048259e+01,1.872916961570559025e+01,-1.559685396990554018e+01,-1.961306834455992743e+01,2.277358801121861376e+01,8.050564895418264033e-01,2.897229520088069421e+01,-1.356034667551634065e+01,3.707704308615001665e+00,-5.235852546084773707e+01,5.663732469058228247e+00,-2.414719694763770352e+00,2.031578034197798033e+01,-5.284622039495259216e+00,8.045659599121593786e+00,5.253781608706142237e+01,-1.217212899150439576e+01,-4.547561862488759488e+00,-1.905728910788714003e+01,-4.975572134616069064e+00,-2.141358010410808532e+00,1.200618641777116968e+00,1.919979224128032236e+00,-1.155847926229548861e+01,-1.857566097129738125e+01,3.540648114018175807e+00,6.992727163433573701e+00,3.934470993996645660e+01,1.010305846907838045e+01,2.319792516985379649e+01,1.231138020209442629e+01,1.110487403920300586e+01,-2.954846434408672451e+01,5.974227598989323873e+00,5.665420561565225555e+00,-2.284332171035545045e+01,6.687443777618870655e+00,3.373267692605538315e+01,-1.091005904903428814e+01,-4.652771272732656449e+00,-1.802896670750249619e+00,4.055448018398405452e+01,1.490558944966529076e+01,2.104484647181149271e+01,-2.982345433994192518e+01,-1.060162352635116179e+01,2.363542340530657171e+01,-1.052544472512483154e+01,4.161251472674989316e+01,-1.171285212457318003e+01,1.323211404245707179e+01,-1.720618700414437185e+01,-1.919409793349703408e+00,1.999990083381154449e+01,-2.351670292628930881e+01,-1.637313811074600522e+01,-1.130023713098506022e+01,1.157823240571100243e+01,8.859415909961262159e+00,-8.565694743735193128e+00,1.856603125633176177e+01,1.339131511639443417e+01,-2.160135500420551580e+01,-8.030229969137188561e+00,-1.256687503271841244e+01,-3.412873922322553710e+01,-3.443768005520946307e+00,8.078009031753721203e+00,-5.580508170337752816e+00,5.914356456562090969e-01,1.636765838533748019e+00,3.553308932839080114e+01,-2.130586138582512845e+01,-1.021908761793154596e+01,-4.423404120985005683e+00,2.111008343598379966e+01,6.450566922221771193e+00,8.843956381319975080e+00,2.788232290579411199e+01,3.859493755069892673e-01,3.609193866412742757e+00,-2.819488371359563317e+01,-1.946621240571510114e+01,4.842162612670961153e+00,-3.990430916161459152e+01,9.886488209753226286e+00,-1.494276192187014018e+01,7.695886256858678109e+00,-1.190882472551870297e+00,1.101426833744738154e+01,5.411268435761086515e+00,-5.791892018353499871e+00,7.631404337322710063e+00,3.270917099961473617e+00,-2.983173946986155123e-01,-1.915445375069840139e+01,2.758171548305984544e+01,3.299659240660029358e+00
-4.580894374967812155e+00,-3.987528151937767973e+01,1.783836372863751052e+01,3.344222421073583718e+01,-2.537055224037154133e+01,-3.585307110790611773e+01,4.140801840513201881e+01,2.008038154553037913e-02,5.012839791551361657e+01,-2.224769765456152726e+01,5.116725577268159242e+00,-9.122622756343619699e+01,1.149214425961638497e+01,-4.860024693956588315e+00,3.359684080710940890e+01,-1.091092587233838529e+01,1.327325034685558336e+01,9.322834281572795589e+01,-2.108395323685076761e+01,-7.584180723639041943e+00,-3.422806496553445044e+01,-8.478155269142671813e+00,-3.352901004962119735e+00,1.250868275106733929e+00,5.423604111036395281e+00,-1.986934297770416435e+01,-3.090234965336973261e+01,4.774304422440189377e+00,1.166602029725233614e+01,6.750364665132140374e+01,1.265354645476064377e+01,3.906192406598999867e+01,2.100875251706747804e+01,2.048480436412125982e+01,-5.188963975428023900e+01,1.097170505732437995e+01,8.724740388620912057e+00,-3.729154271008056298e+01,1.114926440863480472e+01,5.448971331791204165e+01,-1.902426468621827738e+01,-9.106216080256727352e+00,-4.572035144085488945e+00,7.217538897944039888e+01,2.653107874118835952e+01,3.721807600308145680e+01,-5.189540332204823159e+01,-1.841013039436533205e+01,4.191257572150944810e+01,-1.715664989508794136e+01,7.316024448259447865e+01,-2.087315634804480169e+01,2.094165819912360504e+01,-2.938423448516091341e+01,-2.985617871964564074e+00,3.347197269088401583e+01,-4.032856364925126513e+01,-2.772788304602967457e+01,-1.955652225290672419e+01,1.668061179408682193e+01,1.420806370489893844e+01,-1.610183796681575075e+01,3.454304817008506490e+01,2.525115291563361808e+01,-3.790723901665560902e+01,-1.487267814071246264e+01,-2.158965657578271546e+01,-5.945461837343717093e+01,-5.631456229435960026e+00,1.525871446860166003e+01,-9.760502511652100921e+00,9.685508631196722007e-01,3.656348654054474512e+00,6.123498550595269307e+01,-3.750991259173446934e+01,-1.806484862508671796e+01,-7.854874896197802769e+00,3.767135959057856809e+01,1.041009952121956594e+01,1.497596061476383333e+01,4.726393810752490054e+01,1.041009686622099029e+00,4.770018757105746410e+00,-4.875066978396375816e+01,-3.393087768123367454e+01,8.651016342224544076e+00,-6.626437885664388716e+01,1.659140750371511785e+01,-2.418040127089924596e+01,1.508912279136256096e+01,-1.643663967800314873e+00,1.889285661147373574e+01,7.904307486359999579e+00,-1.014086710899533017e+01,1.611338285490501576e+01,4.503292951634083607e+00,-9.764081046148768150e-01,-3.319720408579269133e+01,4.710011465856966595e+01,6.277503144460551354e+00
-3.349493775962529618e+00,-1.170167086955847147e+01,7.373951471137229596e+00,1.816499523003495753e+01,-6.592663298282938733e+00,-2.188891971482267351e+01,2.464994180618941044e+01,-4.099419769437329109e+00,2.257813990857484754e+01,-6.385415468190322130e+00,-1.581113324766303840e+00,-4.298783581715791513e+01,1.024167316794529015e+01,-4.230081441282516508e+00,1.048192959018369486e+01,-1.020351729511606464e+01,4.040607696619561651e+00,4.895290616627761437e+01,-9.566705807696875397e+00,-2.565761437850743398e+00,-1.917171065972867794e+01,-3.427558133051754385e+00,-4.564009467374912088e-01,-1.909934282177972564e+00,8.732278410434416216e+00,-8.562171959650315856e+00,-1.021488126998515611e+01,-1.895082940246408221e+00,3.958847194881482956e+00,2.869436587522481830e+01,-8.746227678553029961e+00,1.437495956061657587e+01,8.586745601927113114e+00,1.303000534827962653e+01,-2.565884028557377050e+01,6.842027937993766074e+00,7.045548708913580427e-01,-1.011553077488158969e+01,3.760366313477693900e+00,1.294536150830395016e+01,-9.010004676003527280e+00,-7.261471274321660729e+00,-6.406513006121044462e+00,3.851536873117180448e+01,1.416778903742356732e+01,1.917502952155043161e+01,-2.425479484348935344e+01,-8.492564376747402832e+00,2.192461272463314259e+01,-4.571189282379399366e+00,3.642782881343971013e+01,-1.121903808557269500e+01,3.588203052685676298e+00,-1.207899235675385974e+01,-3.410589136159443147e-01,1.168761386238289290e+01,-1.708547234869918796e+01,-1.068955296235611740e+01,-8.822276833723730505e+00,-2.519147903034070879e+00,3.045634205608889644e+00,-1.108691913951483343e+01,2.279993947946365296e+01,1.760177564238624370e+01,-1.866628479224946346e+01,-9.627450733069455424e+00,-9.263897029652792270e+00,-2.798910044393252861e+01,-1.557796753157482561e+00,1.070920399566080405e+01,-4.710434693873676082e+00,2.723568912357473559e-01,4.113956695917046602e+00,2.684735479831416072e+01,-1.882831732114045664e+01,-9.284492857233798802e+00,-4.140666621159017957e+00,2.039792361847625912e+01,2.441907769464212397e+00,5.769609362107522621e+00,1.835943508406981550e+01,1.585839667980384116e+00,-2.264766625891041940e+00,-2.185993249337717259e+01,-1.603108033230403251e+01,4.713522114420976017e+00,-2.152988691495487572e+01,5.933515081031815797e+00,-5.881753701028753945e+00,1.210390734045973993e+01,5.070959025668817510e-01,8.017964372853830568e+00,-8.042646693302319960e-01,-4.925519163516845822e+00,1.596439635591772088e+01,-1.431536608909136810e+00,-1.817167346463488098e+00,-1.511926439596668281e+01,1.935191485378141252e+01,4.528375144805174557e+00
-3.933708407962338338e+00,-5.509641164869854890e+01,2.209173936102774505e+01,3.622984544948505459e+01,-3.607351675885963971e+01,-3.595693001360788799e+01,4.228112951316384738e+01,4.932743341516140134e+00,5.986315242136058146e+01,-3.091129385505239213e+01,1.075300339440250141e+01,-1.066731453901072086e+02,7.671605953163634695e+00,-3.365136773037319617e+00,4.567736542172652747e+01,-6.710327346549130212e+00,1.816607306876160166e+01,1.030144634065436264e+02,-2.509431176564357813e+01,-1.007281464916407820e+01,-3.638837124603808348e+01,-1.059181263494798131e+01,-5.263054808858595557e+00,4.448903004546134632e+00,-1.037745556008933034e+00,-2.419040552538173827e+01,-4.132866216536946524e+01,1.053494269978755682e+01,1.547949349022693255e+01,8.265534127357949501e+01,3.237015532991558331e+01,5.049337509999723039e+01,2.613488808797219676e+01,1.991845768695645802e+01,-5.923342070320332908e+01,1.083190082936697252e+01,1.427240628072758177e+01,-5.251561032555012787e+01,1.482144091947767528e+01,7.892760136744891497e+01,-2.219137657793480045e+01,-7.099094627276804736e+00,-2.658565817104104889e-01,7.901431647449668105e+01,2.903323558155224404e+01,4.156411702912149764e+01,-6.092094857248601159e+01,-2.174572207714138017e+01,4.641139719122432439e+01,-2.425950041530596479e+01,8.321459726053718953e+01,-2.275494545766705556e+01,3.199088078970065041e+01,-3.647154631293003746e+01,-4.764605943007418354e+00,4.402050866401535956e+01,-4.944912234391485839e+01,-3.526227721917505420e+01,-2.333772271362333228e+01,3.190632529215904611e+01,2.097427339521268763e+01,-1.464726185901013267e+01,3.259904700897362062e+01,2.271306828556836876e+01,-4.336582517911994472e+01,-1.426170339012123556e+01,-2.633215486740341049e+01,-6.955434604697732937e+01,-7.894343865906013669e+00,1.363797793459884389e+01,-1.128050038118025888e+01,1.352447857584001989e+00,1.418707480484320271e+00,7.400269401950204440e+01,-4.248392602668732820e+01,-2.020138672065481700e+01,-8.660063165021059106e+00,4.088825253210683996e+01,1.511624195944757076e+01,1.904994477997805191e+01,5.994141676243884831e+01,-9.136873167169778931e-02,1.096921389172787364e+01,-5.833457004881027785e+01,-3.962594486056545406e+01,9.354805984000945429e+00,-8.906857805393674710e+01,2.165261218934655219e+01,-3.486116213908719175e+01,1.167780620019816951e+01,-3.453256862891790124e+00,2.314901595083401631e+01,1.465386556477847790e+01,-1.168243922348456287e+01,8.839686734098549437e+00,9.511617273675389228e+00,4.796691874784369536e-01,-3.944440500716377329e+01,5.847181139303909703e+01,5.464290041681186594e+00
-6.411249974510253580e+00,-6.930005534528305589e+01,2.934812189119712400e+01,5.166464598460493107e+01,-4.475095680703263668e+01,-5.352285409429663332e+01,6.230275744206661415e+01,3.208221885918057126e+00,8.103763921059622533e+01,-3.877550694685422883e+01,1.127528758891218708e+01,-1.460085759217882924e+02,1.466265608863101377e+01,-6.278996519257368902e+00,5.790728475221172289e+01,-1.355019731483406176e+01,2.295539409713352441e+01,1.453313653855919370e+02,-3.402995946683426354e+01,-1.291778507618058569e+01,-5.243046083683686476e+01,-1.400807573600265421e+01,-6.234844678162621889e+00,3.933992029313460037e+00,3.906185251275005044e+00,-3.242003070654538277e+01,-5.281968922155041923e+01,1.084520564663907649e+01,1.986077793410334280e+01,1.104480494539266573e+02,3.162179290220549888e+01,6.563560789649947935e+01,3.463969785925448264e+01,3.017571722012878865e+01,-8.211673094912106308e+01,1.626797710102474781e+01,1.659738202622676440e+01,-6.544969252850589214e+01,1.899890026050825043e+01,9.705250465765161039e+01,-3.041349213989145284e+01,-1.227852461892127245e+01,-4.030829515224423787e+00,1.120354474769770974e+02,4.117568910584724051e+01,5.830253847812463164e+01,-8.321335377372902542e+01,-2.960683883319292420e+01,6.540071404558852919e+01,-3.017519899757153112e+01,1.155840748093270918e+02,-3.233857541272408298e+01,3.837164648497018504e+01,-4.839604257871359039e+01,-5.602379890941008078e+00,5.672997969938693785e+01,-6.602907427485590119e+01,-4.621572427432153063e+01,-3.160435838999408631e+01,3.472058782401831678e+01,2.556116898947762905e+01,-2.306622279520781049e+01,5.024477835012926619e+01,3.600654435324702263e+01,-6.004982527649898572e+01,-2.177936292270872443e+01,-3.525760837347316112e+01,-9.517882631023192630e+01,-9.860293682231411339e+00,2.170165677227205947e+01,-1.553593785676067363e+01,1.692440034694747020e+00,4.003828510899837489e+00,9.955936023316063199e+01,-5.914392779785251264e+01,-2.831629954948434147e+01,-1.223226320636938347e+01,5.824785778609930276e+01,1.856576325529323768e+01,2.496432141359194645e+01,7.867064749871285301e+01,8.195082613491997403e-01,1.112254339409496495e+01,-7.888589902144499888e+01,-5.427420416652796575e+01,1.335368139010243382e+01,-1.135511880204650481e+02,2.801158506690497063e+01,-4.296211896465154467e+01,2.029037288858621935e+01,-3.621374061770890940e+00,3.092213444867020655e+01,1.615171838802353577e+01,-1.611700564117521495e+01,1.931871413801255599e+01,9.954422181013175219e+00,-5.137702639757093515e-01,-5.353752967483863756e+01,7.758160749188704131e+01,8.833421231272803098e+00
-3.043005969154108037e+00,1.021647742497620115e+01,-7.199201215291550771e-02,8.993149933923675121e+00,8.292902020198132718e+00,-1.471866746752652411e+01,1.567353864393612817e+01,-8.638097546411943384e+00,3.701178646728372712e+00,6.001487776804882657e+00,-7.793385378696080501e+00,-1.072890862162427261e+01,1.150070125582689151e+01,-4.651002211426102484e+00,-7.298393701910724118e+00,-1.192804998688266593e+01,-3.094818321738348921e+00,2.152422309083882368e+01,-1.704676674525596791e+00,1.227893658512053010e+00,-1.042385998148294313e+01,1.963640427290517243e-01,1.968379343992985087e+00,-5.108749941751320023e+00,1.362637142559184866e+01,-6.530042954718953130e-01,5.506827772815292121e+00,-8.154582831298208490e+00,-1.863135055053971811e+00,1.388793483776608939e+00,-2.944271961863022113e+01,-3.884573733463065892e+00,-2.903818627181542489e-01,9.510802037828362643e+00,-8.641385955614312664e+00,4.806183925436419813e+00,-6.137841412601478197e+00,1.129551608256415740e+01,-1.829225483977540812e+00,-2.036412992901096430e+01,-2.332757882117156623e+00,-7.317376383897834735e+00,-9.479267495073042227e+00,1.796122550201621593e+01,6.623125803212479568e+00,7.819622948008557728e+00,-5.683822642049952911e+00,-1.780978002062614696e+00,9.501879839096229574e+00,5.370496561117835910e+00,1.271130585236865684e+01,-5.363414099206456953e+00,-1.074309003294245279e+01,2.610479671866261508e-01,1.890175828531555746e+00,-4.653943253124179336e+00,-7.091186055466350835e-01,1.736349594672188967e+00,-1.473162410900881625e+00,-1.986484816682980181e+01,-6.003506549159185468e+00,-9.252440112170193132e+00,1.777848711880260169e+01,1.496214128752939487e+01,-6.147941979284629710e+00,-7.256804248004248947e+00,-6.262707146213966070e-01,-6.935032355620321276e+00,1.642175730402159362e+00,9.194463856920982892e+00,-1.381472239792426393e+00,-2.731161956997313345e-01,5.457992768401894956e+00,2.979267564728310003e+00,-6.835666307143219100e+00,-3.747842530610711265e+00,-1.847531871707928097e+00,9.995355952145391853e+00,-3.956254508954735627e+00,-9.459459805270045152e-01,-2.668653183982491850e+00,2.425692642635338903e+00,-8.928238118652398470e+00,-3.394067522732080455e+00,-4.079049366126803022e+00,2.356893638520880963e+00,1.259493030876419617e+01,-2.012064123605244781e+00,8.748480372660722537e+00,1.227545517644773021e+01,2.501792000677956374e+00,3.613830549459962072e-01,-8.594203094525260767e+00,-1.501590232316372564e+00,1.949907525728744773e+01,-6.943125646697812847e+00,-2.968562896931088435e+00,-2.802342675508663117e+00,-4.385246203529313824e-01,4.040373451406866323e+00
-4.317780157069294411e+00,-2.656738313717715272e+01,1.323528705302640063e+01,2.755262111337491149e+01,-1.636532823659290870e+01,-3.106289097366097351e+01,3.547776859643738590e+01,-2.577940855246842577e+00,3.836477694245115799e+01,-1.473232827351105989e+01,1.463275427822146035e+00,-7.101684469379767961e+01,1.199271148156661759e+01,-5.007886749202691057e+00,2.277735826259912244e+01,-1.168904431791820642e+01,8.935292070603555459e+00,7.574513949020091275e+01,-1.618060019035729624e+01,-5.267746478730092718e+00,-2.856608325585817099e+01,-6.241749738453099106e+00,-1.900927164512380863e+00,-6.038685239508199132e-01,8.120822260093270017e+00,-1.496226463470602752e+01,-2.131266667394368852e+01,1.100379842764574789e+00,8.110560080572053465e+00,5.058340182146336161e+01,5.660016682009683109e-01,2.786354486949693410e+01,1.552586452452399790e+01,1.807846618321117660e+01,-4.115655777598197318e+01,9.596470773957150868e+00,4.641573828256137624e+00,-2.432334097038788912e+01,7.736702273464164392e+00,3.438237636296078392e+01,-1.483843476599958855e+01,-8.963874346702780826e+00,-6.243143705178013647e+00,5.902977213571098503e+01,2.170507982197123908e+01,3.000645938514388433e+01,-4.027308086418793209e+01,-1.421640435892595988e+01,3.400021664221542750e+01,-1.113822793599888072e+01,5.818583713994245699e+01,-1.712217164038939288e+01,1.233845367214204813e+01,-2.175905764414842025e+01,-1.651448228701321241e+00,2.347833465156579535e+01,-3.018374121537693355e+01,-2.008527515602442293e+01,-1.497597001384234439e+01,6.433738954376824637e+00,8.756925643331438636e+00,-1.474363542437890118e+01,3.100777827047233615e+01,2.325696988228251527e+01,-3.001684117390860962e+01,-1.323114127338354074e+01,-1.623272170416274562e+01,-4.626641642111293606e+01,-3.692191183639484287e+00,1.409965072656141949e+01,-7.668361796022797883e+00,6.378155445000697199e-01,4.355584734839059280e+00,4.640214141310267593e+01,-2.992799251020954543e+01,-1.455018811468079676e+01,-6.392056107510335039e+00,3.099640639252494978e+01,6.548916786900301545e+00,1.084571003119128996e+01,3.432399529450103870e+01,1.501755496166846893e+00,8.649697935366926771e-01,-3.724870948389868630e+01,-2.644072627010300991e+01,7.136615882501692987e+00,-4.546497829964940252e+01,1.172624554666444041e+01,-1.534409724815288811e+01,1.489842477274114785e+01,-4.705649331368524368e-01,1.414903665331516791e+01,3.294538078808349368e+00,-7.987091845435598358e+00,1.782790759826814764e+01,1.262611221849268439e+00,-1.616696924356549658e+00,-2.551225966317119642e+01,3.487165595715209321e+01,5.878020972132219413e+00
-6.744049836847683110e+00,-6.249286918080338182e+01,2.749219224055383393e+01,5.059857450983194838e+01,-3.994594577497762344e+01,-5.372224896671804117e+01,6.218258495425627785e+01,9.223992037526693721e-01,7.685421726163670542e+01,-3.489787824421247819e+01,8.687966942408531068e+00,-1.394511294169114421e+02,1.651983342728336623e+01,-7.008177861689606658e+00,5.251810570910523523e+01,-1.558020850041412686e+01,2.077037467724534991e+01,1.414218356908512249e+02,-3.230953560296020299e+01,-1.181217537520271676e+01,-5.166172137150124399e+01,-1.308312702207031464e+01,-5.369177953609415965e+00,2.454524520385579223e+00,6.950255666869827209e+00,-3.054663777442655714e+01,-4.818163125781831013e+01,8.197651644871394083e+00,1.816689671348948565e+01,1.038640679310354784e+02,2.253468423024894562e+01,6.058621625822391366e+01,3.239956078266389028e+01,3.058078709660572514e+01,-7.905804643996532377e+01,1.640883852399680620e+01,1.407622344876871701e+01,-5.862328745696054000e+01,1.736719678034312508e+01,8.605755131497998889e+01,-2.907121681686356141e+01,-1.327539713612948979e+01,-6.066171417022188095e+00,1.093518434561484867e+02,4.019469825274963881e+01,5.653739155797688198e+01,-7.937215014706326599e+01,-2.818192316848727330e+01,6.359691138156739498e+01,-2.698864083556529181e+01,1.114110731198160096e+02,-3.160716147015182997e+01,3.337491365400467913e+01,-4.530119992290451592e+01,-4.795209535446733007e+00,5.205280319155010460e+01,-6.206373927100912624e+01,-4.290140079890808522e+01,-2.998001280717739903e+01,2.775100811940014012e+01,2.251088370874098388e+01,-2.385432020469621150e+01,5.138803247862471579e+01,3.736203629134182336e+01,-5.777175029482426538e+01,-2.216642282702542843e+01,-3.319999916867445933e+01,-9.089001337410132919e+01,-8.846236177715406157e+00,2.256124652704818700e+01,-1.489609113758957371e+01,1.520497086284986032e+00,5.070311306522148342e+00,9.404138309149969643e+01,-5.708858902633580357e+01,-2.744694208440661143e+01,-1.191186514327919532e+01,5.701125821361431889e+01,1.644782734729814777e+01,2.317208880734527554e+01,7.309812484817905442e+01,1.353619572081225630e+00,8.270890406308998521e+00,-7.476315335326449940e+01,-5.185861559057849490e+01,1.308596700321626649e+01,-1.033977787873566001e+02,2.577114052546355438e+01,-3.815921653383738033e+01,2.198198398178427126e+01,-2.790690592160908423e+00,2.907219537577051582e+01,1.306562638678373034e+01,-1.546974807337378977e+01,2.281464553895851566e+01,7.655062555408116864e+00,-1.198058849990957686e+00,-5.085995287252927000e+01,7.261555965746420327e+01,9.255199393569546018e+00
-6.832613471924689819e+00,-5.988037482936517364e+01,2.673813863069179675e+01,5.002634150608459151e+01,-3.811850429377060578e+01,-5.357677399411966235e+01,6.189237964468340181e+01,1.253086318119507325e-01,7.509503549238901599e+01,-3.341250237423207636e+01,7.755194313481174717e+00,-1.366177790567495833e+02,1.709843950981979432e+01,-7.233269209644110909e+00,5.043765988712284809e+01,-1.622255978947013944e+01,1.992895635372524055e+01,1.394996966399064320e+02,-3.158326474180540799e+01,-1.138121671155611381e+01,-5.118844317291442536e+01,-1.270979645657534718e+01,-5.047250485938464593e+00,1.931195547747606156e+00,7.979071855079283182e+00,-2.977431653723384741e+01,-4.637922745529471058e+01,7.245931533783561918e+00,1.750635548087617011e+01,1.011637201243170523e+02,1.929051399495227770e+01,5.859146822974869195e+01,3.149253874572056233e+01,3.059917928036694690e+01,-7.768045185957724641e+01,1.639215833874411388e+01,1.314488302294424216e+01,-5.601958586093869030e+01,1.673143307335770658e+01,8.189732229982344336e+01,-2.848914150908867882e+01,-1.356835853128249880e+01,-6.748392925894054706e+00,1.079833786708829280e+02,3.969357247171105740e+01,5.569877819830665544e+01,-7.772168952515522733e+01,-2.757471735327103346e+01,6.271666947896274280e+01,-2.577474101728817857e+01,1.095174122982776055e+02,-3.122698079990920661e+01,3.150718503927296510e+01,-4.404595383297554179e+01,-4.495879729801454339e+00,5.022135146608541589e+01,-6.043936066554618947e+01,-4.157956341814097811e+01,-2.929639975065820323e+01,2.522098251488425902e+01,2.136217792188138276e+01,-2.403254074715258071e+01,5.157949715004708935e+01,3.768321888562664412e+01,-5.675016789277554352e+01,-2.221218921829206039e+01,-3.235313348416542567e+01,-8.903816083816253979e+01,-8.458907567255041116e+00,2.276944929310787558e+01,-1.461447394831127333e+01,1.454739830964074887e+00,5.420223405813895390e+00,9.175029663073640052e+01,-5.614704796281544219e+01,-2.703550653729446651e+01,-1.175305349055124715e+01,5.635420891909510033e+01,1.564696731485736514e+01,2.245740828617530482e+01,7.087179907531789524e+01,1.533599214281322398e+00,7.248035268677390341e+00,-7.303338849709328429e+01,-5.081293252874520050e+01,1.294074981030515126e+01,-9.946035313641002062e+01,2.489050022201467272e+01,-3.633964706076114481e+01,2.248129453751705498e+01,-2.491209878363765728e+00,2.831390708426524583e+01,1.194223724037385814e+01,-1.518326614888080073e+01,2.393690459110072766e+01,6.826368307878676767e+00,-1.430786375213032313e+00,-4.972732507086696785e+01,7.060166850564802132e+01,9.364612177730212039e+00
-2.066209058665713805e+00,2.041820000454913853e+00,1.541068818339190960e+00,7.869729824757049741e+00,2.277261535324325070e+00,-1.120736434143709737e+01,1.222050506926398938e+01,-4.711481631356532418e+00,6.460512126157674118e+00,1.303644851972620256e+00,-3.799049929005113846e+00,-1.393606863268018969e+01,7.293322483402437939e+00,-2.968319301029760826e+00,-1.005831782682837350e+00,-7.475007760182966088e+00,-5.127314010515544584e-01,2.000375831823149397e+01,-2.798019763594906006e+00,-1.920176830330078133e-03,-8.719997150326337376e+00,-6.439599946787486484e-01,7.769766253500114406e-01,-2.676702120124559769e+00,7.915536682980997440e+00,-2.116583310422690989e+00,2.670006348930344942e-01,-4.026468456399986628e+00,1.693086278295563574e-02,6.738112203632878661e+00,-1.494400719303852654e+01,1.341039652184429887e+00,1.702780927524024435e+00,7.004245783610206999e+00,-9.312102464581784034e+00,3.594442866213339194e+00,-2.576080776349881862e+00,2.859483400003994369e+00,-1.034768246374251355e-02,-6.284015588355499560e+00,-2.958250204007164541e+00,-4.799372065891805761e+00,-5.577282882547540233e+00,1.619451730961765890e+01,5.964280737241637986e+00,7.563923980548689308e+00,-7.698858821065954317e+00,-2.602771140547732287e+00,8.897723399234436670e+00,1.410383152921142358e+00,1.341722104396188087e+01,-4.775685065411840569e+00,-4.006541394867886297e+00,-2.460793823455759366e+00,7.668445740571798730e-01,4.260142753131050952e-01,-3.959740613316069968e+00,-1.509074743999892609e+00,-2.536377788658625843e+00,-9.361202792193981992e+00,-2.016999911395825684e+00,-6.474974918070991237e+00,1.276085479984452675e+01,1.040095908969611571e+01,-6.712848832955232936e+00,-5.277188623024066771e+00,-2.254403863929273388e+00,-9.051256304656076779e+00,3.971245059820706080e-01,6.368646304907175981e+00,-1.618491643554544890e+00,-6.321552669099142485e-02,3.302005728458222489e+00,7.050574650106397279e+00,-7.052896018517138543e+00,-3.645374584895680226e+00,-1.703965898645415589e+00,8.791240799009116813e+00,-1.236416856056106628e+00,8.106194479213674198e-01,2.731129433938322304e+00,1.415772190993352497e+00,-4.448982635595395863e+00,-6.170884343351017876e+00,-5.231708761332416913e+00,2.052424614978874295e+00,1.001706946876161908e+00,3.720234978297438655e-01,2.631280462177646662e+00,8.034722775437108666e+00,1.219452062410256721e+00,1.870954496692330826e+00,-3.989045600969187699e+00,-1.717729952927117942e+00,1.206693501451578499e+01,-3.389462957327936454e+00,-1.706258738361392080e+00,-4.470092909702294115e+00,3.933455221065279783e+00,2.760716371739965869e+00
-5.722210878745482177e+00,-7.328616104145244492e+01,2.990773015595408069e+01,5.023085560989393628e+01,-4.777473133724272714e+01,-5.060466918026766336e+01,5.929300775509365451e+01,5.558449705087767256e+00,8.154844555967960673e+01,-4.108146249715674969e+01,1.355004030489637223e+01,-1.458519595462202574e+02,1.188229395843034197e+01,-5.161021955955869878e+00,6.090958323263111396e+01,-1.063599809786814276e+01,2.419903019877268591e+01,1.422989623713094716e+02,-3.420455671805436282e+01,-1.348137841166285789e+01,-5.063129780934903579e+01,-1.431814971372264189e+01,-6.871760281318029406e+00,5.361473851633240528e+00,3.639120368795767391e-01,-3.284391958299669767e+01,-5.525309875472683530e+01,1.320784025441243870e+01,2.072073186302963421e+01,1.121138458743654951e+02,4.001347272360695229e+01,6.787477071637938764e+01,3.535468771360429230e+01,2.820885830481223877e+01,-8.133708667487887567e+01,1.529281275289245556e+01,1.853104226369015706e+01,-6.965108563376188044e+01,1.983398665992192988e+01,1.042412661837507528e+02,-3.035489358107410496e+01,-1.056382475005512767e+01,-1.590816326943442327e+00,1.093348612997908731e+02,4.017733792860445163e+01,5.730226269642154335e+01,-8.323836085155141973e+01,-2.967973620196152496e+01,6.408497116502545055e+01,-3.215539797972748914e+01,1.143413164710692058e+02,-3.151159026219751880e+01,4.192781123859695214e+01,-4.935660681352582912e+01,-6.206904749529034149e+00,5.900918992058963397e+01,-6.705706760775376551e+01,-4.752743714545710674e+01,-3.179568869778056950e+01,4.062893549686420869e+01,2.762428748881969653e+01,-2.103695322707735116e+01,4.645464345862680489e+01,3.270117799813609594e+01,-5.952512105592797553e+01,-2.025570885573502622e+01,-3.574084851405204688e+01,-9.509233834333237212e+01,-1.047745909855655100e+01,1.966263300852624596e+01,-1.545565075327285776e+01,1.796050675583854561e+00,2.629907920965051105e+00,1.006027641401643393e+02,-5.842012961309095687e+01,-2.784374388444352277e+01,-1.196751516919677805e+01,5.666949055827520709e+01,1.995703872741863094e+01,2.567499660416714846e+01,8.082737380121974979e+01,1.912185356146637316e-01,1.369548763862946572e+01,-7.943853327321653524e+01,-5.419187494140490458e+01,1.297448538932040840e+01,-1.189831335001563986e+02,2.906115636739866304e+01,-4.607378404787117177e+01,1.740816491928191567e+01,-4.351637222689705098e+00,3.139578478494006930e+01,1.872868811862937122e+01,-1.601556053349525399e+01,1.450264123848139342e+01,1.197932797737868249e+01,2.641394799237430924e-01,-5.378026243782709770e+01,7.912676453440690238e+01,7.924453483689362976e+00
-6.829720550176774374e+00,-5.652581404335526827e+01,2.564549641796735813e+01,4.880590634223518265e+01,-3.582156392240357690e+01,-5.272889366146882395e+01,6.079289223995369440e+01,-6.594466927939990342e-01,7.237862398893004467e+01,-3.151354754090617405e+01,6.736744086199723647e+00,-1.320365342416333476e+02,1.744191514121760278e+01,-7.359236991718131726e+00,4.773005969508151480e+01,-1.664018702359354052e+01,1.884007664526173187e+01,1.357757570024882057e+02,-3.045416620178746570e+01,-1.080806587475125902e+01,-5.004993595360657821e+01,-1.217578138622184092e+01,-4.664559677973077356e+00,1.391637317422390829e+00,8.884850848911213461e+00,-2.862377747257214722e+01,-4.399819177928080194e+01,6.215567062358013928e+00,1.662705590829717650e+01,9.717964525994041480e+01,1.584943647437635050e+01,5.586077540927633578e+01,3.018705386627991771e+01,3.021462801423279032e+01,-7.530491439648224627e+01,1.616008449438957228e+01,1.205692291569198105e+01,-5.272446342632591154e+01,1.588667268044187963e+01,7.673248341256669391e+01,-2.754242092369903006e+01,-1.367764921952998591e+01,-7.329850992602894522e+00,1.052180881098647944e+02,3.867895452272958323e+01,5.414199869321434022e+01,-7.507753054321284480e+01,-2.661533904332256739e+01,6.102665108150515039e+01,-2.424299635787616580e+01,1.062159550135432227e+02,-3.044258863967203510e+01,2.925765536901979047e+01,-4.223317758015529222e+01,-4.142645012020985007e+00,4.776122321651372005e+01,-5.804822518475524618e+01,-3.973381664820124826e+01,-2.823930096156928116e+01,2.240348829139210807e+01,1.995254357967877468e+01,-2.389141697201559822e+01,5.108892519806670407e+01,3.750293487011313687e+01,-5.499979525357712618e+01,-2.196488704280455551e+01,-3.109542596757543009e+01,-8.604724219533457585e+01,-7.967072780216062355e+00,2.267440136204667311e+01,-1.414550170163025200e+01,1.370994898136108420e+00,5.692677967322270938e+00,8.829216392414348036e+01,-5.448324821668821016e+01,-2.627555880850059467e+01,-1.144238256650425534e+01,5.496718405624601900e+01,1.465427630954461335e+01,2.145977380547092395e+01,6.775200797730538227e+01,1.690242381868944044e+00,6.147756072907601954e+00,-7.037300475466506100e+01,-4.911700356630268516e+01,1.262780726362530359e+01,-9.428331627140447324e+01,2.369780316658224351e+01,-3.407384660834289747e+01,2.267603875186614459e+01,-2.164204134830205906e+00,2.719637068711622163e+01,1.068142197494871581e+01,-1.470203040531469796e+01,2.472451561700665934e+01,5.922391920289949319e+00,-1.640604824880162571e+00,-4.796026102356452014e+01,6.769413945510518715e+01,9.348886858075818651e+00
-2.835153261572565420e+00,-2.300405947172203014e+01,1.049624668873440569e+01,2.009426696316312899e+01,-1.455446559496051151e+01,-2.177456616162689329e+01,2.508774494986193204e+01,-3.823926673777964247e-01,2.967412176055029605e+01,-1.282094786371058603e+01,2.656005548977005581e+00,-5.418472810358615277e+01,7.289043985297184669e+00,-3.072830542295004186e+00,1.944178547182723094e+01,-6.966445702910825766e+00,7.671302933245411459e+00,5.585581818067606719e+01,-1.248765804475749164e+01,-4.407957367905877888e+00,-2.062209964235209014e+01,-4.981219650614610472e+00,-1.883663549127541081e+00,5.031069883044674285e-01,3.814153025703271638e+00,-1.172475265153882518e+01,-1.793758807819947521e+01,2.437975170469210973e+00,6.781508538936109609e+00,3.979553878740527750e+01,6.104125843656907691e+00,2.281428855191096261e+01,1.235234811741683991e+01,1.249124694675665381e+01,-3.093622936391474809e+01,6.677203432157318375e+00,4.855210124261312821e+00,-2.143404599631836405e+01,6.478897263842430476e+00,3.114290603510600164e+01,-1.130400360605772647e+01,-5.693791914071253402e+00,-3.123666707053764924e+00,4.330159904832974860e+01,1.591825720622957796e+01,2.226315050808513973e+01,-3.080464916106509321e+01,-1.091734733669908941e+01,2.510307134044104060e+01,-9.853190075181744945e+00,4.364169035907479355e+01,-1.253055618983101382e+01,1.183583272116514351e+01,-1.728343504962953148e+01,-1.671052276190879926e+00,1.948897224731720357e+01,-2.376946313516838671e+01,-1.624119106435082216e+01,-1.157805770966154668e+01,8.911527188264329880e+00,8.088785215633237158e+00,-9.899673845393770932e+00,2.114313532548576191e+01,1.554546490374822731e+01,-2.259249735164072348e+01,-9.085125569378172727e+00,-1.273609679450993326e+01,-3.531104931356450294e+01,-3.239691473936988864e+00,9.400771610747515439e+00,-5.808006779484382598e+00,5.576180027187104260e-01,2.401183671284512933e+00,3.617843362071859303e+01,-2.239001916081276633e+01,-1.080387763213368402e+01,-4.707637410890352925e+00,2.262924261822570671e+01,5.946760159031043713e+00,8.771572745566787788e+00,2.769742507969202094e+01,7.234307129867325603e-01,2.400145802283676133e+00,-2.884918547396685895e+01,-2.015762291888585267e+01,5.199485966830705408e+00,-3.842794763582787709e+01,9.673759311489925850e+00,-1.383316035960233847e+01,9.441556582894524041e+00,-8.532759218288790137e-01,1.113669127495619904e+01,4.260209689473441586e+00,-6.037368391266596745e+00,1.037408881332456723e+01,2.333746341838011773e+00,-7.101813422032863254e-01,-1.966752361484430978e+01,2.770277486052658134e+01,3.879281218266807940e+00
-3.363642150286691113e+00,-3.974532577082865004e+00,4.879282816837752890e+00,1.544043377682954521e+01,-1.292876336351387323e+00,-2.005383599338582101e+01,2.224702568769499322e+01,-5.949691423628054920e+00,1.640261964160526276e+01,-2.009737810502265631e+00,-3.959080451868574713e+00,-3.260338112749882100e+01,1.110415611191357144e+01,-4.549346412096050507e+00,4.251510347891568564e+00,-1.123818067137030141e+01,1.533913283661243465e+00,4.059904423758904812e+01,-7.000934337810777564e+00,-1.249054549221412458e+00,-1.664392323152335251e+01,-2.207221187291294129e+00,4.305920648635499504e-01,-3.176425077848588963e+00,1.089282914879193598e+01,-5.940286163720866597e+00,-4.742129587043936390e+00,-4.302709967483325570e+00,1.938961570677236512e+00,1.960937708271812596e+01,-1.680197308869902173e+01,8.115107560587247804e+00,5.604731016316231162e+00,1.221704878318982601e+01,-2.029512441849128734e+01,6.345048476286624606e+00,-1.820792537937804489e+00,-2.516713985574435597e+00,1.819554629014078495e+00,1.016693056910007442e+00,-6.864831174018782178e+00,-7.560850973236799888e+00,-7.798453826993802629e+00,3.232551977571824864e+01,1.189688457101659047e+01,1.567469084497148479e+01,-1.825772644767452135e+01,-6.314734135453186070e+00,1.813160152735552799e+01,-1.038046506107034972e+00,2.897826814510995064e+01,-9.465080008138105683e+00,-1.620068637478338403e+00,-7.939182257235440687e+00,4.781612754612609706e-01,6.040133644957383474e+00,-1.163205602159984231e+01,-6.464420009808408807e+00,-6.419280581457456059e+00,-9.086120662323112995e+00,-2.130838477269785258e-01,-1.082787332499500721e+01,2.180135140203961441e+01,1.729227645394364288e+01,-1.471263030014998918e+01,-9.112421741490443594e+00,-6.397195170865719760e+00,-2.120901545510379194e+01,-4.238850241358216309e-01,1.055494027604442664e+01,-3.649331397133559918e+00,7.932953796527664192e-02,4.773110828543370765e+00,1.897378214954596132e+01,-1.507697303356334473e+01,-7.575316620666947998e+00,-3.444096570475672969e+00,1.729992198826130689e+01,1.489089590736050184e-01,3.485855137842595930e+00,1.121967934451253512e+01,1.959951733774935478e+00,-4.837264219275756005e+00,-1.581021259451130234e+01,-1.218759558544354782e+01,4.015240262684169892e+00,-9.626356865142831509e+00,3.197220435364203528e+00,-6.499430687266745110e-01,1.263216413164031771e+01,1.270614104487539198e+00,5.469425128775532663e+00,-3.740940454410922822e+00,-3.837241100742565081e+00,1.789525415208375136e+01,-3.542395530927350045e+00,-2.316364943202864790e+00,-1.110469275756804741e+01,1.271189889908666792e+01,4.520032603576408903e+00
-3.597679152152763571e+00,7.659067073170928275e+00,1.350380697837431310e+00,1.222445922896558024e+01,6.776665655022134693e+00,-1.849703654713278311e+01,1.995530373671455493e+01,-9.170910907051917249e+00,7.939752819496044722e+00,4.593272735893185299e+00,-7.866275954622838462e+00,-1.868954041377901376e+01,1.313143895190221144e+01,-5.327485110075558694e+00,-5.062638062742930600e+00,-1.353873720762801369e+01,-2.224608059936377558e+00,3.031287853672484189e+01,-3.496570905932596229e+00,6.972292599355063292e-01,-1.380654064627299604e+01,-4.696245707874969755e-01,1.821971995181637105e+00,-5.324764258510313653e+00,1.490321877112375226e+01,-2.282681624855617208e+00,3.375754686757380441e+00,-8.277208914242002891e+00,-1.045279904267159665e+00,6.874089413644490776e+00,-3.025216218685071112e+01,-1.000480394089411362e+00,1.372067582800150509e+00,1.173771978611364375e+01,-1.332647497194270159e+01,5.981118942432519070e+00,-5.819715079812941561e+00,9.011527401326876685e+00,-1.050605873768498233e+00,-1.726557589130121784e+01,-3.998762979463017952e+00,-8.498459419050806929e+00,-1.043142897381159884e+01,2.484549614391712069e+01,9.155009354625864404e+00,1.128034562135581709e+01,-1.018639492612590303e+01,-3.363723330880399764e+00,1.344217611760133479e+01,4.330458162204230632e+00,1.934955092071570348e+01,-7.364805236534945010e+00,-9.732692586167944526e+00,-2.073141042923485777e+00,1.768307865081091723e+00,-2.264569210390043885e+00,-3.978727233330658919e+00,-3.740802403296670242e-01,-3.128559657064851507e+00,-1.975961903176125389e+01,-5.238477870440743089e+00,-1.111279584203315274e+01,2.164137627251420071e+01,1.790756415475302177e+01,-9.560365215746230660e+00,-8.895378426724189325e+00,-2.391895808436436788e+00,-1.211964863087983701e+01,1.293333448655003437e+00,1.098379430462068207e+01,-2.247648361761722668e+00,-2.125423683481260650e-01,6.088124617463956945e+00,8.061554814679368519e+00,-1.025885677442742150e+01,-5.424655460711485411e+00,-2.590117733204698514e+00,1.362694282282341796e+01,-3.368352510416027012e+00,1.934038262297825828e-01,9.467160701809529399e-01,2.659031377620675762e+00,-9.099071295844161966e+00,-7.503441897712342268e+00,-7.045420033408095861e+00,3.194673055050758936e+00,8.073900261158735603e+00,-8.094588313742563379e-01,7.355625512240799857e+00,1.424183454490217393e+01,2.525101420176005362e+00,1.894912799275202175e+00,-8.493669775347019169e+00,-2.405621781264267511e+00,2.199429051533659063e+01,-7.012478854097219383e+00,-3.230320535529494830e+00,-5.631042475559750571e+00,3.301713984084281961e+00,4.792457146483408259e+00
-4.913714474614059746e+00,-7.477625723271221148e+01,2.952920046118173047e+01,4.740043799495349219e+01,-4.913930546411957323e+01,-4.639059885703927222e+01,5.473400363470864960e+01,7.564931028287159798e+00,7.957780822965470691e+01,-4.198285758786362010e+01,1.524733643550251649e+01,-1.413379089594078266e+02,8.955647993232949133e+00,-3.972748020176005035e+00,6.186082389703876316e+01,-7.622942792254167266e+00,2.462395881181418389e+01,1.352324279323488554e+02,-3.334133138656800810e+01,-1.359861272328016035e+01,-4.745106482124711533e+01,-1.417591596542166776e+01,-7.254789949608987598e+00,6.520695360541278518e+00,-2.922135514747186136e+00,-3.225194669433061279e+01,-5.584780076647189873e+01,1.499664218067954202e+01,2.089511063206821717e+01,1.102954605324898125e+02,4.657365343792540813e+01,6.791177063721318063e+01,3.495664915998477085e+01,2.554527810306934654e+01,-7.817964483988836832e+01,1.393306441642444327e+01,1.976375369681871064e+01,-7.144912903997376930e+01,2.001193715992242872e+01,1.077651888017278168e+02,-2.939138127036743242e+01,-8.661975116882778991e+00,7.128480268898940153e-01,1.035626169884575916e+02,3.805069280781891905e+01,5.466083170371425126e+01,-8.076793468093917738e+01,-2.885802903964128419e+01,6.094867521310927572e+01,-3.302299773985370024e+01,1.097669864456799473e+02,-2.980298553031929032e+01,4.395978186330914639e+01,-4.876617213872756196e+01,-6.579903184293057983e+00,5.934880085043375431e+01,-6.599872954799045033e+01,-4.731646645268902063e+01,-3.102009632266539541e+01,4.487461801776517234e+01,2.870429086400084984e+01,-1.853051551845103262e+01,4.155869911723808485e+01,2.866545376492530650e+01,-5.725680865273933051e+01,-1.824016105960546241e+01,-3.511696867642260145e+01,-9.216371894373813234e+01,-1.073421309274145230e+01,1.718834679259623499e+01,-1.491841775424438943e+01,1.838044138813531347e+00,1.280813018751415067e+00,9.855375582244965926e+01,-5.600083907965390040e+01,-2.657271727569995079e+01,-1.136422473304886971e+01,5.351251849255255877e+01,2.064554914881605185e+01,2.556294046002089004e+01,8.040013647215040749e+01,-3.954193513499928980e-01,1.566413117667432786e+01,-7.756977558162651576e+01,-5.249234398687543290e+01,1.223521213935884155e+01,-1.204411059318940431e+02,2.916100154617374329e+01,-4.757057557541567405e+01,1.422181652393367379e+01,-4.896469587746100416e+00,3.089320213606011478e+01,2.055027544885395585e+01,-1.544199202704472107e+01,9.615303025268593373e+00,1.349267183185610364e+01,9.754733236508976724e-01,-5.239361069518342617e+01,7.818502180957268877e+01,6.846641580503208147e+00
-2.464301420852352820e+00,-1.201428490100686375e+01,6.531157571858810407e+00,1.459100328770125543e+01,-7.183164954798599844e+00,-1.694819820277540146e+01,1.923328803905209483e+01,-2.213451627559956059e+00,1.935707588279736768e+01,-6.625668950554958414e+00,-1.249568973354833190e-01,-3.625366571536414284e+01,7.176331098698684130e+00,-2.980199164281251978e+00,1.045927491420199651e+01,-7.072796482745482116e+00,4.077838537464304913e+00,3.976421463235275411e+01,-8.179607653821578950e+00,-2.468977132368691318e+00,-1.524736895114124735e+01,-3.062418118976415471e+00,-7.250126967888538276e-01,-8.541635263968385683e-01,5.494663029131704235e+00,-7.463261037316453184e+00,-9.930550774485976007e+00,-3.435453928316611893e-01,3.804377418518830822e+00,2.514219550790448920e+01,-2.923649288729944118e+00,1.334355668470737477e+01,7.639073866319719741e+00,9.966547060601559593e+00,-2.127385647114498823e+01,5.264105911548456973e+00,1.625423218288047700e+00,-1.078820307649891319e+01,3.623359509716885363e+00,1.477130275165471573e+01,-7.584834536386273918e+00,-5.224777833435956254e+00,-4.115788794936661610e+00,3.111822117987502168e+01,1.144413078518871174e+01,1.567566349014266969e+01,-2.051559354252473710e+01,-7.217483750492225347e+00,1.783183329409658668e+01,-4.918627564991198575e+00,3.013009218793142807e+01,-9.042858418659481146e+00,4.927084519421117470e+00,-1.072181983740948397e+01,-6.102641353038987804e-01,1.109330631387588895e+01,-1.498964764603069533e+01,-9.734366650287572753e+00,-7.559263216618964165e+00,1.017395064804649252e+00,3.673258060970435945e+00,-8.290840537037897917e+00,1.725386929324256258e+01,1.311811523175792260e+01,-1.549891841823632355e+01,-7.326462102063531212e+00,-8.088031079190880490e+00,-2.361277284812597799e+01,-1.645489802353709674e+00,7.966367543619853109e+00,-3.938910439229435845e+00,2.854031344048838514e-01,2.745722939135330609e+00,2.324945249130931657e+01,-1.552984459450980381e+01,-7.596381475623133817e+00,-3.359048304904074023e+00,1.640146776867054257e+01,2.805110545916202014e+00,5.255485838231858331e+00,1.666767813437226309e+01,1.005861913436601807e+00,-5.440230022562997370e-01,-1.877226177283495900e+01,-1.350702296685979320e+01,3.782320645205490273e+00,-2.109201052414246291e+01,5.574530123915206303e+00,-6.629052670385203072e+00,8.696211029683269089e+00,3.970201954642527120e-02,7.029752236412584843e+00,6.926650174774326985e-01,-4.109449850577698626e+00,1.092945329182567882e+01,-1.315906024125803597e-01,-1.121712348051734587e+00,-1.290940510740582070e+01,1.718088570491783784e+01,3.343660601830739765e+00
-4.229068523438990646e+00,-3.778398731625993889e+01,1.678378399552136102e+01,3.122362811039139174e+01,-2.408740743631808812e+01,-3.334018969226966789e+01,3.854087619363226480e+01,2.474622425371446610e-01,4.706158595111691056e+01,-2.108887254930458965e+01,5.019904677363742351e+00,-8.553941962176361358e+01,1.050719914699095980e+01,-4.449118333733594000e+00,3.180017504985003995e+01,-9.949095669465680913e+00,1.256902785890911645e+01,8.713730588893666607e+01,-1.979013997331983887e+01,-7.167495456359383788e+00,-3.192506935259684298e+01,-7.981228860289742322e+00,-3.206408941069379015e+00,1.311966772220021227e+00,4.741823904953200497e+00,-1.867529363665239117e+01,-2.921785998337903578e+01,4.707321141673594944e+00,1.102439534735062665e+01,6.346896577301660614e+01,1.268321322454549893e+01,3.685125395152598315e+01,1.977218392981421502e+01,1.901991948280524269e+01,-4.858779556247322517e+01,1.019472558553392005e+01,8.370426224363303191e+00,-3.538182378594350297e+01,1.053734727165459439e+01,5.180138834752221300e+01,-1.783581781289649726e+01,-8.373272781334970105e+00,-4.050425237128055578e+00,6.742550205562734789e+01,2.478451095721672459e+01,3.480690595418410282e+01,-4.867147732611093858e+01,-1.727265643361472414e+01,3.917885803034778291e+01,-1.628264772099578650e+01,6.849094624177834589e+01,-1.949501443374516185e+01,1.998565051373434542e+01,-2.765084820695543044e+01,-2.858808979268211203e+00,3.161272797808177870e+01,-3.792132340660580780e+01,-2.613163257670477435e+01,-1.835929779779377924e+01,1.621833558466607172e+01,1.352544276793586242e+01,-1.490337260789361551e+01,3.202678808971574398e+01,2.335973211059106802e+01,-3.549948704079076833e+01,-1.379981645489678854e+01,-2.029442832052253465e+01,-5.574988660878321411e+01,-5.341384145902323688e+00,1.411171755764976510e+01,-9.145877701110178393e+00,9.184149031676394070e-01,3.295376890168728146e+00,5.752948351207852795e+01,-3.510749469434134795e+01,-1.689577927937030566e+01,-7.340779374749757835e+00,3.517577195204347618e+01,9.898242668659690935e+00,1.411403346421970717e+01,4.453532596013192091e+01,9.151696314810209287e-01,4.723760848728742801e+00,-4.577358076748806326e+01,-3.181337199319538200e+01,8.076290874855018842e+00,-6.267311491735539875e+01,1.566201518064846709e+01,-2.297979864169776221e+01,1.387064446815790575e+01,-1.612516731917654100e+00,1.776435662865177179e+01,7.663581150981899626e+00,-9.500536622551594590e+00,1.464309939368259172e+01,4.420304292311317163e+00,-8.400293145314768894e-01,-3.115693323322813058e+01,4.432219399797671855e+01,5.798803755094145806e+00
-4.224803140093767340e+00,-2.845009122342280961e+01,1.374759901011824503e+01,2.784358836798273273e+01,-1.769467802000846035e+01,-3.100245732028822943e+01,3.550519394272669871e+01,-1.943827007293415843e+00,3.951815507621941492e+01,-1.580485609640916778e+01,2.180301026134443987e+00,-7.282294011518720822e+01,1.147586572010729000e+01,-4.804908540601919853e+00,2.426758927915377839e+01,-1.112433520034904433e+01,9.539549563821125844e+00,7.681638275891386058e+01,-1.665485770238905516e+01,-5.573374044160755325e+00,-2.877445457455913669e+01,-6.497131976588648605e+00,-2.140595574678274549e+00,-1.936237350342344676e-01,7.275583479166403578e+00,-1.547913115728300681e+01,-2.259491171590229897e+01,1.834163840624678521e+00,8.578798971399503870e+00,5.240024540403421582e+01,3.085076283157683008e+00,2.925873419404054232e+01,1.614430792647980439e+01,1.796316984192636568e+01,-4.199766776477913055e+01,9.555827505840069236e+00,5.339730078343566610e+00,-2.621174952425746341e+01,8.187766036678356230e+00,3.742473853193466482e+01,-1.520808306525101372e+01,-8.686028898813599852e+00,-5.677860816780363251e+00,5.976393364677474551e+01,2.197343135664106129e+01,3.049082009186061626e+01,-4.133127093318987022e+01,-1.460906583895575928e+01,3.449463069139754623e+01,-1.201977074851787464e+01,5.933303617452804701e+01,-1.732209513183283178e+01,1.372162189492429363e+01,-2.261341159128604161e+01,-1.874941430136703113e+00,2.477106480319859116e+01,-3.127801839253642058e+01,-2.100075240183857161e+01,-1.542379225044427571e+01,8.364808736541162304e+00,9.601085585759538077e+00,-1.452270808220260534e+01,3.068569291641226471e+01,2.287733367602411505e+01,-3.064339634957642033e+01,-1.312164240527559222e+01,-1.680044657971215472e+01,-4.744769981867551678e+01,-3.972699789442619700e+00,1.385901086248394698e+01,-7.844469973184104994e+00,6.853764522523606573e-01,4.059206605120583511e+00,4.792415663308287321e+01,-3.049281451484478112e+01,-1.478877987739081057e+01,-6.479817181423532801e+00,3.133407652527020204e+01,7.134973236031260768e+00,1.134076028723391083e+01,3.586313686672828283e+01,1.353437494105317773e+00,1.655374096293835251e+00,-3.838545194013665451e+01,-2.710599721890206837e+01,7.209648155114142476e+00,-4.827220413646736574e+01,1.234540493223225077e+01,-1.667303200283607367e+01,1.442699566410676937e+01,-7.007725741254866580e-01,1.465953619101257388e+01,4.149531289962345326e+00,-8.165201580890933286e+00,1.685579050876316387e+01,1.899840299461917681e+00,-1.426727031333670848e+00,-2.625031427807715545e+01,3.624257697765822428e+01,5.760117992051259961e+00
-3.768724581704353316e+00,2.384957692777978977e+00,3.245875717930339910e+00,1.483667088031027959e+01,3.236153923133900712e+00,-2.077397342865499041e+01,2.272172288335341506e+01,-8.277977648458715976e+00,1.286382075291889926e+01,1.619597330879541275e+00,-6.521008425811966269e+00,-2.723879919883101408e+01,1.316178987569223402e+01,-5.362249235103422329e+00,-7.539881602533160532e-01,-1.346349953519382225e+01,-5.005691943327148508e-01,3.796077585558070666e+01,-5.552369947202626221e+00,-2.321323671269579503e-01,-1.635438560678738540e+01,-1.387230411773900940e+00,1.264099928682217877e+00,-4.665526017370955181e+00,1.407204480134529589e+01,-4.318376550654094537e+00,-4.629453699910763831e-01,-6.930935703626382782e+00,3.816265536787484258e-01,1.387567636112401459e+01,-2.587657505650016532e+01,3.534560015123069832e+00,3.625648486725984831e+00,1.292509258807834804e+01,-1.792749729718290652e+01,6.646760135866207619e+00,-4.263292205401032930e+00,3.899613023528630151e+00,3.181085088390300797e-01,-9.398145757317999838e+00,-5.771786671378009714e+00,-8.707683245422202845e+00,-9.937794206616828774e+00,3.063251572065132677e+01,1.128013260299954901e+01,1.441322631057071391e+01,-1.509302739845501229e+01,-5.128647599496032328e+00,1.689845448853224497e+01,1.960707184142909121e+00,2.578221126876506730e+01,-9.020983821801651814e+00,-6.408272702416573097e+00,-5.210185303181113170e+00,1.257375022089364247e+00,1.758154041639778065e+00,-8.174106232354784396e+00,-3.487952018742456861e+00,-5.046565420713093886e+00,-1.594551663623058424e+01,-3.115535453075519712e+00,-1.186290482861409679e+01,2.346411069272973293e+01,1.903725095748238516e+01,-1.293858206291883839e+01,-9.721190003842192340e+00,-4.612431269939874845e+00,-1.769734157680929343e+01,5.279315400487396559e-01,1.165064316891371021e+01,-3.138266921461238645e+00,-8.186253795256415167e-02,5.912266448307032185e+00,1.423562775639209832e+01,-1.352409739635510455e+01,-6.950200144054180740e+00,-3.230975808677769123e+00,1.658342703808542495e+01,-1.858522887285874781e+00,1.876059646197983266e+00,6.224492113973039586e+00,2.519064552224655085e+00,-7.673468127526071214e+00,-1.231335755534975540e+01,-1.021612130737460689e+01,3.867269174753257044e+00,-2.385966404558352849e-01,1.154125111933410608e+00,3.894101522292491069e+00,1.457300458736500914e+01,2.093132164870091572e+00,3.857326789629267783e+00,-6.770770747489688546e+00,-3.324112150392101395e+00,2.168893236654617951e+01,-5.819822478468335447e+00,-3.027532316101908538e+00,-8.855750314419520208e+00,8.332167357383148953e+00,5.040223209741141019e+00
-3.596643162279684613e+00,-5.256970172034110789e+01,2.091148402626791736e+01,3.391587718184937472e+01,-3.448579837460501807e+01,-3.341980276920504878e+01,3.936561975006862468e+01,5.027276773850967828e+00,5.650314349542259151e+01,-2.950490610479872444e+01,1.050072038967685906e+01,-1.005141123884076393e+02,6.783095187627614209e+00,-2.991745637473408159e+00,4.353395869413676422e+01,-5.855555691852429412e+00,1.732161419356177845e+01,9.660306997126151884e+01,-2.367945335858685141e+01,-9.584302937943320444e+00,-3.400649593333601217e+01,-1.003266446517922361e+01,-5.062908167020696126e+00,4.422780006219759308e+00,-1.548056397390551453e+00,-2.286763597813117954e+01,-3.934377186162483042e+01,1.030933940050632280e+01,1.472777833488967048e+01,7.817060242748827648e+01,3.185912706048432597e+01,4.795024698078734104e+01,2.474714916122837849e+01,1.845663816960064452e+01,-5.570197741466497376e+01,1.005214132670106331e+01,1.376286871216589347e+01,-5.017194113540942624e+01,1.410356316466656068e+01,7.554590489453299540e+01,-2.090591715331720835e+01,-6.414978227547216250e+00,1.420497404350455906e-01,7.403635208647270360e+01,2.720314683407418244e+01,3.901317808694577138e+01,-5.742194580623072397e+01,-2.050704714718806443e+01,4.353097251629521480e+01,-2.318318160483428869e+01,7.822968888279797284e+01,-2.131344009832697495e+01,3.072358500185610453e+01,-3.452895235306972666e+01,-4.587908749370186001e+00,4.185602199696900527e+01,-4.677115233369224967e+01,-3.344572051972230042e+01,-2.202656274909051959e+01,3.102237814865231158e+01,2.010020149377301024e+01,-1.347849992383072681e+01,3.011469770717468819e+01,2.087517791290662217e+01,-4.078780946958032416e+01,-1.319646943618333346e+01,-2.489578233139172170e+01,-6.554097219300024335e+01,-7.539717013962317083e+00,1.252568148465689468e+01,-1.061893937242528629e+01,1.291352355078484004e+00,1.116054399813864784e+00,6.991534428216733943e+01,-3.992458461870747755e+01,-1.896374478375305017e+01,-8.119499034785023994e+00,3.828315667781854614e+01,1.447090843481423050e+01,1.806890420923892648e+01,5.684175031956900881e+01,-1.872121797794265852e-01,1.075248012707893785e+01,-5.506918688963937569e+01,-3.733415866222159707e+01,8.755877651146235507e+00,-8.482107650615718342e+01,2.057644648237175389e+01,-3.335729793103966045e+01,1.054254630294897765e+01,-3.372196174709605643e+00,2.189413458609450558e+01,1.422590770499873436e+01,-1.099436174962532853e+01,7.556446448233160140e+00,9.290512906431050766e+00,5.772600566914912745e-01,-3.721536285432216573e+01,5.535824220714345500e+01,5.003826116341558716e+00
-5.108010802084628210e+00,-1.486641931791128712e+01,1.027785708406217857e+01,2.662878644584299792e+01,-8.013173936819820042e+00,-3.264248890033445605e+01,3.663110429678921776e+01,-6.953752299929337966e+00,3.202987642513005540e+01,-8.051425981783692620e+00,-3.319513847525270123e+00,-6.150964589588869558e+01,1.593244732795129082e+01,-6.566362988551940560e+00,1.358158010451882092e+01,-1.594027313755781883e+01,5.195262110646935660e+00,7.137458538003636477e+01,-1.359104579899120679e+01,-3.404307329560803730e+00,-2.823778099597586078e+01,-4.754074992471765349e+00,-3.555228325453114735e-01,-3.394696067975364162e+00,1.413026081450633242e+01,-1.203925307517852694e+01,-1.346497857075136473e+01,-3.809173545135715599e+00,5.257176525621334306e+00,4.023283944202852069e+01,-1.640961189840717793e+01,1.950091613765319565e+01,1.193874429207310151e+01,1.953840782580970981e+01,-3.703394447425768732e+01,1.023272586611437518e+01,1.060016876543201647e-01,-1.249925887226336663e+01,4.985100931746037745e+00,1.515168941138523451e+01,-1.290407809192349831e+01,-1.117674056865341647e+01,-1.029279977696899273e+01,5.630303185899443008e+01,2.071324445438118289e+01,2.787030998273664295e+01,-3.465243319767897390e+01,-1.210330490840892992e+01,3.194689696693128766e+01,-5.610374012947331401e+00,5.264036948611371258e+01,-1.641915302467673143e+01,3.471257891923247740e+00,-1.681532132991768691e+01,-2.057714889613833087e-01,1.564159916321270494e+01,-2.393898700240427857e+01,-1.466597858656078301e+01,-1.251933836644205122e+01,-6.353068681133375861e+00,3.391471801565009159e+00,-1.679049669586295579e+01,3.435074102531582696e+01,2.669585004677558970e+01,-2.692165391314894407e+01,-1.446910243869104207e+01,-1.301448072791812294e+01,-4.004131636769673719e+01,-1.938800210214066233e+00,1.625522436979395735e+01,-6.769391648056227950e+00,3.409688802789260786e-01,6.519650964756812606e+00,3.788313986237731967e+01,-2.724598603111572004e+01,-1.348923594043436403e+01,-6.041042786503889594e+00,2.988736839668997902e+01,2.841669893946447090e+00,7.914604310758227790e+00,2.523379437695429672e+01,2.559155402446977590e+00,-4.435498821118804003e+00,-3.098395181958502320e+01,-2.294940453594057317e+01,6.913070465016978972e+00,-2.823891417007635596e+01,7.990955434605611529e+00,-6.956217793580140807e+00,1.864133732170812863e+01,1.064964472774712068e+00,1.123830642480289121e+01,-2.350077253118776355e+00,-7.086640520376741748e+00,2.505962828283883681e+01,-2.989336526391947579e+00,-2.959470972749519202e+00,-2.149481832066789622e+01,2.693715072735410843e+01,6.895294086381659859e+00
-6.055306738189505822e+00,-4.927075522168361488e+01,2.246291384004492997e+01,4.296723614858271389e+01,-3.118044486815139038e+01,-4.654041656066842592e+01,5.362703069203928408e+01,-7.839980287641585832e-01,6.348976913188393212e+01,-2.746149698288873608e+01,5.715006417164229191e+00,-1.159160639057352142e+02,1.555328380116114673e+01,-6.557557433417294135e+00,4.163566225898757267e+01,-1.486120400224123195e+01,1.642937584931361528e+01,1.194493779809868670e+02,-2.671759501056479991e+01,-9.438188082719609184e+00,-4.409114254770969410e+01,-1.066090388710695436e+01,-4.038984938992728146e+00,1.096993695639624455e+00,8.108346786335626888e+00,-2.508911112137057131e+01,-3.840946177717124499e+01,5.249843877002376757e+00,1.452026257408525112e+01,8.515943206180465097e+01,1.318028140955467720e+01,4.883945697099618855e+01,2.643595590031992160e+01,2.669423721457860665e+01,-6.617111575351677288e+01,1.427052492321635846e+01,1.041485974566672823e+01,-4.591511812314903551e+01,1.387252059734679221e+01,6.672874690226936423e+01,-2.418200277980216129e+01,-1.215597760769294311e+01,-6.647152147097390440e+00,9.259672700966066827e+01,3.403973636709304174e+01,4.761344935753380270e+01,-6.590128554485571044e+01,-2.335672801831082879e+01,5.368436952994893119e+01,-2.110779988428167542e+01,9.334541822096319663e+01,-2.679485207339896746e+01,2.537214195391030103e+01,-3.698867521196068253e+01,-3.583672504191536490e+00,4.172613021065021144e+01,-5.086532543237511561e+01,-3.476407359021719401e+01,-2.477191366009940410e+01,1.915021374069929294e+01,1.733437953259340958e+01,-2.114913518462358510e+01,4.517694860579068461e+01,3.320878029104414964e+01,-4.832491914458636728e+01,-1.941388561449197425e+01,-2.725355744555184856e+01,-7.554029010373879771e+01,-6.939672890435596209e+00,2.008168356900631224e+01,-1.242400660248359578e+01,1.194423520480776491e+00,5.116982207344531020e+00,7.741227572207824892e+01,-4.788886860035138682e+01,-2.310607518421106477e+01,-1.006729387708363888e+01,4.838825845579162888e+01,1.274217112078632397e+01,1.877547817420357390e+01,5.928484136514651226e+01,1.538542291318147459e+00,5.171962815722613627e+00,-6.172557475019975470e+01,-4.312236104293728545e+01,1.111785540354981983e+01,-8.228830233352913126e+01,2.071045316488696031e+01,-2.963861777611973380e+01,2.015671551018088081e+01,-1.836011583112404644e+00,2.383178234437771792e+01,9.151288265862202564e+00,-1.291437726044781087e+01,2.212367094431404979e+01,5.021970705908401555e+00,-1.508029275297501304e+00,-4.207859409872846612e+01,5.928742292196714914e+01,8.285840511740920178e+00
-5.107270809318142923e+00,-5.788696845613416997e+01,2.425007374722681419e+01,4.212265641218856160e+01,-3.748636252941064129e+01,-4.330160763038607286e+01,5.049561573489926758e+01,3.187810329287007693e+00,6.671801262222045636e+01,-3.240726801084933584e+01,9.799769255545943025e+00,-1.199557687349091424e+02,1.139791606775514765e+01,-4.897977650978976527e+00,4.829343493086145855e+01,-1.045228634057525952e+01,1.915684943457418754e+01,1.187247221189911244e+02,-2.800739040802996271e+01,-1.074825889947424962e+01,-4.266632048673515243e+01,-1.158481777418014147e+01,-5.273294376975549369e+00,3.567835549688973984e+00,2.379349979853258468e+00,-2.674279189894678410e+01,-4.397892610531008728e+01,9.466932393970228787e+00,1.652364669644764206e+01,9.115892016620266247e+01,2.795559470683213021e+01,5.446572140542230755e+01,2.863523113380755092e+01,2.433763524258614197e+01,-6.730216050477359602e+01,1.314059899773476481e+01,1.409356153906777465e+01,-5.477316496993215367e+01,1.580950738777108100e+01,8.144560425840967355e+01,-2.498061678753363424e+01,-9.688539717579423893e+00,-2.740314981078532774e+00,9.143935753224840823e+01,3.360477122541569628e+01,4.767947602958661690e+01,-6.839211239775384854e+01,-2.434853620577154842e+01,5.343889439456977897e+01,-2.526297384654627365e+01,9.469761088760104428e+01,-2.638246364024247015e+01,3.236859902622614271e+01,-3.999804369430786011e+01,-4.745926213569438445e+00,4.715630716846916926e+01,-5.450500493123398371e+01,-3.828857878612694776e+01,-2.601791200360324297e+01,2.991978644773345053e+01,2.149052849028911893e+01,-1.848028532571836635e+01,4.040311347864474811e+01,2.881557415974244662e+01,-4.922697123731614965e+01,-1.754131030259042845e+01,-2.908868538717189978e+01,-7.819940462635416623e+01,-8.248121969226438921e+00,1.735657235553410871e+01,-1.274888522710162952e+01,1.415179397012219065e+00,2.968172237863889507e+00,8.206441805344014995e+01,-4.843579163417290090e+01,-2.316001402832119282e+01,-9.990600859061265382e+00,4.749894972168650042e+01,1.558399914053948976e+01,2.068281887005047537e+01,6.515881884080290831e+01,5.261242900183330518e-01,9.744180766683410155e+00,-6.495948395667576847e+01,-4.458421784223593676e+01,1.088535946222803474e+01,-9.459246900387343260e+01,2.326660208728133128e+01,-3.603687739592333372e+01,1.599898857745584557e+01,-3.147390952143581000e+00,2.552346484395953752e+01,1.387819237569962105e+01,-1.322145478349178660e+01,1.474688252062210125e+01,8.655657588271100877e+00,-2.397705497345296033e-01,-4.405504716264104559e+01,6.412038517239638225e+01,7.046271921994624599e+00
-3.683834335759383016e+00,-4.397787206207566157e+01,1.821388764372720104e+01,3.118403959954275706e+01,-2.856256784845540508e+01,-3.178447575727608765e+01,3.713921959431988995e+01,2.823652276685640672e+00,4.991694235473639196e+01,-2.463446861524880305e+01,7.746794336801658076e+00,-8.954552733678562504e+01,7.986892211882562265e+00,-3.446659410222219222e+00,3.662852729349944525e+01,-7.255519277668398104e+00,1.453959728341718893e+01,8.808394742771211838e+01,-2.094699876651921144e+01,-8.132373698902945591e+00,-3.152111017601933796e+01,-8.709252086336665144e+00,-4.057858140924028412e+00,2.933418756652745429e+00,1.108740371200176877e+00,-2.004969132623078920e+01,-3.329945546763840269e+01,7.514826459795122204e+00,1.250094029890422931e+01,6.838560911616413307e+01,2.245789740437576754e+01,4.109367201529902758e+01,2.151773600039128453e+01,1.780283197861714584e+01,-5.010979249967780902e+01,9.628636906109059979e+00,1.088879224757394049e+01,-4.169328771231430153e+01,1.196297861562072207e+01,6.217386495104564403e+01,-1.864282768328648743e+01,-6.911405051931368781e+00,-1.586149281380287102e+00,6.777160945337267606e+01,2.490555940144140834e+01,3.541525837004439126e+01,-5.107543777334400659e+01,-1.819562904726132757e+01,3.965652167219792545e+01,-1.923814947349126925e+01,7.047957527874363848e+01,-1.954473228640919658e+01,2.484135743856750977e+01,-3.004904590029161326e+01,-3.657946112373867020e+00,3.564303534619282487e+01,-4.089460419495086541e+01,-2.883874973402870623e+01,-1.946454293431074589e+01,2.345631991950367379e+01,1.643677286693969464e+01,-1.341717971573306478e+01,2.945563915727397486e+01,2.089424608813800077e+01,-3.666050901551567165e+01,-1.281136395331627043e+01,-2.181264242266230724e+01,-5.837785150978172055e+01,-6.275538834081225481e+00,1.257622548661196404e+01,-9.504886701901932966e+00,1.076301581670260354e+00,1.957341652549091648e+00,6.147706364900130893e+01,-3.603216312181777425e+01,-1.720525756345528379e+01,-7.410396112777841715e+00,3.517143681937513833e+01,1.189946997505776949e+01,1.557858499178754563e+01,4.906302655131673163e+01,2.743921574573456867e-01,7.761517432782212289e+00,-4.861167694854496801e+01,-3.327702978853751148e+01,8.056960285174092462e+00,-7.165977693932809700e+01,1.757189298593908333e+01,-2.749676227151998376e+01,1.140346384028153537e+01,-2.487977046653853996e+00,1.914856225409905477e+01,1.084928396299445374e+01,-9.853780527037784509e+00,1.010378558955000727e+01,6.845331053640943075e+00,-3.234673566564749692e-02,-3.294318014481132195e+01,4.817226308555162717e+01,5.090278457113731392e+00
-2.263882778161724563e+00,9.931028565512596273e-01,2.092570422420318543e+00,9.070761977669894449e+00,1.642837335205460825e+00,-1.258792923277566089e+01,1.379070170798218342e+01,-4.869000554682854975e+00,8.081774633038993016e+00,7.240495702783489307e-01,-3.783156837118145432e+00,-1.695963248256200018e+01,7.860017732769081000e+00,-3.204081657449812770e+00,-9.826401289534913985e-02,-8.031514418224181995e+00,-1.580450184181052542e-01,2.328700298268753954e+01,-3.482629977795396847e+00,-2.144780792057380259e-01,-9.971575492003937669e+00,-9.031072434799920501e-01,7.091045227062964251e-01,-2.731465100189740092e+00,8.333080436437624527e+00,-2.744298759161894807e+00,-5.898624783336421373e-01,-4.027799754239191898e+00,3.443573372787653852e-01,8.855508351162944436e+00,-1.509088766169612583e+01,2.480471231432814783e+00,2.348536273028104304e+00,7.813198047361161969e+00,-1.107838913326429164e+01,4.022450153541587525e+00,-2.418064817798392774e+00,1.910591988825807164e+00,3.016850715661558713e-01,-4.968167346681203966e+00,-3.590528207940881344e+00,-5.215540378895022755e+00,-5.892513351685567891e+00,1.876009139691187499e+01,6.907744109620987061e+00,8.860487378114521917e+00,-9.411178770816665207e+00,-3.205915160809483133e+00,1.037056940517286918e+01,9.770101070308720992e-01,1.591720383343073664e+01,-5.520744600360501408e+00,-3.554227386280260248e+00,-3.366646467583481073e+00,7.089230507276802484e-01,1.378125369283003110e+00,-5.222524596394938712e+00,-2.336587292217254586e+00,-3.169413744378215103e+00,-9.207936488327424840e+00,-1.686593765186410465e+00,-7.143366977000415119e+00,1.415683882522045778e+01,1.145742274167357877e+01,-8.000165573579847589e+00,-5.870953488410107113e+00,-2.934943247339699024e+00,-1.102074642911130198e+01,2.526669212349064164e-01,7.009848160158899333e+00,-1.946265560146938967e+00,-3.819971423036627733e-02,3.515239487240256810e+00,9.002819398305113907e+00,-8.340489873144138144e+00,-4.273826357073786220e+00,-1.981215832495511364e+00,1.014168371991563689e+01,-9.862315823856315777e-01,1.257413946795197690e+00,4.147005788764173140e+00,1.492441747251652240e+00,-4.464610375590964075e+00,-7.743827973169804757e+00,-6.357920052245308540e+00,2.363672457031153584e+00,-8.212778727506684362e-01,8.493636178886887489e-01,2.042080082339664315e+00,8.727073884159961992e+00,1.214315455236949504e+00,2.463069326062282016e+00,-3.901424887340287917e+00,-2.059490603657851970e+00,1.292327424234537148e+01,-3.377014385130927554e+00,-1.790864810341627367e+00,-5.550194100705521549e+00,5.385082493215910482e+00,3.029228043396859693e+00
-6.208550641593715724e+00,-6.022982936895094497e+01,2.618588558169000180e+01,4.755315879663835688e+01,-3.862322752739191856e+01,-5.012554268431649973e+01,5.811523227316592966e+01,1.485340859723148554e+00,7.292824976280716953e+01,-3.365494860538634470e+01,8.821142444129119298e+00,-1.320455275035020293e+02,1.492376975722034693e+01,-6.347097048345500703e+00,5.052582390503477683e+01,-1.399893765635793130e+01,1.999708885849256745e+01,1.331637195187062730e+02,-3.064860957715043810e+01,-1.133501563090100817e+01,-4.846506788683256417e+01,-1.247286497499735702e+01,-5.251375084357966294e+00,2.696401525426298740e+00,5.661300278756911553e+00,-2.904369495345978436e+01,-4.627031629857147266e+01,8.379593822528276448e+00,1.743125369905297717e+01,9.881221825752875532e+01,2.352852737959326745e+01,5.796922361803601120e+01,3.087451963264255284e+01,2.845383886980424037e+01,-7.467984291849650447e+01,1.528844692949503070e+01,1.383605788741314768e+01,-5.662064155187189840e+01,1.666731649607440957e+01,8.338349262092680192e+01,-2.752062617674534550e+01,-1.212802505290485655e+01,-5.110774902621392002e+00,1.028737986242384466e+02,3.781206798419858472e+01,5.329115264430473786e+01,-7.518677164557540493e+01,-2.671252120565322130e+01,5.989573597271738947e+01,-2.607864280603029528e+01,1.052036797014987144e+02,-2.972266406658208382e+01,3.253778849672436024e+01,-4.315869537393092514e+01,-4.699289875265286298e+00,4.989690876840374756e+01,-5.905350230395138311e+01,-4.097702486873134831e+01,-2.844647087151082943e+01,2.782306387259716018e+01,2.185894990997744358e+01,-2.206637469829590614e+01,4.768767478612120669e+01,3.452859746847258293e+01,-5.458409055106878327e+01,-2.059920885702457838e+01,-3.157237060306754373e+01,-8.606732414789489383e+01,-8.539659132215419390e+00,2.083905363837622460e+01,-1.408848782952422241e+01,1.467160063948515836e+00,4.444964171102107287e+00,8.934631933887116872e+01,-5.388519410735000292e+01,-2.587440034752261298e+01,-1.121386125180918469e+01,5.358954228895705540e+01,1.594125225999579776e+01,2.213325584552083924e+01,6.979888549917265550e+01,1.118615803990669955e+00,8.503698562103291891e+00,-7.095850723552229056e+01,-4.909837652602589486e+01,1.229616964149986735e+01,-9.935071094538865566e+01,2.468324276720548838e+01,-3.695373481296446982e+01,2.007094159218688745e+01,-2.833359632167941733e+00,2.766007300333163599e+01,1.304625747845971873e+01,-1.462634172604804661e+01,2.035633149362918459e+01,7.777765224802738686e+00,-9.323315000637011352e-01,-4.823705495895747930e+01,6.918264265903432886e+01,8.529841358440073407e+00
-6.170202666104338540e+00,-5.964108828904525694e+01,2.595375347943696553e+01,4.718137163294172609e+01,-3.823619129221133051e+01,-4.976221708990706105e+01,5.768640744978976898e+01,1.425084269062138809e+00,7.230303641493087241e+01,-3.332437780121522763e+01,8.700572592541455208e+00,-1.309354677460113408e+02,1.485442170519574034e+01,-6.316292877734801081e+00,5.003887623484010305e+01,-1.394010490297962690e+01,1.980323997239419143e+01,1.321026409712241616e+02,-3.038667316595596546e+01,-1.122800632235133200e+01,-4.809301352658980733e+01,-1.236141184211017574e+01,-5.194166125238168341e+00,2.644676148862846965e+00,5.685516363918937444e+00,-2.879022593662589458e+01,-4.583080004494934201e+01,8.260961633102098745e+00,1.726682942635236273e+01,9.794532574480642495e+01,2.315972621734558956e+01,5.743502221966451060e+01,3.059970304164861687e+01,2.825389982683665124e+01,-7.406607192877736168e+01,1.517936008450638141e+01,1.368013634454721483e+01,-5.605795599957463082e+01,1.650983784419375411e+01,8.253450193361365450e+01,-2.728979726229005465e+01,-1.206060314904817687e+01,-5.117244973945869191e+00,1.020613470042567030e+02,3.751356141847392678e+01,5.286218512495450739e+01,-7.455238408039922149e+01,-2.648583447368575605e+01,5.941749423340719716e+01,-2.581856206727308489e+01,1.043419764014391973e+02,-2.948887659906459291e+01,3.219124391773598859e+01,-4.277532645165787528e+01,-4.647393268727251225e+00,4.942994952922818896e+01,-5.853475898249880061e+01,-4.060491705908111726e+01,-2.820276025051603241e+01,2.746849409606603842e+01,2.163276015006763942e+01,-2.192155425137059765e+01,4.736261186370502685e+01,3.430462937976380999e+01,-5.413456356565653493e+01,-2.045648843958639418e+01,-3.129637754665130700e+01,-8.534347004978873485e+01,-8.455128659721079742e+00,2.070477852032075461e+01,-1.397134220171633601e+01,1.452686453918245579e+00,4.435394743818067198e+00,8.857187234422607958e+01,-5.344560301075321007e+01,-2.566585796108906692e+01,-1.112469731175566601e+01,5.316980039691552662e+01,1.577859843752308144e+01,2.193222215565613453e+01,6.916662568885855933e+01,1.121945870201107143e+00,8.379748604898232145e+00,-7.034905072104619705e+01,-4.868611332056850927e+01,1.220020553187290879e+01,-9.840278653411363052e+01,2.445382769925964084e+01,-3.657898853387044369e+01,1.996026763447277119e+01,-2.794640391149972203e+00,2.741725825955099083e+01,1.288392865675125876e+01,-1.450509132280373947e+01,2.028252906818956802e+01,7.671066300812308114e+00,-9.402709227214016696e-01,-4.782545118599888667e+01,6.856799944701964478e+01,8.476390038545932981e+00
-5.824162658071347920e+00,-6.425891565794729843e+01,2.708445817176968973e+01,4.740364586029608063e+01,-4.154692723089194573e+01,-4.894509633957230932e+01,5.701824004774944399e+01,3.221976779265653956e+00,7.466904745745212324e+01,-3.596346236261009466e+01,1.064065214719994401e+01,-1.344111494345712572e+02,1.318252532977469471e+01,-5.653450953363765130e+00,5.365741086166340068e+01,-1.214302023186011503e+01,2.127677690137474542e+01,1.334594833192692818e+02,-3.135105698246092132e+01,-1.195762272868138432e+01,-4.806703235226790127e+01,-1.293251557396425611e+01,-5.813055677276203426e+00,3.784891106626564028e+00,3.192178170171881213e+00,-2.989725472489752178e+01,-4.890838172698646957e+01,1.025470729518660207e+01,1.838380362160864223e+01,1.018787945952549308e+02,3.007154802828228668e+01,6.068573774614520744e+01,3.197410421327664309e+01,2.755811747778894372e+01,-7.551530266316036943e+01,1.486652830142500470e+01,1.550174239479412641e+01,-6.073848194466312123e+01,1.758744149304519055e+01,9.017585473773731053e+01,-2.799479155974757205e+01,-1.110907847363144896e+01,-3.432718933570753084e+00,1.028420412024799191e+02,3.779622953246524730e+01,5.356457408624179095e+01,-7.661677604834670774e+01,-2.726711713283208383e+01,6.006381333716071680e+01,-2.800804921200495556e+01,1.062755927300918160e+02,-2.967951900523929964e+01,3.573429557285307823e+01,-4.466749267909288790e+01,-5.227053811591835242e+00,5.249096131556933642e+01,-6.090978970143523696e+01,-4.270016012963566254e+01,-2.911973337358092806e+01,3.264120633362958301e+01,2.376940789750977956e+01,-2.100533644272241673e+01,4.582749568729648360e+01,3.277377660574828155e+01,-5.522755686818854315e+01,-1.987823110474573340e+01,-3.251656432457112800e+01,-8.762057557079070591e+01,-9.148726150265400037e+00,1.974787747149126105e+01,-1.429466188453645614e+01,1.570040359622145720e+00,3.529513856915569292e+00,9.178263576353775477e+01,-5.437078460561453852e+01,-2.601668407296040542e+01,-1.123194363840160470e+01,5.344826248407859737e+01,1.725212359558870645e+01,2.306556396652077012e+01,7.267759573749061985e+01,6.828194798847855296e-01,1.053404908806080975e+01,-7.269272918942692741e+01,-4.996046555741526163e+01,1.225136515786307712e+01,-1.051655963248362440e+02,2.590982948705784850e+01,-3.990998680950545463e+01,1.835230088256993852e+01,-3.417504642334429299e+00,2.852383107102707172e+01,1.516483285222344435e+01,-1.482723232349221121e+01,1.723702355515527529e+01,9.396030416667001006e+00,-3.842552333037416723e-01,-4.931930842803920712e+01,7.160513688751237282e+01,8.029141288488313322e+00
-7.056007252736520741e+00,-6.662019682483277450e+01,2.916554043137119123e+01,5.338455286118961851e+01,-4.264090301742605504e+01,-5.651377649462478558e+01,6.545760978382601536e+01,1.256539352718704983e+00,8.140642374613666732e+01,-3.721223933154190888e+01,9.466921187391680093e+00,-1.475818674774372710e+02,1.715371517756347330e+01,-7.284425408581615358e+00,5.594520918278352895e+01,-1.614322088727197269e+01,2.213246715725441405e+01,1.493248379253467988e+02,-3.421849764619156531e+01,-1.256967107252161497e+01,-5.446626296361809949e+01,-1.388466704103014848e+01,-5.758892808842688282e+00,2.768174693312666523e+00,6.934050371565704474e+00,-3.238230244869041741e+01,-5.128748158963581005e+01,8.958431094409631257e+00,1.933109462148370739e+01,1.101324269368470397e+02,2.485219819845237410e+01,6.439381909085716416e+01,3.437821902337633873e+01,3.213338004356472055e+01,-8.358517251355728206e+01,1.725148154178338444e+01,1.512939200167560827e+01,-6.255015022126082158e+01,1.848169571458727845e+01,9.194385763913074072e+01,-3.076312835259624023e+01,-1.384674379021091184e+01,-6.129731949069473274e+00,1.154202660467961152e+02,4.242460317360932720e+01,5.972212093966283675e+01,-8.401357700686065755e+01,-2.983754437203243981e+01,6.715657787745392682e+01,-2.880194992455412972e+01,1.177736635583541727e+02,-3.335565089837196240e+01,3.574934603870926964e+01,-4.806310138886583871e+01,-5.147519935175622230e+00,5.536649534091658609e+01,-6.581327024468949105e+01,-4.556493009356951518e+01,-3.175483461046720279e+01,3.007725295343037430e+01,2.407240338356536213e+01,-2.500638209211008700e+01,5.393918090592055137e+01,3.915131941121553893e+01,-6.108532069809435683e+01,-2.328013379404910665e+01,-3.519780107514878864e+01,-9.619124054510089650e+01,-9.436792571136454200e+00,2.363657915298802692e+01,-1.575703355488764146e+01,1.621708021466094829e+00,5.202793051188750795e+00,9.966149955653858683e+01,-6.033849651437424200e+01,-2.899457298808122729e+01,-1.257641706990596475e+01,6.015474966118299704e+01,1.757491779938823484e+01,2.461098648360173158e+01,7.762708408263652871e+01,1.357808165983687365e+00,9.061026718376268718e+00,-7.919814719775907008e+01,-5.487937492256768479e+01,1.380548598734001509e+01,-1.100879553662470016e+02,2.740233391813571728e+01,-4.076023861797003178e+01,2.292292558002412761e+01,-3.040851257750649239e+00,3.082762825815298413e+01,1.413644323062263553e+01,-1.636169171110167042e+01,2.357365751147261435e+01,8.343863508412390217e+00,-1.175316245264124149e+00,-5.386111081268132494e+01,7.704339602527528541e+01,9.687682586775911986e+00
-4.372113201448851072e+00,-4.130415362631494958e+01,1.807972965894737172e+01,3.308741468160869204e+01,-2.643821765503309607e+01,-3.502364652464493133e+01,4.056732300201593233e+01,7.843137578252594722e-01,5.046143993964277996e+01,-2.307156645806809081e+01,5.873393219150671030e+00,-9.147913865052562699e+01,1.062639668692288097e+01,-4.512706652163575249e+00,3.468492150638685700e+01,-9.999725963316040023e+00,1.372182062085851229e+01,9.255287236958776020e+01,-2.121094411074656350e+01,-7.792690232715131060e+00,-3.375707337321816226e+01,-8.607211480113717172e+00,-3.571158412998785447e+00,1.719173957634877681e+00,4.289912792320933477e+00,-2.007334462480245918e+01,-3.179648439218644640e+01,5.558406031120671109e+00,1.198448498537450568e+01,6.827009801583984938e+01,1.542420853309229400e+01,3.992007625368947288e+01,2.131119926826803734e+01,1.991351444823897410e+01,-5.180896320967203650e+01,1.069117644973373871e+01,9.382519975868156337e+00,-3.878180930328854714e+01,1.145792244077933653e+01,5.700858944548353691e+01,-1.906857303053693187e+01,-8.579017550305684026e+00,-3.793902746543956095e+00,7.153768927396706090e+01,2.629483242999055648e+01,3.701679757781690228e+01,-5.207637491003976749e+01,-1.849514866587374229e+01,4.162435982477852292e+01,-1.785764431816225795e+01,7.299983136589229105e+01,-2.067378492765475428e+01,2.216767732409258684e+01,-2.979442372049382115e+01,-3.192120310571127106e+00,3.432452846286003023e+01,-4.079712788829674963e+01,-2.824673018038651051e+01,-1.968386661111009417e+01,1.865724144722809186e+01,1.492619861648318036e+01,-1.549565777157205204e+01,3.342574968344779052e+01,2.426052764501889669e+01,-3.786288594249544559e+01,-1.442680286961306280e+01,-2.181868563589860699e+01,-5.962451422890717367e+01,-5.850880808946959277e+00,1.464655466687948504e+01,-9.766905422671765535e+00,1.005465233410825610e+00,3.221801946516326343e+00,6.177819047490252302e+01,-3.739950165020037787e+01,-1.797136520069197019e+01,-7.794954322566569616e+00,3.728362689773677374e+01,1.089713821393383952e+01,1.525691190900086269e+01,4.812260369749912314e+01,8.401911194673549188e-01,5.622487368695376020e+00,-4.909272336802091274e+01,-3.401711743836471413e+01,8.556535099146707068e+00,-6.825124998507521923e+01,1.698792975422107077e+01,-2.527268005531295358e+01,1.420224042596049685e+01,-1.886580221097565513e+00,1.910978573949977743e+01,8.768523897473253115e+00,-1.014165741198197246e+01,1.460112395744681457e+01,5.176680866111406765e+00,-7.267260708311329420e-01,-3.338669281209590878e+01,4.775938550264817195e+01,6.002863766564222381e+00
-4.962093439635671288e+00,-4.969985409966059819e+01,2.143603559109924461e+01,3.856884996976693714e+01,-3.193918760254081946e+01,-4.044928461202010084e+01,4.695132780106281700e+01,1.555314189083612852e+00,5.954644319624583915e+01,-2.778256587563813085e+01,7.526478888144366053e+00,-1.076578099528589121e+02,1.176305181438139158e+01,-5.012284435983158204e+00,4.164239558897651250e+01,-1.098927581216658211e+01,1.648931752508079995e+01,1.081486940733286275e+02,-2.501894513513784446e+01,-9.326003417019189001e+00,-3.925900907709498000e+01,-1.021678671250561976e+01,-4.375638221850591592e+00,2.407833110646989461e+00,4.098140879592127028e+00,-2.374665967111202391e+01,-3.808882756276430825e+01,7.179268853998695299e+00,1.434075887044820163e+01,8.082342773888822762e+01,2.041553092759143340e+01,4.760063922451609386e+01,2.528227779368652151e+01,2.291566545671297206e+01,-6.078592895872773738e+01,1.232469909368802163e+01,1.156611971455305365e+01,-4.678814232174408971e+01,1.371414160115821801e+01,6.905007825265458621e+01,-2.243399419607045786e+01,-9.639173007348022182e+00,-3.810555261488786982e+00,8.349638610948238693e+01,3.068890995235403096e+01,4.331154147479206529e+01,-6.131711161736448190e+01,-2.179424867618304873e+01,4.865127893066392062e+01,-2.155653876314084627e+01,8.560977072986194969e+01,-2.411723349537671268e+01,2.705455790646287184e+01,-3.533574987293476966e+01,-3.920681107700768386e+00,4.102367509624932040e+01,-4.830754794250835005e+01,-3.360804109501210490e+01,-2.322559041661217449e+01,2.355411716110897657e+01,1.812759405065363794e+01,-1.769766789919442473e+01,3.833360429826096549e+01,2.767357940803114502e+01,-4.443552699000430550e+01,-1.657523686306355870e+01,-2.581743720139063925e+01,-7.017368361117635800e+01,-7.054283127951949339e+00,1.669538189872148237e+01,-1.147715364157700613e+01,1.211609841311393154e+00,3.423662038992218548e+00,7.301304765111832751e+01,-4.383644458856558401e+01,-2.103092840600978164e+01,-9.105944814581340196e+00,4.347024706260656046e+01,1.320346887895112431e+01,1.815330383677642345e+01,5.723544655673388348e+01,8.202367333441475949e-01,7.311260870499323161e+00,-5.794627694246720750e+01,-4.002678500991994781e+01,9.971793878065906114e+00,-8.181387854570958496e+01,2.028238238950062211e+01,-3.059061266287729097e+01,1.594556821762768806e+01,-2.417455384067586532e+00,2.262562551429193647e+01,1.101622469869848686e+01,-1.191266647323107897e+01,1.589520351439816181e+01,6.639049018046311090e+00,-6.464226518359706963e-01,-3.937197810619777982e+01,5.664338515756567460e+01,6.822869029003105545e+00
-1.855759426442850302e+00,-1.061593645494427207e+01,5.427778641236222334e+00,1.155286370360887460e+01,-6.483890271430960972e+00,-1.315173521086596686e+01,1.498941939521606592e+01,-1.297157128614875754e+00,1.584178925768446256e+01,-5.877499143590681818e+00,3.841775301580359070e-01,-2.943219416391765009e+01,5.238953348348997174e+00,-2.183469549001868515e+00,9.142005268476731672e+00,-5.126225429127553745e+00,3.579875215897794227e+00,3.167135907506860804e+01,-6.685364750193358852e+00,-2.127039738478026187e+00,-1.200831379558391632e+01,-2.555231504985555624e+00,-7.252668420330318222e-01,-3.894160674597213490e-01,3.709461610785580454e+00,-6.156377072320613486e+00,-8.590800526284336769e+00,2.252826982995048688e-01,3.275686815863520618e+00,2.079035035321523850e+01,-5.843218934230431927e-01,1.132328700997846127e+01,6.361431291524595188e+00,7.680448459693771213e+00,-1.712412199758085052e+01,4.070239275931541556e+00,1.733986712695266608e+00,-9.665393805198238653e+00,3.123252090030389727e+00,1.354061554969495518e+01,-6.152159864314032056e+00,-3.880358624742308304e+00,-2.824134079593290103e+00,2.471507002561146038e+01,9.088183482863454898e+00,1.252700561679296243e+01,-1.667965467810875779e+01,-5.881669646290693443e+00,1.421209753206626125e+01,-4.420518890526849987e+00,2.422325170533871130e+01,-7.173110749572931155e+00,4.763915235265377746e+00,-8.919411641695596416e+00,-6.250869230415655453e-01,9.502918324080209089e+00,-1.240254249061499259e+01,-8.191828553256717882e+00,-6.184744843465892927e+00,2.088536287861263219e+00,3.426034835704343529e+00,-6.305169424215426588e+00,1.321398207321572826e+01,9.956109045214695641e+00,-1.248490463644602144e+01,-5.629324623350729695e+00,-6.676840563526298844e+00,-1.917311931630931809e+01,-1.469179207713152024e+00,6.039366933376444813e+00,-3.184256504947318156e+00,2.540895322061666461e-01,1.938242683606385297e+00,1.911909672307862706e+01,-1.246752688483658389e+01,-6.073150722470044727e+00,-2.673577284757898465e+00,1.299347007224174178e+01,2.576975107979705637e+00,4.423217869593878859e+00,1.400740681406087162e+01,6.833658739038255270e-01,1.072502544500029131e-01,-1.537540569732128226e+01,-1.096042802913080294e+01,2.993158797724430276e+00,-1.830271219919153580e+01,4.754891216422197253e+00,-6.052295976729892502e+00,6.452507893933904448e+00,-1.236679465957025714e-01,5.814662951890854359e+00,1.113244066077013983e+00,-3.318346663065220525e+00,7.854657901345528437e+00,3.254349977539385819e-01,-7.455758025067160677e-01,-1.054411826494623661e+01,1.429393187338504134e+01,2.523507684700328824e+00
-5.065565679112143727e+00,-3.804783419533810473e+01,1.776186304696060958e+01,3.480247080545922955e+01,-2.391253482261446806e+01,-3.814774006464500644e+01,4.383985265227245520e+01,-1.402937337357160530e+00,5.055643722603880263e+01,-2.117845895484786212e+01,3.814387533781543382e+00,-9.266300996486600638e+01,1.334499849604645405e+01,-5.608568076111340339e+00,3.227283783139520068e+01,-1.283628300879510853e+01,1.271534534952188800e+01,9.643617116610207063e+01,-2.128836020864950385e+01,-7.354427995448798328e+00,-3.582114328059183350e+01,-8.415085829753147451e+00,-3.016501867348434285e+00,4.047763190364856989e-01,7.648608599433773136e+00,-1.990491046296687472e+01,-2.988323361957503010e+01,3.413707536575037338e+00,1.131683339823407408e+01,6.748780581954856927e+01,7.757624332030790271e+00,3.828047213774117807e+01,2.088478804890575091e+01,2.197727752107910959e+01,-5.312509207550513679e+01,1.172366425123580314e+01,7.682043914141806873e+00,-3.529570924018482714e+01,1.080753598513688374e+01,5.093769476556705200e+01,-1.933959859787773894e+01,-1.027860147190800078e+01,-6.116977314350721784e+00,7.487257872535509762e+01,2.752595785360211522e+01,3.837132601247348163e+01,-5.264363838512347371e+01,-1.863679563229158020e+01,4.332593055876412791e+01,-1.620980234176442281e+01,7.498905149110301238e+01,-2.168102725698050648e+01,1.909607296241528829e+01,-2.923475162847293518e+01,-2.663432056192998498e+00,3.258403981548922701e+01,-4.029923598370231730e+01,-2.734137744420390703e+01,-1.972832712324087723e+01,1.334784959673374871e+01,1.316762596157261456e+01,-1.756763413942244156e+01,3.734650525758794970e+01,2.762434761210339929e+01,-3.878261738944735981e+01,-1.601418941342808111e+01,-2.161458630427934224e+01,-6.038157133418295075e+01,-5.340535397279049690e+00,1.671801552864308604e+01,-9.952701538276574666e+00,9.200509400903383872e-01,4.542188566877841005e+00,6.150385780868192143e+01,-3.850001889384705578e+01,-1.861676465013491466e+01,-8.130752938553925446e+00,3.918137328733483571e+01,9.720666325118269668e+00,1.476586698355301053e+01,4.665306159562614141e+01,1.436819205063323057e+00,3.281993959035339081e+00,-4.913311151618263040e+01,-3.447985877652202902e+01,9.007916020227396459e+00,-6.394950431951249925e+01,1.619983937160844789e+01,-2.265164969048638000e+01,1.705656694816639174e+01,-1.225590132987260494e+00,1.888392415703778582e+01,6.459950102123293902e+00,-1.035147470869958397e+01,1.926705489434075247e+01,3.343240239662690350e+00,-1.461878182531389125e+00,-3.353853323586379531e+01,4.685719859143835464e+01,6.920321710067955934e+00
-1.701607294410039994e+00,-9.573359395730182797e+00,4.924700512201198421e+00,1.053529975617727388e+01,-5.835169667496371559e+00,-1.201941868656808410e+01,1.369247382243451128e+01,-1.227294190949583363e+00,1.439623980016907900e+01,-5.298269320028015095e+00,3.032497221405878740e-01,-2.676895007212687716e+01,4.820703485090215068e+00,-2.008325545198925255e+00,8.252907281004848272e+00,-4.720901884296066164e+00,3.230339110584775408e+00,2.886356681273334956e+01,-6.076161700862923176e+00,-1.922912373573775424e+00,-1.095689652432390915e+01,-2.317452344933870201e+00,-6.466468807840065613e-01,-3.830805504116145954e-01,3.445225158159010981e+00,-5.590043180008042789e+00,-7.763173969520313022e+00,1.569681196937051659e-01,2.961488340457621327e+00,1.887306562244050667e+01,-7.015355922957908774e-01,1.025204847476282843e+01,5.770618049775411151e+00,7.024515842128709053e+00,-1.558856447445634963e+01,3.721267091469329991e+00,1.537688506989147275e+00,-8.704566292239370284e+00,2.823367707080077338e+00,1.216813882097942567e+01,-5.595990994925967854e+00,-3.563583638823768496e+00,-2.617754641773883506e+00,2.253075718909262903e+01,8.285079071271169937e+00,1.141239896546143662e+01,-1.516804863192217745e+01,-5.347339705801836374e+00,1.295122584684303035e+01,-3.979889762324965830e+00,2.205393625399142365e+01,-6.540028370221952159e+00,4.260221558463743285e+00,-8.091878007617834712e+00,-5.561995536747122992e-01,8.595784705247865531e+00,-1.125808623104840400e+01,-7.423090632149174972e+00,-5.620556344072535460e+00,1.779526382307068388e+00,3.073820044950681840e+00,-5.775096124222713456e+00,1.209370601822233482e+01,9.121151892149608642e+00,-1.136446940120580251e+01,-5.150227802921096831e+00,-6.062151691676544552e+00,-1.743787767611058115e+01,-1.323564708926679323e+00,5.533571877676272344e+00,-2.897405610997788816e+00,2.289693847147589723e-01,1.790504678502672808e+00,1.736583947740317768e+01,-1.135270284207045322e+01,-5.532533148931739753e+00,-2.436731697159949306e+00,1.184832535461316816e+01,2.315303529090304568e+00,4.008085217923581745e+00,1.269467102149374149e+01,6.341953750210471696e-01,4.536460607743064699e-02,-1.397126031066436624e+01,-9.969133632005400258e+00,2.729681172407184775e+00,-1.653443307952987951e+01,4.302839013414489600e+00,-5.440893727366388433e+00,5.926380679452101674e+00,-9.765731788634879340e-02,5.278277798438842261e+00,9.601384443278129233e-01,-3.019776827352218529e+00,7.240713667952691779e+00,2.548949106281810373e-01,-6.938030844035512068e-01,-9.583948603384904175e+00,1.296763848494272509e+01,2.313319966990817989e+00
-5.882444851380715711e+00,-6.382964001739716764e+01,2.700720604517212209e+01,4.749174189848610439e+01,-4.122805724687504636e+01,-4.916909887784660071e+01,5.724312356209060226e+01,3.001472364947836979e+00,7.455156354527677820e+01,-3.571626517574496518e+01,1.042015532624823848e+01,-1.342992441326353230e+02,1.342740506297196035e+01,-5.751584530639958004e+00,5.332913967364861207e+01,-1.240126189324584693e+01,2.114169079144182462e+01,1.336145792128992866e+02,-3.130541900380517717e+01,-1.189422682221144179e+01,-4.818831372292103055e+01,-1.289166190179798654e+01,-5.748653240725734470e+00,3.649242148169827615e+00,3.516954835703514082e+00,-2.982991607512537158e+01,-4.863721764969518802e+01,1.002644140022695751e+01,1.828694141526300143e+01,1.016288480442238722e+02,2.926675882153583075e+01,6.042147278543208699e+01,3.187787597754098812e+01,2.771420248793504015e+01,-7.551643271198702223e+01,1.494278337341559393e+01,1.530823674333541717e+01,-6.029259557687879578e+01,1.749362924629387450e+01,8.942585474816999636e+01,-2.797388814299741000e+01,-1.125729869990829357e+01,-3.655273549701351321e+00,1.029952249890443881e+02,3.785306752974587852e+01,5.360676193919772459e+01,-7.654241318159283480e+01,-2.723473024340227155e+01,6.012908067410847224e+01,-2.779847649331382087e+01,1.062906499312903179e+02,-2.972813271579654426e+01,3.537162780218378799e+01,-4.453660400748801607e+01,-5.166199664613602138e+00,5.223069683646277639e+01,-6.075738765737036573e+01,-4.253862852661762872e+01,-2.907464532048729211e+01,3.206379179785596278e+01,2.355614828848893438e+01,-2.117335862540185687e+01,4.613511443624941677e+01,3.304881353704146107e+01,-5.522417463989815190e+01,-2.000052688157991554e+01,-3.244127055538029225e+01,-8.754618196572407385e+01,-9.083014467816031612e+00,1.991798473205275855e+01,-1.428864870896627082e+01,1.558976482037877975e+00,3.653328293809181559e+00,9.159977552260048128e+01,-5.438663090688867641e+01,-2.603594568041484791e+01,-1.124587937586576025e+01,5.354405247160333658e+01,1.710716061829631585e+01,2.297811239352930812e+01,7.240968200427246870e+01,7.403151442936566351e-01,1.028605984342073398e+01,-7.257323328989359368e+01,-4.992110194089719499e+01,1.227493250911292577e+01,-1.045640644163103161e+02,2.578834402020093819e+01,-3.958452336113388981e+01,1.860174320276644977e+01,-3.346717168498858808e+00,2.845317936502746647e+01,1.491211641970149770e+01,-1.482267615109444669e+01,1.766646172494906253e+01,9.199823193816676792e+00,-4.558765080511577583e-01,-4.925046865720405265e+01,7.139482224591800730e+01,8.105700706462474869e+00
-3.124135539340200829e+00,-3.339895287784193556e+01,1.418078022831086038e+01,2.504227526944712423e+01,-2.155302640375755630e+01,-2.598936015902826213e+01,3.024012597135897451e+01,1.476065687804383852e+00,3.919024124106099549e+01,-1.868529051456348711e+01,5.381432859832313120e+00,-7.064541097622644372e+01,7.183963433763217665e+00,-3.074039397080946756e+00,2.791887857694219122e+01,-6.650079056488137574e+00,1.106576816560771270e+01,7.041089077939648178e+01,-1.645836485962887608e+01,-6.231497757422229000e+00,-2.542461490290258652e+01,-6.767199960616064658e+00,-2.995853300951741183e+00,1.857079589459395663e+00,2.004551806606806874e+00,-1.567139369250067382e+01,-2.547587257182820508e+01,5.170509420788910404e+00,9.580987387562862168e+00,5.338187813742840149e+01,1.502719398132642326e+01,3.168262597671029468e+01,1.673586367376512740e+01,1.466298814375827320e+01,-3.975410212140737087e+01,7.902179004911495497e+00,7.967357734523276669e+00,-3.152913946562122760e+01,9.164807995007739905e+00,4.672214711828538469e+01,-1.471623462672823557e+01,-5.995990763765195908e+00,-2.029163659176724366e+00,5.429126404602732947e+01,1.995351810075871768e+01,2.823971326044306807e+01,-4.025860331086513355e+01,-1.432171011116559356e+01,3.168409332676011303e+01,-1.453492792892670060e+01,5.596091789203708089e+01,-1.567248933788737020e+01,1.844941601213480453e+01,-2.338336232952655891e+01,-2.690909656577180620e+00,2.737270146644540247e+01,-3.191220757934121011e+01,-2.231713304165402789e+01,-1.528429412538310039e+01,1.660683313688051754e+01,1.229993125493048112e+01,-1.122536794788762293e+01,2.443163046493024382e+01,1.752733998811739013e+01,-2.906966779424847758e+01,-1.058640057429822612e+01,-1.704231894185208063e+01,-4.605122319664038599e+01,-4.750519587065240579e+00,1.056549376026815423e+01,-7.519034469288579103e+00,8.154635960330492983e-01,1.981579222471333557e+00,4.813398025295950333e+01,-2.863783281865806529e+01,-1.371499720357088847e+01,-5.926658230570967412e+00,2.823197737246139383e+01,8.937242254892096227e+00,1.205496411583347793e+01,3.799177165243894905e+01,4.168305213717787838e-01,5.297878037986732735e+00,-3.814785441746078476e+01,-2.626104277166703937e+01,6.472916962093927751e+00,-5.476125463627307965e+01,1.351828551406756063e+01,-2.068472363925097213e+01,9.910004284150613074e+00,-1.728408643722259885e+00,1.494508589380122920e+01,7.730910447881292669e+00,-7.800845713693455252e+00,9.502526914947083014e+00,4.750475877026920202e+00,-2.737564051354682837e-01,-2.589410681988230678e+01,3.748468692041232231e+01,4.303126560861353589e+00
-5.843948877338041470e+00,-7.184500876513605760e+01,2.956951727555201259e+01,5.021872872805858634e+01,-4.673565873021262007e+01,-5.093759702944748113e+01,5.958720102633645865e+01,4.969528300130097165e+00,8.086397743681858685e+01,-4.025686277738697783e+01,1.292344209527481880e+01,-1.448784089429487096e+02,1.245115075890812406e+01,-5.387103292514664687e+00,5.978456296872246156e+01,-1.124483178047103138e+01,2.374015937012889665e+01,1.420235280132081357e+02,-3.392675151441845571e+01,-1.325600782764445462e+01,-5.070196726083013772e+01,-1.414635732525247924e+01,-6.674998590491984629e+00,4.990023095139243914e+00,1.190988753934924649e+00,-3.251715482304513216e+01,-5.430049090298481218e+01,1.256303039862196869e+01,2.037581117672764464e+01,1.109471716763363958e+02,3.777099898033600311e+01,6.688023244061440664e+01,3.494235675489394310e+01,2.847410892832274243e+01,-8.095630492837106829e+01,1.541527115475102327e+01,1.794982717075217593e+01,-6.818469124411525684e+01,1.950103188561822876e+01,1.018356470302617396e+02,-3.015836696766414704e+01,-1.089223662583681751e+01,-2.151246661847735275e+00,1.092100385037134203e+02,4.013286631822811756e+01,5.713962762921748606e+01,-8.265596145643162629e+01,-2.945708977090732716e+01,6.394923842032598316e+01,-3.146891572127640302e+01,1.138403949115282501e+02,-3.148700737139219896e+01,4.080455145005598894e+01,-4.878977955809300227e+01,-6.022334002997178359e+00,5.806667919833851244e+01,-6.635184792168371359e+01,-4.689104075688062778e+01,-3.153064942692473593e+01,3.896379304709820701e+01,2.694976986632394755e+01,-2.136649590444762836e+01,4.702052600449901121e+01,3.324879027092607231e+01,-5.923571111931935462e+01,-2.047224803692161288e+01,-3.538011843081481800e+01,-9.445394551934940353e+01,-1.026034834712416810e+01,2.000397921114532096e+01,-1.536740179696746544e+01,1.759344975354266261e+00,2.933463121146556496e+00,9.966158416616795535e+01,-5.818500093090332115e+01,-2.776155891155866939e+01,-1.194662705032371797e+01,5.664662684456111208e+01,1.949297264514220984e+01,2.533072161552305346e+01,7.976242708672808135e+01,3.370389880183647935e-01,1.299804580377611885e+01,-7.875888320283564781e+01,-5.383580139669887643e+01,1.297342619892817694e+01,-1.168868509717947006e+02,2.861405828279023211e+01,-4.502590900250850581e+01,1.796259949620187868e+01,-4.150469012464547802e+00,3.106739630507814809e+01,1.799544152375671757e+01,-1.592838860047314853e+01,1.553011014706609316e+01,1.142212309275885573e+01,8.012415389413984901e-02,-5.335091065264008847e+01,7.821682592291176661e+01,8.082444953690925971e+00
-7.073048548808598124e-01,-6.224761931836705564e+00,2.776351398979615137e+00,5.188042657183361328e+00,-3.963805642686153874e+00,-5.552657310583878569e+00,6.415418107006131798e+00,1.910230231339304918e-02,7.794731498262605918e+00,-3.473551650717976003e+00,8.107404287570861845e-01,-1.417786576028944090e+01,1.767272249013394081e+00,-7.477722597321129205e-01,5.242239013253273683e+00,-1.676025702940280748e+00,2.071465245275960765e+00,1.446949156340764375e+01,-3.278182471632340445e+00,-1.182611502069713882e+00,-5.307698275472062299e+00,-1.319834516562319315e+00,-5.254590605207034582e-01,2.041242127967264897e-01,8.188822116091294401e-01,-3.091095571742267012e+00,-4.819576558270850519e+00,7.581168538598261897e-01,1.819050856985845677e+00,1.050315130087170168e+01,2.023753030888231219e+00,6.086465991130019404e+00,3.270168931720610406e+00,3.170497474460907572e+00,-8.059699410956980614e+00,1.698657592443078457e+00,1.369200470009870774e+00,-5.824645586656643559e+00,1.738564442303948354e+00,8.518002807499353679e+00,-2.956467543600114212e+00,-1.403683280087856478e+00,-6.940214703233388294e-01,1.119957076523606965e+01,4.116831665618382097e+00,5.777856176817621758e+00,-8.066066759298822220e+00,-2.861909244068669533e+00,6.505358507763389753e+00,-2.680055180769377987e+00,1.136255601747587995e+01,-3.238608498117454548e+00,3.279060401879843489e+00,-4.573606754216766213e+00,-4.681534463878885277e-01,5.217914337306277517e+00,-6.275098939838108514e+00,-4.318554391096153466e+00,-3.040893714728985397e+00,2.632777441763348936e+00,2.222331967243210471e+00,-2.488846005272724149e+00,5.343116478047690521e+00,3.902210423828644803e+00,-5.888203884519330522e+00,-2.301240697795759793e+00,-3.358880673295171260e+00,-9.240207419910012376e+00,-8.794715629153770919e-01,2.357736336443285285e+00,-1.516490250482854574e+00,1.512425601023590360e-01,5.589492622306698744e-01,9.524605961436330759e+00,-5.825095197292436744e+00,-2.804534448030824745e+00,-1.219051794326960980e+00,5.844377289381712082e+00,1.627460999431037836e+00,2.332486674004118576e+00,7.360711944109176841e+00,1.575277064190617193e-01,7.588808320761345483e-01,-7.580881104132141779e+00,-5.273181913814972255e+00,1.342014668228305618e+00,-1.033614621814404977e+01,2.585873632790053556e+00,-3.779422843808620147e+00,2.325643815685561666e+00,-2.604338799363550283e-01,2.939662541122371131e+00,1.246058271096709191e+00,-1.575464939189349378e+00,2.471690428173270782e+00,7.136980973982908205e-01,-1.464695392336370916e-01,-5.161360322158513370e+00,7.331090912112337321e+00,9.695065365201538388e-01
-4.822701913449028766e+00,-4.822186131520680874e+01,2.080728186042055228e+01,3.745591385504410908e+01,-3.098589341840506606e+01,-3.929272225895581983e+01,4.560601467668578834e+01,1.492328698092118877e+00,5.780769677718917876e+01,-2.695577340707873049e+01,7.290088975305691221e+00,-1.045223408010411674e+02,1.144123629821201504e+01,-4.874655656839300022e+00,4.040655663117423302e+01,-1.069101081551109544e+01,1.599954503251442972e+01,1.050205453025025690e+02,-2.428869694228161080e+01,-9.050049608173839744e+00,-3.812871210607050187e+01,-9.916785791538105244e+00,-4.243363682656407398e+00,2.326947132255433814e+00,4.005373791667133254e+00,-2.305160557260066412e+01,-3.696080037224636072e+01,6.952334256878256902e+00,1.391647018960675020e+01,7.845608504032709618e+01,1.975762218950257321e+01,4.619694268455459252e+01,2.454029421244678488e+01,2.226279820310811175e+01,-5.902077233887189323e+01,1.197294687835035987e+01,1.121459810454285488e+01,-4.539336454278157618e+01,1.330829660037700179e+01,6.698423002141295513e+01,-2.178081277538658256e+01,-9.371224920621651577e+00,-3.717879408481357117e+00,8.108399580875261847e+01,2.980228457725531399e+01,4.205716593018217253e+01,-5.953042880085989452e+01,-2.115871776649148828e+01,4.724370026167324710e+01,-2.091359299855944442e+01,8.312484514159159232e+01,-2.342078767098529823e+01,2.623957612720595023e+01,-3.429900855720218544e+01,-3.801905437393035214e+00,3.981129952317286325e+01,-4.689236191536461007e+01,-3.261899694377671466e+01,-2.254746640779895372e+01,2.282343632146880452e+01,1.758392829542337665e+01,-1.719729802294443743e+01,3.724523902183796764e+01,2.689215268734685793e+01,-4.314482802108930315e+01,-1.610376777451169517e+01,-2.506160404878937698e+01,-6.812979988165449186e+01,-6.844113860755415502e+00,1.622428730403125741e+01,-1.114336654941442717e+01,1.175530151266500400e+00,3.334242717103797382e+00,7.087794266198233117e+01,-4.256469703521272407e+01,-2.042173824128611770e+01,-8.842630618195400416e+00,4.221559412922478316e+01,1.280832062798825888e+01,1.761905776491112974e+01,5.555165646868989171e+01,8.010628414947187359e-01,7.078899365854816494e+00,-5.625383741311508601e+01,-3.886121010248898955e+01,9.684113387263476369e+00,-7.938936181755683208e+01,1.968355680258476426e+01,-2.967594883466775002e+01,1.550265942910134953e+01,-2.341531303058709046e+00,2.196285897892238026e+01,1.067588755254764266e+01,-1.156634965010257865e+01,1.546830245636235901e+01,6.430393222998982417e+00,-6.334378546031516066e-01,-3.822303714435939526e+01,5.498144324382066372e+01,6.630916775320371492e+00
-5.728144720794609235e+00,-7.139117278582764925e+01,2.929857124877002406e+01,4.957295194432361995e+01,-4.647397436145862315e+01,-5.016860609955904238e+01,5.871908027693105936e+01,5.099647828456399523e+00,8.004364132717948621e+01,-4.000820375799543172e+01,1.296308413884503352e+01,-1.433252246086486537e+02,1.210224894767394943e+01,-5.242763459322421937e+00,5.938241265144525016e+01,-1.089834098901784643e+01,2.358447215091425520e+01,1.402768142983549637e+02,-3.357948487628249268e+01,-1.315888977128988024e+01,-5.002260434981288029e+01,-1.402003129808797688e+01,-6.653587588362756655e+00,5.048083988750802220e+00,9.025362161463297284e-01,-3.220428994756645125e+01,-5.391238059984291908e+01,1.261334800944234757e+01,2.022603697402236378e+01,1.098967794582839730e+02,3.802258644371093510e+01,6.634319530377027263e+01,3.462636010413869059e+01,2.801811535372526407e+01,-8.003451839496570130e+01,1.517538581527746011e+01,1.790945050791199122e+01,-6.778654928345368091e+01,1.935862615454857050e+01,1.013121609888593468e+02,-2.983302701273137458e+01,-1.064288354377495516e+01,-1.938397152703851933e+00,1.078381772871763502e+02,3.962826847236049588e+01,5.645398849723619605e+01,-8.177874297542123827e+01,-2.914944656238593979e+01,6.316660847441293924e+01,-3.128836733183172214e+01,1.125327827602404795e+02,-3.108771245955871265e+01,4.064740235224272880e+01,-4.834561484628829220e+01,-6.005343240168359742e+00,5.762650481868173102e+01,-6.572613498356972173e+01,-4.649441064542331503e+01,-3.121017154852617637e+01,3.900935291807513750e+01,2.682374483548009181e+01,-2.098124305138022549e+01,4.622531287192180116e+01,3.263780120656974759e+01,-5.856480286949137337e+01,-2.013587163393015800e+01,-3.504142261538129333e+01,-9.344255797725682555e+01,-1.019926432083203238e+01,1.963245927350061848e+01,-1.519769653082582117e+01,1.748698437893128732e+00,2.795294543326884096e+00,9.868277391513758801e+01,-5.750976798473398333e+01,-2.742948372445390959e+01,-1.179894540277928705e+01,5.592122401897407258e+01,1.939395488872552420e+01,2.511662265371746017e+01,7.908195110447506693e+01,2.845384229251493591e-01,1.306011011260860499e+01,-7.796419433065481996e+01,-5.325677020503086112e+01,1.280591268323789045e+01,-1.160664962634080695e+02,2.839142114772837289e+01,-4.478925303223903143e+01,1.754714623943419127e+01,-4.163177624773163110e+00,3.077382589540678381e+01,1.800466472371597604e+01,-1.575106916800445411e+01,1.498996833911287752e+01,1.145828192962353143e+01,1.398362946550050223e-01,-5.280234476403735044e+01,7.750517574648412733e+01,7.925708555875555561e+00
-6.115425626064891595e+00,-7.071664728284119406e+01,2.949264087141477830e+01,5.094290004451529796e+01,-4.584721502932563197e+01,-5.219693277695407119e+01,6.091555990707725243e+01,4.147767233519843444e+00,8.101925513599350381e+01,-3.959864483409757696e+01,1.216202466305565899e+01,-1.455408474926956615e+02,1.350001774372179142e+01,-5.810441772230137580e+00,5.895842588685795960e+01,-1.233663117939225806e+01,2.339366381649558946e+01,1.437049901352101529e+02,-3.400613601098994820e+01,-1.310943351031436066e+01,-5.155914710368539744e+01,-1.409439576947458228e+01,-6.474597803409907648e+00,4.499152637875751815e+00,2.465879330899429345e+00,-3.250126924079041402e+01,-5.365535084744181660e+01,1.176859900820956994e+01,2.015278662404569232e+01,1.108142779849344493e+02,3.492064331559784307e+01,6.635737399613343257e+01,3.483226040294524495e+01,2.929838801187471375e+01,-8.157459611339685068e+01,1.582937828770202771e+01,1.733172610778326828e+01,-6.696383132527523685e+01,1.928326155049360935e+01,9.968463775930557347e+01,-3.030558221511879324e+01,-1.155253943480087742e+01,-3.034995055045650592e+00,1.106352252699530112e+02,4.065872487307531458e+01,5.773734656039146529e+01,-8.299289755459231799e+01,-2.955422894515554688e+01,6.468854950742719723e+01,-3.089070558526907462e+01,1.147623270163817608e+02,-3.191524968113867544e+01,3.970042494636718544e+01,-4.864959379394657901e+01,-5.830814021622279242e+00,5.749258052108783801e+01,-6.626098306687680406e+01,-4.661702215445873065e+01,-3.159400783554499625e+01,3.700870468053486206e+01,2.632292119015036391e+01,-2.218340508209069029e+01,4.857606392272691664e+01,3.457290608480755623e+01,-5.967170919157003794e+01,-2.110415156169651141e+01,-3.535493641046771529e+01,-9.488022519718896319e+01,-1.008203208982102694e+01,2.081868337144678094e+01,-1.546049472249460877e+01,1.729563075047465315e+00,3.438290296005046542e+00,9.970459019706393633e+01,-5.868797723259667976e+01,-2.804714772780998899e+01,-1.209153394023385708e+01,5.744952868670161195e+01,1.907577455844536729e+01,2.518194901342191017e+01,7.932303196416962976e+01,5.636915794434123050e-01,1.213003878242087730e+01,-7.889035611917842061e+01,-5.409061013608402391e+01,1.316365971355452835e+01,-1.154286477489660570e+02,2.835753148330844198e+01,-4.409880148811629397e+01,1.907104273470205413e+01,-3.906038358140235367e+00,3.102760422486036873e+01,1.714690461537739097e+01,-1.603141431412639406e+01,1.732166525168085514e+01,1.074399312534799833e+01,-1.984215224378242937e-01,-5.348715534225806323e+01,7.799021056854891754e+01,8.442133945481709034e+00
-4.988573731026795244e+00,-5.407857169081587756e+01,2.288648550772039414e+01,4.025644446460420056e+01,-3.492773778928961548e+01,-4.168473636784678149e+01,4.852800758076416088e+01,2.533174533007358953e+00,6.318126500912238441e+01,-3.025965415813188386e+01,8.820961071834705791e+00,-1.138213395854928081e+02,1.139248988791878325e+01,-4.879605599860754594e+00,4.518368442154291387e+01,-1.052342278324547920e+01,1.791228250689603740e+01,1.132540687667197545e+02,-2.653102522987605738e+01,-1.007799000631482222e+01,-4.084845035641005495e+01,-1.092447667666213285e+01,-4.869192566880934159e+00,3.086338212975318296e+00,2.996676435896594271e+00,-2.527938795880639944e+01,-4.120978012615427843e+01,8.486885533365061463e+00,1.549457292116336404e+01,8.612445308377360220e+01,2.476610464963114566e+01,5.119799144810581737e+01,2.701374960361166089e+01,2.349709040185451059e+01,-6.400483650827322890e+01,1.266863981390666005e+01,1.296522476897532528e+01,-5.107990057465778477e+01,1.482234126378559580e+01,7.575727932975053136e+01,-2.370855624721121302e+01,-9.548477323765046876e+00,-3.108923538643491025e+00,8.730220575469319044e+01,3.208555543056659332e+01,4.543705739251299747e+01,-6.487073493480104958e+01,-2.308151468730169142e+01,5.096624605119914975e+01,-2.355068079768958356e+01,9.008854145157890514e+01,-2.519877656817181588e+01,2.996192025815970794e+01,-3.774110272968290047e+01,-4.375700732960151385e+00,4.425600453924069200e+01,-5.148815651232903434e+01,-3.604620190472991226e+01,-2.464033533611576132e+01,2.714785209521823361e+01,1.995486911724265155e+01,-1.795390869751398455e+01,3.911732839408715279e+01,2.802430107987261465e+01,-4.680569034828975816e+01,-1.695763172411147224e+01,-2.749228205514837953e+01,-7.419709844143362432e+01,-7.695203155895325331e+00,1.689000448682820377e+01,-1.211020771427896392e+01,1.320787926723115291e+00,3.102458221552592210e+00,7.762747509581687666e+01,-4.609675894187633816e+01,-2.206799111242255762e+01,-9.532248287469840875e+00,4.538652203325037959e+01,1.449229037881005588e+01,1.947108542754050120e+01,6.135855176053736670e+01,6.302668925127392630e-01,8.705965879746106140e+00,-6.150441134206672444e+01,-4.230925768812539900e+01,1.040490339985789880e+01,-8.859507743048126827e+01,2.185126789678704284e+01,-3.353442097323560489e+01,1.577827953503724956e+01,-2.833093820918638706e+00,2.411235803713914905e+01,1.262660031023373364e+01,-1.256289960745698764e+01,1.499435173857481729e+01,7.787840037547047345e+00,-3.898768586407941328e-01,-4.173941722673586696e+01,6.050120594542589458e+01,6.873810204524859913e+00
-3.888350125933119905e+00,-3.321510386230127665e+01,1.493633672801422563e+01,2.815880938626124674e+01,-2.110217301748421903e+01,-3.027616796855583914e+01,3.494423274653040323e+01,-1.318703494246493690e-01,4.204046945570973293e+01,-1.852658335884682117e+01,4.150523043689847036e+00,-7.657613674311977547e+01,9.821306357692396460e+00,-4.149767658883559918e+00,2.800786082352574269e+01,-9.341958717574108562e+00,1.106154871432627118e+01,7.843849474382952280e+01,-1.768472562169262829e+01,-6.329742777628227124e+00,-2.884148699029791629e+01,-7.096098991664525180e+00,-2.773787366496257789e+00,9.595225668703450950e-01,4.776191264128842207e+00,-1.664952719976311357e+01,-2.578237246134495209e+01,3.857567550065724937e+00,9.736879234830936980e+00,5.655043738266330422e+01,1.008909838465630315e+01,3.264300007011411253e+01,1.758741324585631460e+01,1.731737225362055810e+01,-4.360034124659190979e+01,9.270267434005852181e+00,7.200316514306962290e+00,-3.103294685742027426e+01,9.304739348499952101e+00,4.527833900788659349e+01,-1.597078459132235295e+01,-7.751359699361039191e+00,-3.991717258574128735e+00,6.074774074999339746e+01,2.233072611206354452e+01,3.130045093298546632e+01,-4.355425979243139523e+01,-1.544702018109395603e+01,3.526051022997861395e+01,-1.427427807793904435e+01,6.148207832819552721e+01,-1.757118440488691036e+01,1.735130969478847618e+01,-2.460142004928931669e+01,-2.467576124635795232e+00,2.794881639933362649e+01,-3.378273494183599723e+01,-2.318902242480566755e+01,-1.640169302875787238e+01,1.362616341823749444e+01,1.179428077317913015e+01,-1.364269538528575509e+01,2.923184247060777352e+01,2.140247292418577274e+01,-3.184877139846148708e+01,-1.257906517479447395e+01,-1.808963162173603578e+01,-4.990576886420402758e+01,-4.687429898110521798e+00,1.293567859316832269e+01,-8.197076062956197617e+00,8.063487604638280848e-01,3.155718075039095627e+00,5.132853180105581004e+01,-3.152789388385531311e+01,-1.519174158587053469e+01,-6.609354493082850723e+00,3.171747408544365499e+01,8.649161849715063966e+00,1.252436052056472171e+01,3.953217186793886384e+01,9.134785872363869741e-01,3.840662068757676906e+00,-4.088149453713641890e+01,-2.848341525711315825e+01,7.284798808511052215e+00,-5.527199503000873904e+01,1.385876048701691943e+01,-2.009771684824458760e+01,1.284669740163246487e+01,-1.333316635564436137e+00,1.582681268843381872e+01,6.471017690861645910e+00,-8.517655182390482693e+00,1.382873560208878061e+01,3.651479146314219104e+00,-8.687264862515856612e-01,-2.784707246335712583e+01,3.943337522115463400e+01,5.326232071967175408e+00
-2.808376973074847793e+00,-3.583356153585589965e+01,1.463468343737911503e+01,2.460422045486409814e+01,-2.335519084524804612e+01,-2.480276189782085439e+01,2.905686974540460454e+01,2.696372040384996005e+00,3.991455442650990904e+01,-2.008619639284308889e+01,6.609236606515151990e+00,-7.139964760656043552e+01,5.845793407681336262e+00,-2.538155243388222182e+00,2.978523856979788320e+01,-5.237104013038905492e+00,1.183297288100107636e+01,6.969049818286683262e+01,-1.674211579363478464e+01,-6.593551406575622664e+00,-2.480407415934073612e+01,-7.005826799141446237e+00,-3.357217821869292962e+00,2.609614533041874296e+00,2.152531355375735256e-01,-1.607343989335175038e+01,-2.702221452863300399e+01,6.440800866745225228e+00,1.013428255655146870e+01,5.486494573218956106e+01,1.949963476371291193e+01,3.320285843542888671e+01,1.729947104418548420e+01,1.382951296832568922e+01,-3.982460822657562005e+01,7.496411964586835452e+00,9.051129010404421749e+00,-3.405185018247217954e+01,9.700460183625068566e+00,5.095327089681980226e+01,-1.486005703316102888e+01,-5.189207257224631498e+00,-8.043045115428764102e-01,5.355030967242053208e+01,1.967822243643081848e+01,2.806130100910419500e+01,-4.074689752365846118e+01,-1.452817384452549376e+01,3.138490319096121439e+01,-1.572008797407258385e+01,5.598581619795277220e+01,-1.543433736326220540e+01,2.048740682318946682e+01,-2.415117113863746923e+01,-3.032094540774719071e+00,2.886252600642842125e+01,-3.281526173687957737e+01,-2.325207033445948568e+01,-1.556274224502243975e+01,1.982693430570180837e+01,1.350113282453386887e+01,-1.031934849901637463e+01,2.278036021099114805e+01,1.604263287709349939e+01,-2.914446092302215519e+01,-9.931613853890013388e+00,-1.749093380445370016e+01,-4.655086978677022103e+01,-5.122500149598562480e+00,9.646688216936851745e+00,-7.566750138400585080e+00,8.781241240003057058e-01,1.301795997966970209e+00,4.923651745244517031e+01,-2.860562704872488737e+01,-1.363512616087563778e+01,-5.861157167024802384e+00,2.775760017758049614e+01,9.754870357809330983e+00,1.256107697851960658e+01,3.954432966142797312e+01,1.001881088466829162e-01,6.677312628157777930e+00,-3.888126392920363372e+01,-2.652907556319854621e+01,6.355292043923135736e+00,-5.818817068457503439e+01,1.421513246527379160e+01,-2.252161589018130172e+01,8.551905767784049317e+00,-2.122579654945144334e+00,1.536402211977164356e+01,9.141141929465554483e+00,-7.841060962286705127e+00,7.149842284261218595e+00,5.842952968202497210e+00,1.211530338075332836e-01,-2.632417603109548310e+01,3.871824785068326236e+01,3.888731176990238403e+00
-1.597522823411562598e+00,-1.393365673281676642e+01,6.229880003684030498e+00,1.167248963457079292e+01,-8.866609065692340863e+00,-1.251012534127271891e+01,1.444940040432593698e+01,1.353410995725079502e-02,1.750392246494781290e+01,-7.774261228126957413e+00,1.792836054222366027e+00,-3.185152043048766046e+01,4.004805400304025653e+00,-1.693791651225193817e+00,1.173878676662443254e+01,-3.801499515745775604e+00,4.637853260438721925e+00,3.254258429976213307e+01,-7.362020300990971045e+00,-2.649607350455936317e+00,-1.194585459238619585e+01,-2.961038042841710016e+00,-1.172444801630280642e+00,4.407069409679348349e-01,1.883838811973308491e+00,-6.938626798422523834e+00,-1.079641686352231211e+01,1.673522428395085360e+00,4.075618393903052805e+00,2.357375671705987230e+01,4.441320632334972984e+00,1.364482156625429354e+01,7.337263548435855043e+00,7.146881848712567376e+00,-1.811528458732781743e+01,3.828102503089855002e+00,3.051640302875309629e+00,-1.303213285049511683e+01,3.895122256468698918e+00,1.904522535919909743e+01,-6.642225642429758992e+00,-3.174707973986761633e+00,-1.589569824972727030e+00,2.519279308197728184e+01,9.260647667122544391e+00,1.299204464447944574e+01,-1.811953023866636059e+01,-6.428163477601795961e+00,1.463027000523265464e+01,-5.995800043808545254e+00,2.554070496134368184e+01,-7.285639976224006276e+00,7.321722914802599291e+00,-1.026227383421608508e+01,-1.044116717046156495e+00,1.169318172282656754e+01,-1.408371163033224249e+01,-9.684927560537522240e+00,-6.828758894597425133e+00,5.840492121479234022e+00,4.966521045172435755e+00,-5.616380645732142796e+00,1.205030620290091292e+01,8.807354067253950092e+00,-1.323398824333806267e+01,-5.188618529099789711e+00,-7.539445010752274356e+00,-2.075854705359838093e+01,-1.967955478987979401e+00,5.321974067128345531e+00,-3.407690615771153730e+00,3.384604752188283827e-01,1.272813600028082526e+00,2.138330441453192421e+01,-1.309470775979859880e+01,-6.306093259425113118e+00,-2.741822131292009246e+00,1.314870571542314792e+01,3.638583944606014420e+00,5.230881267077062802e+00,1.650835453852106482e+01,3.617283620630739605e-01,1.672609780428635506e+00,-1.702299998077827325e+01,-1.184685562884838639e+01,3.019480043994075658e+00,-2.315151486440602469e+01,5.795860769547198643e+00,-8.451307646301263077e+00,5.260420314138512410e+00,-5.759178193455409822e-01,6.597821293532238229e+00,2.766968780223962199e+00,-3.540437516524930661e+00,5.612676908819095090e+00,1.577960474915162559e+00,-3.387572295771636433e-01,-1.159159313559730542e+01,1.644945762167800041e+01,2.189289280670424276e+00
-1.118173129794351794e+00,-6.574393233995641239e+00,3.328228725521075404e+00,7.025150088362895673e+00,-4.028656125934928944e+00,-7.968555411154746970e+00,9.089090112123967558e+00,-7.396732733053661413e-01,9.688755616494191258e+00,-3.642126175987979941e+00,2.857129093765988781e-01,-1.797577346185411784e+01,3.137954749996438863e+00,-1.308739518591444106e+00,5.651940889191052975e+00,-3.066090098516992768e+00,2.214742184209022025e+00,1.927910245623574781e+01,-4.087815161060069258e+00,-1.311990993584970955e+00,-7.295175089351793041e+00,-1.567873881751935317e+00,-4.573328126328103371e-01,-2.058602660752100189e-01,2.186539876498627688e+00,-3.770264087998902891e+00,-5.302463693245812237e+00,1.906200605678660676e-01,2.020314985145346132e+00,1.273760030803088839e+01,-1.686938957610673029e-01,6.967304086610551117e+00,3.902056161011655089e+00,4.647643811617738763e+00,-1.044314721583860717e+01,2.464516940731744210e+00,1.102621017051162111e+00,-5.998563446779129116e+00,1.926639107960545161e+00,8.432841767784818643e+00,-3.756864211738639714e+00,-2.331934175778286988e+00,-1.670445716528683233e+00,1.503714783220541307e+01,5.529315595564290753e+00,7.629950652601498184e+00,-1.018968567396409064e+01,-3.594579328008451036e+00,8.652248263855284449e+00,-2.744790809343455429e+00,1.476941371059974273e+01,-4.363296632255344143e+00,2.989915677447957609e+00,-5.470162305802934277e+00,-3.954091353207222492e-01,5.856191233132060248e+00,-7.599420112174942510e+00,-5.033579939909646583e+00,-3.782376132162468263e+00,1.408369914840178261e+00,2.139149046299887225e+00,-3.806125059165772040e+00,7.987019672698595585e+00,6.007752958394409148e+00,-7.614900925685017974e+00,-3.404613311122520081e+00,-4.089531805549327714e+00,-1.171037082727144707e+01,-9.113245728087705499e-01,3.643535091434971562e+00,-1.943370268172578186e+00,1.575403498404510660e-01,1.153195758977580976e+00,1.170271698146830275e+01,-7.599819052338655290e+00,-3.699313429005807841e+00,-1.627272880623040763e+00,7.901932064903992803e+00,1.605411163697059385e+00,2.717960143768267223e+00,8.605106909594715248e+00,4.033541896935379789e-01,1.232353153654002220e-01,-9.404793549827031640e+00,-6.693565560631069111e+00,1.819928673657086993e+00,-1.130245972346814654e+01,2.928172420224116834e+00,-3.766979157625948371e+00,3.876995842712072537e+00,-9.192730662092024607e-02,3.562636996274151091e+00,7.378585088682290127e-01,-2.024807475971093229e+00,4.690146590823834671e+00,2.442239250347639778e-01,-4.380000127984203795e-01,-6.446545973614870917e+00,8.766417471494499125e+00,1.521147781993670067e+00
-5.607314950830648570e+00,-6.291582797409078864e+01,2.641689051656204512e+01,4.601672012553492408e+01,-4.071898491318277991e+01,-4.738286865102902823e+01,5.523363099734316961e+01,3.349367407261470309e+00,7.273517827663266644e+01,-3.521858167883026169e+01,1.056447412951914622e+01,-1.308325557059441167e+02,1.258115605439574836e+01,-5.402286511638362931e+00,5.250636925677857647e+01,-1.155709719712974781e+01,2.082516607569210976e+01,1.296456993810722054e+02,-3.053547856266319371e+01,-1.169156017203113684e+01,-4.662942683046892967e+01,-1.261764175871942228e+01,-5.716579095072589212e+00,3.813791398410018019e+00,2.786742459296267960e+00,-2.914280476774137796e+01,-4.783176048694873117e+01,1.019672249831271671e+01,1.797416501076252260e+01,9.932795219136372111e+01,3.003402791581605058e+01,5.927920546771106558e+01,3.119094057227559702e+01,2.664919569255419773e+01,-7.344213049961828688e+01,1.438397759160243083e+01,1.526576566480967045e+01,-5.950824775733629224e+01,1.719666941307496799e+01,8.843551115240643412e+01,-2.724709909858620804e+01,-1.065919920869989213e+01,-3.120723500094964020e+00,9.987024130519483833e+01,3.670351287722356659e+01,5.205352692900083866e+01,-7.458726231600790868e+01,-2.655062974658660124e+01,5.835184646156719168e+01,-2.744463579673607967e+01,1.033447582905931910e+02,-2.881756573653189335e+01,3.510870927477126457e+01,-4.356995557382864348e+01,-5.143183984993318525e+00,5.130537060201165644e+01,-5.938763405763008052e+01,-4.168659367659318349e+01,-2.836484210736394118e+01,3.231065514149746321e+01,2.332590687134546314e+01,-2.026453416033033861e+01,4.426898020071246265e+01,3.160532890941643913e+01,-5.371547663485780788e+01,-1.921310603064060274e+01,-3.169802841295258489e+01,-8.528915839728240655e+01,-8.962003329271066576e+00,1.903953805721180359e+01,-1.390831515404011931e+01,1.537787742146385472e+00,3.311495384491514926e+00,8.944316751801649445e+01,-5.286339520268913361e+01,-2.528396110756552417e+01,-1.091011173452475091e+01,5.188794861715130935e+01,1.692061141068187524e+01,2.251825262271458783e+01,7.094558947750769562e+01,6.078149567317041591e-01,1.048770184945384720e+01,-7.081505730237009288e+01,-4.862812266377367365e+01,1.189213526099732121e+01,-1.028686492995718993e+02,2.531778183302597540e+01,-3.913341329012045833e+01,1.760461279499002529e+01,-3.393008414652136651e+00,2.781030886976679284e+01,1.499604772774031503e+01,-1.442484647113932361e+01,1.634378311460588051e+01,9.330232382474775932e+00,-3.036188726523565418e-01,-4.803340535055667715e+01,6.984618800935440674e+01,7.733903956884349284e+00
-3.975225064997405688e+00,-1.233319815107680739e-01,4.280860627551849262e+00,1.660023453150220973e+01,1.605546327432106679e+00,-2.256635557193578379e+01,2.481747944863872135e+01,-8.109543123810453835e+00,1.569669053075906717e+01,2.143059550206833919e-01,-6.073621272694885498e+00,-3.231687292625746011e+01,1.360496448290467519e+01,-5.553785312816005515e+00,1.334009220389638983e+00,-1.386472185026133630e+01,3.284388489058129856e-01,4.294581208450046006e+01,-6.741006859649187000e+00,-6.953524659342433800e-01,-1.813577770823667734e+01,-1.882274315293982703e+00,1.031709711028388154e+00,-4.494120629993359373e+00,1.412243374023674392e+01,-5.457001428624757899e+00,-2.360126004347741002e+00,-6.496394775010132960e+00,1.093657711746279126e+00,1.776008095694920286e+01,-2.457326428447786171e+01,5.873109002234696341e+00,4.848561102205110274e+00,1.392785316687648134e+01,-2.076675314904724701e+01,7.189414329934002978e+00,-3.638907895375453894e+00,1.520135528045875262e+00,9.995411504113875800e-01,-5.846563823278380312e+00,-6.828918692358644904e+00,-9.093619663897760219e+00,-1.001914743480642400e+01,3.446669635634914641e+01,1.268914446811642094e+01,1.641829501404352243e+01,-1.798988845401791536e+01,-6.160880290130663184e+00,1.914295620131574793e+01,8.626201267363926561e-01,2.977511763213957252e+01,-1.012655771434867802e+01,-4.986837909930002866e+00,-6.917822232891543521e+00,1.047780290340070364e+00,3.787708283273466314e+00,-1.049709307204054909e+01,-5.128184836865753660e+00,-6.151183016267211201e+00,-1.459433868766094378e+01,-2.176037618003100249e+00,-1.261671048698337394e+01,2.512133608338105262e+01,2.021062183340700713e+01,-1.501595325630527000e+01,-1.044241982291087112e+01,-5.851252271269546945e+00,-2.100796997801693422e+01,1.698339459871172075e-01,1.235671922020100766e+01,-3.677058862287618801e+00,-2.045403035469839370e-02,6.018432267942523950e+00,1.772601498615699711e+01,-1.556512936875235376e+01,-7.924339485036545838e+00,-3.650326900157364829e+00,1.857262828253988118e+01,-1.178730446995756243e+00,2.762114675326506230e+00,9.014736870066720087e+00,2.532410828205819087e+00,-7.224194197772710879e+00,-1.507234598503504941e+01,-1.210315682435598283e+01,4.322886857402867378e+00,-4.321981088339889254e+00,2.154427067754496328e+00,2.323631705668406155e+00,1.520959280189104845e+01,1.949449412079767185e+00,4.945019126614957017e+00,-6.146358163349039394e+00,-3.882617179198138757e+00,2.224498766910131664e+01,-5.424443566437749276e+00,-3.026623123683751082e+00,-1.072499787893544365e+01,1.106973489215385342e+01,5.325715273238619929e+00
-4.859233431681206028e+00,-6.864359657121899261e+01,2.747920118789368615e+01,4.496441841998883149e+01,-4.496105376419755117e+01,-4.456166705206564416e+01,5.241735151675211313e+01,6.230988941058326347e+00,7.441877247188118361e+01,-3.851478780911971711e+01,1.346107526478823324e+01,-1.325648395704839686e+02,9.415056535837454277e+00,-4.134251049700527147e+00,5.689563161851955897e+01,-8.214663787459821620e+00,2.262974772634467513e+01,1.278947224007529400e+02,-3.119425638798649203e+01,-1.254245928327781101e+01,-4.514578260203897742e+01,-1.317660278010272457e+01,-6.568113010008630681e+00,5.590159202488447221e+00,-1.441408213905463365e+00,-3.008157446898782794e+01,-5.146677255514087790e+01,1.319383718014463369e+01,1.927447976143102082e+01,1.027939804829481574e+02,4.058848789408195046e+01,6.284820030657446921e+01,3.251061178458762413e+01,2.467007532139683690e+01,-7.358088261230147964e+01,1.341993336697193406e+01,1.782031951948938087e+01,-6.544544192660686122e+01,1.845559828381226453e+01,9.839775868860995445e+01,-2.757655074495211522e+01,-8.749191743065074078e+00,-2.258959725660715234e-01,9.808196498485230563e+01,3.603924555400649155e+01,5.161232672041122527e+01,-7.571257647510232403e+01,-2.702833099216602974e+01,5.762293151607389063e+01,-3.023410132441011555e+01,1.033644405000275839e+02,-2.824403436616707097e+01,3.991002643821918383e+01,-4.536735053526020067e+01,-5.947262047344863412e+00,5.480554864019081407e+01,-6.149854646083657173e+01,-4.387953146824015960e+01,-2.901191445282988468e+01,3.990568655068726400e+01,2.615482922859392900e+01,-1.811645089722896529e+01,4.035120219492841898e+01,2.808584082478229860e+01,-5.387182734898594560e+01,-1.765894103615581656e+01,-3.274584567653749900e+01,-8.643723878767536917e+01,-9.837387819236450781e+00,1.686171244942620007e+01,-1.401577284340450191e+01,1.685236553249433999e+00,1.704300061695563917e+00,9.201396239886237538e+01,-5.276729106027449490e+01,-2.508569580726614134e+01,-1.075123813250410976e+01,5.074761425234004264e+01,1.884579357110111886e+01,2.370538149406976913e+01,7.458653296192204607e+01,-1.404611971362299538e-01,1.374254951907608557e+01,-7.252086812492244405e+01,-4.924291547987279927e+01,1.160975072215603987e+01,-1.109255452132276361e+02,2.695444666915225795e+01,-4.345812468872424716e+01,1.438953112186386818e+01,-4.322925384769045642e+00,2.878948473370683914e+01,1.832194355595272839e+01,-1.451438931312135594e+01,1.077953751364657897e+01,1.190760101052657483e+01,6.294425547284789868e-01,-4.903122331465334582e+01,7.273393915308506052e+01,6.751994353193797593e+00
-1.977349426482113204e+00,-1.777889400627245209e+01,7.884009093467081897e+00,1.463951081504264096e+01,-1.133945538291901833e+01,-1.561648680605611261e+01,1.805651495408087825e+01,1.422339922707236415e-01,2.209494837424150759e+01,-9.924067829634040550e+00,2.381435941150725988e+00,-4.014786812845022013e+01,4.900903896787552227e+00,-2.075873818046070518e+00,1.495935596983660432e+01,-4.637461752333930320e+00,5.913321852039457482e+00,4.086595206475820419e+01,-9.290828468365203818e+00,-3.370459468442310591e+00,-1.496469114521686983e+01,-3.749587672857067844e+00,-1.512059460093034602e+00,6.316394995791494438e-01,2.186356160910313040e+00,-8.770320077122702784e+00,-1.374098218145406136e+01,2.235694030330222848e+00,5.184060163726791792e+00,2.980889230002095047e+01,6.046245684353865890e+00,1.732170978776730408e+01,9.288397701161130726e+00,8.905544566559557396e+00,-2.279698345717622132e+01,4.774272304114186127e+00,3.950283590039975756e+00,-1.665378063508537920e+01,4.955178606931695207e+00,2.439377936561081839e+01,-8.370940990026102924e+00,-3.911130330309198655e+00,-1.874067455319490927e+00,3.161751236418481170e+01,1.162201722669402848e+01,1.632620375895889708e+01,-2.284519112300392862e+01,-8.108069474709017399e+00,1.837476427289448466e+01,-7.664556598795550180e+00,3.213377842609522617e+01,-9.141189981880758708e+00,9.420123673584987145e+00,-1.298912885914080206e+01,-1.348547121431321161e+00,1.486334920288037864e+01,-1.781052639031088702e+01,-1.227995220459347436e+01,-8.619420300042296645e+00,7.677964863868631973e+00,6.371328550953419878e+00,-6.972669827556786437e+00,1.499033910975372308e+01,1.092766614059803842e+01,-1.665655816467083383e+01,-6.460305377317192566e+00,-9.530951412139819112e+00,-2.616634414405784170e+01,-2.513932808083243042e+00,6.600982733143551329e+00,-4.291906264451005981e+00,4.322259353232369428e-01,1.531502138409306824e+00,2.701417238729481340e+01,-1.647035932326037511e+01,-7.925121367162555330e+00,-3.442600780396313453e+00,1.649292262352694749e+01,4.661374875021891739e+00,6.632585792808234793e+00,2.092746499233892621e+01,4.225801038217976147e-01,2.245744337157096204e+00,-2.149086205435853714e+01,-1.493131714568385959e+01,3.786557406774410772e+00,-2.947714063758925462e+01,7.362922462348914010e+00,-1.082055285183586335e+01,6.478472722003411732e+00,-7.649708213542040225e-01,8.343306155860263473e+00,3.625651396968041063e+00,-4.458137582666123144e+00,6.819577657486880717e+00,2.097228936066722227e+00,-3.856510439333213913e-01,-1.462681224815385761e+01,2.082064015089836317e+01,2.711694721824485566e+00
-1.036303566841774604e+00,-5.979512069400385599e+00,3.047673148221933914e+00,6.469894719185017351e+00,-3.655916294570060288e+00,-7.356981449704626641e+00,8.387014222811169262e+00,-7.122738783053461642e-01,8.887829219251964119e+00,-3.311189913685256503e+00,2.301777739194172945e-01,-1.650539394627239886e+01,2.920161311863971321e+00,-1.217316995363635357e+00,5.146523436680777053e+00,-2.856074231928960927e+00,2.015743020790215834e+00,1.774257150663285287e+01,-3.750471584995542784e+00,-1.196551147564136386e+00,-6.722959658691446627e+00,-1.435052660115194945e+00,-4.108717121183229626e-01,-2.091581796215880029e-01,2.057448660830596410e+00,-3.455413514738381320e+00,-4.833710883161036698e+00,1.416337475866940032e-01,1.842662713354819237e+00,1.167059637855323295e+01,-2.734008904784008820e-01,6.364909644206297124e+00,3.572297466262821519e+00,4.294685122464260374e+00,-9.598647080561464762e+00,2.276394992877057710e+00,9.849817213398608384e-01,-5.447813996262533820e+00,1.757012085000307255e+00,7.640479567512912240e+00,-3.449926162737696256e+00,-2.165118944836932346e+00,-1.568064756534539361e+00,1.384343496144827768e+01,5.090450069052566917e+00,7.019026387016955582e+00,-9.354584205223780202e+00,-3.299078516268088901e+00,7.962032203829894073e+00,-2.491966152897862052e+00,1.357704307241866104e+01,-4.017532009140168725e+00,2.694750766673594811e+00,-5.008474373479922193e+00,-3.544783748200412976e-01,5.344254518818943644e+00,-6.962349067210076292e+00,-4.602697503149597580e+00,-3.469818054841439903e+00,1.209543739996690626e+00,1.934767930934330193e+00,-3.522985853303752357e+00,7.386248779899875494e+00,5.562278370773269920e+00,-6.998492434888378355e+00,-3.147224848727931068e+00,-3.747688237572420977e+00,-1.075226824490880873e+01,-8.279510143537422984e-01,3.373853173827951135e+00,-1.785301617721827716e+00,1.431710748409634471e-01,1.078130578015219720e+00,1.072928248429994191e+01,-6.987458143880990846e+00,-3.402936843932461652e+00,-1.497704594317376570e+00,7.276891969584514008e+00,1.454243646443269533e+00,2.485264606700031020e+00,7.869706537021887272e+00,3.791851985284534488e-01,7.679874652848206473e-02,-8.626538792189059279e+00,-6.146385461386194571e+00,1.676194347295094200e+00,-1.029982961222793847e+01,2.673469435227032509e+00,-3.414434748057444402e+00,3.600097990756907507e+00,-7.408208713899716580e-02,3.264092576575563953e+00,6.410145952800712088e-01,-1.860366257709054061e+00,4.373949170947462939e+00,1.956165159730811620e-01,-4.131060815790504881e-01,-5.915010671214380622e+00,8.026440375771507263e+00,1.409372508152146874e+00
-6.174616048002859792e+00,-6.037087455423780114e+01,2.619549513220715653e+01,4.746263738208126881e+01,-3.873428299000279651e+01,-4.996812571587817331e+01,5.794918741307333221e+01,1.588060993049429825e+00,7.290884005041030491e+01,-3.373722584829751980e+01,8.916319623156514496e+00,-1.319627226847836710e+02,1.479266138411863807e+01,-6.294179738381066258e+00,5.062909104026783780e+01,-1.386246273149277641e+01,2.004040080269673041e+01,1.329535367534560066e+02,-3.063868651507900154e+01,-1.135333742056726969e+01,-4.835792040647565670e+01,-1.247936016946959548e+01,-5.276425182743226472e+00,2.757760332584235030e+00,5.501938956636347910e+00,-2.904568065124162501e+01,-4.635095880551434533e+01,8.478897746329826290e+00,1.745913176813822076e+01,9.882882996895399685e+01,2.388482183768553924e+01,5.803458092359613119e+01,3.088828167663614011e+01,2.835080398436024396e+01,-7.460255652036828167e+01,1.523668353787615537e+01,1.391332052028426247e+01,-5.677324904172689912e+01,1.669453778796498966e+01,8.365236877979633334e+01,-2.750222427081351384e+01,-1.204548720178434706e+01,-5.000306353471652976e+00,1.026956502784585012e+02,3.774633566484268954e+01,5.321643777790799135e+01,-7.514465463330532202e+01,-2.670037880887219472e+01,5.980332208682973061e+01,-2.615091907303121133e+01,1.050884381883920327e+02,-2.966913377786377737e+01,3.267580430968546068e+01,-4.317621859444922450e+01,-4.723229872937149132e+00,4.996867110306008186e+01,-5.906486041080224680e+01,-4.101127719403408634e+01,-2.843855107043329511e+01,2.806744991841757653e+01,2.193730599449914109e+01,-2.196426105109052429e+01,4.749323254634272473e+01,3.436308299173739300e+01,-5.452959079203744608e+01,-2.052022091642771784e+01,-3.157551835561093156e+01,-8.601403918816495775e+01,-8.561948664378311591e+00,2.073721561833854210e+01,-1.407685121383332927e+01,1.470882801486866009e+00,4.381860774244795920e+00,8.934094358500917110e+01,-5.382232206963833221e+01,-2.583870174549119625e+01,-1.119574789057041642e+01,5.348917955868949292e+01,1.599340202083290308e+01,2.215185242078348082e+01,6.985380988949246728e+01,1.090284230062539050e+00,8.612199439772696863e+00,-7.094207312097944396e+01,-4.906652543360275587e+01,1.227239045217157454e+01,-9.953298634824224678e+01,2.471530861714071392e+01,-3.706962325226349719e+01,1.993238618737436241e+01,-2.863913463958480676e+00,2.766504701335885841e+01,1.315232459200713322e+01,-1.461346351184139181e+01,2.013238710555233979e+01,7.862531470729096306e+00,-8.975132905222056312e-01,-4.822002437275523334e+01,6.921096957832968144e+01,8.484880234466226412e+00
-4.546347549854949932e+00,-3.272460413742862784e+01,1.547898022649886229e+01,3.072251351026455879e+01,-2.048639432125203541e+01,-3.388481624679734239e+01,3.888742497814048704e+01,-1.594622710662126686e+00,4.422666489768845111e+01,-1.820185988478138128e+01,2.989397734014509034e+00,-8.123119311508570206e+01,1.212708448339354916e+01,-5.088857130146603680e+00,2.781642967038074588e+01,-1.170205577555146803e+01,1.095010426535478132e+01,8.498465463027994815e+01,-1.862930384841903120e+01,-6.357622068617072131e+00,-3.167200975673668495e+01,-7.326535278770275994e+00,-2.544612669691496798e+00,1.329577820337162208e-01,7.253324162571775702e+00,-1.737816308575533952e+01,-2.581064111112532444e+01,2.624601337519461453e+00,9.784102947568884545e+00,5.888532753802636677e+01,5.494790541923034510e+00,3.319988737626666619e+01,1.819167031494073683e+01,1.956574754962726104e+01,-4.667823658580088164e+01,1.042574223487381246e+01,6.431879016966942864e+00,-3.027928367663205478e+01,9.341634633892670792e+00,4.352329252791371061e+01,-1.695770182959751438e+01,-9.274231028859190928e+00,-5.739803830996528689e+00,6.603546914241780996e+01,2.427796291893191238e+01,3.378279135338413397e+01,-4.613129468428131474e+01,-1.632135872549279298e+01,3.817385762211162614e+01,-1.389810002219601515e+01,6.591105243808110004e+01,-1.912903142693233960e+01,1.618269042437597705e+01,-2.547115528781562688e+01,-2.240225981500100882e+00,2.820149676235895697e+01,-3.515723519657993279e+01,-2.375730864891255578e+01,-1.725954170898278051e+01,1.077969601470417871e+01,1.121915270056136826e+01,-1.571097508134781151e+01,3.331810707431214524e+01,2.472260881807502386e+01,-3.406934849919958452e+01,-1.427103347665881472e+01,-1.886724675029053699e+01,-5.292989051420162383e+01,-4.584388800987252210e+00,1.496791226793765439e+01,-8.734698797434141682e+00,7.902057899410368513e-01,4.194080706608195541e+00,5.373788484678303945e+01,-3.385261977703242309e+01,-1.638854637767381206e+01,-7.166660093063681458e+00,3.458250344584925529e+01,8.302727143739527804e+00,1.282991638595654571e+01,4.055016105376428470e+01,1.356793571455170433e+00,2.476497897662370384e+00,-4.297280991325024502e+01,-3.022982235225560288e+01,7.953158166644629823e+00,-5.519936181817651288e+01,1.403395209189087645e+01,-1.936774065674223522e+01,1.539560575177515389e+01,-9.606130499697200786e-01,1.647567275934020614e+01,5.260930339228369057e+00,-9.087457819429893391e+00,1.763325308763716492e+01,2.615315983463800897e+00,-1.401999570942412454e+00,-2.935437316146886033e+01,4.082407414847297389e+01,6.205964015231161035e+00
-5.390151009174537045e+00,-3.707279806770924324e+01,1.779144314343273692e+01,3.580305711832134818e+01,-2.310655377670691024e+01,-3.974615557779464581e+01,4.554866880479394098e+01,-2.297290241963190205e+00,5.104373131154873988e+01,-2.060324917073285178e+01,3.018077848328816870e+00,-9.396328321207664658e+01,1.455964787997413268e+01,-6.100225951096596155e+00,3.158690744939497108e+01,-1.409397370927063875e+01,1.242246229473360231e+01,9.885835532709542406e+01,-2.150863597288966744e+01,-7.243036542727280036e+00,-3.697149778392537200e+01,-8.412355645946602678e+00,-2.819655461440996547e+00,-1.215902571032172474e-01,9.070752455937828529e+00,-2.001377369134725726e+01,-2.937720918390022007e+01,2.579288317074176717e+00,1.114814291281718894e+01,6.777174667308254641e+01,4.735374790324204497e+00,3.795935708688583077e+01,2.089833794846043702e+01,2.300456101155887367e+01,-5.412755515351870628e+01,1.224407819830000932e+01,7.064640989734752630e+00,-3.420358460763843311e+01,1.064128368406201197e+01,4.894230467939794949e+01,-1.962063020849186046e+01,-1.105515308392090468e+01,-7.107959221036137976e+00,7.688213964736550565e+01,2.826680201066753639e+01,3.925824356971932616e+01,-5.333988527814233294e+01,-1.885942056930455735e+01,4.439677640140809700e+01,-1.568935630813478355e+01,7.645707675909295631e+01,-2.227969358920403664e+01,1.802720293525956663e+01,-2.926872710494473395e+01,-2.473920380415254083e+00,3.217165842317000113e+01,-4.045638468277084598e+01,-2.721916042130438385e+01,-1.992146064343606682e+01,1.132566007261555185e+01,1.257551608083223371e+01,-1.855906718773353958e+01,3.925901687680243413e+01,2.922596194707444539e+01,-3.949787871343550449e+01,-1.679644108751893228e+01,-2.172425305959696828e+01,-6.122306302080554019e+01,-5.182194844060185268e+00,1.770169526800996351e+01,-1.011600389339855433e+01,8.937831072603223959e-01,5.114903852235662463e+00,6.193946309076244461e+01,-3.928566278155048508e+01,-1.904232326163442224e+01,-8.338355159729591293e+00,4.029450880576366245e+01,9.332645388820678178e+00,1.469901465112157446e+01,4.647487198790493323e+01,1.690138337311282601e+00,2.367461038613222435e+00,-4.958574680430628945e+01,-3.497265021105900473e+01,9.269910778995519962e+00,-6.278298789946776282e+01,1.602595425616435776e+01,-2.179602687634215030e+01,1.835890257033614148e+01,-9.699652673813941028e-01,1.896056543868311195e+01,5.586510491050781901e+00,-1.052800383818163787e+01,2.131945559975216753e+01,2.633693488320692389e+00,-1.771272357075998727e+00,-3.389761039816331589e+01,4.690957792378748081e+01,7.351697485779656205e+00
-4.705229298201692778e+00,-5.899690968436032534e+01,2.418167972622573458e+01,4.084808047928812158e+01,-3.841769544174479734e+01,-4.129752678175743341e+01,4.834750365634855029e+01,4.272539352880349028e+00,6.603559577494770849e+01,-3.306438957974391712e+01,1.075629083615654302e+01,-1.182123709108890921e+02,9.903712924617902758e+00,-4.292784113412177582e+00,4.906416266577915053e+01,-8.906937602024846967e+00,1.948789415624620602e+01,1.156169027906267388e+02,-2.770178441684830517e+01,-1.086954160439087147e+01,-4.120865743262711334e+01,-1.157267506370936339e+01,-5.505938739873558418e+00,4.203988396003687456e+00,6.445375003985822637e-01,-2.657453281192160688e+01,-4.453635649146511355e+01,1.047030141371764422e+01,1.670698725185986078e+01,9.069147960733859293e+01,3.159823287416134008e+01,5.478400071780502145e+01,2.858050117449155181e+01,2.305429722047648866e+01,-6.599168188307379523e+01,1.248938655618564475e+01,1.482650934350057348e+01,-5.602983319411423935e+01,1.599083260965694109e+01,8.376649899048953785e+01,-2.460507413644202401e+01,-8.730056927361333763e+00,-1.530013493924756940e+00,8.887038701368267368e+01,3.265783578820730781e+01,4.653588685970971284e+01,-6.745303458890076342e+01,-2.404495479220464915e+01,5.206366034532295828e+01,-2.586295222948843886e+01,9.278367676838284694e+01,-2.561828986370294814e+01,3.362686453455696522e+01,-3.990327242830439758e+01,-4.970343733056399316e+00,4.759547342030717942e+01,-5.424088661550403856e+01,-3.838627350721939280e+01,-2.574801122600429082e+01,3.234210561935970674e+01,2.218280310009544820e+01,-1.724841987126517040e+01,3.802045164926924059e+01,2.682693884912384163e+01,-4.829032864891227916e+01,-1.656540264294630660e+01,-2.891631587283698934e+01,-7.707037949574514357e+01,-8.429908968647502832e+00,1.613564779657799875e+01,-1.253302323364589199e+01,1.445274302411367673e+00,2.266857801970435737e+00,8.142444951497436989e+01,-4.741450589689692663e+01,-2.261092261615046795e+01,-9.724480930394683753e+00,4.608015326971215586e+01,1.603565614289311370e+01,2.073660593054101753e+01,6.528879227658519824e+01,2.169745264667207185e-01,1.084472795314307092e+01,-6.432161631084737508e+01,-4.392465842148832422e+01,1.055181529739658330e+01,-9.588655512680655590e+01,2.344726513560940973e+01,-3.703059051889210451e+01,1.439187365623252113e+01,-3.454443671076034228e+00,2.539606789642349582e+01,1.492318400843984705e+01,-1.298885662478534542e+01,1.222814243269708889e+01,9.508062100468206879e+00,1.372751882286458169e-01,-4.355900788469738671e+01,6.397099887563427956e+01,6.511611068361693455e+00
-4.144158040185201841e+00,-4.243865519329936831e+01,1.820502953813070945e+01,3.254671157063322795e+01,-2.731236495210435322e+01,-3.401255914417902204e+01,3.951221518721177262e+01,1.518418838774483248e+00,5.048187528983378769e+01,-2.373014985948908873e+01,6.569775935239351661e+00,-9.117701985886974114e+01,9.725975088217076348e+00,-4.149986525065211929e+00,3.552952837056696467e+01,-9.059109677604542554e+00,1.407346645181224964e+01,9.134686264970649461e+01,-2.120696677904512484e+01,-7.947695087516382095e+00,-3.310005460078050277e+01,-8.680541124641173667e+00,-3.760811341475552183e+00,2.161616951881296878e+00,3.168329516186485062e+00,-2.015061176348381267e+01,-3.247086100419209487e+01,6.283191545088064878e+00,1.222073753714636624e+01,6.860310312399712984e+01,1.801047003030010174e+01,4.051112774220320034e+01,2.147623772397162512e+01,1.924225501087289558e+01,-5.142140117020426260e+01,1.035610441964876927e+01,9.962338791682432415e+00,-3.999073312034789751e+01,1.168784114698354060e+01,5.910297022939846556e+01,-1.899746691762793560e+01,-8.018108068426302637e+00,-3.019005384664660951e+00,7.049376375850286536e+01,2.590933283593042802e+01,3.660103539287722896e+01,-5.194015271544321166e+01,-1.846682357139841457e+01,4.109702305839249448e+01,-1.842859837185796934e+01,7.240856659916035198e+01,-2.035751977350596320e+01,2.322042415956738637e+01,-3.001292849469020041e+01,-3.372674445908673047e+00,3.494360461524826178e+01,-4.100632046661593932e+01,-2.857952340991823448e+01,-1.968935565881606564e+01,2.045658621210380090e+01,1.553123864811251842e+01,-1.481706735286569909e+01,3.214591973560241911e+01,2.315791833004978884e+01,-3.759376937562915799e+01,-1.390956738979457086e+01,-2.190971816780638193e+01,-5.943248303532408983e+01,-6.028040152210792257e+00,1.396725730612957328e+01,-9.714735519787485174e+00,1.035142798686844001e+00,2.782470525336157685e+00,6.193417194652982261e+01,-3.706929516036788641e+01,-1.777361058308045472e+01,-7.690451778908576230e+00,3.668602325887422211e+01,1.130284999541175850e+01,1.543734635830553970e+01,4.866513938231629766e+01,6.410375854178291810e-01,6.412981001682475757e+00,-4.913004869484001347e+01,-3.389722559276705738e+01,8.414071801255390781e+00,-6.976415890786906004e+01,1.726974447075409813e+01,-2.617758570017964814e+01,1.326002108170137461e+01,-2.110136853885831165e+00,1.920530749563549122e+01,9.551575897732277554e+00,-1.008182251334645940e+01,1.305196384726880510e+01,5.796719318593515524e+00,-4.810137483762390032e-01,-3.337037965191982636e+01,4.811133474071933591e+01,5.701498728720823195e+00
-3.184550424322180717e+00,-3.763662528371035876e+01,1.562162059441485162e+01,2.682039117884147217e+01,-2.443052112789547792e+01,-2.738222888329326921e+01,3.198285061115291583e+01,2.351205898401847794e+00,4.284447276633440538e+01,-2.108010155414606857e+01,6.580737864495256773e+00,-7.689174542757871222e+01,6.944509880402318203e+00,-2.994277870922976703e+00,3.135690027427552806e+01,-6.320700952432186881e+00,1.244542120321878720e+01,7.572644823803787517e+01,-1.798036801643852556e+01,-6.965162557051600700e+00,-2.712120366257456539e+01,-7.468394730300341955e+00,-3.464357547596824460e+00,2.474225884629787764e+00,1.062448685031837536e+00,-1.720213628241321402e+01,-2.851618262827529904e+01,6.378822176353725837e+00,1.070692336919278098e+01,5.866629177088853453e+01,1.902147324527387084e+01,3.521462089473990176e+01,1.845357343969667596e+01,1.534744797434380814e+01,-4.305029606908107809e+01,8.297883116749009247e+00,9.289200156074436165e+00,-3.566829022867991483e+01,1.024578636574453938e+01,5.316047203651183395e+01,-1.600919858380081706e+01,-5.987832931302726536e+00,-1.438000485481168766e+00,5.827523203701808541e+01,2.141589589832718232e+01,3.043994404456074321e+01,-4.385434364057179124e+01,-1.562111851906526283e+01,3.409147433318298681e+01,-1.645679369647452006e+01,6.055493012686072518e+01,-1.680756269940077985e+01,2.121876255087053664e+01,-2.577119196575638327e+01,-3.121989284164700784e+00,3.053326857478043621e+01,-3.508145804231102716e+01,-2.472104152606909722e+01,-1.670695884596421976e+01,1.995618202516935824e+01,1.404885023699779545e+01,-1.158372239341256638e+01,2.540979680053491307e+01,1.804357613669404614e+01,-3.149433091156526388e+01,-1.104778337594300375e+01,-1.871401604306643307e+01,-5.012792298662759549e+01,-5.369150082845723482e+00,1.086195436841256168e+01,-8.163725157681430034e+00,9.209189439064210392e-01,1.723478801889017920e+00,5.275378345152005011e+01,-3.096101920968048660e+01,-1.478775851201507940e+01,-6.371075064698235479e+00,3.024861507337277189e+01,1.017391399391392071e+01,1.335414913133491588e+01,4.205995246592262760e+01,2.551922544685014116e-01,6.584082169564111631e+00,-4.172242293160315540e+01,-2.857536654229563666e+01,6.929805673214213257e+00,-6.136017811819118606e+01,1.505510517141875937e+01,-2.351264351031025512e+01,9.881271006372696064e+00,-2.113493248782773115e+00,1.642684440662122114e+01,9.235218945869123175e+00,-8.463957062126020503e+00,8.825619527200583292e+00,5.814500650601297949e+00,-5.202882148178744615e-02,-2.827857652662263632e+01,4.131418078897718971e+01,4.399028860356956727e+00
-7.039874185293044206e+00,-6.107627724324524365e+01,2.734767326033617962e+01,5.132032044992158859e+01,-3.884968755268462814e+01,-5.504817028406058910e+01,6.356978248924563957e+01,-1.714614384911783418e-02,7.687260133623941272e+01,-3.407474035696913006e+01,7.801229868265060041e+00,-1.399188578460040731e+02,1.768247177219258859e+01,-7.476732608716838868e+00,5.146696457445899853e+01,-1.679377463585593233e+01,2.033210495788328487e+01,1.430482109412330090e+02,-3.233335905880451833e+01,-1.162052694106894180e+01,-5.253303510465271131e+01,-1.299680698859838657e+01,-5.129424828362129318e+00,1.889363911823288333e+00,8.390561587245400688e+00,-3.046539924018152590e+01,-4.734596963192691987e+01,7.274258283300900629e+00,1.787488802354713613e+01,1.034978394000277007e+02,1.923583381685659788e+01,5.986445015858993912e+01,3.220699823897312797e+01,3.145811630485980004e+01,-7.960018127568955038e+01,1.684743733731952631e+01,1.334187936721221490e+01,-5.710914866019119529e+01,1.708283549035776616e+01,8.342541821332602581e+01,-2.917912674163621745e+01,-1.400138232024988483e+01,-7.062005877200961734e+00,1.107520656631725728e+02,4.071166248552157185e+01,5.710258347571004833e+01,-7.959260636620000184e+01,-2.823453305652465417e+01,6.430907591972872694e+01,-2.627313424786774831e+01,1.122328209127613263e+02,-3.203048720173724462e+01,3.204613519260767873e+01,-4.504764870767152019e+01,-4.566775404765461843e+00,5.129020236984920444e+01,-6.183183047898820206e+01,-4.250010291877089230e+01,-2.999036336162648908e+01,2.546289126288359839e+01,2.174913150806824547e+01,-2.473713791781333171e+01,5.305674690602706534e+01,3.879567455978129686e+01,-5.814986637975321315e+01,-2.284163418803764500e+01,-3.310267113167991937e+01,-9.118861448714430651e+01,-8.624497770125790552e+00,2.344421992787346198e+01,-1.497153427185564034e+01,1.483374045932267293e+00,5.635849521416939290e+00,9.389615312759637789e+01,-5.754453959159164356e+01,-2.771609390608096035e+01,-1.205259440941472349e+01,5.780958731301200260e+01,1.593781604414601816e+01,2.295446120751531183e+01,7.244574038272226346e+01,1.609436253987013066e+00,7.263395017983087065e+00,-7.475869625553109188e+01,-5.204220962102243675e+01,1.327598867976417019e+01,-1.015203190588556197e+02,2.542519410906007593e+01,-3.702253401037263814e+01,2.320131413566843648e+01,-2.506026295791564884e+00,2.896672559958035720e+01,1.207044015942986981e+01,-1.555533940042261243e+01,2.481169442529022007e+01,6.865491611073293754e+00,-1.513407591528842744e+00,-5.091032720510984433e+01,7.220695658080231283e+01,9.646486679360641858e+00
-5.417707765056375635e+00,-6.463907062098091671e+01,2.677432249799841912e+01,4.584780417825609078e+01,-4.198016844543462867e+01,-4.673510686497255762e+01,5.460734800591516347e+01,4.143729078871704274e+00,7.338082697469997129e+01,-3.620773588442238378e+01,1.138142669719548827e+01,-1.316404966717788909e+02,1.175008250771454854e+01,-5.070370555150699232e+00,5.383792379115335791e+01,-1.067531366479655119e+01,2.137066079274422492e+01,1.295007682086730654e+02,-3.079343764215622770e+01,-1.195357433538206671e+01,-4.634446241827401991e+01,-1.280242453613406006e+01,-5.963440982669153456e+00,4.307959769219888102e+00,1.640943097999794098e+00,-2.947354092325662123e+01,-4.894565335257649963e+01,1.104014020170628996e+01,1.837484183523500292e+01,1.005278498122433035e+02,3.298909057527153266e+01,6.040445835459628654e+01,3.163079561897312075e+01,2.617787529815570480e+01,-7.366833944986964866e+01,1.415799240650611246e+01,1.600150602348988116e+01,-6.127985712669291729e+01,1.758406677115982575e+01,9.137888262363449599e+01,-2.740682190013250619e+01,-1.016571163067718864e+01,-2.339356066891192132e+00,9.963876740971237211e+01,3.661651984888809608e+01,5.206673226341140293e+01,-7.508542768658753630e+01,-2.674899138407874233e+01,5.830275143449135555e+01,-2.827567058918899789e+01,1.036151968239207690e+02,-2.873508804990059318e+01,3.650800068923443575e+01,-4.417182927029807615e+01,-5.375634726868899094e+00,5.239140599357544659e+01,-6.011556995740185272e+01,-4.239149471577513850e+01,-2.861404177606470611e+01,3.446456968290429757e+01,2.415713666288460360e+01,-1.973076418854929415e+01,4.331421317528327819e+01,3.072668768315609356e+01,-5.389588705340376862e+01,-1.883859096826029500e+01,-3.206505400127659300e+01,-8.582098130180550299e+01,-9.223693145029233875e+00,1.849451581451736359e+01,-1.397329087896372535e+01,1.581938917452673898e+00,2.881733390595386801e+00,9.037359598428886898e+01,-5.297277980945344211e+01,-2.529474887638755476e+01,-1.089477313092027444e+01,5.171008687033028650e+01,1.748897701463250343e+01,2.289972076188396599e+01,7.212038497263898762e+01,4.053313564717411221e-01,1.140214543964600757e+01,-7.146183914366530132e+01,-4.892049402363340249e+01,1.184563607273296171e+01,-1.053294826336407510e+02,2.582901161750485386e+01,-4.041306521408117902e+01,1.677306740844501931e+01,-3.655284288458372721e+00,2.814864536968315889e+01,1.594142854970779943e+01,-1.448626197574811947e+01,1.486842542986748938e+01,1.005696975894731615e+01,-4.996712753976217947e-02,-4.842869596333920157e+01,7.081278045944026189e+01,7.485990238935089636e+00
-6.270021753757593075e+00,-4.594689485912154936e+01,2.161238900255101925e+01,4.266414201213954982e+01,-2.881202247770573166e+01,-4.693377806322099133e+01,5.389379861699278251e+01,-2.007033281675255409e+00,6.165192287525464820e+01,-2.556436944022086166e+01,4.371382609230379579e+00,-1.131364178810741663e+02,1.663898636309825818e+01,-6.986616978576860149e+00,3.902041097852426077e+01,-1.603474680241328088e+01,1.536624752745225564e+01,1.181027003541725549e+02,-2.596553229489713388e+01,-8.907189933270542426e+00,-4.395344068048982678e+01,-1.023372926050124221e+01,-3.602554838000789683e+00,3.152981502290419513e-01,9.780662284317843458e+00,-2.424547983884203006e+01,-3.617460888347061143e+01,3.871250023351802128e+00,1.370710299695580936e+01,8.217591428120468322e+01,8.418733051327006223e+00,4.644972937068759933e+01,2.540518153965376413e+01,2.707478417937391768e+01,-6.494922401821179392e+01,1.443362659319200603e+01,9.135488402641314565e+00,-4.256031517963283761e+01,1.308850205982889747e+01,6.128076557980644168e+01,-2.361582786714077997e+01,-1.276223493136381215e+01,-7.772865370399333784e+00,9.173774270251944074e+01,3.372691322204688902e+01,4.696645358361300993e+01,-6.426069608073396466e+01,-2.274142010722683338e+01,5.305422273606733796e+01,-1.953977481331159183e+01,9.169729762683664376e+01,-2.657034569115020872e+01,2.286571394258707812e+01,-3.556749400939023786e+01,-3.175608556224299051e+00,3.949088933676630120e+01,-4.906582856914558022e+01,-3.321219995582656992e+01,-2.405905215264163743e+01,1.555400150876895893e+01,1.581570196766955938e+01,-2.169960520417015815e+01,4.606491650572296237e+01,3.413602877009252268e+01,-4.740895403230992855e+01,-1.973992366378650942e+01,-2.632510248676519993e+01,-7.372061388219324840e+01,-6.442053533200077453e+00,2.066366963570286330e+01,-1.215964946901689814e+01,1.110156912498897253e+00,5.716915537244513068e+00,7.494908052810167476e+01,-4.708891791352849765e+01,-2.278529844861619580e+01,-9.958644684297382810e+00,4.802772460933227450e+01,1.169204858937894187e+01,1.793615292951685802e+01,5.668075307842759969e+01,1.832680745783377585e+00,3.684116678112120624e+00,-5.990918222358088485e+01,-4.210101654943220950e+01,1.104376394054514243e+01,-7.738479396834945589e+01,1.964419569471071725e+01,-2.726180797607388229e+01,2.118257919573522230e+01,-1.404635731898612683e+00,2.299289432681839074e+01,7.563048459835554738e+00,-1.264909559197036870e+01,2.412325694240373508e+01,3.827536743675925557e+00,-1.882014494349983469e+00,-4.091118769863550853e+01,5.700656328996587519e+01,8.561734961823441736e+00
-2.772457686364676821e+00,-2.270354884707961673e+01,1.033175716256178234e+01,1.972490517583356606e+01,-1.437524388118593954e+01,-2.134465499738148964e+01,2.460008147223721409e+01,-3.248649770472717968e-01,2.918580203724621214e+01,-1.265529700349341979e+01,2.660755339313655377e+00,-5.326937846674977095e+01,7.105924573177020420e+00,-2.996810104372544803e+00,1.917984185441428835e+01,-6.785846213011945238e+00,7.569228212875794171e+00,5.484982650481423150e+01,-1.228128267429020148e+01,-4.346022176159880956e+00,-2.023591139181311860e+01,-4.904124995421461186e+00,-1.865806928172952572e+00,5.256717630398155539e-01,3.672953767454226970e+00,-1.153663658669524850e+01,-1.768859339492576410e+01,2.448304952201127982e+00,6.686068403495891488e+00,3.916198111428877837e+01,6.183819430063415723e+00,2.247899480869245892e+01,1.215999771816497521e+01,1.223825777908696821e+01,-3.039861472349717175e+01,6.543624906796956964e+00,4.815531599982977085e+00,-2.116463932195041053e+01,6.388009566822518970e+00,3.077503917849066895e+01,-1.111248001428442933e+01,-5.560687635058236822e+00,-3.018050711397382901e+00,4.251411198756348142e+01,1.562864496258018221e+01,2.186671000217571503e+01,-3.028674147491286917e+01,-1.073518989094246301e+01,2.465197615007074816e+01,-9.730405788114756760e+00,4.288017137092347042e+01,-1.230168530047458297e+01,1.171394009988496521e+01,-1.701343157844303988e+01,-1.656069818959216677e+00,1.921051515259186715e+01,-2.339176375092980820e+01,-1.599636253241589223e+01,-1.138735494283791816e+01,8.889985901686403125e+00,7.997498980222582432e+00,-9.688944862994405938e+00,2.070489589389513441e+01,1.521197436048147011e+01,-2.220085235355020359e+01,-8.899097315702675814e+00,-1.253224975474114444e+01,-3.471487378025494053e+01,-3.198583151729128993e+00,9.198227252168230450e+00,-5.708510942937575550e+00,5.504855327343578519e-01,2.330903203964171500e+00,3.559222262087277500e+01,-2.199745380065349920e+01,-1.061177224027711041e+01,-4.622651094611446965e+00,2.221407346892699408e+01,5.876919553013612685e+00,8.639394053430901721e+00,2.727815461227624283e+01,6.975966887164294361e-01,2.415684212049286739e+00,-2.837565897356693867e+01,-1.981657442236967270e+01,5.103733695282192784e+00,-3.789927973022518870e+01,9.533763860465764850e+00,-1.366798908958084624e+01,9.219995709796416250e+00,-8.547903228559406985e-01,1.095955422714793670e+01,4.244530186739513766e+00,-5.933552374626710701e+00,1.009479260616800644e+01,2.338488394771544687e+00,-6.813176996550662778e-01,-1.934179019892311757e+01,2.727011937081092796e+01,3.794231604372355182e+00
-6.013009613770316619e+00,-6.384806027146585450e+01,2.715247647031043243e+01,4.804214651492983990e+01,-4.118516803542787130e+01,-4.991384397896865721e+01,5.806287675990052577e+01,2.738504407964749809e+00,7.507870269337460911e+01,-3.571736155013977765e+01,1.022505117785680007e+01,-1.353802034069084357e+02,1.387274122129553966e+01,-5.933439588491284944e+00,5.338454902059542206e+01,-1.285481123287503280e+01,2.115714162340311333e+01,1.350409364192616124e+02,-3.153164049841534222e+01,-1.191951843462491389e+01,-4.878879693417381702e+01,-1.295576616804666159e+01,-5.716409664909803290e+00,3.503959759118606687e+00,3.976876738193684258e+00,-3.001406074440526695e+01,-4.872492731908315733e+01,9.817503770891939041e+00,1.832662541253272792e+01,1.022291822944898882e+02,2.847447631894478093e+01,6.062605191753034717e+01,3.204270228880567828e+01,2.817326142649271858e+01,-7.620862014866104062e+01,1.517988868201370778e+01,1.519339000187152422e+01,-6.025678727153673719e+01,1.753007435953263027e+01,8.925596928704628397e+01,-2.820221554663437047e+01,-1.155547868116232380e+01,-3.981826643657211839e+00,1.041390087413705317e+02,3.827414441210706286e+01,5.415263217790064232e+01,-7.714455489228522822e+01,-2.744117248272095466e+01,6.076500363625407175e+01,-2.777670824637897695e+01,1.072826519456550045e+02,-3.006406418258958979e+01,3.521748879754176187e+01,-4.477156103763790185e+01,-5.133302126501541274e+00,5.236562926187544775e+01,-6.111237082790721331e+01,-4.271495240794708081e+01,-2.928118768946599104e+01,3.159656099279305153e+01,2.349072235485618876e+01,-2.158831490221198735e+01,4.696223834739702596e+01,3.371333303377858925e+01,-5.572481915605134617e+01,-2.034453101644913886e+01,-3.263882209006230539e+01,-8.824892741849352262e+01,-9.079543725698105305e+00,2.032420513070741208e+01,-1.441141777689486325e+01,1.558663476945530091e+00,3.849815554844145282e+00,9.219673803017028035e+01,-5.490494034247128496e+01,-2.629944827633424964e+01,-1.136709241462220099e+01,5.415994708143718128e+01,1.707270170263953801e+01,2.307309793513990925e+01,7.271910369104864458e+01,8.228123164202214568e-01,1.005351967831631299e+01,-7.307962801937920005e+01,-5.032585262225966005e+01,1.241824315931802758e+01,-1.047281815162058507e+02,2.586420777135464988e+01,-3.951791775255733796e+01,1.910041488548960231e+01,-3.284095103890718015e+00,2.862036839278128397e+01,1.471566169534059298e+01,-1.495224859614764235e+01,1.839364670825931114e+01,9.025548649030429971e+00,-5.543765696823689249e-01,-4.961026324552973676e+01,7.177082389704294485e+01,8.280672568304622061e+00
-3.338070087524167118e+00,1.032068210212566406e+01,2.089392876065578886e-01,1.018448058136824486e+01,8.489735905703353680e+00,-1.636557463820894753e+01,1.747908989964856730e+01,-9.266753593704398995e+00,4.774866655320865405e+00,6.081572270926427493e+00,-8.278770854506355192e+00,-1.297363198888886515e+01,1.252248194557576078e+01,-5.067629637093190809e+00,-7.290842143250158003e+00,-1.297162359100619256e+01,-3.107228602019930008e+00,2.458712026881377710e+01,-2.167042725817362125e+00,1.195632223351368761e+00,-1.173197388434542177e+01,7.465070470393864177e-02,2.057916594010106515e+00,-5.460673527011698170e+00,1.470557655269275266e+01,-1.019307936249849167e+00,5.412050940982231495e+00,-8.671762013769789945e+00,-1.811645129599754434e+00,2.572850272883383749e+00,-3.138357908190458190e+01,-3.540772774826666414e+00,2.550871581764369012e-02,1.053195480038771947e+01,-1.010304722709057401e+01,5.332157934251523734e+00,-6.444797528400373565e+00,1.151974018310326464e+01,-1.783556549390604928e+00,-2.097277701012788853e+01,-2.807814595322907891e+00,-7.996274197526402894e+00,-1.024284223213450318e+01,2.042694135244847331e+01,7.531011887290764761e+00,8.986078291811143259e+00,-6.930223075704825320e+00,-2.206004877481007043e+00,1.086613964927508391e+01,5.486309321988435350e+00,1.481055139420475086e+01,-6.088807321510861570e+00,-1.118938385518760015e+01,-1.913428725948316256e-01,1.979910902427540753e+00,-4.455840736955178016e+00,-1.407726839769466221e+00,1.417954157316007713e+00,-1.894166949935803590e+00,-2.104369582277603712e+01,-6.212714500946367124e+00,-1.018446631299583949e+01,1.962717718087629493e+01,1.645669475773883406e+01,-7.203730770622343016e+00,-8.023800458339557906e+00,-1.018226031442034163e+00,-8.393808220889173555e+00,1.671406746800901955e+00,1.010874267426796713e+01,-1.638646991340506620e+00,-2.774649434227767775e-01,5.914070687329133769e+00,4.178568333729925754e+00,-7.935157216020103377e+00,-4.310546324480933222e+00,-2.108071310459576075e+00,1.132750790208063130e+01,-4.077322101105398389e+00,-7.745714725684496038e-01,-2.104734200749974082e+00,2.619018560816599450e+00,-9.501819326530645426e+00,-4.423291096246152243e+00,-4.920401821274882792e+00,2.667294128259376063e+00,1.244897151182672701e+01,-1.892402471233041172e+00,8.997580029112871358e+00,1.341135394670655501e+01,2.657589961684775126e+00,6.907871004264114490e-01,-9.093179656794482923e+00,-1.773613336629421777e+00,2.117738961198479686e+01,-7.376440982196664109e+00,-3.200381229735006272e+00,-3.538962438362283081e+00,2.851517626015942497e-01,4.435278299065012142e+00
-2.521359151117708919e+00,2.998435874015084934e+00,1.715919339949633304e+00,9.420720754062902103e+00,3.126131792679057053e+00,-1.355052495570878079e+01,1.474907441959538801e+01,-5.868802492945651039e+00,7.474945359765420960e+00,1.877758261692818564e+00,-4.790463762849277884e+00,-1.631730115416394611e+01,8.953308025653695879e+00,-3.641832233866344470e+00,-1.636352817736253407e+00,-9.186247800287683063e+00,-7.901636238785478827e-01,2.385229968558719804e+01,-3.244517022445237764e+00,8.417966347771344005e-02,-1.047083486491266058e+01,-7.053340771208805871e-01,1.006066607073379915e+00,-3.348351085315483200e+00,9.797602441975223897e+00,-2.409591208082971558e+00,6.853154011798752165e-01,-5.069825305235863055e+00,-1.120756253642005706e-01,7.622387307432855863e+00,-1.875853923733615858e+01,1.224503733427348529e+00,1.881157138343405144e+00,8.490588212647649513e+00,-1.100675297926937191e+01,4.351962121875658340e+00,-3.308330442220829060e+00,3.987416337892438989e+00,-1.401548702998565155e-01,-8.449291135648305584e+00,-3.467609218258248305e+00,-5.874103659158741664e+00,-6.894817883188818719e+00,1.934786198395421764e+01,7.126201776668253274e+00,8.996711776497456015e+00,-8.997247424777208735e+00,-3.031838316879394313e+00,1.060449220402400172e+01,1.952597433485622869e+00,1.587724832631654159e+01,-5.710282864428418925e+00,-5.229550426665630525e+00,-2.729726330077440366e+00,9.892537879469855966e-01,1.485653084065434726e-01,-4.471872482921437353e+00,-1.563181602429828398e+00,-2.936053677832511699e+00,-1.185062312137509366e+01,-2.674535725768949490e+00,-7.881364243192225061e+00,1.550049033020662037e+01,1.266709292140429000e+01,-7.928754673096561234e+00,-6.403444431984141261e+00,-2.561622153928912127e+00,-1.059549344404811677e+01,5.589358013188596708e-01,7.758546442928705211e+00,-1.904563066605118316e+00,-8.979636461335499531e-02,4.071208274851007225e+00,8.083142439756727526e+00,-8.356849341803174624e+00,-4.334435792314590863e+00,-2.032781158577520841e+00,1.052027092727178825e+01,-1.658896708010475951e+00,8.387526571005319287e-01,2.862361512993281121e+00,1.751588495367877085e+00,-5.596055721121933502e+00,-7.129914360960294850e+00,-6.129250877231864791e+00,2.457730023952098719e+00,2.004106267025356658e+00,2.740021335393665325e-01,3.553508884898436193e+00,9.835730080330012726e+00,1.537698992624263239e+00,2.114784806091473346e+00,-5.058939936402603976e+00,-2.023831527462367941e+00,1.484652070323745221e+01,-4.273284253456182569e+00,-2.114152974537212515e+00,-5.188964660327499701e+00,4.361836204539353723e+00,3.367064009293814664e+00
-2.045218613663825735e+00,-1.749680363569873975e+01,7.864789992432772436e+00,1.482055364415681886e+01,-1.111734445769727309e+01,-1.593132074293276013e+01,1.838860467426608025e+01,-6.320627438183956670e-02,2.213376779903523683e+01,-9.759513343811692110e+00,2.191081583095935592e+00,-4.031347776588695098e+01,5.163120642990968179e+00,-2.181708437974938519e+00,1.475282169937047883e+01,-4.910411602064236547e+00,5.826697963631129795e+00,4.128631759525871558e+01,-9.310674592508078717e+00,-3.333815889109787101e+00,-1.517898610593068298e+01,-3.736597283912593603e+00,-1.461959263322515135e+00,5.089218852632764190e-01,2.505078805151439436e+00,-8.766348681559023248e+00,-1.357969716756831247e+01,2.037086182727123163e+00,5.128304025556304602e+00,2.977566887717046384e+01,5.333656768169326767e+00,1.719099517664706056e+01,9.260873613173957963e+00,9.111614337447550227e+00,-2.295155625343266692e+01,4.877799087351937679e+00,3.795758324297748842e+00,-1.634856565537537421e+01,4.900736023150540355e+00,2.385602704787177686e+01,-8.407744801889764474e+00,-4.076206032550213187e+00,-2.095004553618969645e+00,3.197380905574470944e+01,1.175348186540582773e+01,1.647563349175239367e+01,-2.292942514754410155e+01,-8.132354268271072328e+00,1.855959204466978818e+01,-7.520004064793718968e+00,3.236426145230860385e+01,-9.248250559317376940e+00,9.144092047662786271e+00,-1.295408241810419625e+01,-1.300667126087596159e+00,1.471982453356771003e+01,-1.778781017660915964e+01,-1.221144755398800008e+01,-8.635259902197361725e+00,7.189192772227795736e+00,6.214616381910023080e+00,-7.176897121967552806e+00,1.537922358931070121e+01,1.125869509406840763e+01,-1.676555768273350466e+01,-6.618281258510917198e+00,-9.524655907053043435e+00,-2.627291406351773162e+01,-2.469353743757458197e+00,6.804658773218916323e+00,-4.315179495832791368e+00,4.247804602465367063e-01,1.657708932123929335e+00,2.702492389501880865e+01,-1.659610339868371653e+01,-7.996518571225386118e+00,-3.478827502873848232e+00,1.669364808406207246e+01,4.557075353347680213e+00,6.595392642282948970e+00,2.081761621169931331e+01,4.792432516780594232e-01,2.028742581818285817e+00,-2.152373028344423034e+01,-1.499501933053014646e+01,3.834115785430998180e+00,-2.911258983188209015e+01,7.298790762478466476e+00,-1.058877597323781039e+01,6.755583531628454708e+00,-7.038631577731259137e-01,8.333358135805818634e+00,3.413517169873209411e+00,-4.483894011079434527e+00,7.267466433640571211e+00,1.927696444214008098e+00,-4.552874630163123992e-01,-1.466087342055835130e+01,2.076398631230765091e+01,2.801616969772180887e+00
-4.904571476401605734e-01,-4.881674247980206438e+00,2.108783743771968755e+00,3.801116922422199007e+00,-3.135863324976993383e+00,-3.990429622040593927e+00,4.630809056599858309e+00,1.464929303092099566e-01,5.860862317443140235e+00,-2.728670966938144815e+00,7.345624110762872805e-01,-1.059927203166228793e+01,1.165902973634448170e+00,-4.966078180067108883e-01,4.091197408368451249e+00,-1.090102668209912640e+00,1.619854419593323547e+00,1.065570762521054604e+01,-2.462604051834613728e+00,-9.165489454194674090e-01,-3.870092753673085362e+00,-1.004960701317484606e+00,-4.289824783170894662e-01,2.330245045801812298e-01,4.134465007335165199e-01,-2.336645614586118747e+00,-3.742955318233113005e+00,7.001320569859429410e-01,1.409412246139727598e+00,7.952308896980474273e+00,1.986232918421990679e+00,4.679933712695884651e+00,2.487005290719561668e+00,2.261575689226159369e+00,-5.986527247414903385e+00,1.216106882620504814e+00,1.133223740025415482e+00,-4.594411399329817236e+00,1.347792362333724014e+00,6.777659222168486153e+00,-2.208775082438752424e+00,-9.538040151563005331e-01,-3.820260368475500989e-01,8.227770867950976452e+00,3.024115010376704049e+00,4.266809019576671247e+00,-6.036553026960020496e+00,-2.145421857823184730e+00,4.793391632169863747e+00,-2.116641765500503425e+00,8.431721577977267401e+00,-2.376655229410047365e+00,2.653474103798031614e+00,-3.476069648952519131e+00,-3.842836197893715888e-01,4.032323623748598429e+00,-4.752943296032947629e+00,-3.304987938053676633e+00,-2.286002448511998075e+00,2.302226249631229571e+00,1.778830941078893391e+00,-1.748043722880646023e+00,3.784600991463668684e+00,2.733762727496800160e+00,-4.376123651188594366e+00,-1.636115623690628462e+00,-2.540344761676628149e+00,-6.908790246401713020e+00,-6.927487419210445196e-01,1.649396922163827606e+00,-1.130143519986517520e+00,1.189899426265987881e-01,3.409307898066158415e-01,7.185137715915069556e+00,-4.317705794367039829e+00,-2.071811482635946611e+00,-8.972198904501064165e-01,4.284063422454425840e+00,1.295948814524204851e+00,1.785175330197936727e+00,5.628705684126272146e+00,8.252318326598032106e-02,7.125335934691735540e-01,-5.703209217075305482e+00,-3.940839020173386498e+00,9.827847713625468273e-01,-8.039199192879705080e+00,1.993825978758185347e+00,-3.002849324423625177e+00,1.577955728105651545e+00,-2.359376522540632126e-01,2.226140339862096251e+00,1.077273146613580090e+00,-1.173079086836461782e+00,1.578449987623873119e+00,6.479000632060665232e-01,-6.583317858225214148e-02,-3.875457244675988733e+00,5.572142033954365026e+00,6.742692049161894685e-01
-2.156461389755441438e+00,-2.582496317745916770e+01,1.068843769907749497e+01,1.828383867202135704e+01,-1.677557484717796754e+01,-1.862622679286041461e+01,2.176684774800992983e+01,1.672009999147836767e+00,2.928592751261298588e+01,-1.446649272193407754e+01,4.559549129524907762e+00,-5.252863172921881585e+01,4.666876523263017162e+00,-2.014484343006323286e+00,2.150712817648848585e+01,-4.236947205607759948e+00,8.537541817328683891e+00,5.165216287567096032e+01,-1.228919680332875508e+01,-4.774393161231111016e+00,-1.847915003521394794e+01,-5.111123540059352877e+00,-2.384665516832733534e+00,1.730283131463197233e+00,6.269265832920076775e-01,-1.176446660717562764e+01,-1.955043821705696061e+01,4.424053646500206938e+00,7.339069920640987732e+00,4.012777301591014378e+01,1.323001500550230070e+01,2.412143466311339068e+01,1.262758899728857109e+01,1.043054923787672195e+01,-2.939050140135029920e+01,5.641935599779804633e+00,6.400462781683581959e+00,-2.448619579341843888e+01,7.023323101653979883e+00,3.652042921249639562e+01,-1.093596548742110741e+01,-4.043034891661106300e+00,-9.142957240589766332e-01,3.973863213273078543e+01,1.460361081911159253e+01,2.076885318015018811e+01,-2.996230891566337817e+01,-1.067449940107854367e+01,2.325479362268799122e+01,-1.129871541520006240e+01,4.133686009694101671e+01,-1.145995041546482618e+01,1.459614898038715580e+01,-1.763389945999558606e+01,-2.149852229628128608e+00,2.092421894044388964e+01,-2.399662527218565700e+01,-1.692623757040557564e+01,-1.141966168811089766e+01,1.379924810467269047e+01,9.655906906067201589e+00,-7.857400901286110795e+00,1.725429052991599477e+01,1.223517536904452641e+01,-2.150250217101401518e+01,-7.505366757440926406e+00,-1.279905184537769358e+01,-3.424535011896559666e+01,-3.685482117194838647e+00,7.364011209993861939e+00,-5.575274465666522516e+00,6.320727534857125685e-01,1.139115734138288483e+00,3.607091854347864768e+01,-2.113257840657936271e+01,-1.008990559150538324e+01,-4.345370186115005140e+00,2.062198801287444638e+01,6.989755375773151869e+00,9.143504250819646018e+00,2.879591288608814637e+01,1.567992344241139757e-01,4.570163355671778227e+00,-2.852050318310993759e+01,-1.952060107042299109e+01,4.723902180264830442e+00,-4.207345569289951470e+01,1.031507631019440119e+01,-1.615092914558287518e+01,6.670448486644092512e+00,-1.464352557639659880e+00,1.123617147550064388e+01,6.381551960421756320e+00,-5.779804107133486468e+00,5.895201051787664071e+00,4.029071260365155283e+00,-1.381715137337585775e-02,-1.932691189079937288e+01,2.826931324643370402e+01,2.980058738789852502e+00
-5.703945119629393545e+00,-6.307529341344634588e+01,2.657177049221751020e+01,4.647660332742157152e+01,-4.078715116434648280e+01,-4.797019678371275830e+01,5.588733933506048146e+01,3.189119583604663966e+00,7.324290771233360431e+01,-3.530195529613625638e+01,1.046454716015510122e+01,-1.318307101614988426e+02,1.289538383961761880e+01,-5.531224259525256315e+00,5.266504573895845454e+01,-1.187417161189378056e+01,2.088392885185756143e+01,1.308618738221842932e+02,-3.075177699520192220e+01,-1.173517357411087225e+01,-4.712276256136480868e+01,-1.268824121944033401e+01,-5.709385617641917321e+00,3.729867816516734269e+00,3.087303039665874937e+00,-2.932893513480311398e+01,-4.800011266327957316e+01,1.008708879277925163e+01,1.804172707711749979e+01,9.994489815305496450e+01,2.959803987131726899e+01,5.954914190536945284e+01,3.136952892753387445e+01,2.700521974566787975e+01,-7.405703153816408246e+01,1.456931950858166935e+01,1.522818155621689229e+01,-5.962504694184924148e+01,1.726033581820430030e+01,8.853450185015225316e+01,-2.745702459629133685e+01,-1.087484133883341642e+01,-3.336808044901085069e+00,1.008358767117410366e+02,3.705885744022885575e+01,5.252468230130700988e+01,-7.514728701443021919e+01,-2.674492958912425422e+01,5.889535553782513944e+01,-2.749514381680215536e+01,1.042215187918512100e+02,-2.909996691460662888e+01,3.509258608309034599e+01,-4.382243582449682151e+01,-5.134226444553119606e+00,5.151206536208066211e+01,-5.975397533501779179e+01,-4.189716988322538072e+01,-2.856346467526510580e+01,3.208781038225497184e+01,2.333883702223442214e+01,-2.057737678993508723e+01,4.490166187208158277e+01,3.210433392941838093e+01,-5.416162139197965786e+01,-1.947812222491296552e+01,-3.189872770017798942e+01,-8.593861889032193346e+01,-8.980822119316034247e+00,1.934392043582877108e+01,-1.401944760627782038e+01,1.541197474592387984e+00,3.444879248669167282e+00,9.003475427172431012e+01,-5.331883260056007856e+01,-2.551176510145351273e+01,-1.101321141204242338e+01,5.240348049671758446e+01,1.693830225586220095e+01,2.263183473958783054e+01,7.130993555460366906e+01,6.619805549301379655e-01,1.036366256201883118e+01,-7.130501791731285266e+01,-4.900102225271299261e+01,1.201166672187412665e+01,-1.032150418023210108e+02,2.542571143411491263e+01,-3.918269612084292675e+01,1.796472907290065635e+01,-3.360940181834536133e+00,2.798247190754783986e+01,1.490566011692682480e+01,-1.454154070198586624e+01,1.684702370983928432e+01,9.240724083614885842e+00,-3.673007247420720933e-01,-4.837616935268012242e+01,7.025051657977469688e+01,7.863914694752649481e+00
-4.609359359478251150e+00,-5.752505698459609818e+01,2.360134947059314214e+01,3.991861257004654107e+01,-3.745010485379332010e+01,-4.038921279573384027e+01,4.727544159790815570e+01,4.121897876227825996e+00,6.447256240525699411e+01,-3.223796256931612447e+01,1.045486620718738990e+01,-1.154372215171623850e+02,9.730342794556383623e+00,-4.215773686885427196e+00,4.784679349029246964e+01,-8.759855718579089512e+00,1.900327194100026773e+01,1.129642064219214603e+02,-2.704694338886212179e+01,-1.060201833301667840e+01,-4.027852153202023544e+01,-1.129404223149140840e+01,-5.362916342074063536e+00,4.074674954595057130e+00,7.050777133036461031e-01,-2.594086026983688242e+01,-4.343756585740981535e+01,1.017372094015220085e+01,1.629592657010832113e+01,8.852424832553279543e+01,3.067622996854213113e+01,5.344849722187626639e+01,2.789345969700671191e+01,2.255444961305752116e+01,-6.445725440877595247e+01,1.221666944371402153e+01,1.443670548633574313e+01,-5.462311931337104198e+01,1.559713597995531131e+01,8.164402227220668351e+01,-2.402800185030380220e+01,-8.561502167719638123e+00,-1.546188672235948136e+00,8.683925796372830064e+01,3.191156937389565940e+01,4.546346806133411889e+01,-6.586706567596031903e+01,-2.347823796228597715e+01,5.086805599704748460e+01,-2.521275038259542356e+01,9.062941851823404704e+01,-2.503382119490921554e+01,3.276050308708603609e+01,-3.894485012262176582e+01,-4.840602216711312522e+00,4.642807532236827228e+01,-5.294402831187257874e+01,-3.745600398309381518e+01,-2.513873467351729829e+01,3.145568117803189523e+01,2.161732870032093601e+01,-1.688636875395189563e+01,3.720779434322877677e+01,2.626701862735193060e+01,-4.716651118538167253e+01,-1.620860159935085321e+01,-2.822633323179640286e+01,-7.526074425047976035e+01,-8.218582787411660817e+00,1.579996000143932378e+01,-1.224015916412617599e+01,1.409090277335692143e+00,2.242934233760335516e+00,7.948833202836165412e+01,-4.631552815540494095e+01,-2.208956665006660813e+01,-9.501571080260891478e+00,4.503079853960832679e+01,1.562902158671131936e+01,2.023402170587925752e+01,6.370814275079992939e+01,2.252996919928135222e-01,1.053485306013042688e+01,-6.279797502465712711e+01,-4.289400040784485668e+01,1.031190502332918513e+01,-9.351674409861898596e+01,2.287372746574479265e+01,-3.609372482115704628e+01,1.411518876194723404e+01,-3.357645568531109070e+00,2.478903103697187760e+01,1.451736195416870245e+01,-1.268573061667457758e+01,1.204363636909803681e+01,9.241314790492126008e+00,1.174266315843944808e-01,-4.252999845230090159e+01,6.243439084559758356e+01,6.377982768626342391e+00
-3.507003062711963270e+00,-3.199464110966293262e+01,1.413310819818542008e+01,2.613095762049925597e+01,-2.042817537383310622e+01,-2.781177821045218224e+01,3.217382563822161501e+01,3.612083688805376447e-01,3.956005141439558770e+01,-1.786288354358334729e+01,4.364626353427881966e+00,-7.183377892150114974e+01,8.643492550888161929e+00,-3.663830849342396334e+00,2.690467700692716591e+01,-8.166011418349398809e+00,1.063779900088650798e+01,7.298817083401982586e+01,-1.663300264521330263e+01,-6.056710398230769954e+00,-2.669625077688925074e+01,-6.723616104643252100e+00,-2.734604458493834045e+00,1.195064054862957192e+00,3.751472328642494691e+00,-1.571291827110890615e+01,-2.469868405886212059e+01,4.107824306328407893e+00,9.315434695800332676e+00,5.341587243993131295e+01,1.120015523287337622e+01,3.109724596514184114e+01,1.665318533758415853e+01,1.584635664438413016e+01,-4.075769524824760026e+01,8.498848023966290910e+00,7.156449158657512299e+00,-2.999112846529050458e+01,8.904743447181550309e+00,4.397675704254895379e+01,-1.497636282059220036e+01,-6.920762602054945312e+00,-3.242700181992739239e+00,5.645400875460219936e+01,2.075120025510477362e+01,2.916881867064484979e+01,-4.088048733713011984e+01,-1.451194815874876021e+01,3.282020650635183046e+01,-1.380490917660593020e+01,5.744400036122553388e+01,-1.631976938066814498e+01,1.701787821430978909e+01,-2.328644913439349295e+01,-2.440543833821202213e+00,2.670005559501961656e+01,-3.191695423434485690e+01,-2.203338441573647444e+01,-1.543233959248465759e+01,1.400722907698870401e+01,1.149456176516925154e+01,-1.238482317887816286e+01,2.665176083309765787e+01,1.940399125438161576e+01,-2.978154688994622745e+01,-1.149094802522325764e+01,-1.707669192797886737e+01,-4.681832127819632916e+01,-4.526467351397006844e+00,1.171928076019653098e+01,-7.676323648840373437e+00,7.781318856187656730e-01,2.678108944722767060e+00,4.838672529410274592e+01,-2.943932300763563603e+01,-1.415981742252483855e+01,-6.148196189210787921e+00,2.944090287841496689e+01,8.404258341302115909e+00,1.190066021041058342e+01,3.754566831149960393e+01,7.276453180286096556e-01,4.135355872924542098e+00,-3.848099380605111719e+01,-2.671447058968595911e+01,6.758479072111899022e+00,-5.299320630770244378e+01,1.322291493176656196e+01,-1.950363737673517761e+01,1.146178222651688117e+01,-1.401996304280823002e+00,1.495107546944694832e+01,6.604754404286834912e+00,-7.972818670777742867e+00,1.198436579015228531e+01,3.844721902834599803e+00,-6.547718544274938601e-01,-2.618434421134666579e+01,3.732675161116707585e+01,4.811061754547214520e+00
-4.476513906862740200e+00,-6.144379851175342111e+01,2.473242988538619969e+01,4.077696207566758346e+01,-4.019126707560383949e+01,-4.060742525463139430e+01,4.771074956226745911e+01,5.317533734138902624e+00,6.711133505912850694e+01,-3.446602637428673432e+01,1.185402515057842265e+01,-1.196872470574051732e+02,8.862433670751739712e+00,-3.878136664953671264e+00,5.096746222326605391e+01,-7.796328784995071537e+00,2.026539942628043178e+01,1.158474149983386496e+02,-2.813634968059431785e+01,-1.124845632848658106e+01,-4.098843882990045273e+01,-1.185403807973386137e+01,-5.845807543580489707e+00,4.859668413552018507e+00,-8.381465690105371902e-01,-2.709934212562594880e+01,-4.614117156119522889e+01,1.160130110678394821e+01,1.728673841902828912e+01,9.257477003561042750e+01,3.554248532148712769e+01,5.644061926458910960e+01,2.925399275242170205e+01,2.252686133741569208e+01,-6.652364627935807562e+01,1.224168972159306001e+01,1.583371612507245629e+01,-5.852867170740382363e+01,1.655078154043344441e+01,8.788436579494148759e+01,-2.490111481196612786e+01,-8.122060074990123724e+00,-5.228564089281489968e-01,8.889195514162663869e+01,3.266325804545353861e+01,4.672138810083945515e+01,-6.834275660882235570e+01,-2.438904668511033691e+01,5.218841885095446287e+01,-2.703360011001110053e+01,9.346990975054166029e+01,-2.560409220027315058e+01,3.556209600918361957e+01,-4.082771925751523412e+01,-5.289596925179230524e+00,4.917525291056530534e+01,-5.538059622006698390e+01,-3.943876005424449005e+01,-2.616415425829609021e+01,3.525071958480572221e+01,2.334038738061033769e+01,-1.661903794026734360e+01,3.692059733609521288e+01,2.578524473592469946e+01,-4.869888478845474822e+01,-1.613995201245091238e+01,-2.949663175855995334e+01,-7.803852305438793735e+01,-8.799575703102208379e+00,1.548765585234979447e+01,-1.266258494804362655e+01,1.507726160317058861e+00,1.718066084822714945e+00,8.292496171950656958e+01,-4.772783975068549012e+01,-2.270671997073482373e+01,-9.739788559352813735e+00,4.601637248138715819e+01,1.683031163537249242e+01,2.130604248763421538e+01,6.704763141009166816e+01,-4.466977130733190693e-02,1.206913576657783516e+01,-6.539262230891397110e+01,-4.446252500059480894e+01,1.052973081269585620e+01,-9.942288257503885518e+01,2.419468792091811338e+01,-3.882307903077139599e+01,1.336622292834805847e+01,-3.806866639226824667e+00,2.592646347422979147e+01,1.620244567378350808e+01,-1.311545350341405936e+01,1.036024779088472414e+01,1.048435616178628393e+01,4.665179194175066435e-01,-4.422894015479435126e+01,6.545522757332184938e+01,6.213863592385344248e+00
-5.214712435033244553e+00,-7.277706429993794757e+01,2.920097285375715046e+01,4.793386497682774205e+01,-4.764171460283024828e+01,-4.760144294701306933e+01,5.596562741225849180e+01,6.477473104363332901e+00,7.914669200574708441e+01,-4.082951435458075906e+01,1.417499479364090220e+01,-1.410558973891008065e+02,1.019738367222542408e+01,-4.471116949209645419e+00,6.034120487451345838e+01,-8.928859287527398436e+00,2.399699048367417120e+01,1.362731770373692939e+02,-3.317862559608790463e+01,-1.330838551806786718e+01,-4.815048526457343314e+01,-1.399951088781211439e+01,-6.947080006636594085e+00,5.855381912398462063e+00,-1.304306208379528487e+00,-3.197862069967832355e+01,-5.460185944342103426e+01,1.388497075323786589e+01,2.045190566851515968e+01,1.092624509055150668e+02,4.264190769475503373e+01,6.672399618324047310e+01,3.454421212905496930e+01,2.637568791454172867e+01,-7.833873783145145353e+01,1.434161148762455085e+01,1.883520582524164411e+01,-6.936036858912645187e+01,1.958224558913600077e+01,1.042274365257194688e+02,-2.934457141523045109e+01,-9.419931724231174641e+00,-3.983075359319765418e-01,1.045316488262753154e+02,3.840950943565324138e+01,5.497901284833149305e+01,-8.055471723846385146e+01,-2.875276627548408825e+01,6.139457233267561520e+01,-3.204015433108733646e+01,1.100576982766873329e+02,-3.010450094998488879e+01,4.223307915470977036e+01,-4.820757101127148303e+01,-6.288606601036399013e+00,5.816421826469484557e+01,-6.536640515802922380e+01,-4.660183539001141639e+01,-3.085558371244592379e+01,4.207618778302986584e+01,2.769454025887406345e+01,-1.940683154357954976e+01,4.317805859260678858e+01,3.009663044356839379e+01,-5.735227925764043988e+01,-1.888732004813590493e+01,-3.480949809457248989e+01,-9.197271444293141940e+01,-1.042678729861818887e+01,1.807245187491758998e+01,-1.491763828334543263e+01,1.786343153399760020e+00,1.902277560040487092e+00,9.783306636642454635e+01,-5.618996836017380758e+01,-2.672116090958055779e+01,-1.145619440538302491e+01,5.409640390318666192e+01,1.996139771797228235e+01,2.517594101752975888e+01,7.921863275863823617e+01,-1.087735458582465009e-01,1.445517244277521662e+01,-7.712466021257888826e+01,-5.239859170564947277e+01,1.237703992301482003e+01,-1.176704274920831921e+02,2.861092797887565808e+01,-4.603694490333138134e+01,1.549669661434477597e+01,-4.552212028822740564e+00,3.060064729200724543e+01,1.932727549167133674e+01,-1.544952376586696907e+01,1.178094448059742483e+01,1.253831044860209865e+01,6.193518055782418763e-01,-5.215231278424730021e+01,7.728710940460443624e+01,7.242801500347545662e+00
-3.624919673619189986e+00,4.592736742424316176e+00,2.375380334481453914e+00,1.344246901644791237e+01,4.687539805061124554e+00,-1.941150244961959714e+01,2.111362979569282317e+01,-8.503939863437500080e+00,1.051927069838281170e+01,2.859237846521234694e+00,-6.973145369265696836e+00,-2.307607510824095343e+01,1.290173468059995798e+01,-5.246733595313298082e+00,-2.580041923483330280e+00,-1.324287671002518607e+01,-1.227502517201624954e+00,3.398173130252278895e+01,-4.570108405223355597e+00,1.691525399343314362e-01,-1.495918175587706500e+01,-9.692811634469687965e-01,1.478633525381458869e+00,-4.859496179483898892e+00,1.416285512070289165e+01,-3.367867737527008742e+00,1.185240581091873580e+00,-7.375806413974547837e+00,-2.349644689485637095e-01,1.062482943841531835e+01,-2.725957941492897518e+01,1.531304771229946127e+00,2.595086270498724978e+00,1.217532117694989857e+01,-1.562585608573614415e+01,6.237684467158773671e+00,-4.847997991148277563e+00,6.009683844643426198e+00,-2.724364357134163583e-01,-1.258186083474228312e+01,-4.906178242170675219e+00,-8.454851105959660273e+00,-9.962056974083616012e+00,2.758582214571976365e+01,1.016073298153207460e+01,1.280459811300733008e+01,-1.271407402904433148e+01,-4.278572354618027873e+00,1.510504796611903089e+01,2.936009954482436513e+00,2.255082389354188521e+01,-8.144280818611052908e+00,-7.707814873622965024e+00,-3.772551844657168196e+00,1.451987296606994660e+00,7.056894731426233136e-03,-6.228818776907594668e+00,-2.092547732554093987e+00,-4.132650591982606869e+00,-1.727515329822229972e+01,-3.963747052737284449e+00,-1.131982815264418640e+01,2.224512473366903720e+01,1.819737062482452572e+01,-1.125285586762292489e+01,-9.185988438449012250e+00,-3.577457308378990231e+00,-1.498288870891121149e+01,8.449208119025022334e-01,1.114711147620569776e+01,-2.698970817181666426e+00,-1.361385755660773356e-01,5.876381095991881409e+00,1.133145152647301046e+01,-1.187563078411712070e+01,-6.168166194928389245e+00,-2.896611033477078045e+00,1.500939494292967780e+01,-2.468474721558560958e+00,1.122183309205344592e+00,3.853517825295136312e+00,2.531552300513794318e+00,-8.138280467045042599e+00,-1.002789562606438167e+01,-8.670134286909410903e+00,3.507403763652160222e+00,3.316119901825530292e+00,2.938186071364867757e-01,5.299400068895085525e+00,1.415797724593707763e+01,2.238329318687477976e+00,2.946771500451841330e+00,-7.379503828896408990e+00,-2.869423138225950076e+00,2.141217327114760138e+01,-6.219943443432454977e+00,-3.057305151068285376e+00,-7.312236165824790746e+00,6.027255312328096970e+00,4.839780760138114424e+00
-3.457527395890818145e+00,7.824672597216047798e+00,1.147077247135857903e+00,1.158110782159768171e+01,6.830535502370109313e+00,-1.766146004740837583e+01,1.902834433306059481e+01,-8.923007097734080517e+00,7.256310334429159070e+00,4.677011811330778812e+00,-7.701314269128314294e+00,-1.733106620013323251e+01,1.266876578057248004e+01,-5.137929009571556627e+00,-5.239784327238412587e+00,-1.307047967965424995e+01,-2.288521113422262943e+00,2.862125169349196341e+01,-3.204865308523813905e+00,7.492731994863984779e-01,-1.311304384495952391e+01,-3.776570213170263868e-01,1.804030659145656079e+00,-5.192413213599955668e+00,1.444935088992408900e+01,-2.035169701367248063e+00,3.573343419550877975e+00,-8.097929332263531066e+00,-1.126069969712044649e+00,6.057032035197901010e+00,-2.955207997482158433e+01,-1.338609875780546687e+00,1.138537123786974359e+00,1.122867608681406715e+01,-1.248084478783889928e+01,5.716741922587243785e+00,-5.743848724065533595e+00,9.116390484059143873e+00,-1.126420649977418309e+00,-1.730793810200579941e+01,-3.712728347212235214e+00,-8.183423961832607674e+00,-1.010649339768685628e+01,2.349859948659552700e+01,8.659305830833506690e+00,1.062723350281533996e+01,-9.425656324139463749e+00,-3.100609408569850345e+00,1.268669272062818720e+01,4.373710099958690201e+00,1.814212308133612339e+01,-6.970426902862524088e+00,-9.665189726273014870e+00,-1.742341782205342637e+00,1.748384478603539405e+00,-2.516241445596601345e+00,-3.494058232430665711e+00,-1.047294065876496205e-01,-2.861089632837457319e+00,-1.938103067083112308e+01,-5.229599376785452947e+00,-1.066163445349169514e+01,2.073298663076255011e+01,1.718705263583870391e+01,-8.947338953239981407e+00,-8.515694187495421730e+00,-2.125346009650364909e+00,-1.123593965358384494e+01,1.310995324660662487e+00,1.054400512645216281e+01,-2.095592886881157746e+00,-2.158477657633459390e-01,5.889244999607982756e+00,7.270980558448286502e+00,-9.630649564695614728e+00,-5.109017268183695393e+00,-2.446613709434878992e+00,1.290611273997919639e+01,-3.374557050377427370e+00,4.815986215300771534e-02,4.792294308262636804e-01,2.577366722046720238e+00,-8.897518620041005022e+00,-6.844683039607704522e+00,-6.537603550681280851e+00,3.027371377438918820e+00,8.474998463873021137e+00,-9.426763495144312444e-01,7.382706473437744776e+00,1.371549437275049499e+01,2.472159165822357618e+00,1.667020085576221833e+00,-8.337797256413232105e+00,-2.245736735399994188e+00,2.124865492566643610e+01,-6.864879040308579761e+00,-3.133805329562708408e+00,-5.168346943994415632e+00,2.772051529955671612e+00,4.604122454667725073e+00
-5.243769413756870890e+00,-5.601040045457806826e+01,2.378618526518107501e+01,4.201515736306198789e+01,-3.614271634217936935e+01,-4.361028965079950126e+01,5.074144145454658883e+01,2.466040495672551458e+00,6.574034753781813833e+01,-3.133510564608283389e+01,9.017708941103165898e+00,-1.185099930716106513e+02,1.206320721532233620e+01,-5.161574212196856415e+00,4.682167369662240475e+01,-1.116817857135414904e+01,1.855774221867704910e+01,1.181289312523989565e+02,-2.760854006086825763e+01,-1.045106187151474586e+01,-4.265811023845178340e+01,-1.135080362479415150e+01,-5.022878108204346326e+00,3.109163297755314748e+00,3.377896061610181633e+00,-2.628730693279643660e+01,-4.272591761981413327e+01,8.663502519665119195e+00,1.606863580471010167e+01,8.954218800038714221e+01,2.517242592434507031e+01,5.313872512491145983e+01,2.807172983560664292e+01,2.460595123005684570e+01,-6.669177966153444004e+01,1.326027736871788321e+01,1.335712304182571231e+01,-5.287282031428189555e+01,1.537059199563647205e+01,7.834661360239455519e+01,-2.468707762282786433e+01,-1.006577849255327983e+01,-3.414448900794803343e+00,9.108645727196004316e+01,3.347677865153293908e+01,4.737707206910418734e+01,-6.753463623231603208e+01,-2.402468880551464281e+01,5.315645466610286007e+01,-2.437417495171566628e+01,9.388107919113703304e+01,-2.629451730439671309e+01,3.093405113522988614e+01,-3.922200875722020186e+01,-4.511467166096703174e+00,4.590855449197393057e+01,-5.352905547758678040e+01,-3.743187616742262236e+01,-2.563893722332754521e+01,2.783297306388147874e+01,2.062455990331677214e+01,-1.883953142683137116e+01,4.100090680308735358e+01,2.941671686491322291e+01,-4.876729756703273466e+01,-1.776547721565478355e+01,-2.858681102318315936e+01,-7.725236971304806843e+01,-7.966456449383993998e+00,1.773261901916313121e+01,-1.261370007258318715e+01,1.367514154229145573e+00,3.330046121260686220e+00,8.074139033598322612e+01,-4.804373944139852881e+01,-2.300925646425098137e+01,-9.943244131400213348e+00,4.736657779221919640e+01,1.498645638618960518e+01,2.021943046121138821e+01,6.372281783083437290e+01,7.019413494553834454e-01,8.876263075558126658e+00,-6.399153974359965957e+01,-4.405386378722437257e+01,1.086009740635061682e+01,-9.183994886702063809e+01,2.267273061876475637e+01,-3.468574077171462022e+01,1.663664158033127549e+01,-2.896309289618899996e+00,2.506869498218007308e+01,1.295771425642532293e+01,-1.308653586305418237e+01,1.596139460456383574e+01,7.960336995729702991e+00,-4.625737966344785068e-01,-4.343692407717698956e+01,6.287479803559855185e+01,7.222498856022965263e+00
-2.122822793271179176e+00,-8.757788707456869659e+00,5.109160584328795274e+00,1.199576927092603995e+01,-5.097354872752512200e+00,-1.420516233240144466e+01,1.605499831267330890e+01,-2.281894919212420270e+00,1.539126332137996300e+01,-4.806433153218992338e+00,-5.929869326761814108e-01,-2.906737777489226815e+01,6.349580654239765920e+00,-2.628921168071074899e+00,7.725653381184494961e+00,-6.295666999535630914e+00,2.996218831961945384e+00,3.250192541483879438e+01,-6.512735897641817928e+00,-1.855134322931993651e+00,-1.260058675855332666e+01,-2.385321621848239371e+00,-4.426069974458977097e-01,-9.933707084446012914e-01,5.167929595032674683e+00,-5.885036775450164015e+00,-7.425501710176348524e+00,-7.870848053406214184e-01,2.860359921395708938e+00,1.977395243766573074e+01,-4.159773178501152913e+00,1.020086986156586661e+01,5.962756304588379130e+00,8.407823385722155152e+00,-1.720592859101571648e+01,4.427022955512773805e+00,8.827014739893139783e-01,-7.729240844205928163e+00,2.720781811134540984e+00,1.027173943255613864e+01,-6.086948103245220842e+00,-4.555777380970196688e+00,-3.824821093265421634e+00,2.550595351764924246e+01,9.381267791341887374e+00,1.277047189501345414e+01,-1.642432022336334541e+01,-5.764264485352470935e+00,1.456558076574494542e+01,-3.509951748761400481e+00,2.439872202323939376e+01,-7.421095880520221399e+00,3.175228339627100382e+00,-8.378333734757818618e+00,-3.577303374567690764e-01,8.390098072997638212e+00,-1.178157620750463508e+01,-7.511449815881848124e+00,-6.012312432168887888e+00,-4.655079010536251616e-01,2.494640315099255545e+00,-7.079371802138563652e+00,1.463889930880593937e+01,1.122177124712259655e+01,-1.252587548231579540e+01,-6.197495671284309893e+00,-6.372517734219571572e+00,-1.892882985577267263e+01,-1.184042945752782794e+00,6.821633995660118188e+00,-3.171840418357469105e+00,2.061112843307454645e-01,2.496603828038146400e+00,1.839303151319151297e+01,-1.259378412764482036e+01,-6.185895754319235884e+00,-2.747433595853287613e+00,1.347699275260827712e+01,1.944973437973040786e+00,4.054815002365390164e+00,1.288082749086850676e+01,9.416801054674408533e-01,-9.932076017797020207e-01,-1.491385621373079751e+01,-1.083482465548170559e+01,3.111207392052114606e+00,-1.571430916223426522e+01,4.236883499059336700e+00,-4.634553743944627158e+00,7.588832579532482470e+00,1.900357805371184483e-01,5.527082117865207422e+00,-3.688777558186639993e-03,-3.313000187680813280e+00,9.796354968597514201e+00,-5.441601395737083458e-01,-1.066879111037876138e+00,-1.028578976780786292e+01,1.342434638771215560e+01,2.874706480570818901e+00
-5.053381760598477435e+00,-1.733786848406263914e+01,1.102230114340706102e+01,2.729154086414744995e+01,-9.729559955415961525e+00,-3.294538084137115419e+01,3.708735446645469125e+01,-6.259381861314901485e+00,3.380846790677460234e+01,-9.454524608852921119e+00,-2.481918397625309858e+00,-6.442580107476891271e+01,1.548494961851656804e+01,-6.394188950561871643e+00,1.555875879126814532e+01,-1.543439677336696114e+01,5.993368489962881185e+00,7.350690719623140978e+01,-1.432723972221744013e+01,-3.816944203541144276e+00,-2.881820667491957977e+01,-5.120910363494497020e+00,-6.524002018310026685e-01,-2.932725902495327386e+00,1.326080594841744009e+01,-1.280958861458939602e+01,-1.518673986633209516e+01,-2.956757357849435053e+00,5.889839689149404478e+00,4.291657553732169106e+01,-1.352173612120277824e+01,2.143030686056830092e+01,1.283200428502284218e+01,1.962305052749248802e+01,-3.848882545277398748e+01,1.030116944298594461e+01,9.600794806076828891e-01,-1.495035297843022271e+01,5.593643346840881492e+00,1.904304226767226282e+01,-1.350455530563021256e+01,-1.096631702462091340e+01,-9.721046817246865146e+00,5.784964499003993410e+01,2.128010255477566659e+01,2.878363820880361246e+01,-3.634501083185709547e+01,-1.272265312040619634e+01,3.291955275542359516e+01,-6.751997564223533033e+00,5.464927182075881262e+01,-1.685286398363766835e+01,5.200970693693863112e+00,-1.805304419932835103e+01,-4.811612969347995872e-01,1.740128855402105756e+01,-2.555200750101634455e+01,-1.595356364202515920e+01,-1.321087122403877956e+01,-4.067429122437914657e+00,4.461821503902910990e+00,-1.671438980061196844e+01,3.435371859367194247e+01,2.654018192922595532e+01,-2.799773607422899602e+01,-1.450232398802127420e+01,-1.385819865988377231e+01,-4.194645386336547688e+01,-2.303839288511539074e+00,1.614885962377195483e+01,-7.062645453025420572e+00,4.030033980614871614e-01,6.232842262322376037e+00,4.017960207700260611e+01,-2.825039913234775568e+01,-1.393637008957792034e+01,-6.217967800470605155e+00,3.064478042147676007e+01,3.590380165550123515e+00,8.610688256665552487e+00,2.740519575949565478e+01,2.407507334175011504e+00,-3.521144561156600794e+00,-3.273015079029909202e+01,-2.402693869019701367e+01,7.082066847256387021e+00,-3.199406441816935498e+01,8.839529888119269430e+00,-8.659898827357352502e+00,1.828058217078786640e+01,7.960375907681080943e-01,1.199162070628094412e+01,-1.332755220256322204e+00,-7.386000659076385588e+00,2.416131361877347672e+01,-2.245408524788866877e+00,-2.761561657068940523e+00,-2.264447670853244432e+01,2.892271495987493068e+01,6.830842426194842609e+00
-3.237490769795610124e+00,-4.685898588206715232e+00,4.975754044469629989e+00,1.517129490952534887e+01,-1.833857245590027496e+00,-1.951499951823488743e+01,2.169005245316863295e+01,-5.523746742657675846e+00,1.648128412898687500e+01,-2.421489483189743552e+00,-3.548229272862079675e+00,-3.254967679199801722e+01,1.059705963251288807e+01,-4.345378214890988744e+00,4.786315806372487103e+00,-1.070698916025426151e+01,1.755623282002491958e+00,4.002358281345854607e+01,-7.026726192323648590e+00,-1.349094035023878035e+00,-1.630834690015641542e+01,-2.261065248402037930e+00,3.160894315425619716e-01,-2.918058505075979969e+00,1.024932983901917716e+01,-6.011596209056698115e+00,-5.174578678220962402e+00,-3.875836224920582218e+00,2.091579915193366279e+00,1.989254705659968181e+01,-1.528459496576802223e+01,8.510087132420608214e+00,5.728483340039060678e+00,1.185489400215573497e+01,-2.013942157340818184e+01,6.165266621058282936e+00,-1.472761620736867449e+00,-3.267815333068769590e+00,1.967809459546551398e+00,2.304445364216370251e+00,-6.848930778905280015e+00,-7.247555044718939854e+00,-7.354962112563725896e+00,3.181603929759389615e+01,1.170858193502415823e+01,1.548307325922205280e+01,-1.824785528988822136e+01,-6.322836231320944300e+00,1.788150641863246904e+01,-1.392171758800000880e+00,2.873272791769807100e+01,-9.309405720144241059e+00,-9.813692408868437411e-01,-8.105117369876916555e+00,3.694271331393026436e-01,6.443922793376610336e+00,-1.180717427936644270e+01,-6.694456263431916909e+00,-6.448529032396025151e+00,-8.019934034908660081e+00,1.568879303372652245e-01,-1.045562384790480159e+01,2.110484817352970310e+01,1.668621056918009060e+01,-1.460701301037770961e+01,-8.832150083462540380e+00,-6.478784445143331183e+00,-2.117683914071054829e+01,-5.341757709109760111e-01,1.018115697540756415e+01,-3.632071341321959412e+00,9.783889062624462341e-02,4.523089597935134876e+00,1.914589088275924311e+01,-1.493538265686586186e+01,-7.484657809149675600e+00,-3.393934110533982640e+00,1.700340654020143916e+01,3.981714580402053727e-01,3.610499861359343754e+00,1.159744185837028496e+01,1.845792921509802564e+00,-4.372273219296872071e+00,-1.589684026495894287e+01,-1.216325701711532048e+01,3.944114532777734716e+00,-1.059243957937591674e+01,3.382837602091560480e+00,-1.207183395696287853e+00,1.210561100181875993e+01,1.138718967070890375e+00,5.550024854829583631e+00,-3.276089794794145860e+00,-3.816040844727019987e+00,1.701792720613627452e+01,-3.176655816224313256e+00,-2.175107249372457474e+00,-1.113947135599870997e+01,1.297886737927176348e+01,4.353550937654553366e+00
-6.140217221443294626e+00,-4.461608734464417836e+01,2.104166829743558154e+01,4.164415268834088124e+01,-2.795548735236512172e+01,-4.586804710875907176e+01,5.265569169845978337e+01,-2.054954625001497170e+00,6.006947979316705499e+01,-2.482021967270424057e+01,4.165135159288621658e+00,-1.102784636686290867e+02,1.633450785993503374e+01,-6.856689242085675318e+00,3.790630893827064796e+01,-1.575118999410237208e+01,1.492493725641048030e+01,1.152398212202170384e+02,-2.530076820483951394e+01,-8.657988451562610877e+00,-4.291615729952603431e+01,-9.961591622755523900e+00,-3.484582538586555422e+00,2.473435159783496928e-01,9.681841175102343655e+00,-2.361379299453914626e+01,-3.515646075635818590e+01,3.673973473587906824e+00,1.332392038428951153e+01,8.002529471082414148e+01,7.853024603800076164e+00,4.517958318031897136e+01,2.473190210616250440e+01,2.647190168651095732e+01,-6.333751014578573546e+01,1.410914608910150925e+01,8.822947178347600783e+00,-4.130620878874464097e+01,1.272202672201784424e+01,5.942716502039310456e+01,-2.302035367507072294e+01,-1.251114232060161058e+01,-7.678571999560785066e+00,8.952846530678512238e+01,3.291491448837933831e+01,4.581931991884067656e+01,-6.263261015552343736e+01,-2.216256088052713835e+01,5.176620450190421252e+01,-1.896184923341949258e+01,8.942779786358117633e+01,-2.593234673363816967e+01,2.213736830807724942e+01,-3.462659492422590546e+01,-3.069807037551074202e+00,3.839525357348373547e+01,-4.778032837236498409e+01,-3.231618275700373033e+01,-2.344185579907711414e+01,1.491196311326156732e+01,1.532858365241675003e+01,-2.123544043965150152e+01,4.505781695990401658e+01,3.341059407158543593e+01,-4.623063680974798473e+01,-1.930413467959419194e+01,-2.563826759826799773e+01,-7.185769367719791489e+01,-6.253016884127128527e+00,2.022614382052650583e+01,-1.185514878380628900e+01,1.077695624961572118e+00,5.629888572177101480e+00,7.300758728762694716e+01,-4.592706813432484125e+01,-2.222824388050092281e+01,-9.717621472924820480e+00,4.687800714896087584e+01,1.133756379403425463e+01,1.745216528011774315e+01,5.515502794296213551e+01,1.812674337381339429e+00,3.482742662768879782e+00,-5.836910682284779028e+01,-4.103850744336561007e+01,1.078007447714944966e+01,-7.519725834301544865e+01,1.910272387478132572e+01,-2.644083071763784432e+01,2.076733889663741550e+01,-1.338391461144227357e+00,2.239083147739399848e+01,7.263293519111823748e+00,-1.233309136965294428e+01,2.371480649072783820e+01,3.645555679626204082e+00,-1.867044841452738968e+00,-3.986514768003677744e+01,5.549828217922453888e+01,8.383145538114243678e+00
-2.053433145938861060e+00,-1.166465359884792719e+01,5.979280245317349696e+00,1.275389585652171931e+01,-7.118314471549822997e+00,-1.453230010220453394e+01,1.655961603393426174e+01,-1.454676051941196979e+00,1.746305176456578323e+01,-6.457094425284954475e+00,4.000706220450038764e-01,-3.245575801379946057e+01,5.805648597715639347e+00,-2.419231905421920459e+00,1.004957303826421722e+01,-5.682732087168770541e+00,3.934561598531243654e+00,3.495460373952465005e+01,-7.369974964393849248e+00,-2.339597640853433802e+00,-1.325989213726151661e+01,-2.814378753786798804e+00,-7.931389446767471707e-01,-4.441790475249018932e-01,4.127005364242205765e+00,-6.784092521059817749e+00,-9.447663639511013400e+00,2.239514004602991548e-01,3.603113290359330367e+00,2.290774650074530427e+01,-7.312023620806442636e-01,1.246271858922684395e+01,7.007186637028675058e+00,8.489400723444726182e+00,-1.889040866626336168e+01,4.498246563259790776e+00,1.892002671246756140e+00,-1.061428521637642675e+01,3.435284844060288556e+00,1.485646379136925432e+01,-6.784437868247747971e+00,-4.296526937745525743e+00,-3.139364548731316873e+00,2.728064411290568003e+01,1.003164685524280486e+01,1.382356901435879415e+01,-1.839197462785946868e+01,-6.484813666552444289e+00,1.568494353800469554e+01,-4.853891936417120689e+00,2.672323449480756352e+01,-7.918170284521590219e+00,5.216229243853003794e+00,-9.825264285823317678e+00,-6.830084463710652809e-01,1.045502941805010622e+01,-1.366532647369386133e+01,-9.019341101474079636e+00,-6.817780799185481300e+00,2.241802591727818594e+00,3.756440981913758304e+00,-6.973561483144849582e+00,1.460996609859165751e+01,1.101257269719215870e+01,-1.377222137707063609e+01,-6.223089488736770925e+00,-7.357379946936724480e+00,-2.114260944076454152e+01,-1.613636792460316105e+00,6.680568788628167276e+00,-3.512030421539712233e+00,2.791053446667918214e-01,2.151476442388419397e+00,2.107134147127733925e+01,-1.375512073946358349e+01,-6.701602494648151165e+00,-2.950827218607994240e+00,1.434391299314826185e+01,2.827160381650180909e+00,4.870012368467709685e+00,1.542328316888672290e+01,7.600354301621254915e-01,9.162251445443470033e-02,-1.694834932714006825e+01,-1.208663932004369634e+01,3.304406639776709120e+00,-2.012569701881836437e+01,5.232231336481142137e+00,-6.641496356567875736e+00,7.144859002656756886e+00,-1.288045537690095665e-01,6.406777781260804439e+00,1.200864779705913321e+00,-3.660107313795954553e+00,8.710997129175115816e+00,3.378835699509465940e-01,-8.301818744869513544e-01,-1.162421945594946315e+01,1.574555914553567426e+01,2.792019356357223536e+00
-2.535063529781980129e+00,-1.508675531644303724e+01,7.604580683548936904e+00,1.599248128066482977e+01,-9.257994400943886149e+00,-1.811091247230289980e+01,2.066486516396700424e+01,-1.634136569606569278e+00,2.211230681105007534e+01,-8.360069298058512288e+00,7.031389718911786879e-01,-4.100052016791710940e+01,7.095072213504290737e+00,-2.960066002136099605e+00,1.296034083577720253e+01,-6.928119098352384597e+00,5.080094357519487680e+00,4.390851980027149182e+01,-9.328552317982392594e+00,-3.005484389841023507e+00,-1.660017113116291299e+01,-3.583442800385445270e+00,-1.057603307983722152e+00,-4.373229103874967105e-01,4.907606679540899464e+00,-8.609828706414477395e+00,-1.215030143661413753e+01,4.882112309907871150e-01,4.627920852927336348e+00,2.909304694943065783e+01,-1.951606843385587098e-01,1.594353489405948920e+01,8.917034657773191597e+00,1.055716809762370723e+01,-2.380396673049643397e+01,5.599706539140749229e+00,2.558858059798080564e+00,-1.377811053140167630e+01,4.413677318851553011e+00,1.939838932117241654e+01,-8.568358933639583341e+00,-5.280562847429484563e+00,-3.755267826527299402e+00,3.423980843245305294e+01,1.259021337288198517e+01,1.738187272802849037e+01,-2.324398654900729611e+01,-8.201146854002747233e+00,1.970667946332948617e+01,-6.305819690401378352e+00,3.366203249887918503e+01,-9.934311156333270887e+00,6.900582563752092113e+00,-1.249954964919312772e+01,-9.156188577406425555e-01,1.340990989413491619e+01,-1.735806691311991301e+01,-1.151160876962182122e+01,-8.632201607862951320e+00,3.346117196655962189e+00,4.926180234129647673e+00,-8.636191606585642333e+00,1.813332572477993310e+01,1.362942820074180261e+01,-1.735829057549741350e+01,-7.731740158744760727e+00,-9.339443090694103944e+00,-2.671026141041383539e+01,-2.092745525066902257e+00,8.265091514756420565e+00,-4.431155917292244339e+00,3.617025921561499713e-01,2.599475171341577795e+00,2.671833670562622487e+01,-1.731938841606037016e+01,-8.427726408479838227e+00,-3.705945951428600615e+00,1.798921809205474887e+01,3.693502029554741384e+00,6.215927168410953385e+00,1.967762045174516317e+01,9.058818937052417475e-01,3.392544381746804838e-01,-2.146551374434886839e+01,-1.526665411414859896e+01,4.142821570541925347e+00,-2.590449658344084227e+01,6.703095479477186203e+00,-8.663076244205397458e+00,8.778577624959220671e+00,-2.261960604060553326e-01,8.137340613507163312e+00,1.741346055807744708e+00,-4.616442022557113667e+00,1.058973104207343852e+01,6.028532933234349578e-01,-9.815303174675954478e-01,-1.471053032711275677e+01,2.003176091686996330e+01,3.449308169432827587e+00
-1.681060845068042431e+00,-3.299653548950103321e+00,2.865091688395998926e+00,8.189801595769701237e+00,-1.545862504963477324e+00,-1.034790385003277891e+01,1.154186656457057225e+01,-2.663956411504697641e+00,9.256613754792409665e+00,-1.747922298372938776e+00,-1.578188627601090133e+00,-1.807868550192137036e+01,5.411220400796430852e+00,-2.222745884687881812e+00,3.184447867252583109e+00,-5.449097804366872744e+00,1.192816080911107024e+00,2.173604404638770404e+01,-3.939009764352841447e+00,-8.484371439051645591e-01,-8.758761785472678696e+00,-1.311643965142689661e+00,6.508015720160986728e-02,-1.374975515622381295e+00,5.085313781121296728e+00,-3.417685256883419953e+00,-3.301503251246426629e+00,-1.745140804642752563e+00,1.312979400735184932e+00,1.135497386147360999e+01,-7.042995594231525658e+00,5.123120838563991697e+00,3.310818630384676275e+00,6.252347945900195825e+00,-1.106708864499768907e+01,3.259899433635696120e+00,-4.830083032112946206e-01,-2.548271689017463260e+00,1.239807539079335719e+00,2.531832548992040799e+00,-3.799562375442485429e+00,-3.733338116126571293e+00,-3.666967190379588626e+00,1.722825353126728842e+01,6.339364136814651829e+00,8.438608848555158914e+00,-1.015480743835540700e+01,-3.529784055107607177e+00,9.717896035695291701e+00,-1.118717079880461984e+00,1.576663182144574904e+01,-5.034607494788046367e+00,7.245032041268117950e-02,-4.675533183632167855e+00,1.003815809453448837e-01,3.980770160348591435e+00,-6.746545037043669701e+00,-3.951903322397582130e+00,-3.620294275314556831e+00,-3.433791130591252738e+00,4.460023250220639390e-01,-5.463145150206028866e+00,1.108065133569115446e+01,8.707053428741785339e+00,-8.033987856483749468e+00,-4.647995720068315073e+00,-3.687880939248048495e+00,-1.176468247977777537e+01,-4.044499032587850484e-01,5.308775554543920805e+00,-2.006397315848794438e+00,7.243906161231136731e-02,2.277095118304132804e+00,1.083142180767789142e+01,-8.182026860402723756e+00,-4.081210282529347033e+00,-1.841858457853957187e+00,9.183783844668209184e+00,4.633981905382669186e-01,2.131929676709815258e+00,6.826143120945568299e+00,9.174851031629409626e-01,-1.984717929190215280e+00,-8.938786968503134034e+00,-6.751556217425912720e+00,2.127998944532675907e+00,-6.836596958009883096e+00,2.064218286457780493e+00,-1.212554401375935509e+00,6.232650682194817549e+00,5.064407168812445903e-01,3.169586386058342864e+00,-1.374260562120827700e+00,-2.105052327635508647e+00,8.628892544407520404e+00,-1.414942156627704950e+00,-1.074652062867465396e+00,-6.238591809057071558e+00,7.488228909159737157e+00,2.263633863655254874e+00
-4.890867097737334745e+00,-3.073155128934394043e+01,1.519917609412038750e+01,3.143940869762006329e+01,-1.897450705614698663e+01,-3.534390870381182026e+01,4.039229982162696331e+01,-2.769736620246982639e+00,4.397126172314674619e+01,-1.704888210963012085e+01,1.852021376022417343e+00,-8.130950130286971955e+01,1.351726554849388684e+01,-5.647844411797353636e+00,2.631528043017105389e+01,-1.315915538403442753e+01,1.032828621453519879e+01,8.650085613742116664e+01,-1.854200522280898511e+01,-6.075825400875936033e+00,-3.257159127048059588e+01,-7.171498289910281265e+00,-2.226154868113793039e+00,-5.807831291261740247e-01,9.024460769769490298e+00,-1.716621864752968207e+01,-2.459393634453711641e+01,1.443284033632778574e+00,9.354125983105738840e+00,5.805242932780694787e+01,1.298950631222307806e+00,3.208030596632671205e+01,1.783417538776583200e+01,2.054917700728553598e+01,-4.706805872292196824e+01,1.091332440893995681e+01,5.465048898235247421e+00,-2.817858712400405352e+01,8.924091434185829286e+00,3.992891176486413940e+01,-1.698700110900619009e+01,-1.013158096329226332e+01,-6.959810425137019863e+00,6.738576223101092921e+01,2.477713850755331038e+01,3.428292924423568167e+01,-4.611879114537012470e+01,-1.628491004110849261e+01,3.883172906239315836e+01,-1.290800053111803436e+01,6.653243160721004301e+01,-1.954252400219561991e+01,1.440460804756259527e+01,-2.499087317040950751e+01,-1.937963552206088291e+00,2.706189165175761246e+01,-3.464323853013100063e+01,-2.310145221334477128e+01,-1.716387655508954069e+01,7.825522178281236307e+00,1.018759345089033630e+01,-1.672560986541304118e+01,3.521317452006337589e+01,2.637529199563049076e+01,-3.433170060948508961e+01,-1.503286051014566560e+01,-1.862562668000109412e+01,-5.297313449765140092e+01,-4.275806092824682381e+00,1.598742414981056115e+01,-8.774842349178051393e+00,7.384004694964830806e-01,4.881041001575588290e+00,5.321618289328119289e+01,-3.421451886941319742e+01,-1.662482421019421608e+01,-7.299034111649985057e+00,3.537168705976129957e+01,7.607089407676832060e+00,1.247457879066894471e+01,3.947179790251083631e+01,1.670938434322438271e+00,1.190025775395120888e+00,-4.269649278736447684e+01,-3.027098696481713347e+01,8.142756167035642534e+00,-5.248338907833083766e+01,1.350916644164403024e+01,-1.781190811513242167e+01,1.683670973642730573e+01,-5.954814695103136657e-01,1.623884759120527832e+01,3.972445473925452220e+00,-9.138180373269872092e+00,2.004128953740274710e+01,1.602863085281048150e+00,-1.790954442892138676e+00,-2.923300677997463026e+01,4.005149562721304335e+01,6.660447889022881540e+00
-3.665252342227882210e+00,-9.267062211544509154e+00,6.920048262068975831e+00,1.860305004461798362e+01,-4.790498856792448912e+00,-2.307551797603007770e+01,2.583319803214377686e+01,-5.319726122017941705e+00,2.185382672312593044e+01,-4.984509589910723903e+00,-2.808917071449142711e+00,-4.223359918682392333e+01,1.157984319402717333e+01,-4.765965594975241082e+00,8.615569597327997542e+00,-1.161649233856529584e+01,3.273402981226197550e+00,4.967329876280726353e+01,-9.282954873690970388e+00,-2.203707788697349290e+00,-1.979225140329052834e+01,-3.188931294526373250e+00,-9.503642581993898553e-02,-2.662469225760451419e+00,1.052157708150364890e+01,-8.160125758799239293e+00,-8.668539313180360750e+00,-3.165374386202722601e+00,3.405552025892875534e+00,2.721129828046366228e+01,-1.321866846093952397e+01,1.285472710189798917e+01,8.023138231506756313e+00,1.386348052371220874e+01,-2.558833418040551066e+01,7.247794978318426118e+00,-3.792164049897870370e-01,-7.592820058030628871e+00,3.224714124860363462e+00,8.714237729769521934e+00,-8.866182269570733965e+00,-8.068254780862224251e+00,-7.631372153754893084e+00,3.925632310477860898e+01,1.444308470175146830e+01,1.935344177288929757e+01,-2.376650063069602226e+01,-8.286100643387500853e+00,2.222380286043203768e+01,-3.386029237233515232e+00,3.640293050752401882e+01,-1.145719006019785979e+01,1.550212241631010457e+00,-1.131118354764294942e+01,1.259705815945810770e-04,1.019778932239987412e+01,-1.618241819116081359e+01,-9.754615669550659618e+00,-8.543828714084392928e+00,-5.739249071855354600e+00,1.844432636005503667e+00,-1.199293858838608173e+01,2.445120973340274517e+01,1.908648275341013445e+01,-1.859149166347578586e+01,-1.028223745347766993e+01,-8.815282167051170958e+00,-2.748945385380270068e+01,-1.185816190624160216e+00,1.162800953899210654e+01,-4.662719024761669218e+00,2.096963632684908929e-01,4.793739920421409728e+00,2.574481759882849730e+01,-1.886052309107363456e+01,-9.364363899929047719e+00,-4.206167684705182985e+00,2.087230081335715326e+01,1.624279666546978529e+00,5.263496499421395747e+00,1.680687707508078077e+01,1.902482080505479844e+00,-3.644201216062087134e+00,-2.112652298163432718e+01,-1.576304754077252568e+01,4.831147032591768919e+00,-1.810297086665293165e+01,5.236668129825584828e+00,-4.044861450098421685e+00,1.346200585682630368e+01,9.012669137897657556e-01,7.599028146883417101e+00,-2.214496150914493811e+00,-4.885303914923595947e+00,1.831708098660358530e+01,-2.524013700084713374e+00,-2.212076785406489776e+00,-1.468919518475350472e+01,1.811835392351047602e+01,4.942770528676289743e+00
-5.765880464761979241e+00,-6.468819129849742922e+01,2.716171029836725737e+01,4.731554982210606397e+01,-4.186579721490883799e+01,-4.872109380129802503e+01,5.679335653340827861e+01,3.442481193583469157e+00,7.478653136962746828e+01,-3.621065954947522414e+01,1.086114896815164954e+01,-1.345230547365071914e+02,1.293764559657742907e+01,-5.555317376087572256e+00,5.398568204967819639e+01,-1.188477857047438491e+01,2.141186301130766623e+01,1.333043874256393053e+02,-3.139669496111666547e+01,-1.202101863515132685e+01,-4.794575098161477911e+01,-1.297336924613052567e+01,-5.877458113826671493e+00,3.920540065083299552e+00,2.867401504640248344e+00,-2.996459337466967554e+01,-4.917954580427774403e+01,1.048297319014624307e+01,1.848066582795428303e+01,1.021287411462860035e+02,3.087633723502874972e+01,6.095000270685832078e+01,3.207033244901229807e+01,2.740203246764284728e+01,-7.551417261433370243e+01,1.479027322943441547e+01,1.569524804625283743e+01,-6.118436831244743956e+01,1.768125373979651016e+01,9.092585472730463891e+01,-2.801569497649773055e+01,-1.096085824735460434e+01,-3.210164317440154846e+00,1.026888574159154643e+02,3.773939153518460898e+01,5.352238623328585021e+01,-7.669113891510058068e+01,-2.729950402226189610e+01,5.999854600021296136e+01,-2.821762193069608315e+01,1.062605355288933140e+02,-2.963090529468205148e+01,3.609696334352237557e+01,-4.479838135069775262e+01,-5.287907958570070122e+00,5.275122579467589645e+01,-6.106219174550011530e+01,-4.286169173265368926e+01,-2.916482142667456046e+01,3.321862086940319614e+01,2.398266750653062829e+01,-2.083731426004298015e+01,4.551987693834355753e+01,3.249873967445510203e+01,-5.523093909647893440e+01,-1.975593532791155482e+01,-3.259185809376196374e+01,-8.769496917585736639e+01,-9.214437832714768462e+00,1.957777021092976355e+01,-1.430067506010664147e+01,1.581104237206413243e+00,3.405699420021957025e+00,9.196549600447502826e+01,-5.435493830434039353e+01,-2.599742246550596292e+01,-1.121800790093744915e+01,5.335247249655385104e+01,1.739708657288109350e+01,2.315301553951222857e+01,7.294550947070875679e+01,6.253238154759142020e-01,1.078203833270088374e+01,-7.281222508896026113e+01,-4.999982917393331405e+01,1.222779780661323024e+01,-1.057671282333621576e+02,2.603131495391475525e+01,-4.023545025787701235e+01,1.810285856237342017e+01,-3.488292116169999346e+00,2.859448277702667696e+01,1.541754928474538922e+01,-1.483178849588997927e+01,1.680758538536149160e+01,9.592237639517321668e+00,-3.126339585563252532e-01,-4.938814819887436869e+01,7.181545152910676677e+01,7.952581870514152662e+00
-6.067174422287758162e+00,-4.548077871043402354e+01,2.124459602567682026e+01,4.165142881744209546e+01,-2.857893091658318241e+01,-4.566829039925117684e+01,5.247917573571410799e+01,-1.701601782026895826e+00,6.048016066688368397e+01,-2.531497950456610013e+01,4.541094085061552654e+00,-1.108625940305919926e+02,1.599319377964836342e+01,-6.721040440150398254e+00,3.858132109661583797e+01,-1.538588978454063749e+01,1.520025975359675208e+01,1.154050818350778513e+02,-2.546745132702105963e+01,-8.793210801973653901e+00,-4.287375562863737599e+01,-1.006466705583762256e+01,-3.602639553082182644e+00,4.702139698747478391e-01,9.185595144869136419e+00,-2.380985185051008557e+01,-3.572802546740339125e+01,4.060859387062190962e+00,1.353087279607070492e+01,8.072529922964159255e+01,9.198508849762642825e+00,4.577630614577796564e+01,2.497930068138871817e+01,2.631275131240465726e+01,-6.356597919369042415e+01,1.403567104798636933e+01,9.171676234110389458e+00,-4.218604542253261513e+01,1.292179958660006633e+01,6.087053651248653097e+01,-2.313826964311669698e+01,-1.231409519513259632e+01,-7.342313798618209653e+00,8.960335898443160829e+01,3.294159745460513733e+01,4.591690095916310810e+01,-6.298204979259530489e+01,-2.229614873915965489e+01,5.184764414872390148e+01,-1.937373858849014496e+01,8.972835079930575830e+01,-2.594709646812135873e+01,2.281132418120183658e+01,-3.496669127748560868e+01,-3.180549485470188564e+00,3.896076000683440554e+01,-4.820346018400701382e+01,-3.269802059014961770e+01,-2.360087936159061428e+01,1.591104858312116122e+01,1.573329422591419835e+01,-2.103771483322933733e+01,4.471828743238068427e+01,3.308202670791145295e+01,-4.640428277171316296e+01,-1.917421117088224136e+01,-2.585470564821033790e+01,-7.224072937158769037e+01,-6.383283334986558089e+00,2.002133609895506083e+01,-1.190809815758952439e+01,1.099719045099325054e+00,5.447755452068197890e+00,7.357229527202477470e+01,-4.606814534363742553e+01,-2.227755486423183129e+01,-9.730154344248655107e+00,4.689172537718933853e+01,1.161600344340010871e+01,1.765873027330420086e+01,5.579399597165713942e+01,1.725182065939118381e+00,3.901207763680889506e+00,-5.877689686507632416e+01,-4.125215157018921985e+01,1.078070999138478925e+01,-7.645502786003248730e+01,1.937098272554638356e+01,-2.706955574485544957e+01,2.043467815048543557e+01,-1.459092387279322001e+00,2.258786456531115050e+01,7.703241476035414870e+00,-1.238539452946620933e+01,2.309832514557701799e+01,3.979878610398098537e+00,-1.756635645834977000e+00,-4.012275875114897872e+01,5.604424534612161324e+01,8.288350656113305348e+00
-3.445511713239267859e+00,-4.569413741678120644e+00,5.159838394136894379e+00,1.599568914600742531e+01,-1.665616167716256868e+00,-2.066540995483594401e+01,2.294910157700779507e+01,-5.977090818628075120e+00,1.720354603884749167e+01,-2.340674072804989514e+00,-3.903545316411393351e+00,-3.407376064308053998e+01,1.132194955004603543e+01,-4.640768935323859701e+00,4.756927800401842710e+00,-1.144819653795833148e+01,1.732912447080050100e+00,4.213557518719193951e+01,-7.338277913875304037e+00,-1.364494395242246805e+00,-1.721613866218370248e+01,-2.340042408928034501e+00,3.841309643490626868e-01,-3.173127164302211867e+00,1.102192036445996770e+01,-6.255136736981387280e+00,-5.210882397128711041e+00,-4.253723654502153728e+00,2.116613842467763629e+00,2.067638101219578317e+01,-1.669726609398168904e+01,8.717502002991501797e+00,5.934489711065063844e+00,1.257000747234330618e+01,-2.113962455376842797e+01,6.533170424141310662e+00,-1.703153242226502329e+00,-3.067463436091030005e+00,1.989181651974316400e+00,1.809055257181913845e+00,-7.171769223019724748e+00,-7.727666204178154530e+00,-7.900834786987944725e+00,3.351923264647538048e+01,1.233575009752831519e+01,1.628561511055602651e+01,-1.909282791641483357e+01,-6.610234947193548649e+00,1.882181758738092014e+01,-1.290871162552629237e+00,3.017063878329103233e+01,-9.810844631253280212e+00,-1.324903726703976048e+00,-8.400870189558453660e+00,4.372305149605801855e-01,6.552070359270499189e+00,-1.226912706656470853e+01,-6.895302446568457810e+00,-6.731838658778483975e+00,-8.887294487479623584e+00,-8.702732361421716689e-03,-1.111101253085702645e+01,2.240212229483833184e+01,1.773775104156477767e+01,-1.532903879094662791e+01,-9.369810203885032607e+00,-6.739038738842626941e+00,-2.216711803746643028e+01,-5.072585825908499935e-01,1.082462219365144662e+01,-3.807400047584310165e+00,9.369881296476423316e-02,4.848176009505730910e+00,1.994721664671432038e+01,-1.568933394202100828e+01,-7.871693205740294630e+00,-3.573664856781336496e+00,1.792496208358078391e+01,3.000764763273955360e-01,3.718550674910832576e+00,1.195507971708536310e+01,1.984120724940019898e+00,-4.790827650438838070e+00,-1.658846735214927293e+01,-1.273477568468842236e+01,4.158974589046162684e+00,-1.062898697638303958e+01,3.451923420361288297e+00,-1.002487478295179812e+00,1.290906198359548540e+01,1.252768885005616450e+00,5.767969548474119357e+00,-3.644096540822764574e+00,-4.001682319004604693e+00,1.821145157196012221e+01,-3.493788121865666785e+00,-2.341258874422234904e+00,-1.163622805996853771e+01,1.345187599480966156e+01,4.631807877417932318e+00
-5.248647028624101374e+00,-7.263601911465109140e+01,2.919136330323999573e+01,4.802438639138483012e+01,-4.753065914021937743e+01,-4.775885991545139575e+01,5.613167227235109635e+01,6.374752971037051630e+00,7.916610171814394903e+01,-4.074723711166958395e+01,1.407981761461350700e+01,-1.411387022078191933e+02,1.032849204532713294e+01,-4.524034259174079864e+00,6.023793773928039741e+01,-9.065334212392551549e+00,2.395367853947000825e+01,1.364833598026195318e+02,-3.318854865815934119e+01,-1.329006372840160566e+01,-4.825763274493034061e+01,-1.399301569333987771e+01,-6.922029908251333907e+00,5.794023105240524885e+00,-1.144944886258965511e+00,-3.197663500189648289e+01,-5.452121693647815448e+01,1.378566682943631605e+01,2.042402759942991608e+01,1.092458391940898110e+02,4.228561323666276905e+01,6.665863887768036022e+01,3.453045008506138203e+01,2.647872279998572509e+01,-7.841602422957967633e+01,1.439337487924342796e+01,1.875794319237053287e+01,-6.920776109927145114e+01,1.955502429724542424e+01,1.039585603668499516e+02,-2.936297332116228276e+01,-9.502469575351682352e+00,-5.087760850817160119e-01,1.047097971720552607e+02,3.847524175500914367e+01,5.505372771472823956e+01,-8.059683425073393437e+01,-2.876490867226511483e+01,6.148698621856326696e+01,-3.196787806408642396e+01,1.101729397897940288e+02,-3.015803123870319880e+01,4.209506334174866993e+01,-4.819004779075317657e+01,-6.264666603364537067e+00,5.809245593003851127e+01,-6.535504705117836011e+01,-4.656758306470867836e+01,-3.086350351352345811e+01,4.183180173720944595e+01,2.761618417435236594e+01,-1.950894519078493516e+01,4.337250083238527765e+01,3.026214492030357661e+01,-5.740677901667177707e+01,-1.896630798873276547e+01,-3.480635034202910560e+01,-9.202599940266136969e+01,-1.040449776645529667e+01,1.817428989495527247e+01,-1.492927489903632576e+01,1.782620415861409846e+00,1.965380956897798459e+00,9.783844212028654397e+01,-5.625284039788547830e+01,-2.675685951161197096e+01,-1.147430776662179142e+01,5.419676663345422440e+01,1.990924795713517881e+01,2.515734444226711375e+01,7.916370836831843860e+01,-8.044197193011559666e-02,1.434667156510581165e+01,-7.714109432712173486e+01,-5.243044279807261887e+01,1.240081911234311285e+01,-1.174881520892296152e+02,2.857886212894043609e+01,-4.592105646403235397e+01,1.563525201915729745e+01,-4.521658197032201620e+00,3.059567328198002301e+01,1.922120837812392224e+01,-1.546240198007362565e+01,1.200488886867426963e+01,1.245354420267574191e+01,5.845335960367463723e-01,-5.216934337044955328e+01,7.725878248530908365e+01,7.287762624321393545e+00
-1.421155783332851863e+00,-1.784625817528452174e+01,7.312536943430980152e+00,1.234737093471059310e+01,-1.162206769131858586e+01,-1.248008943312958863e+01,1.461145730274860277e+01,1.296825953529356923e+00,1.996698206945338683e+01,-1.000195957496595689e+01,3.257029713743878396e+00,-3.574122621263939692e+01,2.988450890391522119e+00,-1.295536276676328313e+00,1.484098571728241112e+01,-2.686789468952029303e+00,5.894830468398456702e+00,3.495034047405854949e+01,-8.376019427853110599e+00,-3.287614808454680571e+00,-1.245561081984882179e+01,-3.499665802334604781e+00,-1.666083861742016614e+00,1.274127862941969003e+00,1.873072288290682508e-01,-8.035727097784954864e+00,-1.347078601084506566e+01,3.170748471471838137e+00,5.053202243733112553e+00,2.742416701038215976e+01,9.571670152810321852e+00,1.656875056493438336e+01,8.642854500095948467e+00,6.966273926884842815e+00,-1.995094731235192143e+01,3.774087678102855392e+00,4.486933188766654368e+00,-1.694962134630858941e+01,4.836619445867246014e+00,2.534219736897514252e+01,-7.439229469546429385e+00,-2.635872554172569604e+00,-4.573865303463079401e-01,2.686422900910024225e+01,9.871977377893358607e+00,1.406800793775047254e+01,-2.039450726796427560e+01,-7.270158120653261058e+00,1.573865853842443485e+01,-7.823905853535833899e+00,2.805052885552973052e+01,-7.743933825990257702e+00,1.017469550511418319e+01,-1.206682395905958316e+01,-1.504077271551428341e+00,1.439538183588604348e+01,-1.640195181501435684e+01,-1.160890900457837382e+01,-7.785331023049986143e+00,9.791274129940694237e+00,6.711388370006084791e+00,-5.210731073110879130e+00,1.148740122538481856e+01,8.104073676914342883e+00,-1.459948034102674619e+01,-5.005300897243437852e+00,-8.743893025955156162e+00,-2.330207737325008210e+01,-2.550105308717835140e+00,4.874263118487267121e+00,-3.789193377045739108e+00,4.372006932309778215e-01,6.824496974121407877e-01,2.462094660315358041e+01,-1.433424954321827904e+01,-6.835412381453526365e+00,-2.939635264131784886e+00,1.392898145392402931e+01,4.851360298486111944e+00,6.271240201628481614e+00,1.974470263555408422e+01,6.425984138740691021e-02,3.284405875244186479e+00,-1.944884902187324016e+01,-1.328046332781084438e+01,3.189535616625714720e+00,-2.900294764086072519e+01,7.091533307669283914e+00,-1.120286372544113718e+01,4.345230586298285402e+00,-1.046012911577302473e+00,7.679524054872210570e+00,4.517537407959069107e+00,-3.926969588246680409e+00,3.686893336169031699e+00,2.879093361138069795e+00,4.316741213301888980e-02,-1.317060330864886453e+01,1.934496046569395489e+01,1.966846150482043143e+00
-3.324237947615417355e+00,-2.190639841287499934e+01,1.066148765982769397e+01,2.173577930702607119e+01,-1.359453987499490779e+01,-2.427514374433690136e+01,2.778235916028593167e+01,-1.642433662293195873e+00,3.070796470655491106e+01,-1.216455721107921306e+01,1.569414536105446345e+00,-5.664876544378827816e+01,9.080137900650150584e+00,-3.799260785096021387e+00,1.870799730154075036e+01,-8.814160667880695854e+00,7.350558766214255080e+00,5.991454231328202695e+01,-1.294407836567926040e+01,-4.303535737931572847e+00,-2.248008483729532259e+01,-5.036098538584505846e+00,-1.629523469018912873e+00,-2.299007840443922923e-01,5.855580106818060848e+00,-1.201577485141726775e+01,-1.743863080496976536e+01,1.295314397831785591e+00,6.624623981703710029e+00,4.066320217978001494e+01,1.933299341267005644e+00,2.263239532759376260e+01,1.251696228424263424e+01,1.408062426123809452e+01,-3.270816627673055876e+01,7.486486079438514629e+00,4.045697825519253499e+00,-2.015350556857491426e+01,6.321868784115739714e+00,2.870875432894367663e+01,-1.183176452624064012e+01,-6.851061358458695238e+00,-4.551670256844781548e+00,4.663309206844625976e+01,1.714591056501209110e+01,2.377065317043065207e+01,-3.214515477704642876e+01,-1.135855690981177979e+01,2.690225403111826097e+01,-9.238699527616349272e+00,4.621695915453614134e+01,-1.351868427756590130e+01,1.047480787640629885e+01,-1.753484433573290602e+01,-1.424703064629211813e+00,1.913976094575430764e+01,-2.427023689792288863e+01,-1.626104559747802369e+01,-1.198565339991296419e+01,6.177720813262800093e+00,7.352893316738414953e+00,-1.140817681772038483e+01,2.407721309562634104e+01,1.797711321219158620e+01,-2.386290295081338542e+01,-1.029036931893510953e+01,-1.304016733196618461e+01,-3.690857141268649144e+01,-3.055590646437307711e+00,1.089250976880672539e+01,-6.105714818225849605e+00,5.273144272579965985e-01,3.233489614534608592e+00,3.721637716423091291e+01,-2.375684452181047135e+01,-1.152863744158401005e+01,-5.054566032061226011e+00,2.445863547675593708e+01,5.472130546239569071e+00,8.781109379483309496e+00,2.777373276842717331e+01,1.087578591289388052e+00,1.144571839087732634e+00,-2.982464960611898164e+01,-2.108701612720844665e+01,5.628570565132223535e+00,-3.724327291282509833e+01,9.543672097264323639e+00,-1.279504349758252246e+01,1.138111929259994781e+01,-5.044751598243333301e-01,1.137554757432812025e+01,3.084248240492611259e+00,-6.356348180008502879e+00,1.337761889012307925e+01,1.365158799783408039e+00,-1.152893787920602486e+00,-2.040342595167176043e+01,2.810282892470529603e+01,4.530589979794505062e+00
-6.582591401168436995e+00,-5.736594507038685009e+01,2.565473024602418306e+01,4.807930964941140672e+01,-3.650219310188453647e+01,-5.153614348379819177e+01,5.952337201346145434e+01,4.453009282472031316e-02,7.208645266518291805e+01,-3.200684554024162054e+01,7.372841876494574009e+00,-1.311793855712321033e+02,1.650681951649949397e+01,-6.981114779314418151e+00,4.833119272416428913e+01,-1.567015436119289262e+01,1.909479803316628477e+01,1.340392080088658986e+02,-3.031922066448879249e+01,-1.090956607527767019e+01,-4.920689000104754030e+01,-1.219338446430570677e+01,-4.825608126889945559e+00,1.808217623387084139e+00,7.775375615357776660e+00,-2.857431010283655581e+01,-4.445281026447539574e+01,6.881036481612317957e+00,1.678109632371872806e+01,9.707920411173654429e+01,1.825129739046031929e+01,5.618472619860430939e+01,3.021468402648654106e+01,2.944339905538291902e+01,-7.461046686215490809e+01,1.577046904181027998e+01,1.255878096007329248e+01,-5.365204446723662102e+01,1.603785206070575953e+01,7.840236885282504886e+01,-2.735590035356239369e+01,-1.308302878572226291e+01,-6.558188666385838417e+00,1.037679367844097271e+02,3.814420164580712225e+01,5.351175274859954811e+01,-7.462411456602821147e+01,-2.647367058286350883e+01,6.026019344546404000e+01,-2.468391004219327556e+01,1.051938385967815321e+02,-3.000942975176449679e+01,3.013712991500040062e+01,-4.225999789321514299e+01,-4.297250844089513855e+00,4.814681974931417585e+01,-5.799804610234814106e+01,-3.988055597290785670e+01,-2.812293469877785412e+01,2.402554816800225268e+01,2.044448873135321065e+01,-2.314041632984659103e+01,4.964656378901322853e+01,3.628834151078964965e+01,-5.450591519400471441e+01,-2.137629135426697147e+01,-3.104846197127508844e+01,-8.549328395269841963e+01,-8.101966887232725512e+00,2.192796644226902458e+01,-1.403475898484202844e+01,1.393435658396991572e+00,5.248561832500082680e+00,8.806092189844824247e+01,-5.393324617855732583e+01,-2.597353299767230084e+01,-1.129329805281950350e+01,5.415970947136269587e+01,1.497866117978617595e+01,2.153969140984325037e+01,6.797841375696549449e+01,1.492753880924636789e+00,6.876274727292171818e+00,-7.010560182424610787e+01,-4.879098011797633205e+01,1.243736191092050802e+01,-9.532226298856079438e+01,2.386491034914234888e+01,-3.479137911366257896e+01,2.167848242874996600e+01,-2.368401147109487237e+00,2.717048507136161462e+01,1.138330956435351027e+01,-1.458157030505703311e+01,2.313845429410883625e+01,6.489080910776840128e+00,-1.398862213754118899e+00,-4.773814597690914496e+01,6.773876708716900907e+01,9.020796160285350140e+00
-6.193029805672244592e+00,-6.197763235459932929e+01,2.673701146331080025e+01,4.811811567128451372e+01,-3.982722544438087198e+01,-5.047077436642275927e+01,5.858195354548448108e+01,1.929078588689264073e+00,7.427675065833822998e+01,-3.464556464350488341e+01,9.377956147283541100e+00,-1.342947475017009822e+02,1.468647775497058738e+01,-6.257654502326273516e+00,5.193125756867197396e+01,-1.372188657686365154e+01,2.056318468482640682e+01,1.349205979547902530e+02,-3.120819731612369097e+01,-1.163075194413656810e+01,-4.898074775630804112e+01,-1.274312010741022760e+01,-5.455245537533289557e+00,2.996860044167874104e+00,5.128730120780664592e+00,-2.961995733468155478e+01,-4.750115539004985976e+01,8.944428020141826252e+00,1.788484251988510110e+01,1.008125615454297019e+02,2.542721336892736872e+01,5.936724868105224573e+01,3.153414309435967056e+01,2.859459706014931868e+01,-7.582896845097988603e+01,1.537860215586286472e+01,1.441866925747483563e+01,-5.834450651410579525e+01,1.710330733847760953e+01,8.610035014398994235e+01,-2.798478551647425405e+01,-1.203211078322085825e+01,-4.764811594692102581e+00,1.041673697318575478e+02,3.828651079901136711e+01,5.403218496365252577e+01,-7.648779263041156184e+01,-2.718613916223694460e+01,6.069453822850235269e+01,-2.688065326923675968e+01,1.067967875873125649e+02,-3.008809500234151812e+01,3.373156123833149422e+01,-4.407384511060019605e+01,-4.887877232991452381e+00,5.116285406051776619e+01,-6.025474909777229016e+01,-4.191702441635258225e+01,-2.897106036551652153e+01,2.935400400725344383e+01,2.260294512333959815e+01,-2.208587976226170468e+01,4.783573964222216546e+01,3.453598223786173804e+01,-5.543202699115232690e+01,-2.068336597446990055e+01,-3.220279823763424076e+01,-8.753614098944390776e+01,-8.796721291816352206e+00,2.083565859388798458e+01,-1.431715564501928561e+01,1.510893899131674267e+00,4.277185191919263829e+00,9.107269781523663710e+01,-5.468565796155778003e+01,-2.623652491090384231e+01,-1.136014003321329469e+01,5.423287335524781838e+01,1.646367264307072631e+01,2.264137137350435225e+01,7.138624324333882498e+01,1.026128433232793791e+00,9.108088598822888571e+00,-7.228048204946497890e+01,-4.993041546103558659e+01,1.244075132017564478e+01,-1.020303670793182249e+02,2.529562421988931575e+01,-3.814457925882310718e+01,1.990429178260608012e+01,-3.012139419829990672e+00,2.822132820691975752e+01,1.372969866794599625e+01,-1.486052049072777059e+01,1.985055378663779635e+01,8.272136541560282552e+00,-8.100131704593884763e-01,-4.911207168950757307e+01,7.065057064395342934e+01,8.515223456280345715e+00
-3.614424451118246395e+00,-5.176575075652507962e+00,5.537240921528244542e+00,1.691788092614779515e+01,-2.009763191449675190e+00,-2.177348065036743208e+01,2.419767959819387215e+01,-6.179802184950153432e+00,1.835589853482159839e+01,-2.672341251370922599e+00,-3.978079613215171673e+00,-3.626477967484433407e+01,1.183663376039422488e+01,-4.853428163785887151e+00,5.299284817543328252e+00,-1.196057863096582174e+01,1.942212165139717062e+00,4.462301094103639798e+01,-7.826435819679940842e+00,-1.496795316205396853e+00,-1.818867623367923869e+01,-2.515599808063891274e+00,3.591655810451954700e-01,-3.266684176789980576e+00,1.145762618178811110e+01,-6.692750423095174206e+00,-5.738108320138799456e+00,-4.344029094410992720e+00,2.320722112438110774e+00,2.214360777518410828e+01,-1.712074743432505031e+01,9.456282533461260797e+00,6.374132613323692631e+00,1.322900545386857019e+01,-2.244558298016158915e+01,6.879362577728073802e+00,-1.662078440824462433e+00,-3.594340683046258533e+00,2.183105417093725631e+00,2.488160483371355980e+00,-7.630925541111974297e+00,-8.093268089288862654e+00,-8.220917809619331607e+00,3.547546801878328893e+01,1.305533354561416814e+01,1.726045286860918182e+01,-2.032935719228340687e+01,-7.043363918479698782e+00,1.993598228883670842e+01,-1.529183654374993928e+00,3.202434409771524315e+01,-1.038056356556382198e+01,-1.132498152357628740e+00,-9.019196141981385750e+00,4.182314465346064214e-01,7.153962023858727370e+00,-1.314285355855413862e+01,-7.443734137548148055e+00,-7.182091648751974589e+00,-8.999955516011413081e+00,1.520610939156394892e-01,-1.167078925459246719e+01,2.355430912840212088e+01,1.862623862701067168e+01,-1.627921029251206164e+01,-9.856534756192438351e+00,-7.212583329940875920e+00,-2.359371758834203803e+01,-5.883183129672617806e-01,1.136511771036156837e+01,-4.047314743320789887e+00,1.078594179026867717e-01,5.054232697824735610e+00,2.131862614892921570e+01,-1.664723447420040969e+01,-8.343738188093242414e+00,-3.784041835591294589e+00,1.896059858545615739e+01,4.282713831433326845e-01,4.014569906386134868e+00,1.289676121417563337e+01,2.063287830856148197e+00,-4.899417858338200205e+00,-1.770431859611098346e+01,-1.355178957150827657e+01,4.398249348878222165e+00,-1.174102848755359396e+01,3.757202239460847970e+00,-1.310628148812643445e+00,1.351840762403275065e+01,1.276671708595786381e+00,6.177973320008584679e+00,-3.678222443475209325e+00,-4.252505167302109257e+00,1.901243898070999094e+01,-3.561363742661483034e+00,-2.431819513395745425e+00,-1.240762642125281978e+01,1.444252085794928497e+01,4.860231059154221711e+00
-3.757025133468215650e+00,-3.450907086864124551e+01,1.521651658285303377e+01,2.807798947717243720e+01,-2.204448656571917553e+01,-2.985240872077365992e+01,3.454283326944356247e+01,4.419869078677689522e-01,4.256863424160169274e+01,-1.926854037757381022e+01,4.746978790414484450e+00,-7.727217240701862977e+01,9.235112544208460506e+00,-3.915985279672089092e+00,2.901114416988572486e+01,-8.718416846626643846e+00,1.147195732144546554e+01,7.844865946506035925e+01,-1.789704672252991813e+01,-6.528361034509212679e+00,-2.867780394875613581e+01,-7.240028096912891620e+00,-2.956246817542353966e+00,1.318041979223479210e+00,3.955168568363999881e+00,-1.691292470550620308e+01,-2.662510124968144254e+01,4.472719358499650966e+00,1.004069385295777472e+01,5.750038845251183517e+01,1.223937183736533285e+01,3.350398799628622015e+01,1.793104005681818336e+01,1.700213686936815805e+01,-4.382768024566993859e+01,9.120537320900123035e+00,7.742551221528461092e+00,-3.235866985899257031e+01,9.598324459833493805e+00,4.747171048954734118e+01,-1.610960397611848549e+01,-7.406092347615180316e+00,-3.432904441500954640e+00,6.066945064107540730e+01,2.230057108100870877e+01,3.135584412035196067e+01,-4.397806229625714991e+01,-1.561299492915628662e+01,3.527668253985054037e+01,-1.489574015170082966e+01,6.176757406272160722e+01,-1.753732042881285480e+01,1.838793333858235002e+01,-2.507240507415388464e+01,-2.639172719533142697e+00,2.877458731179086016e+01,-3.435826879754290530e+01,-2.373239186096958875e+01,-1.660580464436500847e+01,1.520266342387070679e+01,1.241225095569742543e+01,-1.327694759618415077e+01,2.858469419413151869e+01,2.079886862921861379e+01,-3.202579958871705657e+01,-1.232684588924834479e+01,-1.838136344086921170e+01,-5.036319816366045643e+01,-4.883408031419321560e+00,1.256076361103538019e+01,-8.256038612309618330e+00,8.394360581858487658e-01,2.849770518036579769e+00,5.207610002639091107e+01,-3.165312479189375239e+01,-1.522179096214700422e+01,-6.607951626942530687e+00,3.163540232614737135e+01,9.072564476373308651e+00,1.281837708674263965e+01,4.043905362985200469e+01,7.684906513852952648e-01,4.507116414309759733e+00,-4.140878047889828650e+01,-2.873642300045482756e+01,7.261866971496543144e+00,-5.713129645555167002e+01,1.424850480463888402e+01,-2.105190532383374702e+01,1.226459433528397014e+01,-1.524805035535100828e+00,1.609449748235057598e+01,7.163682080307182787e+00,-8.574514514601512261e+00,1.278281608714417317e+01,4.182009299936436442e+00,-6.866960158864073849e-01,-2.817352330530448867e+01,4.018965302964609521e+01,5.154877771992076418e+00
-5.243621415203573832e+00,-6.461451028222265336e+01,2.658062859781400178e+01,4.511393135633110774e+01,-4.203735406069753111e+01,-4.574211339680982036e+01,5.351434374216859879e+01,4.494353021515820501e+00,7.267797477723621569e+01,-3.620627405189596715e+01,1.164156556171740675e+01,-1.301992176394147407e+02,1.115630096328310827e+01,-4.827897144682262720e+00,5.376404466189093512e+01,-1.007058121195763611e+01,2.135005968346250427e+01,1.275989586001899170e+02,-3.049180898267600526e+01,-1.191985218549743486e+01,-4.554381813660363321e+01,-1.271695218113582548e+01,-6.006432417090394438e+00,4.501669621288183265e+00,1.027713894679566753e+00,-2.922801469755009052e+01,-4.882870712672588098e+01,1.131872370748630985e+01,1.832192983887535931e+01,9.972740414522196772e+01,3.404546724539293479e+01,6.013168617846527297e+01,3.141102720395353387e+01,2.556579671341213000e+01,-7.274542286763761467e+01,1.384185199504196007e+01,1.615463501210840391e+01,-6.132760153381565260e+01,1.753547328684148354e+01,9.160539657179944584e+01,-2.710238536194988868e+01,-9.768138322338481672e+00,-1.903951941616711219e+00,9.811372240661084732e+01,3.605508400573983607e+01,5.133890527847417928e+01,-7.428257207233102122e+01,-2.647373506498716722e+01,5.745485415163055620e+01,-2.830469491843545526e+01,1.022925274714344965e+02,-2.828717942750986225e+01,3.671351936209046585e+01,-4.385855323009823081e+01,-5.419498111018314468e+00,5.221149609302522521e+01,-5.964225906335272498e+01,-4.215639620733585247e+01,-2.833865195075978605e+01,3.508754408965484117e+01,2.424437124106159303e+01,-1.917748915280245470e+01,4.221138129375313497e+01,2.984066168750659287e+01,-5.322836103186617862e+01,-1.837991878843466154e+01,-3.180165195503391473e+01,-8.488398736477955708e+01,-9.228320801186468358e+00,1.795288861631116362e+01,-1.380959878839226818e+01,1.582356257575804115e+00,2.619750375882102134e+00,8.957764597419578934e+01,-5.228170056200996640e+01,-2.494341208182834535e+01,-1.073315574591168797e+01,5.088889405721850068e+01,1.753492223550821194e+01,2.277307337306983470e+01,7.170782272360409593e+01,2.953351269696545267e-01,1.171219899311856949e+01,-7.078664617101780721e+01,-4.838082644848344671e+01,1.165455520579282833e+01,-1.051106598337800619e+02,2.572785994929990139e+01,-4.050187269218326236e+01,1.610817183148081710e+01,-3.738780374602558965e+00,2.792572666601140341e+01,1.620336818218900277e+01,-1.431349871567719134e+01,1.389884545212048650e+01,1.028933581866231251e+01,8.136628796851941292e-02,-4.794896984557161801e+01,7.031144492460700235e+01,7.252694423145557678e+00
-2.617693322809860668e+00,-1.436924922062962295e+01,7.459685980870955468e+00,1.607815194248778212e+01,-8.731309895520972475e+00,-1.840150058041315262e+01,2.094858733255672689e+01,-1.972425264915918852e+00,2.185792927430252419e+01,-7.947952167239430210e+00,3.573225090151619376e-01,-4.069390474532687563e+01,7.453723306797112258e+00,-3.103415846724051796e+00,1.240706559498067740e+01,-7.308127496258692624e+00,4.853234081857809024e+00,4.400852882228119967e+01,-9.227353298599467735e+00,-2.897014366567399968e+00,-1.673558639211225696e+01,-3.508230650525143268e+00,-9.538485332680443074e-01,-6.472620201430321352e-01,5.397798688483601559e+00,-8.477137104652012312e+00,-1.168861578897445597e+01,1.309833648730487354e-01,4.462074509321296567e+00,2.860976555879376448e+01,-1.448444639739211226e+00,1.548036227819337363e+01,8.738340230295463584e+00,1.076630323247190368e+01,-2.372894043002153452e+01,5.700453291503052355e+00,2.249109389751774657e+00,-1.303894528568802968e+01,4.253274117239494778e+00,1.816726550090728409e+01,-8.508150194207431127e+00,-5.494465448862667856e+00,-4.089908509638755518e+00,3.436802765980202423e+01,1.263815704808735241e+01,1.739153356754361468e+01,-2.305314380322946377e+01,-8.124230678362096114e+00,1.974480025133734529e+01,-5.958950520020027675e+00,3.357690538816949299e+01,-9.978008288729451891e+00,6.313262835374604087e+00,-1.225529552650169229e+01,-8.178505614560377390e-01,1.296114327057813220e+01,-1.706462093184103068e+01,-1.122279788888849339e+01,-8.534105700598152211e+00,2.435674170929146953e+00,4.578017100609651280e+00,-8.870122324739135422e+00,1.855412098290730682e+01,1.401398758659297528e+01,-1.729702635988529735e+01,-7.897343771816257352e+00,-9.192003304855823842e+00,-2.650818924055059611e+01,-1.983611692331056275e+00,8.503468015841733063e+00,-4.407492950460979664e+00,3.432975745259645994e-01,2.784000648271491407e+00,2.634724046988967316e+01,-1.728820898089698588e+01,-8.430551021357311825e+00,-3.715704065118143884e+00,1.808043533683667192e+01,3.455725835807067270e+00,6.059620597690672739e+00,1.919671737562869396e+01,9.925416485948532763e-01,-4.822317343606474793e-02,-2.121008783073935788e+01,-1.515607578868933558e+01,4.166177083713327178e+00,-2.488370816924258477e+01,6.492190395698592020e+00,-8.128037786761304062e+00,9.138906860539728783e+00,-1.151749445254532933e-01,8.001011211535171697e+00,1.341980304311267247e+00,-4.594451463554927173e+00,1.122466299358416286e+01,2.952050935491472572e-01,-1.089954657420932449e+00,-1.455582019924020010e+01,1.963945855297655640e+01,3.557465881407300579e+00
-2.648734994652802044e+00,-1.087364324933287385e+01,6.357434217629363893e+00,1.494823819319546843e+01,-6.323314061543067410e+00,-1.771103721620062643e+01,2.001514478791961693e+01,-2.859900722848151222e+00,1.916092748324041750e+01,-5.966720091002351012e+00,-7.563048972936847747e-01,-3.619546474892899823e+01,7.928307311296631354e+00,-3.282300938762505726e+00,9.596198267706284923e+00,-7.862229655247250371e+00,3.721042429190135170e+00,4.049477195011323261e+01,-8.108177820652963774e+00,-2.305541740096282766e+00,-1.570422665316131372e+01,-2.967720385699401664e+00,-5.461076269173972264e-01,-1.248179057626183086e+00,6.462939004436095480e+00,-7.324612342208468796e+00,-9.226937606017669324e+00,-9.986850303540490970e-01,3.554896867657058479e+00,2.460907898299187124e+01,-5.245816618407401322e+00,1.268431215216089925e+01,7.419093306861232584e+00,1.048478685178174530e+01,-2.143068936505475364e+01,5.520142838767386095e+00,1.083886649628400534e+00,-9.591215361220250202e+00,3.381292432433094408e+00,1.273355045478102809e+01,-7.579831514749614918e+00,-5.686293988230660901e+00,-4.781835125497336136e+00,3.178088544456383602e+01,1.168927141846177697e+01,1.590946892884803887e+01,-2.045110183355716060e+01,-7.176994765194655734e+00,1.814719573976740818e+01,-4.354929593607099747e+00,3.039068961654180612e+01,-9.247146417210590386e+00,3.925717352160329021e+00,-1.042499605316314160e+01,-4.406758460037067948e-01,1.042925268635010383e+01,-1.466212734419922192e+01,-9.342798793646032607e+00,-7.484926712586760900e+00,-6.262060983834221162e-01,3.090026673885344355e+00,-8.831112196807541892e+00,1.825799127070539996e+01,1.399921804781465084e+01,-1.560115347971821365e+01,-7.729029536925613897e+00,-7.931148035722434209e+00,-2.357055555745257180e+01,-1.469487373129186203e+00,8.510258104818213098e+00,-3.950157319470850581e+00,2.558299041596480694e-01,3.119558606637177878e+00,2.289448351715875418e+01,-1.568728127248142634e+01,-7.706301894594851376e+00,-3.423146502309919459e+00,1.679377320425515308e+01,2.410885069657211499e+00,5.043389541723648506e+00,1.602200188729636920e+01,1.177516390110605826e+00,-1.257003246875259883e+00,-1.856613820285398475e+01,-1.349199791866995746e+01,3.877013726361774104e+00,-1.952439590138345693e+01,5.267427490330939932e+00,-5.746348895044031124e+00,9.472206479701339887e+00,2.423846307986443627e-01,6.878500804358928633e+00,-2.490207466129046310e-02,-4.126093934195478319e+00,1.223621840756693935e+01,-6.935375399659391427e-01,-1.334591316629557767e+00,-1.280578673814000545e+01,1.670360258313835899e+01,3.586701685726755962e+00
-5.019171407209845448e+00,-7.639529520245285710e+01,3.016756374237758109e+01,4.842285269511922507e+01,-5.020365511086620103e+01,-4.738974424166522681e+01,5.591327189899308081e+01,7.730636652604935044e+00,8.129714493631450978e+01,-4.289192729933419201e+01,1.557890352736858475e+01,-1.443905732925072130e+02,9.146355136300616806e+00,-4.057459489355430549e+00,6.319992999007410361e+01,-7.784732864044499934e+00,2.515704324858471708e+01,1.381503939379246617e+02,-3.406165651735280875e+01,-1.389288832179177291e+01,-4.847421431191468599e+01,-1.448241208086141896e+01,-7.412114587188431081e+00,6.662940146090770455e+00,-2.988729748942756004e+00,-3.294898649062380969e+01,-5.705647046393272603e+01,1.532288070160153026e+01,2.134727738199491043e+01,1.126794149424761855e+02,4.758785663410653655e+01,6.938082448273480907e+01,3.571239478521809474e+01,2.609511047123020688e+01,-7.986751506161598968e+01,1.423305324014322792e+01,2.019253793970002064e+01,-7.299651430879129066e+01,2.044500345259422147e+01,1.100999131918389509e+02,-3.002616078511947606e+01,-8.847385352488643662e+00,7.306407230322042867e-01,1.057968589434074005e+02,3.887158586356173373e+01,5.584049238192740461e+01,-8.251250048517367475e+01,-2.948141755255181806e+01,6.226383999621229748e+01,-3.373821977143602169e+01,1.121366705208436230e+02,-3.044590106599239476e+01,4.491277945552716488e+01,-4.982043667497845973e+01,-6.722618852272653100e+00,6.063293875816654577e+01,-6.742527368198504689e+01,-4.833976292922715601e+01,-3.169030053040108541e+01,4.584968490322576429e+01,2.932631270375281218e+01,-1.892877174749563451e+01,4.245262215388260074e+01,2.928136600887440721e+01,-5.849300786262300278e+01,-1.863264220756045830e+01,-3.587594958156725511e+01,-9.415431771353004820e+01,-1.096667189210087834e+01,1.755760336724877746e+01,-1.524056823071607703e+01,1.877846566396774275e+00,1.307128943782525310e+00,1.006834850577236580e+02,-5.720971459529508962e+01,-2.714620883839219800e+01,-1.160942556819604299e+01,5.466680869566677359e+01,2.109284716061602083e+01,2.611578310714882534e+01,8.213885095051421104e+01,-4.045770334286949987e-01,1.600499355898823595e+01,-7.924578099643579776e+01,-5.362606780188324507e+01,1.249911344083298026e+01,-1.230478980629003871e+02,2.979189298302481959e+01,-4.860112784292424237e+01,1.452616990764749083e+01,-5.002947500545516846e+00,3.156094268145689341e+01,2.099667970855221455e+01,-1.577543063596656481e+01,9.818259695227551376e+00,1.378609387282979171e+01,9.973067359595741976e-01,-5.352552107081956478e+01,7.987529064261305223e+01,6.993632710212094317e+00
-3.620062296060778895e+00,-2.048980647531686472e+01,1.051696867961004322e+01,2.245752524711571141e+01,-1.249828165270190539e+01,-2.560106506167945639e+01,2.916955669527529338e+01,-2.581979009894983523e+00,3.072634878115762547e+01,-1.134141932383586138e+01,6.826774619619744300e-01,-5.711649387288090907e+01,1.024277624555937471e+01,-4.267815532123252709e+00,1.765685616689451720e+01,-1.002772680332250133e+01,6.912289046852187369e+00,6.154091756366379684e+01,-1.296790182152357218e+01,-4.111887303797797877e+00,-2.335139857044679701e+01,-4.949778505112575111e+00,-1.389770343771626671e+00,-7.950613926066836257e-01,7.295886027193635215e+00,-1.193453631717223473e+01,-1.660296917907836800e+01,3.719210362612930254e-01,6.332615291761359622e+00,4.029697364877224430e+01,-1.365551072125342102e+00,2.191062922795979162e+01,1.232439974055187015e+01,1.495795346949216764e+01,-3.325030111245477116e+01,7.925084892761233846e+00,3.311353743962748730e+00,-1.863936677180556245e+01,6.037507494130379015e+00,2.607662122728971354e+01,-1.193967445101329794e+01,-7.577046542579092048e+00,-5.547504717023555187e+00,4.803331427547035304e+01,1.766287479778402059e+01,2.433584508816382197e+01,-3.236561099618315751e+01,-1.141116679784915888e+01,2.761441856927958938e+01,-8.523192939918804001e+00,4.703870694748145809e+01,-1.394201000915131239e+01,9.146029415009298447e+00,-1.728129312049991739e+01,-1.196268933947941315e+00,1.837716012405341104e+01,-2.403832810590197155e+01,-1.585974771734082722e+01,-1.199600395436205780e+01,3.889603956746254809e+00,6.591141116065679206e+00,-1.229099453083750504e+01,2.574592752302869059e+01,1.941075148063105971e+01,-2.424101903574234029e+01,-1.096558067994732610e+01,-1.294283929497163221e+01,-3.720717252572946165e+01,-2.833852238847691218e+00,1.177548316963200215e+01,-6.181157952491914465e+00,4.901913869052781925e-01,3.799027829429399539e+00,3.707114720032762278e+01,-2.421279508706630779e+01,-1.179778926325835897e+01,-5.195295298196753286e+00,2.525696457615362078e+01,4.962119243087442122e+00,8.563481779653345782e+00,2.712134830297038945e+01,1.343395273195175710e+00,1.370764507618229544e-01,-2.982019250838557056e+01,-2.127061015765238494e+01,5.818592241680128119e+00,-3.536581318432411081e+01,9.197725680860848740e+00,-1.165836097411777672e+01,1.260044944648411480e+01,-2.198108634549895690e-01,1.127007779813795807e+01,2.089062013138755169e+00,-6.441939507057325542e+00,1.537466777645478189e+01,5.755878554485853726e-01,-1.468242529458487322e+00,-2.045380028425233121e+01,2.769422584804342335e+01,4.921877265585600014e+00
-4.269232956185566863e+00,-1.853973422005913108e+01,1.057612887255430145e+01,2.445869787283993446e+01,-1.088631956088678621e+01,-2.879789608797872091e+01,3.258718900031826138e+01,-4.370684819107044206e+00,3.170093695217749286e+01,-1.019099975560583715e+01,-9.099419089434759300e-01,-5.971704036730218945e+01,1.267207501341473375e+01,-5.251131282093766117e+00,1.628499540289405800e+01,-1.254310820427356354e+01,6.326522937275619540e+00,6.638528588565050370e+01,-1.340845335000390648e+01,-3.889104398354764847e+00,-2.565210757711387402e+01,-4.944318137499489119e+00,-9.960775319567516384e-01,-1.847794544886088630e+00,1.014017374020174600e+01,-1.215226277393299981e+01,-1.559092030772874793e+01,-1.296917402740426439e+00,5.995234320927586680e+00,4.086485535584017725e+01,-7.410050155538513650e+00,2.126839912624910767e+01,1.235149953966124947e+01,1.701252045045169226e+01,-3.525522726848191724e+01,8.965912786889646213e+00,2.076547895148639356e+00,-1.645511750671277795e+01,5.705002891980637258e+00,2.208584105495151206e+01,-1.250173767224154453e+01,-9.130149766604901629e+00,-7.529468530394388459e+00,5.205243611949116911e+01,1.914456311191486648e+01,2.610968020265551459e+01,-3.375810478222088307e+01,-1.185641667187511672e+01,2.975611025456752401e+01,-7.482300872659529034e+00,4.997475748346137436e+01,-1.513934267359837271e+01,7.008289360697858683e+00,-1.734924407344351849e+01,-8.172455823924527074e-01,1.755239733941495217e+01,-2.435262550403901116e+01,-1.561531367154178085e+01,-1.238227099475243875e+01,-1.547750914901442343e-01,5.406921354584914852e+00,-1.427386062745970818e+01,2.957095076145766654e+01,2.261398015057315547e+01,-2.567154168371862255e+01,-1.253008402812902844e+01,-1.316217280560688430e+01,-3.889015589897463343e+01,-2.517171132409963263e+00,1.374284264836575886e+01,-6.507762662735874670e+00,4.376557212452463208e-01,4.944458400145041566e+00,3.794235776448866204e+01,-2.578408286247316283e+01,-1.264890648625737413e+01,-5.610499740548084091e+00,2.748323561301128848e+01,4.186077370492261807e+00,8.429777114790477199e+00,2.676496908752798021e+01,1.850033537691095020e+00,-1.691989390082411227e+00,-3.072546308463289577e+01,-2.225619302672634703e+01,6.342581759216374238e+00,-3.303278034423465925e+01,8.849955449972666699e+00,-9.947115345829315558e+00,1.520512069082361606e+01,2.914388677567434360e-01,1.142336036142860856e+01,3.421827909937302792e-01,-6.794997766021430685e+00,1.947946918727761556e+01,-8.435056472354105495e-01,-2.087030878547706081e+00,-2.117195460885137237e+01,2.779898451274168636e+01,5.784628817009000556e+00
-3.518426751150325327e+00,-5.401699408134707170e+01,2.129812038171609245e+01,3.411147226916597219e+01,-3.551057457781939775e+01,-3.333512328706590466e+01,3.934467754476245460e+01,5.528542193147608863e+00,5.736332466764957161e+01,-3.032987128270009691e+01,1.106228388316793243e+01,-1.018479827497702104e+02,6.362683773257691300e+00,-2.826282653531722033e+00,4.467744874036101521e+01,-5.397905122459270011e+00,1.778563529952599964e+01,9.735395673148366313e+01,-2.403266572709281235e+01,-9.818104059432881670e+00,-3.413598755227251047e+01,-1.022582494239894579e+01,-5.248921999241431990e+00,4.745803299696683020e+00,-2.221825813615842637e+00,-2.325578229450937329e+01,-4.032561626982950997e+01,1.088450337985178962e+01,1.508592702028157007e+01,7.953738804227273818e+01,3.383750663622492993e+01,4.901297830058507543e+01,2.521442222369362796e+01,1.834440719227603722e+01,-5.631348830673078965e+01,1.000871802770853236e+01,1.430580155794924480e+01,-5.162639942327535891e+01,1.444866631004984825e+01,7.789489556098078538e+01,-2.117855290127281975e+01,-6.185959678850204035e+00,5.936290440207180330e-01,7.454243613332552343e+01,2.738797740523757440e+01,3.935776990038413459e+01,-5.820505910491464618e+01,-2.079850765801515422e+01,4.387867958170989624e+01,-2.386240778097376136e+01,7.906127778046048604e+01,-2.145000014472998018e+01,3.179546512218306376e+01,-3.517409861855252018e+01,-4.761513649864687281e+00,4.284351019435768393e+01,-4.759469974327457464e+01,-3.414089153540859911e+01,-2.236044947627258495e+01,3.253177699673067025e+01,2.075291047172450831e+01,-1.328727600539715858e+01,2.982452313168501590e+01,2.054907213902902541e+01,-4.124410091157334790e+01,-1.309459829995315516e+01,-2.532236292618962636e+01,-6.641361350123969487e+01,-7.755670851355391804e+00,1.231974208158936968e+01,-1.074811135137354334e+01,1.327953720277289751e+00,8.779949533106800041e-01,7.105551175868697555e+01,-4.033248311275598752e+01,-1.913376395527770413e+01,-8.180791499910229803e+00,3.851131859481059649e+01,1.492348821187172625e+01,1.844484104508655520e+01,5.800983759631939307e+01,-3.055335748076059565e-01,1.137240857356414558e+01,-5.591763520318213665e+01,-3.782514910071510883e+01,8.804707058273498532e+00,-8.697206473448405006e+01,2.104883248403141849e+01,-3.438297110687680913e+01,1.015433562027006431e+01,-3.552490363398716600e+00,2.227825274187436477e+01,1.489366939175108584e+01,-1.112472449766516647e+01,6.771372534085210226e+00,9.789626276122127990e+00,7.284420288440242031e-01,-3.776464616895106730e+01,5.639351470234689856e+01,4.904158600287377823e+00
-4.121182902063998732e+00,-4.870622095538988106e+01,2.021621488688980861e+01,3.470874152555955305e+01,-3.161596851845297351e+01,-3.543582561367364292e+01,4.138957137913907047e+01,3.042737044990627471e+00,5.544578828584452168e+01,-2.728013142301256266e+01,8.516249001111509287e+00,-9.950696467098420328e+01,8.987012786402999609e+00,-3.874947832959146243e+00,4.057951800200361703e+01,-8.179730644324006761e+00,1.610583920416548764e+01,9.799893301393136369e+01,-2.326871155068515051e+01,-9.013739779713835887e+00,-3.509802826921414010e+01,-9.664981415682795785e+00,-4.483286238066479079e+00,3.201939380109136479e+00,1.374933592394143034e+00,-2.226158813018180638e+01,-3.690329516600332482e+01,8.254946345869527136e+00,1.385601847777889262e+01,7.592108346820869258e+01,2.461602419976618350e+01,4.557186233436928546e+01,2.388109503960746238e+01,1.986140326091551245e+01,-5.571214785410491288e+01,1.073843697461636637e+01,1.202131784903750500e+01,-4.615896382535048303e+01,1.325925294390469844e+01,6.879590498842708257e+01,-2.071778640256576409e+01,-7.748960264038823098e+00,-1.860941804740335659e+00,7.541500616555282477e+01,2.771468880959988113e+01,3.939286876354919542e+01,-5.675268000544584623e+01,-2.021556514231975044e+01,4.411837854882503507e+01,-2.129702713661409064e+01,7.836520369358446203e+01,-2.175096349334218715e+01,2.745957506583245333e+01,-3.335095430862590860e+01,-4.040221426566083629e+00,3.951364168500997920e+01,-4.539953393710839435e+01,-3.199193609256000315e+01,-2.162077027124781381e+01,2.582564732668975438e+01,1.818086501258538590e+01,-1.499069956794567204e+01,3.288326644775106189e+01,2.335051029454523430e+01,-4.075736941496680998e+01,-1.429713142769094603e+01,-2.421813840867420708e+01,-6.487142974740041268e+01,-6.948311871917994154e+00,1.405664682971037394e+01,-1.056482079229361482e+01,1.191777456820074077e+00,2.230384331856376079e+00,6.826960211373183540e+01,-4.006720133017474694e+01,-1.913709925084304331e+01,-8.244920671962422176e+00,3.914526656554123463e+01,1.316624163918272217e+01,1.728184005231577203e+01,5.443052672060574793e+01,3.302487999004135588e-01,8.520576925318261274e+00,-5.399372379383937925e+01,-3.697988611355906130e+01,8.967983812394866305e+00,-7.940728932942387530e+01,1.948307728065957178e+01,-3.042812689569562679e+01,1.278752718471760730e+01,-2.735108910189471221e+00,2.125826923209805486e+01,1.195145981230121990e+01,-1.095335619804543725e+01,1.142138997637722397e+01,7.524647900778149712e+00,-6.733141603525438779e-02,-3.659580491680576841e+01,5.346541043279400185e+01,5.692860878109002876e+00
-1.806916228452529083e+00,-1.979650719311540996e+01,8.357507126029975808e+00,1.465648844961212660e+01,-1.279415703276116645e+01,-1.515038781720436134e+01,1.764464437434095245e+01,9.667239592114615920e-01,2.305320374624695390e+01,-1.107850743731171939e+01,3.258673434620899201e+00,-4.151083897303034576e+01,4.104504376118655706e+00,-1.759359946863757296e+00,1.653438433930871909e+01,-3.785094596689886792e+00,6.555741012140760660e+00,4.125156016610010568e+01,-9.679755753455472345e+00,-3.685978286068077203e+00,-1.486575391314333672e+01,-3.990097016715296263e+00,-1.787525827249497823e+00,1.151670558670744970e+00,1.028448757032825789e+00,-9.227790741054890944e+00,-1.507463317389288804e+01,3.138427828436882283e+00,5.666949124549578443e+00,3.144223617726171227e+01,9.185708924933198460e+00,1.871406337383827534e+01,9.865661043355625992e+00,8.534193693644857248e+00,-2.333007790228715450e+01,4.602830541512192397e+00,4.763984720153150221e+00,-1.870673278059064515e+01,5.421315290956879807e+00,2.776164618049545041e+01,-8.646078248800041166e+00,-3.451353704214834117e+00,-1.089464986453481110e+00,3.179226427869323857e+01,1.168427748122088872e+01,1.655389285304458014e+01,-2.366055027617164797e+01,-8.419774478184896438e+00,1.856479011547374824e+01,-8.625631760627074485e+00,3.283506860945255568e+01,-9.175606029008205766e+00,1.099268737754234238e+01,-1.378268701674676144e+01,-1.606946166575918822e+00,1.618286421403195163e+01,-1.879783395080895403e+01,-1.317090714860054135e+01,-8.990475279240465412e+00,1.000916429354102632e+01,7.315653222447464188e+00,-6.511310079238397108e+00,1.419810354553262854e+01,1.016100895869207754e+01,-1.706173207592291519e+01,-6.157150523655973373e+00,-1.003597352867194736e+01,-2.706009409763399276e+01,-2.817887860088579277e+00,6.123098049476845439e+00,-4.415454803278556106e+00,4.836139156446606080e-01,1.106524858155198743e+00,2.833182435088974316e+01,-1.679953947832307648e+01,-8.040180329201353615e+00,-3.471844146818597210e+00,1.652493182272668548e+01,5.311067390208882522e+00,7.114570776909966199e+00,2.241839039262725919e+01,2.184314704566160947e-01,3.222162905951784673e+00,-2.244237215289178877e+01,-1.542982010827228123e+01,3.788040273323533214e+00,-3.241193617729562959e+01,7.988859780800712684e+00,-1.228757791534359534e+01,5.702264314315462101e+00,-1.046606315669424081e+00,8.803050027666952104e+00,4.652196629789754567e+00,-4.580178288897071681e+00,5.381121185468301427e+00,2.877315774534478621e+00,-1.280295874918767063e-01,-1.522790474741566946e+01,2.209455420699154615e+01,2.490506663822296574e+00
-2.062724142704611019e+00,-2.902005852411350162e+01,1.162619993614646319e+01,1.904439063398410426e+01,-1.900434896738130064e+01,-1.888677899282753714e+01,2.221262681502231828e+01,2.617013147410593987e+00,3.149460958037101221e+01,-1.628207393795399227e+01,5.677926326170403826e+00,-5.611172208878031142e+01,4.009173106643334705e+00,-1.759578813045409751e+00,2.405605188634994107e+01,-3.502245556720322561e+00,9.567658749626740899e+00,5.415992807197708458e+01,-1.320199691080796889e+01,-5.303930595956232175e+00,-1.912432152362591964e+01,-5.574539149691944750e+00,-2.774549802228791773e+00,2.353764943681696309e+00,-5.794129909095303566e-01,-1.272887530477559181e+01,-2.176312171674003082e+01,5.564051823459221779e+00,8.150807426865005922e+00,4.349490191859554500e+01,1.710708057057700060e+01,2.658219104592736315e+01,1.375448552147094006e+01,1.045907645089719473e+01,-3.115113782589950731e+01,5.688667527155108594e+00,7.526006997528620346e+00,-2.766451904351826130e+01,7.804417089440468303e+00,4.158627740200731182e+01,-1.167276057510562381e+01,-3.718102073280097564e+00,-1.167531125440139927e-01,4.153828728720271357e+01,1.526288420508777222e+01,2.185447731293633922e+01,-3.204644319918346440e+01,-1.143957786848935854e+01,2.440130294388763943e+01,-1.277995205454599947e+01,4.376155688041738046e+01,-1.196194139762726039e+01,1.686180184232125612e+01,-1.919419546214765049e+01,-2.512044487848795971e+00,2.317765242994658337e+01,-2.602141947558888901e+01,-1.856140813371310117e+01,-1.227813790929865689e+01,1.683958708740733101e+01,1.105261109738085246e+01,-7.685682046818340218e+00,1.711218081052727058e+01,1.191645436455609186e+01,-2.280673005309057899e+01,-7.487652738656071172e+00,-1.385606007474229351e+01,-3.658680826875404790e+01,-4.158498114188849293e+00,7.154676762438096027e+00,-5.933114260109844551e+00,7.124079538676765244e-01,7.332773084522603568e-01,3.893746449636374507e+01,-2.234094075483565334e+01,-1.062204932641127009e+01,-4.552941432644323605e+00,2.149348099615725260e+01,7.964755535905576167e+00,1.002755661465078418e+01,3.155135790700469300e+01,-5.400953136194169835e-02,5.794481838876584412e+00,-3.069092631059538689e+01,-2.084363044392618747e+01,4.917313266067870003e+00,-4.690410005515595060e+01,1.139984376453789139e+01,-1.836744676727865766e+01,6.115587994384371839e+00,-1.823426533990819332e+00,1.218154483486862638e+01,7.732754836660385322e+00,-6.144345619853048390e+00,4.604349430648326802e+00,5.022555946813774597e+00,2.596831503834698962e-01,-2.075121193597837177e+01,3.077251372655624806e+01,2.865773320575943917e+00
-4.030782572420974041e+00,-2.944354760512037927e+01,1.386328933878442982e+01,2.739340667156436027e+01,-1.845776985446884311e+01,-3.014878690826064656e+01,3.461613098801514354e+01,-1.312442059670473338e+00,3.955800013880728727e+01,-1.638116225491899414e+01,2.781506563195730308e+00,-7.260362614224968070e+01,1.070655249450319069e+01,-4.495105723467990977e+00,2.500892900810082509e+01,-1.032019383950269997e+01,9.847883450570702024e+00,7.582055580428284713e+01,-1.666080343275905307e+01,-5.710057109295744837e+00,-2.822458328247838466e+01,-6.563966426643866647e+00,-2.305198404769781551e+00,1.874604520542475505e-01,6.313361525152518361e+00,-1.555441259818251964e+01,-2.318864582096507476e+01,2.459645430790522447e+00,8.787173454086120827e+00,5.271663880076626185e+01,5.315043322273222515e+00,2.978442837699414625e+01,1.629558433818980490e+01,1.739494529000428358e+01,-4.168739212343958656e+01,9.272518867373976903e+00,5.842286261286730564e+00,-2.726806585146180595e+01,8.390463450991985539e+00,3.925024315698006916e+01,-1.515537885827384912e+01,-8.207657268054724398e+00,-5.013432004050807578e+00,5.889815647709049529e+01,2.165366408193683156e+01,3.014977277331769301e+01,-4.123716575086340441e+01,-1.459288314126146169e+01,3.405970781089918376e+01,-1.251844853521267176e+01,5.885701292090278969e+01,-1.705936026640235070e+01,1.463635291743799094e+01,-2.281439314496412152e+01,-2.031555567802386442e+00,2.531837862093048486e+01,-3.147585286400474303e+01,-2.129929330606755400e+01,-1.543720109922777972e+01,9.919767455596451455e+00,1.012776953286717863e+01,-1.394623131070163780e+01,2.960030520834537882e+01,2.194023883779019712e+01,-3.042877954174146993e+01,-1.268339486605396260e+01,-1.688833135907654537e+01,-4.730895358482237611e+01,-4.127569600543558259e+00,1.328155152177171772e+01,-7.803936685990718658e+00,7.113312799900287642e-01,3.682978580797726220e+00,4.808551385857215621e+01,-3.022548006272396037e+01,-1.462672386181070827e+01,-6.393427999004308582e+00,3.083683561667520934e+01,7.488535256672070872e+00,1.150259816127594448e+01,3.635074816122565267e+01,1.182615533983923051e+00,2.337366851611530016e+00,-3.843921138149860894e+01,-2.701795646572755771e+01,7.090964046551119893e+00,-4.960283765640761544e+01,1.259515379883005615e+01,-1.746204920840374086e+01,1.362333172466016862e+01,-8.937753751232135890e-01,1.475008393712106880e+01,4.826516176673954384e+00,-8.118244896462076809e+00,1.553057478666199742e+01,2.435112506017668821e+00,-1.215832918420272746e+00,-2.625103170410331899e+01,3.656619929643403566e+01,5.503714078181708658e+00
-4.318688385697894816e+00,-1.665088604912389769e+01,1.001539344041635005e+01,2.398426241275086923e+01,-9.571266181286961938e+00,-2.861008137431078069e+01,3.228651258809230740e+01,-4.917142681399441884e+00,3.037184576904330413e+01,-9.118106474576121556e+00,-1.561932791125294706e+00,-5.755062518782162329e+01,1.304047538876620038e+01,-5.393491138077426861e+00,1.477629460402379991e+01,-1.295663420863299464e+01,5.717115166737618992e+00,6.483859021481677587e+01,-1.285878867310209195e+01,-3.575046295452944722e+00,-2.524357518799531164e+01,-4.667567810614380974e+00,-7.671569803961681977e-01,-2.209611870785601173e+00,1.083210522029855660e+01,-1.157401469492939050e+01,-1.427943870930748282e+01,-1.961055524155525198e+00,5.513767431010222708e+00,3.884790035651398910e+01,-9.665030602964876039e+00,1.980501675767274605e+01,1.167811403395054626e+01,1.697479714555061037e+01,-3.418338813412674426e+01,8.927520952140689303e+00,1.416673892215839281e+00,-1.457864505462388394e+01,5.241790757686858981e+00,1.910010737301885797e+01,-1.205598023844446764e+01,-9.308601887409405862e+00,-7.985900387473418682e+00,5.093701335765202032e+01,1.873585261645797573e+01,2.544336274970447320e+01,-3.249920080965481617e+01,-1.139494111207242355e+01,2.904972188467020544e+01,-6.608014142452149464e+00,4.849689111075421977e+01,-1.482744202655725196e+01,5.676500806129618937e+00,-1.641657111625593757e+01,-6.047182269944244570e-01,1.621468971264460635e+01,-2.314002060336724398e+01,-1.464106179861781420e+01,-1.186560130182427564e+01,-1.930101271966847776e+00,4.584570056701063656e+00,-1.435646921069929505e+01,2.961732814513520395e+01,2.277210985791917608e+01,-2.487810500266641611e+01,-1.252491485128057036e+01,-1.252859741849679942e+01,-3.747462401715556979e+01,-2.237819440646135583e+00,1.384807571289168315e+01,-6.290731462931701934e+00,3.901991485237379931e-01,5.175340776185196390e+00,3.622135504198519840e+01,-2.504649104597705289e+01,-1.232248052490755796e+01,-5.482334320382738824e+00,2.694026727698809154e+01,3.611507226580227936e+00,7.903065011544322616e+00,2.512268695304201316e+01,1.970852482377102755e+00,-2.404880304471413766e+00,-2.941992238523305758e+01,-2.145600518413980140e+01,6.221779269868891404e+00,-3.017084880745151310e+01,8.205508147353617332e+00,-8.640382460671654385e+00,1.551032590521694488e+01,5.007724872093315405e-01,1.085713114781326283e+01,-4.473255120399635132e-01,-6.573697215548363282e+00,2.020919128234584861e+01,-1.422643209919311147e+00,-2.244167417693514466e+00,-2.031396846450352101e+01,2.630272960852722974e+01,5.844207843142576131e+00
-2.000472563156613148e+00,-2.907218416537362238e+00,3.078380412075059080e+00,9.378706866847199564e+00,-1.141214098052236281e+00,-1.206139659055116731e+01,1.340625647453157221e+01,-3.410396739788688958e+00,1.019340813881269270e+01,-1.502917860297440011e+00,-2.188893745335674268e+00,-2.012869874853165797e+01,6.546772450640856000e+00,-2.684589577666729454e+00,2.966995373131418923e+00,-6.614438145010978154e+00,1.088631634900768086e+00,2.474385435274238887e+01,-4.345814774917425183e+00,-8.356244622621675777e-01,-1.008100957863137381e+01,-1.398998825473769969e+00,1.939697453839398511e-01,-1.801189252181558675e+00,6.329934251633270392e+00,-3.718635945671061371e+00,-3.205758512731082810e+00,-2.391281958272429620e+00,1.295485188929004439e+00,1.230569581097456044e+01,-9.432349806160079453e+00,5.268014142047395154e+00,3.544243017178403843e+00,7.326550833161650900e+00,-1.245259356717238575e+01,3.810365122822513051e+00,-9.062074375977875462e-01,-2.030768710549033962e+00,1.218885518805531420e+00,1.442061637177312505e+00,-4.235313765966245647e+00,-4.477918304911478131e+00,-4.542627994421907900e+00,1.966900482248406234e+01,7.238355898817671275e+00,9.572537178916935119e+00,-1.128472799298631735e+01,-3.910281644315159788e+00,1.105500929693424794e+01,-8.656078673196447859e-01,1.776569305137365262e+01,-5.755084138931387372e+00,-5.984954595406604128e-01,-5.014558572327060482e+00,2.270308041477008265e-01,3.990370532067367915e+00,-7.304109334052490965e+00,-4.143019482038468482e+00,-3.988290960178312528e+00,-4.945667276490691933e+00,1.018908487357332859e-01,-6.461079886505729952e+00,1.304251790693929181e+01,1.031112935350921944e+01,-9.031894660499736105e+00,-5.458299766640940298e+00,-4.007690239421238587e+00,-1.309577978025003375e+01,-3.317967365735658980e-01,6.291323612414720046e+00,-2.245922276135795759e+00,6.074917384334821424e-02,2.793884077267672961e+00,1.184248658188023384e+01,-9.234492032842080533e+00,-4.627477081822598315e+00,-2.098220272830992883e+00,1.051136305186062714e+01,2.495173819323190934e-01,2.234449186939551080e+00,7.177072761279752022e+00,1.139975111824941933e+00,-2.697787504039133033e+00,-9.832080527941027270e+00,-7.521693963632787749e+00,2.438187596192725071e+00,-6.563299249275015512e+00,2.094460321908298450e+00,-7.538797358512523417e-01,7.479436367837633881e+00,7.024723199330948908e-01,3.433312735566374840e+00,-2.019886443364579787e+00,-2.359641045344137211e+00,1.051270068082180842e+01,-1.959698469050522363e+00,-1.343273460877304037e+00,-6.889341214873289765e+00,8.029917569815236078e+00,2.690137005313712582e+00
-1.181480936524246683e+00,-1.416662642587395737e+01,5.861711304349502605e+00,1.002370116160664359e+01,-9.203091221439880343e+00,-1.020930446807060399e+01,1.193130215664761806e+01,9.202222618980485658e-01,1.605939864522657601e+01,-7.935892048896467266e+00,2.503468141320994711e+00,-2.880335272832262561e+01,2.555025565237728280e+00,-1.103010210359453458e+00,1.179756277856572133e+01,-2.319084760337637885e+00,4.683274930283606530e+00,2.831859955229535331e+01,-6.738916857887658374e+00,-2.618806630019198334e+00,-1.013027106833161994e+01,-2.803083721789717320e+00,-1.308527867243281628e+00,9.508442594203964093e-01,3.386577610917278491e-01,-6.451545742573144615e+00,-1.072380942570681484e+01,2.429297287558227936e+00,4.025550539354258994e+00,2.200608880586766603e+01,7.266662888762303041e+00,1.322999182511250815e+01,6.925250806383849600e+00,5.716654908337428509e+00,-1.611487862660731807e+01,3.092294896923799996e+00,3.512423545854580720e+00,-1.343283664445059600e+01,3.852377871613168914e+00,2.003600557326800669e+01,-5.996548754200869524e+00,-2.214485655068332282e+00,-4.978244761242859306e-01,2.178640638421430609e+01,8.006311342114230456e+00,1.138696094181149832e+01,-1.642958498561314329e+01,-5.853366045856589039e+00,1.274964766773575064e+01,-6.198401236303289430e+00,2.266488323015776274e+01,-6.282762154005927080e+00,8.008791886436862129e+00,-9.670768194853007316e+00,-1.179723480688711357e+00,1.147688659103878983e+01,-1.315980605593571084e+01,-9.283235194264436885e+00,-6.262139641832507486e+00,7.575213026621165469e+00,5.297702370569810526e+00,-4.305603279827693086e+00,9.455757960283659003e+00,6.704273122484572411e+00,-1.178993668220022251e+01,-4.113298288254803481e+00,-7.018936423353682841e+00,-1.877798926008661695e+01,-2.021789855628230548e+00,4.035043630640579693e+00,-3.057033203246451336e+00,3.467406305417891632e-01,6.226407768868901238e-01,1.978065288662176968e+01,-1.158680518948830596e+01,-5.532022466243874170e+00,-2.382360638797300201e+00,1.130559462866445308e+01,3.834773908031635425e+00,5.014779639974084269e+00,1.579307882109091210e+01,8.507275520263891944e-02,2.509718642712568837e+00,-1.563974580639761669e+01,-1.070381829370218618e+01,2.589759931457220166e+00,-2.307842007039178611e+01,5.657689133007743898e+00,-8.860699481103480935e+00,3.653518350585065910e+00,-8.040176552149920219e-01,6.161931906243166779e+00,3.502982272281202292e+00,-3.169154567969761693e+00,3.225628177171401489e+00,2.212225086197870283e+00,-6.453979477609450566e-03,-1.059807972765764639e+01,1.550344039060220425e+01,1.632775401143665928e+00
-3.352850930679152963e+00,-3.095206405044884690e+01,1.363003006915039883e+01,2.511339367306765880e+01,-1.977945476989851770e+01,-2.667946168615430125e+01,3.087688006544006214e+01,4.310713065458302573e-01,3.811450195688020415e+01,-1.728365372002068057e+01,4.283698545410434377e+00,-6.917053482971037681e+01,8.225242687629378935e+00,-3.488686845539453518e+00,2.601557901945528428e+01,-7.760687873517912116e+00,1.028826289557348872e+01,7.018037857168455673e+01,-1.602379959588286340e+01,-5.852583033326519413e+00,-2.564483350562924358e+01,-6.485836944591566677e+00,-2.655984497244809006e+00,1.201399571911064168e+00,3.487235876015926550e+00,-1.514658437879633368e+01,-2.387105750209809685e+01,4.039509727722608190e+00,9.001236220394433829e+00,5.149858770915658113e+01,1.108294153400063031e+01,3.002600742992621008e+01,1.606237209583497716e+01,1.519042402681906978e+01,-3.922213772512309049e+01,8.149875839504078456e+00,6.960150952951392078e+00,-2.903030095233163621e+01,8.604859064231236587e+00,4.260428031383342073e+01,-1.442019395120413527e+01,-6.603987616136405947e+00,-3.036320744173332198e+00,5.426969591808337157e+01,1.994809584351248688e+01,2.805421201931332220e+01,-3.936888129094354127e+01,-1.397761821825990403e+01,3.155933482112860133e+01,-1.336428004840404249e+01,5.527468490987824623e+01,-1.568668700131716776e+01,1.651418453750815374e+01,-2.245891550031573303e+01,-2.371656464454348967e+00,2.579292197618727300e+01,-3.077249797477826831e+01,-2.126464649462892709e+01,-1.486815109309130101e+01,1.369821917143450918e+01,1.114234697441559163e+01,-1.185474987888544973e+01,2.553148477810426797e+01,1.856903410131653231e+01,-2.866111165470600852e+01,-1.101185120479362389e+01,-1.646200305612911308e+01,-4.508307963799758511e+01,-4.380852852610534143e+00,1.121348570449635851e+01,-7.389472754890844541e+00,7.530117381273578880e-01,2.530370939619054127e+00,4.663346804842730364e+01,-2.832449896486950536e+01,-1.361919984898653446e+01,-5.911350601612838318e+00,2.829575816078639505e+01,8.142586762412715728e+00,1.148552755874028541e+01,3.623293251893247202e+01,6.784748191458314093e-01,4.073470224551969388e+00,-3.707684841939420295e+01,-2.572317619256055465e+01,6.495001446794653965e+00,-5.122492718804078748e+01,1.277086272875885342e+01,-1.889223512737167709e+01,1.093565501203507750e+01,-1.375985675571469447e+00,1.441469031599493533e+01,6.451648782537635185e+00,-7.674248835064741314e+00,1.137042155675944954e+01,3.774181815708842258e+00,-6.029991363243291103e-01,-2.522417454978533868e+01,3.600045822272475959e+01,4.600874036837702796e+00
-3.633154443203044259e+00,-3.128327509853907884e+01,1.403663697055354476e+01,2.640009648780345231e+01,-1.988719446459446516e+01,-2.835061468560311937e+01,3.273079887274797528e+01,-6.473631208984098606e-02,3.948138692701397190e+01,-1.745113187089586759e+01,3.953775174421386485e+00,-7.188748325700194641e+01,9.150589030288841741e+00,-3.867799046547457653e+00,2.636987154844624826e+01,-8.697202929465436938e+00,1.041608900254525771e+01,7.356363225815030660e+01,-1.660721079070042805e+01,-5.956670912428304376e+00,-2.703182710825619139e+01,-6.669772043532507411e+00,-2.620101825172846510e+00,9.366974820903481991e-01,4.394971638415253956e+00,-1.564160822577307286e+01,-2.426623496768509369e+01,3.680950563765663652e+00,9.162816351284202909e+00,5.313270246604975711e+01,9.682777109942378502e+00,3.070226639330847362e+01,1.652943301386132902e+01,1.620851142541822298e+01,-4.091339809333069866e+01,8.678629879194630803e+00,6.808418241456575259e+00,-2.924002711779617059e+01,8.756488616649077628e+00,4.268900473524259098e+01,-1.499226321570569986e+01,-7.234058530572806234e+00,-3.686191896422815972e+00,5.696348923272655185e+01,2.093950289109720586e+01,2.936043625639428001e+01,-4.089035849491641983e+01,-1.450384606288100109e+01,3.307030161507489652e+01,-1.345078392391296340e+01,5.768954058863741352e+01,-1.647544366866200960e+01,1.637917881771829087e+01,-2.312051402175201886e+01,-2.331809691499244330e+00,2.629626644660038792e+01,-3.174183597657825828e+01,-2.180334816211296456e+01,-1.540309114154608849e+01,1.294104244957424754e+01,1.112458998710500779e+01,-1.275707265596836848e+01,2.734826406160756562e+01,2.001005713914516804e+01,-2.988716417971851058e+01,-1.177121968325116086e+01,-1.699510265370125950e+01,-4.685049759258956925e+01,-4.416176604621853130e+00,1.209306406083339525e+01,-7.693583704651974386e+00,7.596225329577976915e-01,2.928130175331001617e+00,4.821461656088946057e+01,-2.958091338433311535e+01,-1.425047623404211450e+01,-6.198358649152478250e+00,2.973741832647483818e+01,8.154995842335516443e+00,1.177601548689383471e+01,3.716790579764185054e+01,8.418041302937425696e-01,3.670364872945656387e+00,-3.839436613560347666e+01,-2.673880915801418467e+01,6.829604802018335086e+00,-5.202712359346935500e+01,1.303729776503920412e+01,-1.894639704976556871e+01,1.198833535633843894e+01,-1.270101166864174180e+00,1.487047574339289646e+01,6.139903744670056618e+00,-7.994018926793287960e+00,1.286169273609976038e+01,3.478982188131563014e+00,-7.960295482579010651e-01,-2.614956561291600678e+01,3.705978313098198385e+01,4.977543420469070057e+00
-5.649928309665248172e+00,-7.283846514683361306e+01,2.968520760421819915e+01,4.976854703164021032e+01,-4.749875056467300283e+01,-5.008392661741989826e+01,5.869813807162488928e+01,5.600913247753039670e+00,8.090382249940645920e+01,-4.083316893589680063e+01,1.352464763233610512e+01,-1.446590949700111821e+02,1.168183753330402475e+01,-5.077300475380735811e+00,6.052590269766950826e+01,-1.044069041962468702e+01,2.404849325687847283e+01,1.410277010585771222e+02,-3.393269724478845717e+01,-1.339269089277944325e+01,-5.015209596874938569e+01,-1.421319177530769906e+01,-6.839601420583491631e+00,5.371107282227725044e+00,2.287667999210394321e-01,-3.259243626394464854e+01,-5.489422500804758442e+01,1.318851198878781084e+01,2.058418565941425982e+01,1.112635650730684205e+02,4.000096601945154617e+01,6.740592662356800702e+01,3.509363316660394361e+01,2.790588437640065678e+01,-8.064602928703151008e+01,1.513196251628492917e+01,1.845238335369533900e+01,-6.924100757131961359e+01,1.970372929993185807e+01,1.036611516553071368e+02,-3.010566276068698244e+01,-1.041386499507794383e+01,-1.486817849118179380e+00,1.083442613340291700e+02,3.981309904352388429e+01,5.679858031067455926e+01,-8.256185627410515337e+01,-2.944090707321302958e+01,6.351431553982761358e+01,-3.196759350797120192e+01,1.133643716579030070e+02,-3.122427250596171433e+01,4.171928247256968092e+01,-4.899076111177108572e+01,-6.178948140662861910e+00,5.861399301607040258e+01,-6.654968239315203959e+01,-4.718958166110961372e+01,-3.154405827570823817e+01,4.051875176615349261e+01,2.747645381343159343e+01,-2.079001913294665727e+01,4.593513829643213597e+01,3.231169543269215438e+01,-5.902109431148439711e+01,-2.003400049769997793e+01,-3.546800321017920510e+01,-9.431519928549626286e+01,-1.041521815822510710e+01,1.942651987043309347e+01,-1.532686850977407822e+01,1.785299803091934479e+00,2.557235096823699649e+00,9.982294139165725255e+01,-5.791766647878249330e+01,-2.759950289597856710e+01,-1.186023786790449286e+01,5.614938593596611582e+01,1.984653466578301817e+01,2.549255948956508888e+01,8.025003838122545119e+01,1.662170278969699599e-01,1.368003855909381272e+01,-7.881264264419759513e+01,-5.374776064352437288e+01,1.285474209036515525e+01,-1.182174844917349645e+02,2.886380714938803749e+01,-4.581492620807617300e+01,1.715893555675527793e+01,-4.343471813462274511e+00,3.115794405118663946e+01,1.867242641046832574e+01,-1.588143191604429205e+01,1.420489442496492849e+01,1.195739529931460687e+01,2.910182668075380619e-01,-5.335162807866625911e+01,7.854044824168758510e+01,7.826041039821374667e+00
-5.988958011158398875e+00,-4.692807107143998024e+01,2.163123238112499180e+01,4.184702390475868583e+01,-2.960370711979756564e+01,-4.558361091711203983e+01,5.245823353040793791e+01,-1.200336362730254791e+00,6.134034183911064986e+01,-2.613994468246747971e+01,5.102657578552625139e+00,-1.121964643919545637e+02,1.557278236527844051e+01,-6.555577456208711240e+00,3.972481114284009607e+01,-1.492823921514747809e+01,1.566428085956096972e+01,1.161559685953000098e+02,-2.582066369552702056e+01,-9.027011923463216903e+00,-4.300324724757387429e+01,-1.025782753305734474e+01,-3.788653385302917176e+00,7.932372633516715510e-01,8.511825728643843902e+00,-2.419799816688827931e+01,-3.670986987560807080e+01,4.636023366407655999e+00,1.388902148146260629e+01,8.209208484442604004e+01,1.117688842550324324e+01,4.683903746557570003e+01,2.544657374385397119e+01,2.620052033508004996e+01,-6.417749008575624714e+01,1.399224774899384016e+01,9.714609079893740784e+00,-4.364050371039854781e+01,1.326690273198335390e+01,6.321952717893431384e+01,-2.341090539107230839e+01,-1.208507664643558499e+01,-6.890734495032537765e+00,9.010944303128442812e+01,3.312642802576853285e+01,4.626149277260147130e+01,-6.376516309127924131e+01,-2.258760924998674469e+01,5.219535121413856871e+01,-2.005296476462961763e+01,9.055993969696827151e+01,-2.608365651452436396e+01,2.388320430152879581e+01,-3.561183754296839510e+01,-3.354154385964689844e+00,3.994824820422308420e+01,-4.902700759358934590e+01,-3.339319160583591639e+01,-2.393476608877267964e+01,1.742044743119952344e+01,1.638600320386569464e+01,-2.084649091479576910e+01,4.442811285689101197e+01,3.275592093403385263e+01,-4.686057421370618670e+01,-1.907234003465206484e+01,-2.628128624300824612e+01,-7.311337067982714188e+01,-6.599237172379632810e+00,1.981539669588753583e+01,-1.203727013653778144e+01,1.136320410298130801e+00,5.209696005565012555e+00,7.471246274854442504e+01,-4.647604383768594261e+01,-2.244757403575648880e+01,-9.791446809373862692e+00,4.711988729418138888e+01,1.206858322045760445e+01,1.803466710915182603e+01,5.696208324840752368e+01,1.606860670910938982e+00,4.521136210166097236e+00,-5.962534517861908512e+01,-4.174314200868272451e+01,1.082953939851205050e+01,-7.860601608835935394e+01,1.984336872720604816e+01,-2.809522892069258759e+01,2.004646746780652222e+01,-1.639386575968432513e+00,2.297198272109100969e+01,8.371003162787765461e+00,-1.251575727750604727e+01,2.231325123142906719e+01,4.478991980089175762e+00,-1.605453673682444071e+00,-4.067204206577788028e+01,5.707951784132505679e+01,8.188683140059122678e+00
-3.747417902287053515e+00,7.346276279149385857e+00,1.611717174102263117e+00,1.296075742725763646e+01,6.626036748879011284e+00,-1.942344444545955184e+01,2.098946934621255167e+01,-9.403750568704499102e+00,8.779498641532002878e+00,4.426890959412810744e+00,-8.001095177220445720e+00,-2.032552956679747069e+01,1.361144913623809671e+01,-5.524742253232235889e+00,-4.763754880698782834e+00,-1.402170292394634998e+01,-2.112232784925898610e+00,3.226977501682824823e+01,-3.853760606139996714e+00,6.184329932471948066e-01,-1.459305103764715739e+01,-5.894554034797629960e-01,1.825611091437669309e+00,-5.444183959279808249e+00,1.535103263103290949e+01,-2.593560802552459243e+00,3.068286890558352908e+00,-8.426830448863928069e+00,-9.233837706471206275e-01,7.907869920271658692e+00,-3.086004410831791489e+01,-5.288005628054017748e-01,1.674302189561810650e+00,1.229674824615511675e+01,-1.432554790347628959e+01,6.272767673524957566e+00,-5.856601049843867202e+00,8.765992930520287274e+00,-9.354214345894151794e-01,-1.701096600876834941e+01,-4.342504840327622517e+00,-8.830350352233175215e+00,-1.075474703210521987e+01,2.639550570623415027e+01,9.725339519849388381e+00,1.204069961973385539e+01,-1.110573041940638639e+01,-3.683508936182816385e+00,1.431721994940203047e+01,4.222186039760468468e+00,2.077240458511015930e+01,-7.817630437086739548e+00,-9.713559301315783046e+00,-2.499782534209892049e+00,1.775257099924135495e+00,-1.896157165389596777e+00,-4.593082064593798641e+00,-7.364580264842408575e-01,-3.456957336540944503e+00,-2.004956494855860072e+01,-5.190808924118583967e+00,-1.160016234230593923e+01,2.263103164486989627e+01,1.868406769584452931e+01,-1.028577322460554200e+01,-9.310742770312504746e+00,-2.727443871326566960e+00,-1.318432113270236528e+01,1.254538954525759920e+00,1.145715226230306705e+01,-2.428990243594259191e+00,-2.056185684253386825e-01,6.289396592140939823e+00,9.045740819571722824e+00,-1.099696175830842648e+01,-5.792429249847661055e+00,-2.755912741987897707e+00,1.445270837867802172e+01,-3.321484514836448021e+00,3.889062127727329621e-01,1.572267662114168019e+00,2.739863516642022656e+00,-9.269636482346054862e+00,-8.314564884436006054e+00,-7.656302317499255494e+00,3.385965760069339581e+00,7.435820955625695561e+00,-6.188875462476195466e-01,7.234857981270348404e+00,1.479584320648238283e+01,2.568363864275160058e+00,2.183509198919344918e+00,-8.608960088853693904e+00,-2.595819427939618063e+00,2.275837671136665108e+01,-7.133403936888251806e+00,-3.324850885831855507e+00,-6.196638950364734555e+00,3.985037241216562887e+00,4.994154668272627440e+00
-1.433931696059704830e+00,-4.139784575981679815e+00,2.874325516452821194e+00,7.463204902945923536e+00,-2.226491684444438235e+00,-9.155153672362153827e+00,1.027234633807833220e+01,-1.959979625885978738e+00,8.964442431045277715e+00,-2.241220297708381715e+00,-9.420908373062395480e-01,-1.722153683152013315e+01,4.476124776078320266e+00,-1.844623672284168681e+00,3.785580896335355217e+00,-4.479065141966224850e+00,1.447537468815658368e+00,1.999949505276538986e+01,-3.804064227054166025e+00,-9.499373444315768467e-01,-7.915715832913641670e+00,-1.329247043226553959e+00,-9.596829171525811386e-02,-9.583952096576887625e-01,3.975838547567861259e+00,-3.368217887147828105e+00,-3.756121736441015990e+00,-1.079671385388448090e+00,1.467019816156738266e+00,1.125453271326973237e+01,-4.641134678147558645e+00,5.447071627891965306e+00,3.338448790591298732e+00,5.481118987050322744e+00,-1.037264111067034733e+01,2.870283981056403810e+00,1.884974117001680938e-02,-3.475852729928170071e+00,1.390986919343214723e+00,4.201717989250393082e+00,-3.613041805305845955e+00,-3.138717682318850510e+00,-2.895304864162531633e+00,1.577810220581221579e+01,5.804611259892192621e+00,7.808362903940367694e+00,-9.701391461170761232e+00,-3.388115594648549500e+00,8.951438399654177758e+00,-1.559630764197570851e+00,1.474451540468404787e+01,-4.601448606880508052e+00,9.519248663932935450e-01,-4.702353496692024848e+00,-5.422425112318352003e-02,4.366366693149041467e+00,-6.696365954636568141e+00,-4.098642647104187908e+00,-3.503928012523130242e+00,-1.811731253981107237e+00,9.379474766965003596e-01,-4.712144508037020785e+00,9.638289926637689575e+00,7.492460069418299895e+00,-7.540107796911341254e+00,-4.059400031530733699e+00,-3.640916942947705959e+00,-1.121072423714161737e+01,-5.393440102754482046e-01,4.562340634766275826e+00,-1.895654599060571988e+00,9.487982187319458915e-02,1.832978983481944102e+00,1.060017978198263755e+01,-7.632024822271833209e+00,-3.779184471701055870e+00,-1.692773944169205791e+00,8.376309259784886052e+00,7.877830607798257390e-01,2.211847281082139460e+00,7.052548900605685844e+00,7.199966022186338188e-01,-1.256199274805643862e+00,-8.671384038084186230e+00,-6.425532769099564945e+00,1.937553591827879895e+00,-7.875543675166198021e+00,2.231325469017885865e+00,-1.930086906695616111e+00,5.235094359078637183e+00,3.022437046019637030e-01,3.143700770303736292e+00,-6.723729727160319136e-01,-1.984592227377843576e+00,7.042831221509699091e+00,-8.482531661408125867e-01,-8.329094517414219467e-01,-6.016476762401694600e+00,7.532856541223561742e+00,1.935543165864785253e+00
-1.185894318422767268e+00,-1.489641269106650334e+01,6.103452957119692712e+00,1.030496691074618809e+01,-9.701182919231346347e+00,-1.041521309404171802e+01,1.219408211993117774e+01,1.083198985885339694e+00,1.666520228070600140e+01,-8.348740095978758546e+00,2.719215171936051334e+00,-2.983060766709494516e+01,2.493265244160626892e+00,-1.080897071005719301e+00,1.238777758399345430e+01,-2.241442588850786954e+00,4.920435760586145513e+00,2.916949533452721255e+01,-6.990930207010693564e+00,-2.744137728235136908e+00,-1.039517794821746755e+01,-2.921032049149136611e+00,-1.390786924748338649e+00,1.063928443141784808e+00,1.550803538091392042e-01,-6.707000457188874165e+00,-1.124396818627180927e+01,2.647233400785955482e+00,4.217852881140119692e+00,2.288959303001522727e+01,7.991758509102256269e+00,1.382955052904412874e+01,7.213829441371371942e+00,5.813559065861018560e+00,-1.665136321819823095e+01,3.149618350293573066e+00,3.745607721591625694e+00,-1.414812968660287851e+01,4.037077815384399138e+00,2.115387241945066776e+01,-6.208975762724328717e+00,-2.199369707804502916e+00,-3.808858556500701598e-01,2.242070965841610786e+01,8.239085588482991440e+00,1.174121359476498760e+01,-1.702185553851923672e+01,-6.067910381043028600e+00,1.313547552115828587e+01,-6.530758242061412311e+00,2.341134501711058746e+01,-6.463019332805109762e+00,8.493352278386334220e+00,-1.007166033764436186e+01,-1.255560084898608375e+00,1.201560816487068450e+01,-1.368990748423915704e+01,-9.689595329217404185e+00,-6.497930461749771958e+00,8.174168848972708901e+00,5.602248215001313092e+00,-4.348310079547619722e+00,9.586378642921356885e+00,6.762726734458150091e+00,-1.218496390858113188e+01,-4.177030765096121812e+00,-7.298077232313306517e+00,-1.944855839846282564e+01,-2.128609860285460176e+00,4.067480728658367184e+00,-3.162542215363444598e+00,3.649369781104094823e-01,5.691068073136189565e-01,2.054972412740486476e+01,-1.196352424837343165e+01,-5.704866250646003500e+00,-2.453411217612050610e+00,1.162497379043842294e+01,4.049577491341457502e+00,5.234409905101430560e+00,1.648026302172482715e+01,5.341111506407089649e-02,2.742169477587032667e+00,-1.623276820633087070e+01,-1.108423040673642745e+01,2.661944851755885466e+00,-2.420861988452039881e+01,5.919170050888813428e+00,-9.351334199496532662e+00,3.625636903486659346e+00,-8.732907280235009395e-01,6.409720660051035246e+00,3.771378207537076754e+00,-3.277526757007413138e+00,3.075486214534177698e+00,2.403690256114659807e+00,3.630365272158658785e-02,-1.099265291441399484e+01,1.614641052191224091e+01,1.641265597063958470e+00
-3.765239665743250974e+00,-2.867692083179043649e+01,1.333100683573761280e+01,2.601133168953733588e+01,-1.804545657957172722e+01,-2.845338808004543552e+01,3.271384462911174751e+01,-9.494828696915882382e-01,3.789791820713223558e+01,-1.596612145904706992e+01,2.955967829363551402e+00,-6.941445265493112515e+01,9.877640498933132562e+00,-4.153508747119071032e+00,2.430789550877946326e+01,-9.490737331731176951e+00,9.579820956345580285e+00,7.211694560932629372e+01,-1.595634709441568866e+01,-5.534142786252860269e+00,-2.675870998008696944e+01,-6.317809566787097708e+00,-2.287426498896585780e+00,3.649410464353008976e-01,5.577095127454766654e+00,-1.493066854500699669e+01,-2.249306772162414347e+01,2.659584576232826514e+00,8.515503117760799157e+00,5.063246607608667915e+01,6.174512707115361820e+00,2.877571140886600531e+01,1.567735308067289957e+01,1.637992325536533400e+01,-3.976653265850062979e+01,8.740984796807975243e+00,5.838795568477468834e+00,-2.662438941999362640e+01,8.132873280743240230e+00,3.847214723304481510e+01,-1.448629704247647076e+01,-7.626413252810491983e+00,-4.477264436613301868e+00,5.597628569823638145e+01,2.057873607084568235e+01,2.870377964295836293e+01,-3.944061177657251704e+01,-1.396545432743765680e+01,3.240203403318544417e+01,-1.222962802332423138e+01,5.612654710522056689e+01,-1.620724015401707163e+01,1.446007053477256932e+01,-2.194358694187300429e+01,-2.021514039816611596e+00,2.450979219627325634e+01,-3.023578509462760522e+01,-2.054028540845566653e+01,-1.478832554135312449e+01,1.025527324337072876e+01,9.954075555701159317e+00,-1.307361195736144666e+01,2.781543670341247676e+01,2.055274623234236486e+01,-2.903246328305418444e+01,-1.193165411947419763e+01,-1.621408748075289452e+01,-4.523289354090726988e+01,-4.027691080122179912e+00,1.243667362644463026e+01,-7.452889538016538751e+00,6.937609426061037698e-01,3.343538028301070053e+00,4.612251760264944522e+01,-2.881214213267362112e+01,-1.392687488556977193e+01,-6.079951342676677584e+00,2.928566723523356075e+01,7.342649504675806682e+00,1.109299681292739947e+01,3.504472058703941428e+01,1.049282829869361278e+00,2.569996346945909060e+00,-3.683339952259412087e+01,-2.582804298996837744e+01,6.732157825842253196e+00,-4.814440364248795134e+01,1.218194537864155791e+01,-1.710462570716380881e+01,1.265386980631227232e+01,-9.497464315309844807e-01,1.416791712780556090e+01,4.951029690139886696e+00,-7.750727817318033175e+00,1.422634678267871777e+01,2.592196425673374716e+00,-1.061590427357046229e+00,-2.513686934069560053e+01,3.517122586287411679e+01,5.145280158577119067e+00
-5.946512888185913503e+00,-7.010948594886680496e+01,2.911523834402342459e+01,5.002070826437492457e+01,-4.550306800559221898e+01,-5.108886208142259022e+01,5.966698188589117535e+01,4.350478599841922644e+00,7.986690264001940420e+01,-3.926697765553164743e+01,1.223655895985943687e+01,-1.433498284609318603e+02,1.298533353337360374e+01,-5.597782543768110131e+00,5.841606886971647583e+01,-1.182424908638476779e+01,2.318436409843592116e+01,1.412175543813657157e+02,-3.351797810518531406e+01,-1.297713258935121061e+01,-5.058660953218985412e+01,-1.391883837033872595e+01,-6.449632420106039987e+00,4.592709650363521412e+00,2.030173513571285060e+00,-3.206365555467662887e+01,-5.312812492443173085e+01,1.185890444811840894e+01,1.994867835407534429e+01,1.093470512219461170e+02,3.534412465594121500e+01,6.561859346566367890e+01,3.439261750068661883e+01,2.863939003034944975e+01,-8.026863768700368951e+01,1.548318613411526634e+01,1.729065130638122838e+01,-6.643695407831999944e+01,1.908933778537420167e+01,9.900553253311613844e+01,-2.984642589702654547e+01,-1.118693754969016751e+01,-2.714912032414265930e+00,1.086789898976450957e+02,3.993914142498945807e+01,5.676250880233830998e+01,-8.175636827872374113e+01,-2.912109997386939497e+01,6.357438480597140540e+01,-3.065239309344671170e+01,1.129086217019575571e+02,-3.134553074682813190e+01,3.950801937202083991e+01,-4.803126784152364337e+01,-5.811814953196305922e+00,5.689068885649960805e+01,-6.538725657488737397e+01,-4.606859046347904041e+01,-3.114375484557150386e+01,3.712136570906665156e+01,2.616215736387330537e+01,-2.162362835835525132e+01,4.742387708916313471e+01,3.368441849936165511e+01,-5.872153769000460244e+01,-2.061742700938910389e+01,-3.488139181936946187e+01,-9.345362564631335545e+01,-1.000097235944461715e+01,2.027818785473666097e+01,-1.522058002675812816e+01,1.715402470109542943e+00,3.232233607686042731e+00,9.833318069484903390e+01,-5.773007670041727124e+01,-2.757510274545704476e+01,-1.188115696142389943e+01,5.641389218482624557e+01,1.894757965162942526e+01,2.488592978194660787e+01,7.838135046707935771e+01,4.845244735272843939e-01,1.223862899032024032e+01,-7.777450487521670652e+01,-5.327359624926417325e+01,1.292438495372246798e+01,-1.143166062377954972e+02,2.805225266420888630e+01,-4.379066081759883389e+01,1.846169709426478533e+01,-3.929941181730405741e+00,3.061760045332590252e+01,1.718103051802983572e+01,-1.578059146582888950e+01,1.652067784293098285e+01,1.081156874614381458e+01,-1.078608834643137726e-01,-5.271575698097377938e+01,7.699956570540931011e+01,8.213710763745419641e+00
-3.843752073979204376e+00,-1.002140881549532203e+01,7.355483815023585947e+00,1.961818861568251648e+01,-5.231404939321015135e+00,-2.427442007016392722e+01,2.718898225917389055e+01,-5.507373340674767803e+00,2.316248255606910789e+01,-5.398819469519438030e+00,-2.853308905356005454e+00,-4.470213315796039666e+01,1.211186441738151132e+01,-4.986325866089942771e+00,9.279663532018147976e+00,-1.214358261991736043e+01,3.531164920810458518e+00,5.242600415352224985e+01,-9.836596882294227129e+00,-2.362761036797918379e+00,-2.085780256484675377e+01,-3.392351976884025788e+00,-1.343040489037552465e-01,-2.743094894107358073e+00,1.095122887754128627e+01,-8.661106699121500441e+00,-9.305644299595979163e+00,-3.226021778755017166e+00,3.650766364038377176e+00,2.889524817163256643e+01,-1.354994951072096576e+01,1.372705798196062688e+01,8.531485281513869978e+00,1.457246326597937092e+01,-2.704773535422845043e+01,7.621258843152350693e+00,-2.991612178712639292e-01,-8.260368693060177847e+00,3.458007552949935448e+00,9.605590627787247371e+00,-9.383045816276807116e+00,-8.450712141937103183e+00,-7.949837658555158448e+00,4.141567138208195331e+01,1.523729479126848751e+01,2.043552141078001227e+01,-2.516162679785863787e+01,-8.775901297665518186e+00,2.345752799671537048e+01,-3.689361913745181631e+00,3.847206164696311248e+01,-1.208535586138777340e+01,1.829253960724450678e+00,-1.202535173063414398e+01,-3.184724947888750712e-02,1.091642079678199195e+01,-1.718583051351339464e+01,-1.039607431294290407e+01,-9.055009359306582795e+00,-5.763267656254361881e+00,2.061743902260016803e+00,-1.258892042385285137e+01,2.568466229757058272e+01,2.003096236103321459e+01,-1.965404491139427989e+01,-1.080464211014461995e+01,-9.357825022253479119e+00,-2.909701692920484817e+01,-1.288008539124156249e+00,1.220207383521609401e+01,-4.931920127450120539e+00,2.274753707139809400e-01,5.002188965561423117e+00,2.730983884970466491e+01,-1.992832139740223596e+01,-9.888544478890381129e+00,-4.438835648528520750e+00,2.201287278824290894e+01,1.793138028981094756e+00,5.609774153362874216e+00,1.790662352474958041e+01,1.980816669868998181e+00,-3.721803934660185220e+00,-2.239473835421506820e+01,-1.668312722895672806e+01,5.094412819830568040e+00,-1.945199348064225120e+01,5.599300715911606829e+00,-4.446688690389390075e+00,1.409901998669210066e+01,9.154899271254435256e-01,8.069735604363042825e+00,-2.208039848139823569e+00,-5.166439364032177295e+00,1.913651900171336351e+01,-2.564914589882921536e+00,-2.300652568715574997e+00,-1.556349448927743495e+01,1.926265958965376512e+01,5.184556540386114243e+00
-2.577212655647871387e+00,-9.113560094305370285e+00,5.709461385916360321e+00,1.401634490758682006e+01,-5.147908952185562548e+00,-1.686930880001299471e+01,1.900192138372778317e+01,-3.128326480492208184e+00,1.746100048897748636e+01,-4.975373136620600434e+00,-1.183049168187148670e+00,-3.322560523454798442e+01,7.868708541330669881e+00,-3.250506779547515102e+00,8.153825039437878175e+00,-7.836914508322071704e+00,3.144646048215437695e+00,3.778698870978767843e+01,-7.397775751939601463e+00,-1.992944351918408463e+00,-1.478822464285065408e+01,-2.654729075787414239e+00,-3.637328909526942322e-01,-1.451782650333611535e+00,6.688894560752229879e+00,-6.625586848133431239e+00,-7.937625401613965792e+00,-1.424227475077587179e+00,3.074852048645119851e+00,2.220851286158025317e+01,-6.616314272680801523e+00,1.114990100107915261e+01,6.649585637634322310e+00,1.003798936906487960e+01,-1.982010554145534797e+01,5.271917406667477657e+00,5.778397738759744051e-01,-7.891222602547728115e+00,2.921004847870723342e+00,1.012994990580036792e+01,-6.963453905929399390e+00,-5.583421603745303941e+00,-4.910096370789386100e+00,2.972479183539397596e+01,1.093411068207486103e+01,1.480452311703163737e+01,-1.874865304159274615e+01,-6.565748649065146658e+00,1.692444484255203818e+01,-3.567431295023864912e+00,2.813624705448482644e+01,-8.657761170255794170e+00,2.834703946981206535e+00,-9.353208296393944465e+00,-2.740201803522488433e-01,9.073352443960978064e+00,-1.322422510335375279e+01,-8.285249991805160974e+00,-6.822642305928603434e+00,-1.845659029664432182e+00,2.389648749611685385e+00,-8.534969614968321849e+00,1.755851047383937669e+01,1.354882028060073651e+01,-1.441945402886588035e+01,-7.415536329567476770e+00,-7.169019378034398038e+00,-2.163324174739059558e+01,-1.214739041606868186e+00,8.242839550203353127e+00,-3.639643458690057010e+00,2.123047390380549682e-01,3.156346078463378557e+00,2.077013003574675309e+01,-1.454127779455190961e+01,-7.168508933934019112e+00,-3.196059028401514013e+00,1.573984573140850252e+01,1.911437297020136317e+00,4.471950319333071633e+00,1.422836301861276809e+01,1.215005646117438776e+00,-1.706366506858576493e+00,-1.690656690258755646e+01,-1.239012519608529317e+01,3.636891614215929991e+00,-1.673532836752353958e+01,4.604470203544638096e+00,-4.599908188236433659e+00,9.306408500800046113e+00,3.794163753885999579e-01,6.205786248934926697e+00,-5.773734479069672076e-01,-3.805533539480289384e+00,1.225720612568482792e+01,-1.071725826865983944e+00,-1.391242938479729796e+00,-1.169090694870611458e+01,1.498500683080263229e+01,3.484671679991718118e+00
-1.368047201997307338e+00,-1.769293282061853390e+01,7.206080442821615861e+00,1.207095593830518965e+01,-1.153960503633916446e+01,-1.214100966748654642e+01,1.423100003096792499e+01,1.369417791525133987e+00,1.963496568311837720e+01,-9.918951415791571691e+00,3.291921966977442882e+00,-3.510339151517569434e+01,2.822668491277510405e+00,-1.227216881406544280e+00,1.470077901741813875e+01,-2.520898167397724876e+00,5.841217969553431644e+00,3.420961843506723454e+01,-8.235128160184437718e+00,-3.252431943846103568e+00,-1.216243615937053946e+01,-3.450434430363250815e+00,-1.662529480567377593e+00,1.309623981818179850e+00,4.005394928951799827e-02,-7.910978287149849741e+00,-1.333167039097687834e+01,3.210736300560298684e+00,4.998868176468048041e+00,2.700733246544623967e+01,9.743564029778751134e+00,1.636700717130875304e+01,8.519208248592567756e+00,6.763269519957052722e+00,-1.956677541936413078e+01,3.667780863989655415e+00,4.486235050204802732e+00,-1.682088606001495634e+01,4.785101411817497485e+00,2.518657818418809313e+01,-7.305413106386954070e+00,-2.519623751123723387e+00,-3.501530168588067871e-01,2.627985485332941806e+01,9.656991775675127343e+00,1.377880931167860723e+01,-2.003519647310609741e+01,-7.144672357888500080e+00,1.540712378288168694e+01,-7.766141751158145645e+00,2.750443569239328312e+01,-7.573509803513201355e+00,1.013943902858109780e+01,-1.189266271844135936e+01,-1.502068965954273416e+00,1.423366455095459671e+01,-1.615393826113892928e+01,-1.145710742505599633e+01,-7.655555911475055098e+00,9.858375287495549699e+00,6.676649574572881107e+00,-5.036207202442840369e+00,1.113042752439823779e+01,7.826575155824775365e+00,-1.432021708928928838e+01,-4.854952747927484324e+00,-8.609044250290425637e+00,-2.288686536446705944e+01,-2.530129604633559293e+00,4.705287539421849630e+00,-3.718983947450903216e+00,4.336866257541928671e-01,6.145615869128094877e-01,2.422834735196904177e+01,-1.405158195720821013e+01,-6.695442586205339275e+00,-2.876939932866258598e+00,1.361874777763570066e+01,4.822183148086859994e+00,6.189319931958772614e+00,1.948349712071684081e+01,3.759330056449455837e-02,3.330931774311062021e+00,-1.912768665009234326e+01,-1.304248063265900726e+01,3.117774372483941292e+00,-2.871126083807679308e+01,7.008891623631584800e+00,-1.113137902519315148e+01,4.151338202628706675e+00,-1.057207122858856874e+00,7.563090693009108634e+00,4.542440110652255392e+00,-3.853466172417871149e+00,3.426047735372376390e+00,2.910510145069211241e+00,7.401591034566412652e-02,-1.294777083596732048e+01,1.906596577898197253e+01,1.895159366561125047e+00
-1.557654387771579607e+00,-1.596969017372842181e+01,6.848648461385240083e+00,1.223987188558401940e+01,-1.027842150408731392e+01,-1.278877145354301703e+01,1.485728302239592935e+01,5.750561199149009095e-01,1.898931698505107235e+01,-8.929797210199451385e+00,2.474969399301099937e+00,-3.429545054934089876e+01,3.653742037958710220e+00,-1.559132837894207535e+00,1.336922448304336086e+01,-3.402681699730919718e+00,5.295723252501316480e+00,3.435454960746638164e+01,-7.977169080691403735e+00,-2.990417780495175482e+00,-1.244740057156544744e+01,-3.265651652948613481e+00,-1.415667592970813127e+00,8.154556110083097664e-01,1.185853310585991860e+00,-7.580242131634607361e+00,-1.221777752534910988e+01,2.367318597166728544e+00,4.598191351995570386e+00,2.580743484456664305e+01,6.788501370323258399e+00,1.524175428442352853e+01,8.079353201895042247e+00,7.234589914355545659e+00,-1.934056646911276545e+01,3.893766049085974235e+00,3.750494691524592916e+00,-1.504927669065833129e+01,4.397704053732639728e+00,2.224320671296002772e+01,-7.145690304840659479e+00,-3.013111329146427320e+00,-1.131520450062578176e+00,2.651132874881186652e+01,9.743984804010596079e+00,1.376560397726804474e+01,-1.953703110252646979e+01,-6.946310720396356331e+00,1.545621880995751773e+01,-6.935106958705226532e+00,2.723399715906571217e+01,-7.655987490144500640e+00,8.740147614117928399e+00,-1.129078902197192491e+01,-1.269618224078693070e+00,1.314762915939080656e+01,-1.542600236136715530e+01,-1.075220638587404665e+01,-7.406356242774286613e+00,7.704460746088718004e+00,5.845419783033738881e+00,-5.569977174223884830e+00,1.208519454982742403e+01,8.705216382085117388e+00,-1.413980667074332942e+01,-5.229467810307793840e+00,-8.242018661966415749e+00,-2.235504245994398431e+01,-2.268439788875390661e+00,5.250309782116290513e+00,-3.654008222527296734e+00,3.895354504479043301e-01,1.044323580808937946e+00,2.329791888569666014e+01,-1.394219735044390696e+01,-6.684654817383314906e+00,-2.892278536470733297e+00,1.379660952445672706e+01,4.253817544136226481e+00,5.807851792789392675e+00,1.830870162558555592e+01,2.400769008244574010e-01,2.416488184118902538e+00,-1.848090480879714192e+01,-1.275010927279927664e+01,3.164273560748299019e+00,-2.625042750400793068e+01,6.497661839152709895e+00,-9.851727101232432560e+00,4.982883589173713546e+00,-7.949312490526213582e-01,7.224754193092745247e+00,3.597059288684772316e+00,-3.792050667809076181e+00,4.901405420110766187e+00,2.183772768596671021e+00,-1.796358347669301803e-01,-1.255248022318480494e+01,1.809937332889612449e+01,2.143073084510384252e+00
-3.207673560996680884e+00,-2.276494969397527512e+01,1.081599191302282925e+01,2.155958723064603078e+01,-1.423227984302869586e+01,-2.382713866778832212e+01,2.733259213160361156e+01,-1.201424833657565472e+00,3.094293253090559048e+01,-1.265895158480947025e+01,2.010408178008857405e+00,-5.687257604766014651e+01,8.590378434255622864e+00,-3.602993630543635195e+00,1.936453967757033823e+01,-8.297677345109235603e+00,7.620730986080097580e+00,5.960435052602205275e+01,-1.303535432299074870e+01,-4.430327550871457021e+00,-2.223752209598907115e+01,-5.117805882917044968e+00,-1.758328342119850340e+00,4.139713286907964473e-02,5.206026775754795111e+00,-1.215045215096156994e+01,-1.798095895955232137e+01,1.751846187751072925e+00,6.818348394394993406e+00,4.116309528184214628e+01,3.542877754759928166e+00,2.316092524901999283e+01,1.270941875571394952e+01,1.376845424094589987e+01,-3.270590617907723896e+01,7.333975935457336170e+00,4.432709128436671975e+00,-2.104527830414357226e+01,6.509493277618375373e+00,3.020875430807832629e+01,-1.187357135974096245e+01,-6.554620905905006012e+00,-4.106561024583585962e+00,4.632672449531733605e+01,1.703223457045082512e+01,2.368627746451878124e+01,-3.229388051055418174e+01,-1.142333068867140433e+01,2.677171935722274654e+01,-9.657844964998616888e+00,4.618684475213913743e+01,-1.342145685645141029e+01,1.120014341774488642e+01,-1.779662167894264613e+01,-1.546411358585679130e+00,1.966028990396742770e+01,-2.457504098605263465e+01,-1.658410880351408778e+01,-1.207582950610023431e+01,7.332549884810033447e+00,7.779412534780110633e+00,-1.107213245236150811e+01,2.346197559772048180e+01,1.742703934960522716e+01,-2.386966740739416437e+01,-1.004577776526675237e+01,-1.319075487034785255e+01,-3.705735862281978399e+01,-3.187014011336045449e+00,1.055229524768373039e+01,-6.117741169366220255e+00,5.494421824265321996e-01,2.985860740747383613e+00,3.758209764610546699e+01,-2.372515191926219202e+01,-1.149011422667512150e+01,-5.026694557132914909e+00,2.426705550170645509e+01,5.762056500824349392e+00,8.956012525466231722e+00,2.830956023486345075e+01,9.725872624716459525e-01,1.640550328367883282e+00,-3.006364140518564554e+01,-2.116574336024456215e+01,5.581435862632528000e+00,-3.844633672987694695e+01,9.786643030978144253e+00,-1.344597039432563967e+01,1.088223465220691999e+01,-6.460501074954745349e-01,1.151685098632733428e+01,3.589681105536503658e+00,-6.365460524804032794e+00,1.251874255053551011e+01,1.757573245484052915e+00,-1.009651238425770092e+00,-2.054110549334206937e+01,2.852345820789406261e+01,4.377471143846183743e+00
-6.828052091472871510e+00,-6.775469839181720033e+01,2.929084031055453252e+01,5.284384975021416153e+01,-4.351505031449730865e+01,-5.550268911415887629e+01,6.440250196902185564e+01,1.990644433667929647e+00,8.142685909632767505e+01,-3.787082273296291390e+01,1.016330390348036161e+01,-1.472797486857813567e+02,1.625329357885766512e+01,-6.921705281483252037e+00,5.678981604696363661e+01,-1.520260460156047699e+01,2.248411298820815318e+01,1.481188282054655190e+02,-3.421452031449012310e+01,-1.272467592732286512e+01,-5.380924419118044000e+01,-1.395799668555760320e+01,-5.948545737319455462e+00,3.210617687559085720e+00,5.812467095431255615e+00,-3.245956958737177445e+01,-5.196185820164146207e+01,9.683216608377023249e+00,1.956734717325556971e+01,1.104654320450043343e+02,2.743845969566018184e+01,6.498487057937087741e+01,3.454325747907992650e+01,3.146212060619864204e+01,-8.319761047408951526e+01,1.691640951169841856e+01,1.570921081748988613e+01,-6.375907403832015774e+01,1.871161442079148429e+01,9.403823842304566938e+01,-3.069202223968724397e+01,-1.328583430833153045e+01,-5.354834587190177686e+00,1.143763405313319197e+02,4.203910357954919874e+01,5.930635875472316343e+01,-8.387735481226411594e+01,-2.980921927755711920e+01,6.662924111106789837e+01,-2.937290397824984467e+01,1.171823987916222336e+02,-3.303938574422316776e+01,3.680209287418406916e+01,-4.828160616306221442e+01,-5.328074070513167726e+00,5.598557149330481764e+01,-6.602246282300868074e+01,-4.589772332310123915e+01,-3.176032365817317782e+01,3.187659771830608335e+01,2.467744341519470197e+01,-2.432779167340373405e+01,5.265935095807517285e+01,3.804871009624643818e+01,-6.081620413122807633e+01,-2.276289831423061827e+01,-3.528883360705656713e+01,-9.599920935151781975e+01,-9.613951914400285403e+00,2.295728179223811694e+01,-1.570486365200336110e+01,1.651385586742112999e+00,4.763461630008581693e+00,9.981748102816588641e+01,-6.000829002454175765e+01,-2.879681837046970472e+01,-1.247191452624797137e+01,5.955714602232043120e+01,1.798062958086615382e+01,2.479142093290640858e+01,7.816961976745371032e+01,1.158654631934161516e+00,9.851520351363369343e+00,-7.923547252457818502e+01,-5.475948307697002804e+01,1.366302268944869702e+01,-1.116008642890408282e+02,2.768414863466874465e+01,-4.166514426283673345e+01,2.198070623576500537e+01,-3.264407890538915780e+00,3.092315001428870502e+01,1.491949523088166174e+01,-1.630185681246615914e+01,2.202449740129460309e+01,8.963901960894499865e+00,-9.296039228092303208e-01,-5.384479765250524963e+01,7.739534526334642806e+01,9.386317548932511912e+00
-6.104318172041940826e+00,-7.319423653368210125e+01,3.028550840580576065e+01,5.178912266830099043e+01,-4.754930464410605850e+01,-5.274807308503145720e+01,6.164506114267936709e+01,4.754481686473251756e+00,8.297355966700398255e+01,-4.100210891929841495e+01,1.293458539682513830e+01,-1.488173224296669162e+02,1.320096542039492959e+01,-5.698886086857176458e+00,6.095407435592289147e+01,-1.198193792841112781e+01,2.419692047313196426e+01,1.463127643535260063e+02,-3.481773709908623715e+01,-1.353050092176585650e+01,-5.233973385304670956e+01,-1.448259922924687260e+01,-6.760727314090288154e+00,4.912695340338715688e+00,1.749731765640594627e+00,-3.333298633662791843e+01,-5.540634869948520702e+01,1.255136931905084552e+01,2.079867778666367073e+01,1.136981254969829394e+02,3.754442492527189756e+01,6.835495776308128768e+01,3.578046249964988590e+01,2.953605035974338477e+01,-8.326020623747115224e+01,1.597685696743963568e+01,1.814752165358200031e+01,-6.940298932966142331e+01,1.990395233666803776e+01,1.035193621285513643e+02,-3.098216856337116099e+01,-1.144150921785304931e+01,-2.572093126642144068e+00,1.125630996517739106e+02,4.136594193425685972e+01,5.883263153269274426e+01,-8.488618909233456122e+01,-3.024239123692570530e+01,6.587317961663471522e+01,-3.202507305423365835e+01,1.171018966891484325e+02,-3.246093779569729065e+01,4.137875807992379151e+01,-4.996563567340721335e+01,-6.095237983558341455e+00,5.929724738703374243e+01,-6.799233128900115730e+01,-4.796338183703292657e+01,-3.235438814946795816e+01,3.913860063754268737e+01,2.737146224794402016e+01,-2.224561694577641546e+01,4.885474946146557329e+01,3.463874446617029434e+01,-6.091467285803448561e+01,-2.125204115598315013e+01,-3.626450485399403334e+01,-9.701961117711418581e+01,-1.044591425407919161e+01,2.084772542497632841e+01,-1.579467155010666524e+01,1.791493257799243954e+00,3.216977347248931807e+00,1.022000399142124820e+02,-5.986516014568958610e+01,-2.858211607559335121e+01,-1.230886330045271926e+01,5.841223891476634122e+01,1.981299852483011392e+01,2.590969480653276946e+01,8.159757390896970719e+01,4.395425685469678267e-01,1.296687965401493869e+01,-8.080535333305435586e+01,-5.530306118412796224e+01,1.338042631252897152e+01,-1.192385036970242282e+02,2.923139385387333888e+01,-4.578028065236798483e+01,1.887651147802284157e+01,-4.154091218610792779e+00,3.183664818225636139e+01,1.809874174011954295e+01,-1.637396526784376860e+01,1.666574558205224221e+01,1.142982961202233128e+01,-3.334556063431559636e-02,-5.475674525956451077e+01,8.010110868477805468e+01,8.436006239242272997e+00
-4.962557672604380521e+00,-6.559568649454107003e+01,2.659947197638797789e+01,4.429681324895023664e+01,-4.282903870278936864e+01,-4.439194625070087596e+01,5.207877865558376129e+01,5.301049940460822008e+00,7.236639374109222445e+01,-3.678184929414258164e+01,1.237284053103965320e+01,-1.292592641502951381e+02,1.009009696546328883e+01,-4.396857622314116476e+00,5.446844482620677041e+01,-8.964073624691835107e+00,2.164809301557121657e+01,1.256522268413173578e+02,-3.034694038330589549e+01,-1.203967417569010934e+01,-4.459362470368769493e+01,-1.274105045369192801e+01,-6.192530964392521931e+00,4.979608734410811088e+00,-2.411226609944319144e-01,-2.918053302559633977e+01,-4.936396811886334746e+01,1.208349705054216372e+01,1.850384832338215801e+01,9.964357470844333875e+01,3.680362261956917536e+01,6.052099427335337367e+01,3.145241940815374093e+01,2.469153286911826228e+01,-7.197368893518205368e+01,1.340047315084379242e+01,1.673375568936082658e+01,-6.240779006458135569e+01,1.771387395899593997e+01,9.354415817092730379e+01,-2.689746288588142065e+01,-9.090980037410254511e+00,-1.021821066249914978e+00,9.648542273537582048e+01,3.545459880946147990e+01,5.063394446746263355e+01,-7.378703908287627655e+01,-2.631992420774708208e+01,5.659598262970179405e+01,-2.881788486975347752e+01,1.011551695415661101e+02,-2.780049025088401393e+01,3.773100972103217288e+01,-4.390289676367639515e+01,-5.598043940758704373e+00,5.266885496048200821e+01,-5.960343808779648356e+01,-4.233738785734519894e+01,-2.821436588689082470e+01,3.695399001208540568e+01,2.481467247725773007e+01,-1.832437486342806210e+01,4.057457764492118457e+01,2.846055385144792282e+01,-5.267998121326243677e+01,-1.771233515930022051e+01,-3.175783571127695737e+01,-8.427674416241345057e+01,-9.385504440366023715e+00,1.710461567649583614e+01,-1.368721945591315325e+01,1.608519755375037663e+00,2.112530844202602065e+00,8.934102819463855383e+01,-5.166882648616740425e+01,-2.460568766896863835e+01,-1.056595787098816963e+01,4.998105674206761506e+01,1.791145686658687808e+01,2.287158755270480270e+01,7.198915289358401992e+01,6.951505209721647871e-02,1.254921852517254521e+01,-7.050280912605600747e+01,-4.802295190773395461e+01,1.144033066375973995e+01,-1.063318819537899458e+02,2.592703298179522875e+01,-4.133529363680196411e+01,1.497206010355211525e+01,-3.973531218672378351e+00,2.790481506028401526e+01,1.701132288514121171e+01,-1.418016040121286814e+01,1.208883974114582216e+01,1.094079105507556271e+01,3.579271086360583665e-01,-4.770982421271398977e+01,7.038439947596617685e+01,6.879642601381240397e+00
-5.813667435570403441e+00,-7.402822747602412790e+01,3.024631875881647858e+01,5.087905776999596696e+01,-4.824423022740274547e+01,-5.130707454032014425e+01,6.010228985025048587e+01,5.546114457753000160e+00,8.250567529389090282e+01,-4.149504146050225728e+01,1.363571790325046962e+01,-1.475998540011746343e+02,1.211742440956895805e+01,-5.260145521836353311e+00,6.153673760269006010e+01,-1.086072215280075071e+01,2.444649158371608877e+01,1.441007629577829050e+02,-3.460738439691751012e+01,-1.362357058482111327e+01,-5.129652683007007141e+01,-1.447883421858117892e+01,-6.932523621612466158e+00,5.377703109320481900e+00,4.869492312571019887e-01,-3.322213741046569169e+01,-5.583173062821714439e+01,1.328648461475015452e+01,2.093949020299531583e+01,1.133975729320237349e+02,4.021038000888621156e+01,6.861071550837651500e+01,3.575315055610160897e+01,2.861180175470761711e+01,-8.233502955758579844e+01,1.550820641199430483e+01,1.868766194511794509e+01,-7.034250647235279530e+01,2.004298334585233121e+01,1.052458760558509425e+02,-3.071953885868887113e+01,-1.074749545696065134e+01,-1.691579769106466902e+00,1.107316870755434337e+02,4.069083009654733729e+01,5.802042884184363913e+01,-8.423205921158577780e+01,-3.003190869669375118e+01,6.489474765987839078e+01,-3.247324282086238867e+01,1.157491129342651703e+02,-3.191580175219206694e+01,4.230961229411840918e+01,-4.991413697641710456e+01,-6.260809661664223924e+00,5.963786644469664111e+01,-6.782382448308177914e+01,-4.805134653462970817e+01,-3.216917443035029578e+01,4.091640411584047143e+01,2.788521604416270350e+01,-2.135629754467069574e+01,4.713668008202957793e+01,3.320264460793443106e+01,-6.025391129307767812e+01,-2.054877742248915951e+01,-3.615169034613301591e+01,-9.623140445022154665e+01,-1.058196527513516294e+01,1.996588370564713344e+01,-1.564300581067557872e+01,1.814038353090909883e+00,2.707365458748422160e+00,1.017698103859939494e+02,-5.914238829569782041e+01,-2.819225606612525681e+01,-1.211937444051582169e+01,5.739946612660506986e+01,2.014886970029060009e+01,2.595795056370155862e+01,8.172083912637110359e+01,2.145550102271389648e-01,1.377291169676764859e+01,-8.036915215947352920e+01,-5.484212084201411841e+01,1.314221074308914083e+01,-1.202227447142153665e+02,2.937321311938220703e+01,-4.652001502721318360e+01,1.771273126066560977e+01,-4.379162252426120006e+00,3.175503289058381640e+01,1.886611423764464135e+01,-1.621031435256837128e+01,1.483728926471767195e+01,1.205461011743797251e+01,2.412304043687982791e-01,-5.441469868346723615e+01,8.002040243313356882e+01,8.049591587504421497e+00
-1.735689886554192984e+00,-8.282043827987495277e-01,2.120647629051117367e+00,7.527047177465249206e+00,1.705235136326654910e-01,-1.004501190899608609e+01,1.108561639490510231e+01,-3.358326850119134122e+00,7.478022273147867161e+00,-3.448236713037111656e-01,-2.415784077501049509e+00,-1.516253032304115500e+01,5.858718110231150966e+00,-2.394919922677952506e+00,1.207269180503256933e+00,-5.954974168557731318e+00,3.947097015951608334e-01,1.960372223019265192e+01,-3.202815841126609442e+00,-4.358002699248246792e-01,-8.178336106528957927e+00,-9.448085941199581006e-01,3.619575264873008402e-01,-1.836945681102418737e+00,5.954768647210189059e+00,-2.647349717472550878e+00,-1.579741955665695752e+00,-2.597556991929034442e+00,6.803162372071156483e-01,8.671237766180434292e+00,-9.930871371435923578e+00,3.193730115648885981e+00,2.417558637434935154e+00,6.167705244217420280e+00,-9.612207666481388912e+00,3.191455856764128463e+00,-1.337086096164657345e+00,-9.717758285060806855e-02,6.312651239844915274e-01,-1.359520307294982189e+00,-3.199085161735771621e+00,-3.943761660159074367e+00,-4.238720150101714879e+00,1.568164040022178085e+01,5.772506036420168130e+00,7.525280622488189408e+00,-8.462229804177290760e+00,-2.910435843110340759e+00,8.745240247202985984e+00,2.290647139573875890e-02,1.375772948680064722e+01,-4.600896535827114775e+00,-1.657262481357935524e+00,-3.437810314221497965e+00,3.757713889187611622e-01,2.221080769540237920e+00,-5.133524538431600170e+00,-2.664318266933204171e+00,-2.928761417717829385e+00,-5.719430689286716607e+00,-6.243473773158387807e-01,-5.539252045457015328e+00,1.107767376733503895e+01,8.862721546291421504e+00,-6.957905695403695745e+00,-4.614774170738082049e+00,-2.844163007282401345e+00,-9.859544984109039234e+00,-3.941082496131254054e-02,5.415140300565924214e+00,-1.713143510879601372e+00,1.040454382975025682e-02,2.563903820738568484e+00,8.534959593052608540e+00,-7.177613759170688112e+00,-3.634076133385788943e+00,-1.664933443887241626e+00,8.426371819881428138e+00,-2.853120810654090622e-01,1.435845730802489673e+00,4.654741738404213791e+00,1.069133171434907048e+00,-2.899072189152417156e+00,-7.192587997789065213e+00,-5.674022063169470442e+00,1.959002562293267413e+00,-3.081446709916881410e+00,1.215643832944122149e+00,4.911266324012739659e-01,6.593405833115079773e+00,7.753675988878488967e-01,2.416272104580291291e+00,-2.391582594983282295e+00,-1.805692188935865472e+00,9.527207208472884048e+00,-2.158870158230786540e+00,-1.272561378548044742e+00,-5.088933421192521678e+00,5.502664676638915786e+00,2.328085523842072568e+00
-4.700351683334463182e+00,-4.237129102428729510e+01,1.877650168816681386e+01,3.483885145096527225e+01,-2.702975264370478925e+01,-3.714895651710553892e+01,4.295727283854404277e+01,3.638268775158497448e-01,5.260984159462190490e+01,-2.365225811415717416e+01,5.694182162646198364e+00,-9.558366177468056435e+01,1.163842809461310424e+01,-4.930324066434954133e+00,3.564789862312115787e+01,-1.100978196098644268e+01,1.409195783545325220e+01,9.726247424040614931e+01,-2.212177581955722161e+01,-8.030539747504011672e+00,-3.560913492614854903e+01,-8.930462995163637174e+00,-3.606786939826569949e+00,1.519128588518476874e+00,5.167378448267729851e+00,-2.088520474282156059e+01,-3.274105717480108524e+01,5.348137103946448256e+00,1.235159545714004636e+01,7.098782841363592411e+01,1.448504556184364844e+01,4.126408696503612106e+01,2.212178092503680915e+01,2.118152565054761283e+01,-5.426743731502856605e+01,1.135628904566010000e+01,9.425689192955752915e+00,-3.969489240912467665e+01,1.180640030804799245e+01,5.815455222603412722e+01,-1.992917843810760914e+01,-9.293365844562931244e+00,-4.435686309637844715e+00,7.524704711358745612e+01,2.765937268473109967e+01,3.885923121408565351e+01,-5.439083657048286824e+01,-1.930473492545417358e+01,4.373312879286255139e+01,-1.826924911711768473e+01,7.649181616972585118e+01,-2.175477592939646598e+01,2.246585232803819210e+01,-3.093523339477142287e+01,-3.217144295788564978e+00,3.541157198224259872e+01,-4.241489504191246596e+01,-2.925056660993333324e+01,-2.052344493580837792e+01,1.834327694603173597e+01,1.519117882905985439e+01,-1.657900610731160640e+01,3.564885761997132363e+01,2.598151079373348438e+01,-3.965084719927324386e+01,-1.536457186986832646e+01,-2.269677655399104665e+01,-6.229674980613184943e+01,-5.991867651576200160e+00,1.569397692078585749e+01,-1.021744840719275338e+01,1.030168040779103178e+00,3.631522966333323943e+00,6.432739773067105205e+01,-3.920540494040999135e+01,-1.886331956878947835e+01,-8.193417295173105686e+00,3.924996442847714206e+01,1.111286457194753652e+01,1.579869194948529199e+01,4.984790173910113964e+01,9.993578478522197051e-01,5.374319463595386814e+00,-5.117206172732531400e+01,-3.554807941064007792e+01,9.011093591404087277e+00,-7.023835190459757882e+01,1.754113362543372645e+01,-2.579527482657437787e+01,1.539326321740650094e+01,-1.829094763662732603e+00,1.986908959662354590e+01,8.659689886741249509e+00,-1.061299050776590214e+01,1.618464816858665500e+01,5.014854893522167956e+00,-9.098322044425791733e-01,-3.482658859142482299e+01,4.958701442592374065e+01,6.446347300063266061e+00
-4.181597787045978620e+00,-5.294389336125830425e+01,2.165705525299379630e+01,3.648685743495389744e+01,-3.449346324259089158e+01,-3.682869433793864999e+01,4.313229601893301890e+01,3.917877255588091412e+00,5.910001981111793157e+01,-2.967494246259514412e+01,9.715554005774453827e+00,-1.057532991223364718e+02,8.747559233042100146e+00,-3.795186306801175746e+00,4.401753969933696453e+01,-7.850352540268056067e+00,1.748549224177656214e+01,1.033144904725727571e+02,-2.479071470749480000e+01,-9.747404579343207587e+00,-3.679461702888612251e+01,-1.036617618536707397e+01,-4.951790484711563245e+00,3.819085675279528580e+00,4.328304708191739181e-01,-2.379233072009434480e+01,-3.994360522245041523e+01,9.463259101434340792e+00,1.498195445940881143e+01,8.120549710166882562e+01,2.861030346371363464e+01,4.910385725239888899e+01,2.559880480553901094e+01,2.054586309150105095e+01,-5.900834180177862720e+01,1.113414108645388012e+01,1.334316027058866361e+01,-5.029811458840917737e+01,1.434023131464149969e+01,7.523422990665352472e+01,-2.201075035963834736e+01,-7.740802431576353726e+00,-1.269778631044780060e+00,7.939897415654357360e+01,2.917706660716834577e+01,4.159309954766687412e+01,-6.034842033515251103e+01,-2.151497355021941971e+01,4.652575955524791596e+01,-2.321889290416190832e+01,8.295921592840809922e+01,-2.288603685485559680e+01,3.022892160456818900e+01,-3.573878394485574006e+01,-4.471301054153604682e+00,4.267420879334500938e+01,-4.856878440007820785e+01,-3.439584457697507247e+01,-2.304343499182892785e+01,2.917499621497859508e+01,1.992978399465269845e+01,-1.534905401347061549e+01,3.386143278335573115e+01,2.386674644312189031e+01,-4.318203253228359983e+01,-1.475851422933572366e+01,-2.588983550988856308e+01,-6.894812953738760086e+01,-7.566942367698477057e+00,1.435310743785478138e+01,-1.120951148068646752e+01,1.297232804693445818e+00,1.972283911274060886e+00,7.288940531229239639e+01,-4.239038772119717180e+01,-2.020986055928723601e+01,-8.689337506089691132e+00,4.116190426645261624e+01,1.440291337820454665e+01,1.858102506781721175e+01,5.849870753408942647e+01,1.686105329971362421e-01,9.806781056895641058e+00,-5.756829230798174990e+01,-3.929420988418765859e+01,9.424872523515150036e+00,-8.600621281134196749e+01,2.101989693801076697e+01,-3.325604676675490623e+01,1.275879390693969029e+01,-3.120193515249984451e+00,2.274002774491804502e+01,1.345576831028904863e+01,-1.161646754647800250e+01,1.074448258863072425e+01,8.588672674352526570e+00,1.543961676184264498e-01,-3.898027462354610151e+01,5.729490430135886925e+01,5.788763177604606014e+00
-7.313483625692505541e+00,-6.461486380736894830e+01,2.878888934890050422e+01,5.373451163758262794e+01,-4.115760855995245038e+01,-5.747637221755790193e+01,6.641598249543922350e+01,2.567374144559080307e-01,8.079959447286309171e+01,-3.605853064012744369e+01,8.459614261660547641e+00,-1.469395361490392133e+02,1.824700547044809085e+01,-7.722175984998147058e+00,5.440712037794262557e+01,-1.729795426933547731e+01,2.150034855179397297e+01,1.498901346282464431e+02,-3.398038469084140445e+01,-1.227101332983816206e+01,-5.496552233652682418e+01,-1.368689387467103735e+01,-5.461930724475604571e+00,2.151288708186924303e+00,8.398572377103306508e+00,-3.204759489761149638e+01,-5.001230371012229625e+01,7.916405543412960100e+00,1.887466165884074343e+01,1.088993058931169600e+02,2.118454662281234491e+01,6.313785159285170323e+01,3.391083988869164045e+01,3.281077020885120987e+01,-8.351353635956236587e+01,1.758099351011745526e+01,1.423912637725317154e+01,-6.047332587219418087e+01,1.803985577272126406e+01,8.846273385016363022e+01,-3.064020936291360542e+01,-1.450530707047463075e+01,-7.132036480572724102e+00,1.160080366338384721e+02,4.264306084065659519e+01,5.985834533804577262e+01,-8.359964566082120996e+01,-2.966346752810235188e+01,6.739050067630505225e+01,-2.782636259809937584e+01,1.177337080512399865e+02,-3.354518916243987547e+01,3.407402299832389758e+01,-4.742618125135980023e+01,-4.867189197956316882e+00,5.413693528004012734e+01,-6.506261813121598436e+01,-4.479152440378209121e+01,-3.152147454392150294e+01,2.743456632038271081e+01,2.308446142298282666e+01,-2.574437935830189872e+01,5.528283241090671396e+01,4.036098959094625371e+01,-6.101390979761107758e+01,-2.381262473762314258e+01,-3.482447998173800130e+01,-9.576598756003771484e+01,-9.130523691052502500e+00,2.438527743575783546e+01,-1.571533106134581992e+01,1.570111371083106055e+00,5.758761838799501653e+00,9.874182259799019334e+01,-6.035485598303328203e+01,-2.905518242332202661e+01,-1.262798239598797423e+01,6.053333686853913775e+01,1.690225267376339247e+01,2.419232519390706670e+01,7.634243980686564157e+01,1.616954914099911989e+00,7.929581372845301068e+00,-7.858423358554956906e+01,-5.465070574755424104e+01,1.389954355426095844e+01,-1.072625712264709819e+02,2.682697243378639484e+01,-3.924880981541126346e+01,2.403158177619418012e+01,-2.717467720363336170e+00,3.047934373818217679e+01,1.297892818156032035e+01,-1.632603263490618772e+01,2.549690397236469508e+01,7.447593640087135647e+00,-1.498604409459709519e+00,-5.349988137230330665e+01,7.602014973659871089e+01,1.002551855267286562e+01
-3.029321827798655775e+00,-1.340649326237988781e+01,7.586113027435293255e+00,1.744567466631238872e+01,-7.896736041981962551e+00,-2.049641282764414996e+01,2.320390561695148435e+01,-3.042090140844007973e+00,2.269664945854433569e+01,-7.373473299387628188e+00,-5.690566086985224814e-01,-4.271481750871959093e+01,8.965263462940511019e+00,-3.716310426943525869e+00,1.175807477761165742e+01,-8.868184423153682161e+00,4.570651581710385436e+00,4.738161778751612019e+01,-9.598443392579744327e+00,-2.802483988788198488e+00,-1.828626303628098526e+01,-3.548236644217716673e+00,-7.355064101499861895e-01,-1.270483522316881997e+00,7.126557146647771290e+00,-8.708763445885661980e+00,-1.124106446622495881e+01,-8.427276075178209425e-01,4.319840022084230569e+00,2.929392924583840951e+01,-4.998882516506492735e+00,1.529563331540353843e+01,8.861774337359946685e+00,1.209962601532345161e+01,-2.519286179915111390e+01,6.378937444299333848e+00,1.555141971035459036e+00,-1.192294844958026623e+01,4.111318558323795003e+00,1.605861844065571375e+01,-8.941400073912863178e+00,-6.469803715044926129e+00,-5.298592478961412944e+00,3.714011108336320177e+01,1.365971912672690536e+01,1.864236461725807104e+01,-2.415081850337658409e+01,-8.484483774920862587e+00,2.123959473541171050e+01,-5.423992321767160618e+00,3.570626533240258027e+01,-1.080062893214834929e+01,5.141633471790866494e+00,-1.244590902307341374e+01,-6.064071936035857480e-01,1.263871682853401524e+01,-1.745842507793411613e+01,-1.121813012020860789e+01,-8.864934133445803610e+00,1.019974434356729631e-01,3.942289930780774387e+00,-1.013819289092365850e+01,2.101804854288686286e+01,1.605861491938877350e+01,-1.834605069464222993e+01,-8.908931535819924363e+00,-9.433371083294790793e+00,-2.781817789568615495e+01,-1.822957311033575944e+00,9.757961354311712299e+00,-4.652641350868688797e+00,3.168210716343835553e-01,3.487707440985954754e+00,2.718082075701673261e+01,-1.841939249232215303e+01,-9.031778030136422331e+00,-4.004114978798103408e+00,1.960416726182139513e+01,3.044732289071624187e+00,6.056091959666304092e+00,1.922480889242493163e+01,1.300858895593856257e+00,-1.117782870594462352e+00,-2.200031960518676399e+01,-1.591870101080129452e+01,4.523712275951517370e+00,-2.382660314912821775e+01,6.368881114356977236e+00,-7.228011233566033589e+00,1.077369027119158140e+01,1.821979641525064419e-01,8.189111845016375568e+00,3.375708769981535795e-01,-4.857362223072444252e+00,1.376185368786907937e+01,-5.305246876503493247e-01,-1.465015539719682680e+00,-1.515476042042351068e+01,1.994250565274231946e+01,4.105489565013766828e+00
-4.208226076990399633e+00,-4.871850112476900563e+01,2.031306183698201906e+01,3.507567793652204813e+01,-3.158737571082152229e+01,-3.593232234775500444e+01,4.193607351101234570e+01,2.867425073668568469e+00,5.579721438457639948e+01,-2.728086233927577098e+01,8.386179568850549160e+00,-1.002276041871662784e+02,9.283903558618719742e+00,-3.996184538193364055e+00,4.061645756663483553e+01,-8.482096870743465189e+00,1.611613975880635152e+01,9.894983781817293789e+01,-2.341952588042526173e+01,-9.030600854656151810e+00,-3.549835041004932634e+01,-9.707717593181913074e+00,-4.461790520855858588e+00,3.105084454074989342e+00,1.681548194054256040e+00,-2.238435124303506996e+01,-3.696176827892863770e+01,8.115654592979517190e+00,1.388247447595871265e+01,7.632130630171936048e+01,2.408783586470548954e+01,4.570824842243479225e+01,2.399097924711725938e+01,2.016744255328730162e+01,-5.617360614522092987e+01,1.089650718034844168e+01,1.194475335472824362e+01,-4.613509162178911538e+01,1.328354968606386954e+01,6.868264801434460765e+01,-2.087000467165707107e+01,-7.947746918208176581e+00,-2.078643867377576449e+00,7.617752866710360138e+01,2.799540673117401113e+01,3.975678225601781435e+01,-5.715410781257411088e+01,-2.035319330186554154e+01,4.454232719025543474e+01,-2.128251497199086018e+01,7.902653836982760538e+01,-2.197491780453755439e+01,2.735681572940443829e+01,-3.350759232872582771e+01,-4.018289734491376386e+00,3.960359663528508634e+01,-4.563618938413295467e+01,-3.210948534677964261e+01,-2.175846518390027740e+01,2.551416012331448258e+01,1.813724772349688763e+01,-1.526733708581909355e+01,3.343468238851613705e+01,2.379352329236998642e+01,-4.109113242573560854e+01,-1.452646751760376098e+01,-2.434983943179555155e+01,-6.533992671591337853e+01,-6.945998043839376912e+00,1.432746042881347570e+01,-1.064666683757934429e+01,1.191568786758509191e+00,2.361375839213018857e+00,6.866757711877836812e+01,-4.041274095389648835e+01,-1.931276764812264446e+01,-8.325729364466715410e+00,3.955586297209712399e+01,1.314326902874486969e+01,1.734516374672283945e+01,5.463680784512318667e+01,3.852469146514568288e-01,8.365550148581981205e+00,-5.433132028016311921e+01,-3.724971990113404274e+01,9.063524245864932993e+00,-7.951670072935422695e+01,1.953365311476204624e+01,-3.038372315664458512e+01,1.311997497319971018e+01,-2.693360867117378099e+00,2.136972858393393437e+01,1.182048999606061557e+01,-1.103973782808090220e+01,1.190617996525072542e+01,7.408464870920651535e+00,-1.329981237893951285e-01,-3.683566797568956019e+01,5.371607820021063162e+01,5.809508786003767966e+00
-2.081898130449299611e+00,-2.931442906406634563e+01,1.174226598727298132e+01,1.923028421583242320e+01,-1.919786708497159822e+01,-1.906844179003225648e+01,2.242703922671039862e+01,2.647141442741098416e+00,3.180721625430915722e+01,-1.644735934003955435e+01,5.738211251964234094e+00,-5.666675196752565569e+01,4.043847132655637999e+00,-1.774980898350759562e+00,2.429952572144727796e+01,-3.531661933409473875e+00,9.664583192675928913e+00,5.469046734571814028e+01,-1.333296511640520521e+01,-5.357435250231070256e+00,-1.931034870374729806e+01,-5.630265716135536280e+00,-2.803154281788690749e+00,2.379627631963422196e+00,-5.915210334905430800e-01,-1.285560981319253671e+01,-2.198287984355109259e+01,5.623367918172310631e+00,8.233019563215314918e+00,4.392834817495670308e+01,1.729148115170083955e+01,2.684929174511311345e+01,1.389189381696790804e+01,1.055904597238098752e+01,-3.145802332075907515e+01,5.743210949649432351e+00,7.603967768961585882e+00,-2.794586181966690219e+01,7.883156415380794257e+00,4.201077274566388553e+01,-1.178817503233326924e+01,-3.751813025208436514e+00,-1.135180768817757313e-01,4.194451309719359244e+01,1.541213748795010297e+01,2.206896107261145801e+01,-3.236363698177155612e+01,-1.155292123447309294e+01,2.464042381354273203e+01,-1.290999242392460467e+01,4.419240853044713901e+01,-1.207883513138600584e+01,1.703507413181543839e+01,-1.938587992328417542e+01,-2.537992791117813507e+00,2.341113204953436266e+01,-2.628079113631518027e+01,-1.874746203853821669e+01,-1.239999321979605540e+01,1.701687197567289545e+01,1.116570597733575454e+01,-7.758092270280995351e+00,1.727471227173536406e+01,1.202843840891047300e+01,-2.303149354579670316e+01,-7.559012947375162383e+00,-1.399405660295041187e+01,-3.694873531780712739e+01,-4.200763350436017340e+00,7.221814321465831021e+00,-5.991687074013787750e+00,7.196447588828116526e-01,7.380620220942804011e-01,3.932468799368628964e+01,-2.256073630313405332e+01,-1.072632051962804134e+01,-4.597523402671082060e+00,2.170335194217802055e+01,8.046082447141934324e+00,1.012807345958313654e+01,3.186748781216174820e+01,-5.567456446716023688e-02,5.856456817479113397e+00,-3.099565456783343720e+01,-2.104976204665488027e+01,4.965295320881350172e+00,-4.737806226079347027e+01,1.151455129851081516e+01,-1.855481990682567073e+01,6.170924973241429967e+00,-1.842786154499804097e+00,1.230295220675894896e+01,7.813919247514615307e+00,-6.204970821475201959e+00,4.641250643368136863e+00,5.075905408808990771e+00,2.636528617123201634e-01,-2.095701382245767164e+01,3.107983533256359010e+01,2.892498980523014129e+00
-6.867920527112854501e+00,-6.571866495090554849e+01,2.867207185285332116e+01,5.227646749920093328e+01,-4.210323787610234092e+01,-5.522404300188857462e+01,6.399461935095186504e+01,1.429122423710279755e+00,7.994146457622441915e+01,-3.671528675089042082e+01,9.481170558401627702e+00,-1.448358185669281113e+02,1.660435694120298322e+01,-7.056364094814238541e+00,5.515937833054471184e+01,-1.560142241757533377e+01,2.182624299614555952e+01,1.463068628977612775e+02,-3.359937153478968952e+01,-1.238386549728362596e+01,-5.330769821200118486e+01,-1.365338307545069974e+01,-5.705322945978922533e+00,2.835869017518710233e+00,6.510452596818572246e+00,-3.181795425415968737e+01,-5.054049753981466608e+01,8.989420439605380508e+00,1.904477421516305569e+01,1.082317539174975565e+02,2.509127895767190353e+01,6.338793786120164953e+01,3.380116782562074462e+01,3.137441254055566375e+01,-8.197232859230456370e+01,1.685074596570229843e+01,1.501035642884060550e+01,-6.174193019815694328e+01,1.820903262352754126e+01,9.084025706928474619e+01,-3.018855757727634881e+01,-1.344743095317186388e+01,-5.812883962100326762e+00,1.130578048644973279e+02,4.155576644266113817e+01,5.853279942193456264e+01,-8.245985394840398897e+01,-2.929107203476256061e+01,6.580329230634303883e+01,-2.843359706335316162e+01,1.154891065939002033e+02,-3.266903823030267517e+01,3.538366817486873828e+01,-4.725309097530637104e+01,-5.102572563480631374e+00,5.453112405674057328e+01,-6.468017209197377326e+01,-4.483044449776470941e+01,-3.118272630999631545e+01,3.001262909369659937e+01,2.379854467733339973e+01,-2.437419514491199024e+01,5.262446261114866530e+01,3.815084778141526556e+01,-5.991038570382280426e+01,-2.272204903302261414e+01,-3.458625995584241508e+01,-9.440271394517222348e+01,-9.313467604512872811e+00,2.302894607725017195e+01,-1.545854604524721765e+01,1.600310611513037218e+00,4.991951649227726051e+00,9.790286655700114693e+01,-5.916080043389644061e+01,-2.841825681251150471e+01,-1.232145812106924687e+01,5.890924221328685917e+01,1.736539598133593998e+01,2.421445040719407871e+01,7.636927268038920147e+01,1.280306093172778326e+00,9.107641947673101868e+00,-7.777756769655931635e+01,-5.385622943301913779e+01,1.351822917269447366e+01,-1.085019516494389222e+02,2.698234756506323606e+01,-4.026472480790555863e+01,2.225824296072980246e+01,-3.045394460831834849e+00,3.029621711472819712e+01,1.408940472242085384e+01,-1.605024366118201229e+01,2.273576889000293022e+01,8.358089667212990292e+00,-1.088725317619464006e+00,-5.288391056491774833e+01,7.574542955612831463e+01,9.432533745092552380e+00
-3.287874665245355210e+00,-3.458871520703245039e+01,1.474189138290914336e+01,2.615278600780288087e+01,-2.229850606648729539e+01,-2.721250808192850457e+01,3.164427774998456755e+01,1.421266897804343898e+00,4.079209403554544622e+01,-1.934716303916893310e+01,5.492503130746675843e+00,-7.358617000738988168e+01,7.619550310028150975e+00,-3.256884443536565144e+00,2.892971348196274306e+01,-7.070110789664200368e+00,1.146376649244532508e+01,7.348395267860226454e+01,-1.713305201175792902e+01,-6.462377449463899026e+00,-2.656904576422327935e+01,-7.032842403889545402e+00,-3.088775501980715710e+00,1.863675416552151631e+00,2.262734237942868987e+00,-1.630109483902171874e+01,-2.641337819199775794e+01,5.268482046751255865e+00,9.936291931143916401e+00,5.551588599638371591e+01,1.523660797076109219e+01,3.288741486151879911e+01,1.739538106326279632e+01,1.536890552206522997e+01,-4.144310239196165213e+01,8.278422900620869385e+00,8.202636325945880102e+00,-3.263063836665441642e+01,9.504062040928214827e+00,4.830687151882919750e+01,-1.533011072473012248e+01,-6.329621225647905192e+00,-2.233925579165012110e+00,5.667868978754160025e+01,2.083124915378216357e+01,2.946156179161215150e+01,-4.192880624834575798e+01,-1.491271173464631694e+01,3.306452544681089023e+01,-1.504057724181788736e+01,5.834565916839924427e+01,-1.636401858411772281e+01,1.903974583368352924e+01,-2.430673819417258130e+01,-2.772771177578542634e+00,2.839657489507163390e+01,-3.318634966927094609e+01,-2.317889791517412945e+01,-1.590941028002515800e+01,1.700448548656749637e+01,1.270869348566159474e+01,-1.179164635961166141e+01,2.563317225052768222e+01,1.841828916335966682e+01,-3.030248477584175504e+01,-1.110117749908740414e+01,-1.772600607780589144e+01,-4.796742836136566979e+01,-4.917266703975296416e+00,1.110485759548219598e+01,-7.835171770190080487e+00,8.442021460320245918e-01,2.131709584396056290e+00,5.008084924729622145e+01,-2.986255463557339240e+01,-1.430775037371757996e+01,-6.185794803182295354e+00,2.948205756310035142e+01,9.239577289399676374e+00,1.252035518996995300e+01,3.946257239758460855e+01,4.651685037019477331e-01,5.390751175660569494e+00,-3.970436393273672593e+01,-2.735540297015678846e+01,6.760385614817913336e+00,-5.676651485875349579e+01,1.402769148406173016e+01,-2.138981245838797918e+01,1.046379998806094491e+01,-1.764099082686106046e+00,1.554217473319840259e+01,7.924598275057609165e+00,-8.129728150217534477e+00,1.013492175469982470e+01,4.847690695150285833e+00,-3.235442675742079555e-01,-2.695717742468328382e+01,3.896464111185831314e+01,4.526677108544399530e+00
-2.687547203110887573e+00,-2.735821672411904970e+01,1.175300270517113255e+01,2.104798863607539872e+01,-1.760020139697220287e+01,-2.201702444929084379e+01,2.557142046581671835e+01,9.460916191900672345e-01,3.260609137596308926e+01,-1.529657431367792242e+01,4.210626597189263798e+00,-5.890697870385589852e+01,6.324700514403135188e+00,-2.697678295704163176e+00,2.290919517513121306e+01,-5.895860221150806879e+00,9.073666805778927369e+00,5.905938326558406715e+01,-1.369810948001548567e+01,-5.126221807316881041e+00,-2.141089663999678194e+01,-5.603437259772890755e+00,-2.420209328579125074e+00,1.375321942701090316e+00,2.099459378687511979e+00,-1.301195471352667354e+01,-2.094159441573882319e+01,4.024175355615597027e+00,7.882410593291631962e+00,4.429611846526930918e+01,1.151107623581801853e+01,2.613886859936967610e+01,1.386405151232238708e+01,1.246059330715461932e+01,-3.323222033122820562e+01,6.705003740911806176e+00,6.407444167302106308e+00,-2.577354865635479797e+01,7.538503442151466061e+00,3.807662106036690375e+01,-1.227412911901586412e+01,-5.205522922149569354e+00,-1.986630858933988275e+00,4.558237369043901310e+01,1.675346684129388564e+01,2.366083944086884117e+01,-3.355541686424514580e+01,-1.192935702872615522e+01,2.657014117811546683e+01,-1.187635643897693960e+01,4.679779172830548362e+01,-1.316419064023538432e+01,1.494871374571800438e+01,-1.937551186617781696e+01,-2.169935285599677854e+00,2.254139178975835023e+01,-2.647676081093993972e+01,-1.844425336562935058e+01,-1.271741280386020456e+01,1.312823652912413053e+01,1.000329486039924021e+01,-9.602639607966487745e+00,2.082402753978180598e+01,1.501016057994019093e+01,-2.429513468838858614e+01,-9.008848250600458130e+00,-1.414753960202499172e+01,-3.839747020679582334e+01,-3.885239158037597562e+00,9.053767000648036856e+00,-6.277368761614882331e+00,6.672134282535624461e-01,1.817996839131601261e+00,3.999691105532406254e+01,-2.395925426668004476e+01,-1.148960354398725592e+01,-4.972323498770266248e+00,2.372432477575773646e+01,7.281526879765680249e+00,9.962706947516734246e+00,3.140796803446061602e+01,4.234646426532376329e-01,4.104904365003021027e+00,-3.173212690091889954e+01,-2.190042802194135163e+01,5.441514621682562947e+00,-4.499032372073885000e+01,1.114149315057139589e+01,-1.686577614806273573e+01,8.609372323339883337e+00,-1.352410444824117874e+00,1.240050509413165791e+01,6.132524933489892582e+00,-6.514838265421576402e+00,8.503657059754219816e+00,3.714903421053742605e+00,-3.223021334998283915e-01,-2.155523661761481335e+01,3.105926011355354177e+01,3.696926577999032126e+00
-3.971592150483005845e+00,-3.978932033372376509e+01,1.716043507799204804e+01,3.087366933399838231e+01,-2.557070189379168568e+01,-3.237759396933654443e+01,3.758250348201906377e+01,1.247264180799940725e+00,4.766841522439048617e+01,-2.224258124071906195e+01,6.027211603094875692e+00,-8.618175095016165699e+01,9.413908854106344037e+00,-4.011367757317062299e+00,3.333826385469095044e+01,-8.794362287402179845e+00,1.320114646436955752e+01,8.657200918603699336e+01,-2.002825292866999973e+01,-7.466153199042834920e+00,-3.142580997968812184e+01,-8.179002026648854340e+00,-3.503371025436463171e+00,1.928852757345764113e+00,3.277301899415600239e+00,-1.901000118773130865e+01,-3.049303786289255669e+01,5.749346692670266101e+00,1.148082830999359238e+01,6.470208681674670004e+01,1.635086480018552990e+01,3.810722144953145119e+01,2.023956306449891329e+01,1.834252931751875693e+01,-4.865943171646814847e+01,9.865213617199849239e+00,9.260691848785738145e+00,-3.745864813501013657e+01,1.097918721352060700e+01,5.528251213648932350e+01,-1.795873680257913207e+01,-7.714709501071251196e+00,-3.048120705624805193e+00,6.683773146858500525e+01,2.456605329016945660e+01,3.467068155580116695e+01,-4.908540867215039327e+01,-1.744673327754481207e+01,3.894493523149664327e+01,-1.725823504745053683e+01,6.853090174889253205e+01,-1.930547616967724522e+01,2.166097355411971748e+01,-2.828776834446146893e+01,-3.139139716487516552e+00,3.284228803895823745e+01,-3.867197552007931449e+01,-2.690503826649219832e+01,-1.859265786433947909e+01,1.886102221771373877e+01,1.451338472851840145e+01,-1.416537534170180379e+01,3.068313658472958139e+01,2.215006193086035324e+01,-3.557089794127406179e+01,-1.326732551132275439e+01,-2.066774941393332199e+01,-5.617513959384639577e+01,-5.647653025986277164e+00,1.336301927487995833e+01,-9.187580194651998156e+00,9.700115535506281805e-01,2.739408102557977287e+00,5.844916047062691433e+01,-3.509113522568230792e+01,-1.683516984412950279e+01,-7.289214048667747470e+00,3.479718474468732126e+01,1.057090779428453509e+01,1.453269475391437204e+01,4.581997023590281515e+01,6.560228833647960833e-01,5.855206194259712227e+00,-4.638749437969756428e+01,-3.204204116820882575e+01,7.982233307934073707e+00,-6.549849905713142562e+01,1.623737666499778953e+01,-2.449122744425653408e+01,1.276198827198785501e+01,-1.935900269304967836e+00,1.811264114862257912e+01,8.821096200044213020e+00,-9.536195698747079064e+00,1.271985293279051099e+01,5.316574160636571733e+00,-5.167411503358914082e-01,-3.151816267360615242e+01,4.534544028665327176e+01,5.460967789197191280e+00
-1.847080661199105744e+00,-5.522540969146012557e-01,2.149852003062913131e+00,7.891558212060672872e+00,4.069308426701354620e-01,-1.060809421291341614e+01,1.169095718102694192e+01,-3.651423102432726608e+00,7.692554747307535301e+00,-1.806346436129668831e-01,-2.671173151686319525e+00,-1.568845971856892518e+01,6.269380242542427872e+00,-2.561372895223929635e+00,1.019204692352736252e+00,-6.379107131497766758e+00,3.132360905072639756e-01,2.049954016281394331e+01,-3.298069130139537286e+00,-4.075872280634589284e-01,-8.592792137660367757e+00,-9.531862939250421718e-01,4.228055818631303309e-01,-2.008090758435365331e+00,6.426798592281372180e+00,-2.704759878335503132e+00,-1.447693498242602850e+00,-2.865810715977139544e+00,6.377880981265382498e-01,8.838125760085285165e+00,-1.090755445515081234e+01,3.131208548561395855e+00,2.444976653202659556e+00,6.526794661291305921e+00,-9.997509608295839456e+00,3.374017742867917669e+00,-1.529893609061514725e+00,2.199734986400834202e-01,5.889709112829222271e-01,-1.953901112075255853e+00,-3.311998108145087105e+00,-4.208230689484765641e+00,-4.568508279719813991e+00,1.641919834255706334e+01,6.044329635919030608e+00,7.856667101515991902e+00,-8.747177732281592455e+00,-3.003534716445289021e+00,9.142042339693489339e+00,1.747150877091838694e-01,1.431887985113559125e+01,-4.819934268861415738e+00,-1.984673775494145254e+00,-3.481082883234851710e+00,4.346172302998397852e-01,2.122533575365125547e+00,-5.229136048242155610e+00,-2.654588243437548734e+00,-3.013448476199126258e+00,-6.363946382615189634e+00,-8.028681909034824926e-01,-5.881798098804491559e+00,1.174226621727455111e+01,9.415256998674166766e+00,-7.233786718850762298e+00,-4.887418096888214158e+00,-2.903718013756296124e+00,-1.020036338782541563e+01,6.325153403780814365e-03,5.754223140192840091e+00,-1.777339764904251718e+00,2.854733722267466245e-03,2.755606368131512163e+00,8.744698603299873696e+00,-7.476127646454897580e+00,-3.793307536088420306e+00,-1.741564512616923244e+00,8.832395483694497784e+00,-4.010979079585463847e-01,1.430314427480736672e+00,4.648033520023321152e+00,1.153295376666690464e+00,-3.193587332859368466e+00,-7.394254470036628391e+00,-5.872641141803246256e+00,2.054331157684888609e+00,-2.771601604174893652e+00,1.176800050124912733e+00,7.451053805248477602e-01,7.036740536981173300e+00,8.573492840049735664e-01,2.462053760443786654e+00,-2.669201730198414779e+00,-1.874639432366908887e+00,1.021749097906332437e+01,-2.386494165012249979e+00,-1.375031151508106175e+00,-5.242926123038910369e+00,5.571344721756515739e+00,2.476331725737151324e+00
-3.354667387936352441e+00,-1.111906987434234750e+01,7.190242843930297667e+00,1.797667627181957428e+01,-6.191330659286621518e+00,-2.177384248745391915e+01,2.449436804874989093e+01,-4.247332345759367911e+00,2.212863961006449642e+01,-6.055210122150809227e+00,-1.766717892484445329e+00,-4.223809581775827127e+01,1.032077050202854451e+01,-4.259895623288925570e+00,1.001345170230462855e+01,-1.029586765494748946e+01,3.851909087841615342e+00,4.836728002091629008e+01,-9.380176561372458366e+00,-2.467182666772223421e+00,-1.899981736990352132e+01,-3.337473088914130859e+00,-3.884441290123832324e-01,-2.010087121758497908e+00,8.909801796426497944e+00,-8.370084499243057863e+00,-9.804601572825692557e+00,-2.083361006117591341e+00,3.807650921270777200e+00,2.802758477925783254e+01,-9.379123008331065492e+00,1.390895120627783044e+01,8.366871114688073874e+00,1.298308595149793199e+01,-2.527579844141263976e+01,6.811976195871155326e+00,5.103510808707953927e-01,-9.540909120803627630e+00,3.615036032676627542e+00,1.203974233394957238e+01,-8.855284896093891689e+00,-7.293442697549659570e+00,-6.521834108764141824e+00,3.808417836196544215e+01,1.400964143248597082e+01,1.892801874843449994e+01,-2.382112118187730232e+01,-8.334691724552829584e+00,2.165834530603815367e+01,-4.303852461310577304e+00,3.589679285150176469e+01,-1.109722777365288415e+01,3.190278805483295343e+00,-1.177394244453076766e+01,-2.781964610405558425e-01,1.126563209834488788e+01,-1.668505675075888917e+01,-1.037621977981570609e+01,-8.647413669055167063e+00,-3.029461281252832094e+00,2.797635801154839008e+00,-1.108041745152623392e+01,2.275058452743000004e+01,1.759931405258985393e+01,-1.838363931222161440e+01,-9.599398360587683143e+00,-9.053754484797227775e+00,-2.749949483008285966e+01,-1.472109366623837623e+00,1.071033567715688406e+01,-4.634212088708654420e+00,2.577789461746946564e-01,4.169883022311327458e+00,2.627189530619234148e+01,-1.856149603640452739e+01,-9.163784669440055097e+00,-4.091907027357647664e+00,2.018347992971267502e+01,2.267767641772569398e+00,5.600237519446352508e+00,1.783031583601442804e+01,1.616668791566342911e+00,-2.466229971464242610e+00,-2.141927422206294551e+01,-1.575373402063413586e+01,4.665328221529049912e+00,-2.063666820364502286e+01,5.729387930137207263e+00,-5.484805552409207863e+00,1.215945727698667511e+01,5.666891651208980640e-01,7.830879304991124279e+00,-1.032078399158992355e+00,-4.847459575290271161e+00,1.613298892491484793e+01,-1.596327047828318690e+00,-1.857940122998258836e+00,-1.482759215244998252e+01,1.886260552547504687e+01,4.533247778858417121e+00
-3.322717487464811548e+00,-2.453117293369233920e+01,1.151238821978193805e+01,2.267494872173592668e+01,-1.539338854857047423e+01,-2.491711545101663461e+01,2.861906660173208294e+01,-1.020655061674537123e+00,3.281857257453446408e+01,-1.365066399732282498e+01,2.372117732771841681e+00,-6.020275532013219788e+01,8.798422590329442627e+00,-3.695406142375735392e+00,2.082538268815434890e+01,-8.474175605244143483e+00,8.202277644375225663e+00,6.278758616846838692e+01,-1.382116355657416484e+01,-4.751355476520489063e+00,-2.335368517671732747e+01,-5.452165281578590594e+00,-1.929955219479243311e+00,1.965732625594340810e-01,5.133378520268718326e+00,-1.291085920146323929e+01,-1.929950772041868134e+01,2.107742756029606035e+00,7.311621212496843825e+00,4.376377282000910185e+01,4.649281241502976059e+00,2.476352944413449109e+01,1.353386852869575740e+01,1.436827136984866016e+01,-3.454721914823464601e+01,7.661236470423282263e+00,4.900473757034468747e+00,-2.273333496103541052e+01,6.981929233260331991e+00,3.275572637001775433e+01,-1.256605810310683147e+01,-6.756886617475039714e+00,-4.087150810610157059e+00,4.876407935526258797e+01,1.792775426762480606e+01,2.497318002256948688e+01,-3.419704320608272496e+01,-1.210339088457380718e+01,2.820644457515331638e+01,-1.043808718127023738e+01,4.877195465231768878e+01,-1.412281925900389012e+01,1.223977715470999783e+01,-1.894672844576179926e+01,-1.702101178199783460e+00,2.106116762149410704e+01,-2.613127095041038572e+01,-1.770043223246477737e+01,-1.280696136908462179e+01,8.396259214403405835e+00,8.457981814509521357e+00,-1.150659379313743713e+01,2.443716436496903910e+01,1.809894361573151755e+01,-2.521824836363089517e+01,-1.047393901758129608e+01,-1.401873403959656095e+01,-3.922892091713824669e+01,-3.440605428819055511e+00,1.095512060185014036e+01,-6.469178052789877675e+00,5.928630125173427468e-01,3.014569022599503878e+00,3.990543863004074154e+01,-2.504392520905257769e+01,-1.211574138597575612e+01,-5.294186377293467416e+00,2.552628117783105210e+01,6.250017968242498334e+00,9.559113595060342305e+00,3.020633966580577834e+01,9.625970638403344992e-01,2.012400199983059856e+00,-3.189201094861394381e+01,-2.240253297661671894e+01,5.869328191513405457e+00,-4.129010996370203657e+01,1.047488823481568332e+01,-1.457020923160771808e+01,1.121425652534926520e+01,-7.622078305493833472e-01,1.224529521766927509e+01,4.076667570661880013e+00,-6.729211734536954204e+00,1.274014982685437403e+01,2.077670017455348184e+00,-9.858329704526684889e-01,-2.177591681221785436e+01,3.036738784393810064e+01,4.537825103528605020e+00
-4.044634949638542309e+00,-3.892462896793391991e+01,1.695750734975080931e+01,3.086639320489717520e+01,-2.494725832957362144e+01,-3.257735067884443936e+01,3.775901944476474625e+01,8.939113378253389364e-01,4.725773435067386430e+01,-2.174782140885719528e+01,5.651252677321945583e+00,-8.559762058819875108e+01,9.755222934393014356e+00,-4.147016559252339363e+00,3.266325169634575332e+01,-9.159662496963914435e+00,1.292582396718328575e+01,8.640674857117619467e+01,-1.986156980648845760e+01,-7.330930848631791896e+00,-3.146821165057677661e+01,-8.075926593566757461e+00,-3.385314010940835949e+00,1.705982303449366189e+00,3.773547929648808363e+00,-1.881394233176037645e+01,-2.992147315184734069e+01,5.362460779195983740e+00,1.127387589821239899e+01,6.400208229792923476e+01,1.500538055422295969e+01,3.751049848407246401e+01,1.999216448927270307e+01,1.850167969162505699e+01,-4.843096266856346688e+01,9.938688658314990931e+00,8.911962793022951246e+00,-3.657881150122216241e+01,1.077941434893838490e+01,5.383914064439590419e+01,-1.784082083453315803e+01,-7.911756626540265458e+00,-3.384378906567381051e+00,6.676283779093853354e+01,2.453937032394366113e+01,3.457310051547873542e+01,-4.873596903507851152e+01,-1.731314541891229553e+01,3.886349558467696141e+01,-1.684634569237988444e+01,6.823034881316796429e+01,-1.929072643519405617e+01,2.098701768099513743e+01,-2.794767199120177281e+01,-3.028397268568403078e+00,3.227678160560756027e+01,-3.824884370843728476e+01,-2.652320043334631450e+01,-1.843363430182598250e+01,1.786193674785414132e+01,1.410867415502095312e+01,-1.436310094812397153e+01,3.102266611225291015e+01,2.247862929453433622e+01,-3.539725197930888356e+01,-1.339724902003470497e+01,-2.045131136399098182e+01,-5.579210389945662030e+01,-5.517386575126846715e+00,1.356782699645140511e+01,-9.134630820868762768e+00,9.479881334128752446e-01,2.921541222666880877e+00,5.788445248622908679e+01,-3.495005801636971654e+01,-1.678585886039859076e+01,-7.276681177343911955e+00,3.478346651645886567e+01,1.029246814491868101e+01,1.432612976072791611e+01,4.518100220720781124e+01,7.435151548070167982e-01,5.436741093347700726e+00,-4.597970433746903041e+01,-3.182839704138521597e+01,7.981597793698735899e+00,-6.424072954011440117e+01,1.596911781423273347e+01,-2.386250241703893593e+01,1.309464901813983317e+01,-1.815199343169873192e+00,1.791560806070542711e+01,8.381148243120621899e+00,-9.483892538933814009e+00,1.333633427794132942e+01,4.982251229864676390e+00,-6.271503459536533764e-01,-3.126055160249394760e+01,4.479947711975619740e+01,5.555762671198129610e+00
-3.081818177612194454e+00,-6.268096049809969372e+00,5.323576475388852813e+00,1.509290037680360719e+01,-2.983985315231004520e+00,-1.902465470061674324e+01,2.122981432183323136e+01,-4.832105204373724483e+00,1.714634253945104447e+01,-3.328366445870689638e+00,-2.826453884213131484e+00,-3.344042257655117112e+01,9.897094458933397121e+00,-4.066379568367759489e+00,6.014603205514202244e+00,-9.961680552786221554e+00,2.257806054850443722e+00,4.008883440630965822e+01,-7.294608333888118246e+00,-1.592786408708544599e+00,-1.613052996831841313e+01,-2.439352831344438144e+00,9.427764233125723869e-02,-2.485248941424047064e+00,9.262891799843266938e+00,-6.340346666790100727e+00,-6.207829036905858189e+00,-3.131722445328561477e+00,2.464378670580599895e+00,2.107583296605404044e+01,-1.268582676440479773e+01,9.569982713745710967e+00,6.154576342743000694e+00,1.148660849320123845e+01,-2.044291692178776998e+01,5.991044827580839893e+00,-8.142838949277719784e-01,-4.886817212570390367e+00,2.327985525740831285e+00,4.978940676574914903e+00,-7.027055486383405380e+00,-6.836605317816743188e+00,-6.684063228509693033e+00,3.176271374789139301e+01,1.168732122604458823e+01,1.557099346002936180e+01,-1.878813767273793545e+01,-6.533340265594115515e+00,1.792482527744428822e+01,-2.150930284252003943e+00,2.911840796413233079e+01,-9.280458322231250889e+00,2.799063606152234485e-01,-8.689467845828048098e+00,1.609163889355846866e-01,7.458195850284067951e+00,-1.252375207228735299e+01,-7.365104977311130341e+00,-6.705648502174325287e+00,-6.110405539322245616e+00,9.097616373547099400e-01,-1.002396752332914076e+01,2.034452338787900771e+01,1.597308381965493496e+01,-1.484192318795500043e+01,-8.536622961679093180e+00,-6.842662280923953233e+00,-2.176194700496357015e+01,-7.735760545062515536e-01,9.737972752750806649e+00,-3.708683681936458587e+00,1.382673283941830145e-01,4.156431000896318118e+00,2.008169510289362236e+01,-1.510763930134183397e+01,-7.531144180003115807e+00,-3.396708868168274442e+00,1.692590752364797879e+01,9.143873011537335671e-01,3.973371425266080337e+00,1.271731296318175986e+01,1.671640895177970876e+00,-3.566330506774117559e+00,-1.656005622079699435e+01,-1.248747946939819542e+01,3.921394533841670693e+00,-1.287099751059119690e+01,3.862001536635211618e+00,-2.370946880357981179e+00,1.141262102008627544e+01,9.069969250551943585e-01,5.883387344718724599e+00,-2.436776086374077721e+00,-3.890334563542470647e+00,1.576651390947472997e+01,-2.534684685678130656e+00,-1.956273713801358838e+00,-1.155179255498347146e+01,1.391713291006225184e+01,4.150598343679142488e+00
-7.095115458301201272e+00,-6.589655064432979259e+01,2.897222225364710368e+01,5.328675531753131622e+01,-4.212851491581886165e+01,-5.655611623569436119e+01,6.546808088647910040e+01,1.005906643070385798e+00,8.097633316002317372e+01,-3.679975674259122798e+01,9.186139440646144294e+00,-1.469149322967560067e+02,1.736392088474843476e+01,-7.367156900552458865e+00,5.537346415967140700e+01,-1.637204617196855239e+01,2.190045660427230700e+01,1.489493945452357195e+02,-3.404189146193858306e+01,-1.245277051177683347e+01,-5.440151715414984324e+01,-1.378808680242028650e+01,-5.665885892732321238e+00,2.606663046574205556e+00,7.270935079678350732e+00,-3.218822929050131876e+01,-5.079655938553347738e+01,8.670849104736898738e+00,1.915202027878775937e+01,1.094490341294548159e+02,2.386300841058207922e+01,6.386245343095829696e+01,3.414458249214371222e+01,3.218949553222702775e+01,-8.327941706752437767e+01,1.727319319127965258e+01,1.485792557878393438e+01,-6.182292107732785524e+01,1.830914414189563288e+01,9.076936230590683863e+01,-3.062681047861843808e+01,-1.396125306455941839e+01,-6.355521600862308773e+00,1.151672240233696982e+02,4.233218788802762589e+01,5.954982503294365870e+01,-8.362202035751869289e+01,-2.969181411661889669e+01,6.698272434474658610e+01,-2.846233683648438983e+01,1.173578691095229232e+02,-3.328737087517045978e+01,3.521340597854579357e+01,-4.774052825612444195e+01,-5.060717484928371590e+00,5.487275124222224321e+01,-6.540149653989833212e+01,-4.521734458572637294e+01,-3.158789124687617189e+01,2.932255352939120030e+01,2.374604889458961665e+01,-2.510199405132687289e+01,5.408426819366539462e+01,3.931437229815433909e+01,-6.085717497709784851e+01,-2.333106936216419314e+01,-3.498451077774983276e+01,-9.575491989098117074e+01,-9.328815652439917727e+00,2.373954885452178942e+01,-1.569244756541351293e+01,1.603407338866692067e+00,5.321822774440343018e+00,9.909141581827876166e+01,-6.013454726734998701e+01,-2.890956340231889854e+01,-1.254577083734336185e+01,6.004066870268697187e+01,1.734862791085948430e+01,2.442301806567791900e+01,7.704304044426133657e+01,1.416968863497777065e+00,8.751062495133664854e+00,-7.877392304098768250e+01,-5.463387970332093602e+01,1.378107128377638269e+01,-1.090124612520835541e+02,2.716614091730588498e+01,-4.024740203005146100e+01,2.311703092136358606e+01,-2.950704163406093983e+00,3.063556918026305809e+01,1.380256238724646423e+01,-1.629651033708175234e+01,2.396619446854658975e+01,8.094306823566853382e+00,-1.250907231340391057e+00,-5.358646915536687061e+01,7.652575977767355653e+01,9.737516344803001545e+00
-1.457983298671622796e+00,-2.105977377600755673e+01,8.395569605638261379e+00,1.365832751311708293e+01,-1.380795260007474745e+01,-1.348538673421876410e+01,1.587698956757091295e+01,1.978861144809025863e+00,2.270280328530922631e+01,-1.181863716538068765e+01,4.180302761997935157e+00,-4.040527584647400516e+01,2.776083632095420306e+00,-1.222485804566741940e+00,1.744531877409067988e+01,-2.405637159693778226e+00,6.940398232657803312e+00,3.888446287672702795e+01,-9.515041029942485906e+00,-3.842443855593274726e+00,-1.370126551951357818e+01,-4.027185678215872144e+00,-2.023724571322144783e+00,1.752327286109246929e+00,-5.591104428822992745e-01,-9.184280464664819732e+00,-1.577117917991609986e+01,4.101809019095836284e+00,5.904623747226862562e+00,3.139163016333356637e+01,1.265645321529397549e+01,1.923408607984661245e+01,9.934577335543007592e+00,7.453860078462994032e+00,-2.240377117357515147e+01,4.057924914076272316e+00,5.497630663147801577e+00,-2.009213629106636034e+01,5.654158546892491088e+00,3.023816009736236410e+01,-8.404351960867908033e+00,-2.609119717045591091e+00,1.360298721279395995e-02,2.980766791589832110e+01,1.095232764623073152e+01,1.569950230923954315e+01,-2.308078326217675169e+01,-8.241678827382756367e+00,1.752109082176967547e+01,-9.283374245946928838e+00,3.146722765337079153e+01,-8.581856274945737439e+00,1.228620936240625738e+01,-1.386207699136152804e+01,-1.833371991660034617e+00,1.678374775080140324e+01,-1.878172918895443999e+01,-1.342040344921535855e+01,-8.850349613216440758e+00,1.236438230761242707e+01,8.042666627686994474e+00,-5.453968495453239917e+00,1.217241541714369824e+01,8.449872169163036517e+00,-1.640435273925649895e+01,-5.331591013327805051e+00,-9.998452790001769230e+00,-2.634628097580799633e+01,-3.019650563593920367e+00,5.071149069586151192e+00,-4.269802239417654910e+00,5.172228885205940596e-01,4.730985327610763846e-01,2.808445506360849819e+01,-1.606092132705717646e+01,-7.631058712278816714e+00,-3.268419549417544090e+00,1.541636904704067490e+01,5.791901542961757521e+00,7.250278107070220024e+00,2.280956934324679608e+01,-6.405175227208383115e-02,4.276184193344571227e+00,-2.212566687884430294e+01,-1.500824338267650582e+01,3.526257352633855202e+00,-3.399770910301269566e+01,8.252164513166489357e+00,-1.335277573856035893e+01,4.289041776761717273e+00,-1.342464823320322242e+00,8.792086441994010571e+00,5.672285559836796054e+00,-4.421083546019439758e+00,3.123226698339944818e+00,3.698303502800442288e+00,2.181676522586533662e-01,-1.495469794215355286e+01,2.222416259694144003e+01,2.027532594110283526e+00
-1.699938835706137130e+00,-2.080224374419210065e+01,8.570044404788371040e+00,1.457324316415624565e+01,-1.352865605959010153e+01,-1.479321413925814355e+01,1.730208355150267252e+01,1.422796935512345318e+00,2.344447490756671115e+01,-1.165554451208475584e+01,3.729809539421226283e+00,-4.201216451627489334e+01,3.632081922730277412e+00,-1.570793834964046010e+00,1.731266363288697363e+01,-3.283319462263000421e+00,6.874375453531197167e+00,4.120663801571067353e+01,-9.836515813565579691e+00,-3.839522426145381750e+00,-1.471620476189777271e+01,-4.099667644269631595e+00,-1.930632940130384334e+00,1.435899819725079851e+00,3.728414046790542447e-01,-9.425835294807669129e+00,-1.572684039188097493e+01,3.624617665712714931e+00,5.901779605416016317e+00,3.215885240750442620e+01,1.088748762898804046e+01,1.937614364485738605e+01,1.012682166257542349e+01,8.272008434094560769e+00,-2.348126055206362039e+01,4.477592108778175373e+00,5.189976408787052797e+00,-1.973917690423361648e+01,5.648309447429678443e+00,2.947389383145838693e+01,-8.745592310914185319e+00,-3.171768727625313034e+00,-6.427382363611660043e-01,3.168900961055975785e+01,1.164522812809078722e+01,1.657675902697026515e+01,-2.396787290097344325e+01,-8.541219940036388181e+00,1.855381587640578189e+01,-9.109797382698642920e+00,3.302038003207044170e+01,-9.136825474773088374e+00,1.180465906362802464e+01,-1.414030659052476224e+01,-1.741628612166894685e+00,1.682013298203895602e+01,-1.923232386930184390e+01,-1.358699730704916497e+01,-9.141579040676433010e+00,1.125263580922104190e+01,7.798719880466610022e+00,-6.211470825610847513e+00,1.366413177823081604e+01,9.666927118282909959e+00,-1.718087827885675622e+01,-5.948239074347160482e+00,-1.025555933115767715e+01,-2.738984483229382505e+01,-2.970443843110901927e+00,5.816452307867717053e+00,-4.456767561370898356e+00,5.093600733207637177e-01,8.612883411889837859e-01,2.889115658142556953e+01,-1.687774464992399359e+01,-8.053792710900852470e+00,-3.466263656903665780e+00,1.643828732068758569e+01,5.641656800411841033e+00,7.339732345359065491e+00,2.311228281164206422e+01,1.026076250862646005e-01,3.749128884533199368e+00,-2.283372808057747960e+01,-1.561161314267274847e+01,3.764896598230577318e+00,-3.385198109716622383e+01,8.289184481500992518e+00,-1.303219138186022263e+01,5.231048163350961566e+00,-1.197861073595057446e+00,9.005057125611324764e+00,5.198211700260760182e+00,-4.619603234503679268e+00,4.540695452240636421e+00,3.296404951232731140e+00,1.719781766738076589e-02,-1.546848523232562833e+01,2.266884429318398375e+01,2.350750657847510361e+00
-7.103942222098241999e+00,-6.735612317471489519e+01,2.945570555918748923e+01,5.384928681581040877e+01,-4.312469831140179366e+01,-5.696793348763657860e+01,6.599364081304621266e+01,1.331860091044966943e+00,8.218794043098202451e+01,-3.762545283675580521e+01,9.617633501876257540e+00,-1.489694421743006103e+02,1.724040024259423376e+01,-7.322930621844990995e+00,5.655389377052686939e+01,-1.621676182899485141e+01,2.237477826487738142e+01,1.506511861096994380e+02,-3.454591816018465522e+01,-1.270343270820871062e+01,-5.493133091392154199e+01,-1.402398345713912597e+01,-5.830404007742435724e+00,2.832831414016981686e+00,6.903780265113172554e+00,-3.269913871973277963e+01,-5.183687690666346271e+01,9.106721331192352054e+00,1.953662496235947899e+01,1.112160425777499455e+02,2.531319965126197857e+01,6.506157083882153813e+01,3.472173976211875868e+01,3.238330384727420608e+01,-8.435238625070620344e+01,1.738784009801919694e+01,1.532429393025802611e+01,-6.325350716163241316e+01,1.867854402943809333e+01,9.300509599827216789e+01,-3.105166449566535292e+01,-1.393102117003175877e+01,-6.121644359913878120e+00,1.164358305717733089e+02,4.279773638076515141e+01,6.025833033885063372e+01,-8.480656146333089396e+01,-3.012090278699177759e+01,6.775438005159165300e+01,-2.912705084800063560e+01,1.188507926834285655e+02,-3.364788523276882870e+01,3.618252676244473776e+01,-4.854231254170714749e+01,-5.212390693348165627e+00,5.595019438988603611e+01,-6.646169939650522451e+01,-4.603006485563230399e+01,-3.205947288671070083e+01,3.052046517409428361e+01,2.435514058345261645e+01,-2.518740765076672261e+01,5.434550955894077617e+01,3.943127952210149800e+01,-6.164722942985966370e+01,-2.345853431584683335e+01,-3.554279239566908188e+01,-9.709605816773360232e+01,-9.542455661754376095e+00,2.380442305055736441e+01,-1.590346558964749946e+01,1.639800034003932483e+00,5.214754835293800461e+00,1.006295582998449589e+02,-6.088798538512023839e+01,-2.925525097112315720e+01,-1.268787199497286089e+01,6.067942702623491158e+01,1.777823507747913112e+01,2.486227859593261158e+01,7.841740884552916668e+01,1.353645583220640880e+00,9.215964164882592513e+00,-7.995996784085419051e+01,-5.539470392938941501e+01,1.392544112437371240e+01,-1.112728608803407866e+02,2.768910275306802404e+01,-4.122867146683756800e+01,2.306126802716677204e+01,-3.089250309023111818e+00,3.113114668787879324e+01,1.433935425775820960e+01,-1.651325471515705345e+01,2.366591054327214039e+01,8.477237163400431541e+00,-1.165391966941998314e+00,-5.437561552887957106e+01,7.781170004029362985e+01,9.754496736643586630e+00
-3.319508331301484372e+00,3.323330074842605342e+00,2.461866289135843822e+00,1.262777628543411446e+01,3.688040641563269162e+00,-1.799474973367468422e+01,1.961922605485942128e+01,-7.579458663500965088e+00,1.034458328681102302e+01,2.118742660320663163e+00,-6.116550758019140055e+00,-2.233083173977565039e+01,1.172175932268458354e+01,-4.770477805633390744e+00,-1.650637706385765568e+00,-1.201460238623880628e+01,-8.376950193641525821e-01,3.209008641527049122e+01,-4.480800846580423880e+00,4.256432937976395436e-03,-1.399485443266490314e+01,-1.027737913697102989e+00,1.253182639914122598e+00,-4.307266915062470503e+00,1.272860322161782243e+01,-3.385739017563569320e+00,4.594580186060053251e-01,-6.482071099760599253e+00,1.593815281863131261e-02,1.077433484124250818e+01,-2.405292929209854691e+01,2.119520521271039293e+00,2.718944666441004188e+00,1.124800720795392905e+01,-1.493027850258214428e+01,5.771813942588892132e+00,-4.152634295308256895e+00,4.636216435948393055e+00,-2.744480869821908087e-02,-1.016197540491661044e+01,-4.740561088784195576e+00,-7.712010445875092657e+00,-8.967840031735960338e+00,2.598248703370023094e+01,9.569142107328980629e+00,1.213216431543660079e+01,-1.233502091861356043e+01,-4.169290783588782467e+00,1.427332299313015795e+01,2.285523551474194726e+00,2.151365027558168563e+01,-7.662508220146268201e+00,-6.465672556973059315e+00,-3.930260829321893468e+00,1.236527317560232708e+00,6.529179066384349639e-01,-6.331041738565367005e+00,-2.400818660278732697e+00,-4.061372382284814897e+00,-1.507567888583853843e+01,-3.258542292042000632e+00,-1.040080532779574085e+01,2.049514457566264269e+01,1.670774033420785898e+01,-1.076235803634090615e+01,-8.475096973077251405e+00,-3.605787081269482552e+00,-1.450332407134170154e+01,6.443150224364699863e-01,1.023056929586655528e+01,-2.594241275963629079e+00,-1.026339377209263271e-01,5.308450524276080884e+00,1.128306974171503541e+01,-1.130978244471209138e+01,-5.846878776645654696e+00,-2.733590782328171542e+00,1.410613037052161189e+01,-1.999126874024612199e+00,1.289552486569130796e+00,4.347837338173392574e+00,2.276568135160616180e+00,-7.161772568020395191e+00,-9.879988595178767596e+00,-8.383474455101122658e+00,3.293391059697516443e+00,1.675641276143291947e+00,5.824112565535006780e-01,4.256404115203844540e+00,1.291097860262438246e+01,1.963344832572626597e+00,2.991537590696840887e+00,-6.424899806969666116e+00,-2.753519210366050629e+00,1.939667377845599461e+01,-5.457047230095240842e+00,-2.743941265194825618e+00,-7.158960890004568256e+00,6.282197585986303068e+00,4.435130644373483477e+00
-4.888586407511426479e+00,-3.466871307056995022e+01,1.647552693405175717e+01,3.284816281968484475e+01,-2.167278006651033806e+01,-3.630686626383142368e+01,4.164736098379619023e+01,-1.837068719318994070e+00,4.713717352511607572e+01,-1.927804228899553607e+01,3.056076171022009902e+00,-8.664048611738562045e+01,1.309469258301282402e+01,-5.492062447716923757e+00,2.949135851009145171e+01,-1.264917779007959631e+01,1.160586453177665511e+01,9.081042192020072434e+01,-1.985763300915134266e+01,-6.747555008759311690e+00,-3.388199177961360675e+01,-7.795598404401409276e+00,-2.676802493804287586e+00,5.892794077956553522e-02,7.941158389945476515e+00,-1.850884517259864381e+01,-2.738525171771049571e+01,2.661926570929511016e+00,1.038462182929543864e+01,6.270328528815058178e+01,5.372923481576261651e+00,3.527700714113780833e+01,1.935953475444551586e+01,2.098064767020138177e+01,-4.982663803017810977e+01,1.117544999541710915e+01,6.747212795508069405e+00,-3.204833121269479079e+01,9.914182107902718144e+00,4.599936982647525952e+01,-1.808844147430547622e+01,-9.990318851816777368e+00,-6.263031255785082685e+00,7.058224316123542508e+01,2.594990406147238104e+01,3.608671952244392855e+01,-4.919662378892455479e+01,-1.740216100325153548e+01,4.078801487844573614e+01,-1.470708201159886741e+01,7.036492485388235707e+01,-2.044872647435260404e+01,1.705206196501814730e+01,-2.710869933545284738e+01,-2.354060722561945429e+00,2.994400166536730978e+01,-3.743478960886223916e+01,-2.526053216582490535e+01,-1.839583850884702798e+01,1.115332977999214670e+01,1.184522619754699413e+01,-1.687323532853861963e+01,3.575310142407742120e+01,2.655803760094038424e+01,-3.636471872871135957e+01,-1.530821505811494454e+01,-2.009347674144665774e+01,-5.645365875432904090e+01,-4.853328266397305413e+00,1.608134039937568360e+01,-9.320037201024094387e+00,8.367233473855021364e-01,4.552660113672931885e+00,5.724977509199592873e+01,-3.614513990027634804e+01,-1.750548012678183696e+01,-7.658464629498347165e+00,3.697315561137396855e+01,8.773920540681224622e+00,1.364158511403449658e+01,4.312070824857874385e+01,1.483466143148858052e+00,2.491768316738109945e+00,-4.579753480110692720e+01,-3.224426223892955079e+01,8.503892606607415416e+00,-5.855364465464624146e+01,1.490599064797106621e+01,-2.047465671617021243e+01,1.658641558555127915e+01,-9.820804755978884693e-01,1.754346905621700614e+01,5.461074469179354907e+00,-9.697475705062551299e+00,1.908508594249968127e+01,2.671629911788957479e+00,-1.540363216690237458e+00,-3.129174307079377471e+01,4.344833400606225382e+01,6.671300574624032365e+00
-7.070007628507386066e+00,-6.749716836000175135e+01,2.946531510970464396e+01,5.375876540125332070e+01,-4.323575377401266451e+01,-5.681051651919825929e+01,6.582759595295361521e+01,1.434580224371249102e+00,8.216853071858515989e+01,-3.770773007966698032e+01,9.712810680903652738e+00,-1.488866373555822520e+02,1.710929186949252312e+01,-7.270013311880556550e+00,5.665716090575993746e+01,-1.608028690412970008e+01,2.241809020908154793e+01,1.504410033444491717e+02,-3.453599509811321866e+01,-1.272175449787497215e+01,-5.482418343356463453e+01,-1.403047865161136265e+01,-5.855454106127695013e+00,2.894190221174918420e+00,6.744418942992610688e+00,-3.270112441751462029e+01,-5.191751941360634248e+01,9.206025254993901896e+00,1.956450303144472613e+01,1.112326542891751870e+02,2.566949410935425036e+01,6.512692814438166522e+01,3.473550180611234595e+01,3.228026896183020966e+01,-8.427509985257798064e+01,1.733607670640032339e+01,1.540155656312913912e+01,-6.340611465148741388e+01,1.870576532132866987e+01,9.327397215714168510e+01,-3.103326258973352125e+01,-1.384848331891125284e+01,-6.011175810764138205e+00,1.162576822259933635e+02,4.273200406140924912e+01,6.018361547245388721e+01,-8.476444445106081105e+01,-3.010876039021075101e+01,6.766196616570400124e+01,-2.919932711500155165e+01,1.187355511703218838e+02,-3.359435494405051514e+01,3.632054257540583819e+01,-4.855983576222544684e+01,-5.236330691020027572e+00,5.602195672454237041e+01,-6.647305750335608820e+01,-4.606431718093504202e+01,-3.205155308563316652e+01,3.076485121991470351e+01,2.443349666797431752e+01,-2.508529400356134076e+01,5.415106731916229421e+01,3.926576504536630807e+01,-6.159272967082833361e+01,-2.337954637524997281e+01,-3.554594014821246617e+01,-9.704277320800365203e+01,-9.564745193917268296e+00,2.370258503051968191e+01,-1.589182897395660632e+01,1.643522771542282657e+00,5.151651438436489983e+00,1.006241825459829613e+02,-6.082511334740856768e+01,-2.921955236909174047e+01,-1.266975863373409261e+01,6.057906429596734910e+01,1.783038483831623822e+01,2.488087517119525671e+01,7.847233323584897846e+01,1.325314009292509976e+00,9.324465042551997485e+00,-7.994353372631134391e+01,-5.536285283696626891e+01,1.390166193504541781e+01,-1.114551362831943635e+02,2.772116860300324959e+01,-4.134455990613659537e+01,2.292271262235425056e+01,-3.119804140813650761e+00,3.113612069790601566e+01,1.444542137130562764e+01,-1.650037650095039865e+01,2.344196615519529558e+01,8.562003409326788272e+00,-1.130573757400503032e+00,-5.435858494267732510e+01,7.784002695958898244e+01,9.709535612669739635e+00
-6.969724307885423187e+00,-6.529552939504497999e+01,2.864324320130186052e+01,5.254803174287219747e+01,-4.177007148826972127e+01,-5.569629390720354678e+01,6.449275393122967159e+01,1.120962023731434165e+00,7.999969371341501301e+01,-3.646845502215689550e+01,9.195639021319442108e+00,-1.450842330230832147e+02,1.699768206050810804e+01,-7.215116024707540987e+00,5.484957692484552183e+01,-1.601084719217079311e+01,2.169630716353306710e+01,1.469374111935120482e+02,-3.362914072100399920e+01,-1.232890012828484139e+01,-5.362914065307190725e+01,-1.363389749203398793e+01,-5.630172650823144664e+00,2.651792596044900474e+00,6.988536563180261396e+00,-3.181199716081416540e+01,-5.029857001898604096e+01,8.691508668200730980e+00,1.896114000790732135e+01,1.081819187832218319e+02,2.402239558339509173e+01,6.319186594452128958e+01,3.375988169363998281e+01,3.168351719688765655e+01,-8.220418778668923210e+01,1.700603614055892621e+01,1.477856853022726469e+01,-6.128410772859193401e+01,1.812736874785581165e+01,9.003362859267618035e+01,-3.024376329507184025e+01,-1.369504450653338523e+01,-6.144289609549545617e+00,1.135922499018371781e+02,4.175296340072883794e+01,5.875694402112480219e+01,-8.258620498521425191e+01,-2.932749922510564033e+01,6.608053396400599411e+01,-2.821676826235041347e+01,1.158348311332202627e+02,-3.282962909645760163e+01,3.496962073598543697e+01,-4.720052131375146587e+01,-5.030752570465044649e+00,5.431583705277157037e+01,-6.464609777142118219e+01,-4.472768752185649532e+01,-3.120648571322891129e+01,2.927947095623534324e+01,2.356347642376830365e+01,-2.468053608652813935e+01,5.320778933048413251e+01,3.864739121162082114e+01,-6.007388498091680873e+01,-2.295901285481320286e+01,-3.457681669821225512e+01,-9.456256882436206013e+01,-9.246599008024196209e+00,2.333446013736321945e+01,-1.549345589231989706e+01,1.589142398897986919e+00,5.181261839799660152e+00,9.791899381858713980e+01,-5.934941654703145275e+01,-2.852535261860575133e+01,-1.237579820478554993e+01,5.921033040408954662e+01,1.720894669882462225e+01,2.415866068140615042e+01,7.620449950942978035e+01,1.365300814957171038e+00,8.782139314664886953e+00,-7.782687004018784194e+01,-5.395178271028856898e+01,1.358956674067935566e+01,-1.079551254408781773e+02,2.688615001525756298e+01,-3.991705949000847653e+01,2.267390917516736693e+01,-2.953732965460218018e+00,3.028129508464652986e+01,1.377120338177860503e+01,-1.608887830380198025e+01,2.340760205423346463e+01,8.103790929433916546e+00,-1.193179946243950296e+00,-5.293500232352448620e+01,7.566044879824225688e+01,9.567417117014095140e+00
-4.885229252794802690e+00,-1.541831988967958011e+01,1.021944833603858704e+01,2.589976437665215059e+01,-8.485988594894759984e+00,-3.151632429249979594e+01,3.542042272454553853e+01,-6.367559795302152992e+00,3.160081147681072267e+01,-8.379804037165179409e+00,-2.808735699154729204e+00,-6.045778710483315166e+01,1.511112306332873700e+01,-6.233457043459987190e+00,1.395770908081986050e+01,-1.509200721167774617e+01,5.358209332822728932e+00,6.958294951479376778e+01,-1.340053922096535288e+01,-3.460733413283535675e+00,-2.740886893371304467e+01,-4.737319592861597428e+00,-4.772189432969700107e-01,-3.052405913309470531e+00,1.318620092436396618e+01,-1.192443275345262421e+01,-1.372907548559755142e+01,-3.272666097039506283e+00,5.342232803782490436e+00,3.989906345421881895e+01,-1.445624573097739685e+01,1.962595927182817945e+01,1.188390826053765181e+01,1.882022899166193852e+01,-3.626334059062878623e+01,9.867602093906796767e+00,4.916167134480344814e-01,-1.313356103524474783e+01,5.069689357149176345e+00,1.634045102094577828e+01,-1.267825219910486645e+01,-1.064780251000203393e+01,-9.633223517732796282e+00,5.482791597432386510e+01,2.016959725538345793e+01,2.720753702468104152e+01,-3.408253734147037051e+01,-1.191710716173903428e+01,3.115329278195027740e+01,-5.913991245574222511e+00,5.151806875744382808e+01,-1.598107755860813128e+01,4.126080480195666311e+00,-1.672877619189097231e+01,-3.234631717235401105e-01,1.583869355156292968e+01,-2.374776398278316591e+01,-1.468543863355209211e+01,-1.234996424947945926e+01,-5.064037294476431583e+00,3.748513428740296582e+00,-1.610540458916800333e+01,3.302155612543680974e+01,2.559077914201009918e+01,-2.636989186625481096e+01,-1.392381458639077607e+01,-1.289537071497033516e+01,-3.935967956026398440e+01,-2.030272166944253165e+00,1.557705869054012737e+01,-6.640999140006926815e+00,3.560685004938916043e-01,6.136245869970925249e+00,3.746366184188278936e+01,-2.664895825654729933e+01,-1.317077313502910130e+01,-5.887780649044525916e+00,2.907532106906383262e+01,3.073241547732721735e+00,7.925666917401734679e+00,2.524721081371608378e+01,2.390830991983410758e+00,-3.846468533704902271e+00,-3.058061887508989685e+01,-2.255216637867302509e+01,6.722413274233737468e+00,-2.885860438156032970e+01,8.068643000244030361e+00,-7.464175289827291948e+00,1.775466791397594335e+01,9.010011025404625062e-01,1.114674311307590138e+01,-1.794838982688512274e+00,-6.948746033514656695e+00,2.367906074165795616e+01,-2.534088512829021589e+00,-2.754531426829396779e+00,-2.118683291697511706e+01,2.679979063711890674e+01,6.598801682591503237e+00
-4.574664535812091870e+00,-5.897848943029162427e+01,2.403640930108742069e+01,4.029767586284437186e+01,-3.846058465319196529e+01,-4.055278168063538402e+01,4.752775045853863389e+01,4.535507309863437087e+00,6.550845662684990600e+01,-3.306329320534910465e+01,1.095139498454798321e+01,-1.171314116366159794e+02,9.458376766294321669e+00,-4.110929055560850642e+00,4.900875331883233343e+01,-8.453388262395659325e+00,1.947244332428491731e+01,1.141905455842643846e+02,-2.747556292223814012e+01,-1.084424999197739936e+01,-4.060817422137432686e+01,-1.150857079746068834e+01,-5.538182315689488711e+00,4.349270785054907940e+00,1.846155979084120879e-01,-2.639038814264171151e+01,-4.444864682207714424e+01,1.067923904305266092e+01,1.666730325459013073e+01,9.009114535707259108e+01,3.239051537675238279e+01,5.457942158570676128e+01,2.841567486322685809e+01,2.259523828191881023e+01,-6.529949444639977685e+01,1.225228124758753090e+01,1.494135608496446288e+01,-5.606564149945628373e+01,1.595438749641818355e+01,8.393638445161322181e+01,-2.437674673280506710e+01,-8.431876946107303539e+00,-1.203460399968895977e+00,8.772660326135651587e+01,3.223675890584611636e+01,4.599001662100679511e+01,-6.685089287820837001e+01,-2.383851255288596249e+01,5.142773738317735877e+01,-2.588472047642328278e+01,9.179167475401813192e+01,-2.528235839690990261e+01,3.378100353919899135e+01,-3.966831539815451890e+01,-5.003241271168460180e+00,4.746054099489450806e+01,-5.388590344496719098e+01,-3.820994962588993360e+01,-2.554146885702559189e+01,3.280933642442261799e+01,2.224822903372819027e+01,-1.683346359445503992e+01,3.719332773812163140e+01,2.616241935238671346e+01,-4.778968413275909199e+01,-1.622139850807708683e+01,-2.871876433815497620e+01,-7.636763404297569480e+01,-8.433379710765427362e+00,1.572942739792334699e+01,-1.241025416571729956e+01,1.445587307503715335e+00,2.070370540935472015e+00,8.082748700740455661e+01,-4.689619646131432518e+01,-2.234742002023106622e+01,-9.603267891638244791e+00,4.546425865987831827e+01,1.607011505854988798e+01,2.064162038893042350e+01,6.497937058980903657e+01,1.344773543401557303e-01,1.107726811824749369e+01,-6.381522158136176870e+01,-4.351990774012585916e+01,1.040850464719148150e+01,-9.572243802691103554e+01,2.337140138445569448e+01,-3.709719612746866346e+01,1.389320197350937036e+01,-3.517065735684173688e+00,2.522887886866967833e+01,1.511963873280075177e+01,-1.285928417973214799e+01,1.150095744938683673e+01,9.682336645254453700e+00,2.357752498598569835e-01,-4.319921329637169549e+01,6.359499722450933490e+01,6.336639206519544487e+00
-3.738443139936714843e+00,2.017389818899051335e-01,3.922677201194808561e+00,1.549699992224766376e+01,1.727582425943778865e+00,-2.114345093952764998e+01,2.323681170726744938e+01,-7.701391490835812093e+00,1.450551860999123299e+01,3.814186477642671491e-01,-5.808732617836316336e+00,-2.996024425705692806e+01,1.282806352635307157e+01,-5.235291464425111840e+00,9.981864737142789323e-01,-1.307938990752353980e+01,2.057630192544737113e-01,4.003801080015549019e+01,-6.233002829701677072e+00,-5.996951243036168222e-01,-1.694894517602732620e+01,-1.719707305102599726e+00,1.006574897561735904e+00,-4.277846003189717194e+00,1.336800527866747323e+01,-5.023359138074651398e+00,-1.994185095223403259e+00,-6.207481487498195172e+00,9.453055799464200604e-01,1.632607761681136438e+01,-2.343719402794995688e+01,5.265043082885179082e+00,4.436442287933655138e+00,1.306278541446322450e+01,-1.930622192639764378e+01,6.739695393109488286e+00,-3.525457431035266875e+00,1.741797795291097017e+00,8.600599690731338676e-01,-5.987916731728784470e+00,-6.332958562402733804e+00,-8.562942076546036674e+00,-9.478127313875562621e+00,3.215416429248134023e+01,1.183809638131876874e+01,1.529402752319687409e+01,-1.666912515360916913e+01,-5.703466525282459010e+00,1.784396372808465259e+01,9.563800845569270237e-01,2.769092929150197691e+01,-9.449778202601519794e+00,-4.903211858354148411e+00,-6.334542721505217244e+00,1.018899363422318904e+00,3.329341287997906740e+00,-9.646082793752844609e+00,-4.648257796491538585e+00,-5.685090424138655507e+00,-1.399290556748831804e+01,-2.180089275236766433e+00,-1.185270646883716772e+01,2.358026477026028545e+01,1.899110529449074392e+01,-1.395678223667716722e+01,-9.797719389409742519e+00,-5.384003185258074531e+00,-1.947480050768143656e+01,2.063146120377439274e-01,1.161254766341552269e+01,-3.413870935169353693e+00,-2.716916021592064023e-02,5.686168785908897405e+00,1.634385397621810299e+01,-1.448148476114961269e+01,-7.380897298620768154e+00,-3.403723198869872402e+00,1.733626632012938984e+01,-1.202625832137483197e+00,2.503288594376489318e+00,8.182904153616062715e+00,2.396580574433429422e+00,-6.898602234534539690e+00,-1.392362651198764389e+01,-1.122244075268984353e+01,4.036053718914219601e+00,-3.574490382876497563e+00,1.913279948525383745e+00,2.399995497587814164e+00,1.432313635182873846e+01,1.864438924908518924e+00,4.544963375134935646e+00,-5.900098033601764769e+00,-3.606037902487323699e+00,2.099611148419775475e+01,-5.187335453789218676e+00,-2.866426065627249997e+00,-9.919538345246667888e+00,1.013574386760494406e+01,5.007369843554634770e+00
-3.959408231969340441e+00,-1.907935462244829239e+01,1.042087317443849770e+01,2.336273939268659561e+01,-1.138772702659317737e+01,-2.717523474606269218e+01,3.083000529620129271e+01,-3.609180343157800674e+00,3.092044590512627877e+01,-1.051864689472411385e+01,-2.690943283119766605e-01,-5.794454206006457753e+01,1.155385997657645802e+01,-4.796988631767593603e+00,1.662418481456388974e+01,-1.139247605197403246e+01,6.479169604810551597e+00,6.364274521616635383e+01,-1.306713244223794135e+01,-3.928669407135181313e+00,-2.442287337401586456e+01,-4.884826560390203909e+00,-1.139269359919030666e+00,-1.408649464186048750e+00,8.889499248399266307e+00,-1.191467933935383350e+01,-1.579654410964962707e+01,-6.211182017542054012e-01,6.053834600908921004e+00,4.013085653451980761e+01,-4.928495653048038605e+00,2.125705617235857758e+01,1.218677930061600456e+01,1.598830232393213358e+01,-3.402316509373699915e+01,8.442718808949990716e+00,2.538727415251614161e+00,-1.711329187325552681e+01,5.765294575224604756e+00,2.338785963859452011e+01,-1.212369351033160747e+01,-8.402425053784165598e+00,-6.652190208520949888e+00,4.981479773326983462e+01,1.832019799134301152e+01,2.508299375213129778e+01,-3.278678111888401503e+01,-1.153259076565943175e+01,2.853855742815611407e+01,-7.800430269909647052e+00,4.819112207854834651e+01,-1.447731289633440532e+01,7.765871285398292301e+00,-1.710606091531688833e+01,-9.568689572293169743e-01,1.765953677749006800e+01,-2.392474703739333464e+01,-1.551722446431345048e+01,-1.207520196513738320e+01,1.445743498542073624e+00,5.807580270848696991e+00,-1.331213100289133600e+01,2.769034992081357416e+01,2.106589624798291283e+01,-2.478601662605569445e+01,-1.175546008591594926e+01,-1.291136176953775205e+01,-3.774002212302891479e+01,-2.610956917218766549e+00,1.279386337000882889e+01,-6.297524109400844061e+00,4.529640115217770657e-01,4.430061798002511431e+00,3.712490473894759191e+01,-2.484151546418300782e+01,-1.215477528357250847e+01,-5.376428910584427179e+00,2.626059187882925272e+01,4.440621634716388044e+00,8.377516027026915779e+00,2.657210439977232497e+01,1.626711012476484974e+00,-9.479323259322285367e-01,-2.998453365381403302e+01,-2.158912108188381751e+01,6.056384134963066046e+00,-3.354305915578828490e+01,8.877067181508611071e+00,-1.049947658112750659e+01,1.398600349460933145e+01,8.572745445040097501e-02,1.122033769786573743e+01,1.028390877664597802e+00,-6.570721649123880681e+00,1.761411165722323346e+01,-2.720746038149863821e-01,-1.816424624873442362e+00,-2.062410614627480143e+01,2.741095665508985846e+01,5.371488505324077956e+00
-6.742677375250373473e+00,-5.651353387397614370e+01,2.554864946787514768e+01,4.843896993127269468e+01,-3.585015673003503167e+01,-5.223239692738745532e+01,6.024639010808041917e+01,-4.841347214719400327e-01,7.202719789019816687e+01,-3.151281662464296573e+01,6.866813518460683774e+00,-1.313158947254512725e+02,1.714502436900188442e+01,-7.238000286483913470e+00,4.769312013045030341e+01,-1.633782079717408564e+01,1.882977609062087154e+01,1.348248521982466457e+02,-3.030335187204735448e+01,-1.079120479980894309e+01,-4.964961381277138486e+01,-1.213304520872272541e+01,-4.686055395183698735e+00,1.488492243456538411e+00,8.578236247251100011e+00,-2.850101435971888364e+01,-4.393971866635548906e+01,6.354858815248023873e+00,1.660059991011735647e+01,9.677942242642973270e+01,1.637762480943705157e+01,5.572438932121082189e+01,3.007716965877012427e+01,2.990858872186100470e+01,-7.484345610536622928e+01,1.600201428865749875e+01,1.213348741000124065e+01,-5.274833562988727920e+01,1.586237593828270853e+01,7.684574038664918305e+01,-2.739020265460772308e+01,-1.347886256536063243e+01,-7.112148929965655064e+00,1.044555656083140320e+02,3.839823660115544612e+01,5.377808520074572129e+01,-7.467610273608458726e+01,-2.647771088377677984e+01,6.060270244007475071e+01,-2.425750852249939271e+01,1.055546203373000793e+02,-3.021863432847666786e+01,2.936041470544780552e+01,-4.207653956005537310e+01,-4.164576704095694026e+00,4.767126826623861291e+01,-5.781156973773067875e+01,-3.961626739398160879e+01,-2.810160604891681757e+01,2.271497549476738342e+01,1.999616086876726939e+01,-2.361477945414218027e+01,5.053750925730162891e+01,3.705992187228838475e+01,-5.466603224280832762e+01,-2.173555095289173522e+01,-3.096372494445408563e+01,-8.557874522682161000e+01,-7.969386608294679597e+00,2.240358776294357313e+01,-1.406365565634452253e+01,1.371203568197673750e+00,5.561686459965629048e+00,8.789418891909693343e+01,-5.413770859296647586e+01,-2.609989041122099351e+01,-1.136157387399996210e+01,5.455658764969012253e+01,1.467724891998246761e+01,2.139645011106386008e+01,6.754572685278793642e+01,1.635244267117900829e+00,6.302782849643882024e+00,-7.003540826834132815e+01,-4.884716977872769661e+01,1.253226683015523690e+01,-9.417390487147412159e+01,2.364722733247976549e+01,-3.411825034739393914e+01,2.234359096338404527e+01,-2.205952177902299916e+00,2.708491133528034212e+01,1.081239179118931482e+01,-1.461564877527923301e+01,2.423972562813315790e+01,6.038574950147447495e+00,-1.574938117126021719e+00,-4.772039796468073547e+01,6.744347168768854317e+01,9.232238950181052672e+00
-3.683518101343970841e+00,-1.947792983955060464e+01,1.025600792580554277e+01,2.235730232709034482e+01,-1.177807902968869236e+01,-2.570999037258498987e+01,2.923886645217693570e+01,-2.950396000534837526e+00,3.015936457047193286e+01,-1.076401679093122077e+01,2.765760732921274112e-01,-5.625484857154532392e+01,1.056675331283989294e+01,-4.395763291405854645e+00,1.686010709100066052e+01,-1.037831882453965804e+01,6.588504328141320698e+00,6.111038731193245610e+01,-1.273573459654341100e+01,-3.949912626249335812e+00,-2.330078665127476256e+01,-4.818839788808682023e+00,-1.257411089496050405e+00,-1.030863190643944716e+00,7.798186078717350256e+00,-1.167511020699282476e+01,-1.592152540462762289e+01,-4.462292456953420583e-02,6.084556811805011733e+00,3.938024600177419643e+01,-2.803235608649835342e+00,2.118035591290792752e+01,1.200829701757717594e+01,1.506711908285656953e+01,-3.286838931712030387e+01,7.971288222629211440e+00,2.923644302483476842e+00,-1.761885874994327139e+01,5.798364966577993940e+00,2.442100206336801449e+01,-1.176405125435350207e+01,-7.757238192083935502e+00,-5.885380435797250342e+00,4.775530769282844545e+01,1.756156519012705886e+01,2.413102216800383104e+01,-3.185757446781723345e+01,-1.122090725622477159e+01,2.741341848763235589e+01,-8.046283400158850796e+00,4.652272818674200749e+01,-1.386881340778874794e+01,8.385437397137625481e+00,-1.684535453667195881e+01,-1.072552334394319296e+00,1.769491388090884598e+01,-2.348551046389679797e+01,-1.538488293178238209e+01,-1.177605273659985841e+01,2.801876042753878693e+00,6.129883102590779842e+00,-1.245251502552834566e+01,2.600419131994797084e+01,1.968332682212785301e+01,-2.395499132742410708e+01,-1.105982408429973063e+01,-1.265740298092523197e+01,-3.664317330681314644e+01,-2.682453169864676745e+00,1.194672211168958142e+01,-6.098922171756707478e+00,4.645495642599576924e-01,3.978768592717293107e+00,3.631282746726852650e+01,-2.396182010360451997e+01,-1.169634268291905954e+01,-5.160471441859538544e+00,2.513831087491477945e+01,4.643016138103408963e+00,8.306658364000714556e+00,2.632431532169686150e+01,1.431720061190005611e+00,-3.123761394514517065e-01,-2.926003833753800976e+01,-2.095390022946443054e+01,5.793965700038049782e+00,-3.387106256448832653e+01,8.872113063109329900e+00,-1.093594937712666848e+01,1.290544170320756479e+01,-8.943012706540298673e-02,1.101234102427564565e+01,1.608531850788049056e+00,-6.359323746432984592e+00,1.597269851524569440e+01,2.145901936790828302e-01,-1.580636580740674368e+00,-2.009328826990048000e+01,2.699460187814267087e+01,5.003309317613003238e+00
-5.269637473625989443e+00,-5.309739547849744667e+01,2.286764212914641448e+01,4.107356257198506455e+01,-3.413605314719778505e+01,-4.303490351395573299e+01,4.996357266734900548e+01,1.726477614062358334e+00,6.349284604526637565e+01,-2.968407891588526581e+01,8.089686102512459343e+00,-1.147612930746124107e+02,1.245869388573860093e+01,-5.310645122228901727e+00,4.447928425722707857e+01,-1.162993037051128020e+01,1.761424917478732155e+01,1.152008005255923280e+02,-2.667589382924617070e+01,-9.958168016122147748e+00,-4.179864378932599323e+01,-1.090037840410603209e+01,-4.683094019578806666e+00,2.608399099852688696e+00,4.265512991570593826e+00,-2.532686963076015019e+01,-4.067451913401681196e+01,7.722112190309204927e+00,1.531265443665656711e+01,8.620828252055223118e+01,2.200794927545490864e+01,5.080868335321773088e+01,2.697235739941145027e+01,2.437135424614837831e+01,-6.477657044072878989e+01,1.311001865810482769e+01,1.238610409172290083e+01,-4.999971204389208168e+01,1.464394059163113937e+01,7.381851773062267341e+01,-2.391347872327968105e+01,-1.022563560869327404e+01,-3.991054414010286600e+00,8.893050542592821728e+01,3.268604062684495659e+01,4.614201820352453609e+01,-6.536626792425579424e+01,-2.323532554454177657e+01,5.182511757312791190e+01,-2.303749084637156130e+01,9.122589938144730581e+01,-2.568546574479766065e+01,2.894442989921799025e+01,-3.769675919610473613e+01,-4.197154903219760591e+00,4.379864567178390899e+01,-5.152697748788527576e+01,-3.586521025472056579e+01,-2.476462139998471912e+01,2.528140617278766911e+01,1.938456788104651451e+01,-1.880702298688837715e+01,4.075413204291910318e+01,2.940440891593128470e+01,-4.735407016689350002e+01,-1.762521535324591682e+01,-2.753609829890533689e+01,-7.480434164379971662e+01,-7.538019516715769086e+00,1.773827742664353480e+01,-1.223258704675807884e+01,1.294624428923881743e+00,3.609677753232092279e+00,7.786409287537412638e+01,-4.670963301771890031e+01,-2.240571552528226462e+01,-9.699446162393359216e+00,4.629435934840125810e+01,1.411575574773138797e+01,1.937257124790553320e+01,6.107722159055744271e+01,8.560869673851774220e-01,7.868946347692129528e+00,-6.178824838702852418e+01,-4.266713222887489110e+01,1.061912794189099074e+01,-8.737385531047135601e+01,2.165209486429171548e+01,-3.270100002861688893e+01,1.691439126296594964e+01,-2.598342976848818431e+00,2.413326964286653720e+01,1.181864560728152291e+01,-1.269623792192130907e+01,1.680435744954948163e+01,7.136384801133797140e+00,-6.664376793083333084e-01,-4.197856285959348810e+01,6.042825139406671298e+01,7.246862026289178083e+00
-3.567861943353833887e+00,-1.041998403259762895e+01,7.190618566390630129e+00,1.861275155008626214e+01,-5.621756942416532787e+00,-2.280917569668622136e+01,2.559784341514953354e+01,-4.848588998051805099e+00,2.240140122141475842e+01,-5.644189365726541396e+00,-2.307638503751901382e+00,-4.301243966944115016e+01,1.112475775364494623e+01,-4.585100525728204701e+00,9.515585808454918748e+00,-1.112942539248298424e+01,3.640499644141228064e+00,4.989364624928835212e+01,-9.505199036599696782e+00,-2.384004255912072878e+00,-1.973571584210565177e+01,-3.326365205302503902e+00,-2.524457784807749849e-01,-2.365308620565253594e+00,9.859915707859370215e+00,-8.421537566760489923e+00,-9.430625594573978532e+00,-2.649526501570345971e+00,3.681488574934467461e+00,2.814463763888695169e+01,-1.142468946632276072e+01,1.365035772250997503e+01,8.353002998475039576e+00,1.365128002490380865e+01,-2.589295957761175870e+01,7.149828256831572304e+00,8.575566936059875189e-02,-8.765935569747925982e+00,3.491077944303325964e+00,1.063873305256073820e+01,-9.023403560298699944e+00,-7.805525280236873087e+00,-7.183027885831458903e+00,3.935618134164056414e+01,1.447866199005253129e+01,1.948354982665254553e+01,-2.423242014679185985e+01,-8.464217788230859796e+00,2.233238905619161585e+01,-3.935215043994385375e+00,3.680366775515677347e+01,-1.147685637284211424e+01,2.448820072463785635e+00,-1.176464535198921268e+01,-1.475306266438896063e-01,1.095179790020076993e+01,-1.674659394001685087e+01,-1.026373278041183923e+01,-8.755860130769061556e+00,-4.407135112042556813e+00,2.384046734002101431e+00,-1.172930444648985926e+01,2.399850369670497940e+01,1.864839293517815833e+01,-1.882301961276268543e+01,-1.010900610852840131e+01,-9.103866233640959038e+00,-2.800016811298907271e+01,-1.359504791770066667e+00,1.135493257689684654e+01,-4.733318189805983955e+00,2.390609234521615389e-01,4.550895760276204349e+00,2.649776157802559595e+01,-1.904862603682374811e+01,-9.430111878236932199e+00,-4.222878179803631227e+00,2.089059178432843566e+01,1.995532532368116563e+00,5.538916490336671217e+00,1.765883444667411695e+01,1.785825718582519039e+00,-3.086247748179407502e+00,-2.167024303793904494e+01,-1.604790637653734109e+01,4.831994384905552664e+00,-1.977999688934229283e+01,5.594346597512325658e+00,-4.883161486388553740e+00,1.301845819529033221e+01,7.403323456096397859e-01,7.861738930772951939e+00,-1.627898875016372315e+00,-4.955041461341281206e+00,1.749510585973582621e+01,-2.078249792388852768e+00,-2.064864524582807448e+00,-1.503267661290311175e+01,1.884630481270658109e+01,4.816377352675038637e+00
-3.009999841500670126e+00,-2.171623255007161646e+01,1.026449030894170278e+01,2.035855507773318607e+01,-1.359785564290983118e+01,-2.244657377644976037e+01,2.576239549288541753e+01,-1.043905910331243359e+00,2.932167002402427158e+01,-1.207935630311519759e+01,1.994515086121889436e+00,-5.384901219777833603e+01,8.023683184888978914e+00,-3.367231274123582807e+00,1.845697190778285091e+01,-7.741170687068018808e+00,7.266044603446648154e+00,5.632110586156601784e+01,-1.235074410879025741e+01,-4.217769648496049406e+00,-2.098594375431146730e+01,-4.858658634115800901e+00,-1.690456239476135103e+00,9.616011293425996698e-02,4.788483022298168912e+00,-1.152273670222236746e+01,-1.712409584632564474e+01,1.753177485590279083e+00,6.490921919899183656e+00,3.904569913431208050e+01,3.689758223417527461e+00,2.202149366977160838e+01,1.206366341020986788e+01,1.295950197719494490e+01,-3.093961951039472780e+01,6.905968648129086951e+00,4.274693169885183330e+00,-2.009638689296538416e+01,6.197460523588476988e+00,2.889290606640403070e+01,-1.124129335580724565e+01,-6.138452592901789018e+00,-3.791330555445558748e+00,4.376115040802311995e+01,1.608877119807147693e+01,2.238971406695294775e+01,-3.058156056080346730e+01,-1.082018666840965260e+01,2.529887335128431758e+01,-9.224471919108346185e+00,4.368686196267029231e+01,-1.267639732150274767e+01,1.074782940915726037e+01,-1.689076903481492309e+01,-1.488489835256179727e+00,1.870817880999752703e+01,-2.331225700297376591e+01,-1.575659625529672780e+01,-1.144279355038064594e+01,7.179283580943476295e+00,7.449006388570694526e+00,-1.040374039343208601e+01,2.206599157234455078e+01,1.637057569762776410e+01,-2.258235066676954972e+01,-9.452012899880710250e+00,-1.251021548693742780e+01,-3.508786849836455701e+01,-3.042556426588881369e+00,9.911093392432007931e+00,-5.789967252773826623e+00,5.244263699659070799e-01,2.772626981965349735e+00,3.562985289790675125e+01,-2.243755806463519065e+01,-1.086166245449701506e+01,-4.749444623282818689e+00,2.291661258079993502e+01,5.511871227153874564e+00,8.509218026592401785e+00,2.689368388003759947e+01,8.959177062133457659e-01,1.656178068363450606e+00,-2.849069777536686132e+01,-2.003953206933167408e+01,5.270188020580249599e+00,-3.662335191025011483e+01,9.309302910919198482e+00,-1.285677001448765822e+01,1.018988354348406844e+01,-6.409135003221673177e-01,1.092473615695738154e+01,3.502060391907603432e+00,-6.023699874073299654e+00,1.166240332270592184e+01,1.745124673287044459e+00,-9.250451664455348055e-01,-1.946100430233884282e+01,2.707183093574343147e+01,4.108959472189289919e+00
-5.067106376571566706e+00,-7.713122155233497779e+01,3.045772887019387554e+01,4.888758664974001533e+01,-5.068745040484194675e+01,-4.784390123467701983e+01,5.644930292821327811e+01,7.805957390931197004e+00,8.207866162115986697e+01,-4.330514080454809545e+01,1.572961584185316219e+01,-1.457781479893705523e+02,9.233040201331375485e+00,-4.095964702618805298e+00,6.380861457781744406e+01,-7.858273805767378661e+00,2.539935435620768800e+01,1.394767421222773010e+02,-3.438907703134589866e+01,-1.402664995747887033e+01,-4.893928226221812139e+01,-1.462172849697039645e+01,-7.483625786088178522e+00,6.727596866795084729e+00,-3.018999855395287923e+00,-3.326582276166617191e+01,-5.760586578096037869e+01,1.547117093838425106e+01,2.155280772287068203e+01,1.137630305833790914e+02,4.804885808691614102e+01,7.004857623069918304e+01,3.605591552396051469e+01,2.634503427493969241e+01,-8.063472879876491106e+01,1.436941179637903865e+01,2.038743986828243848e+01,-7.369987124916288224e+01,2.064185176744503636e+01,1.111611515509803780e+02,-3.031469692818858874e+01,-8.931662732309490593e+00,7.387283121878001069e-01,1.068124234683845799e+02,3.924471907071755794e+01,5.637670178111519448e+01,-8.330548494164389695e+01,-2.976477596751115229e+01,6.286164217035003787e+01,-3.406332069488253467e+01,1.132137996459180158e+02,-3.073813540038926106e+01,4.534596017926262590e+01,-5.029964782781976851e+01,-6.787489610445196497e+00,6.121663780713599579e+01,-6.807370283380078035e+01,-4.880489769128993771e+01,-3.199493880664457990e+01,4.629289712388966649e+01,2.960904990364006650e+01,-1.910979730615227012e+01,4.285895080690283265e+01,2.956132611976035918e+01,-5.905491659438830254e+01,-1.881104272935819210e+01,-3.622094090208754835e+01,-9.505913533616275402e+01,-1.107233498271879846e+01,1.772544726481811495e+01,-1.538700026547593325e+01,1.895938578934612151e+00,1.319090727887575420e+00,1.016515438010300159e+02,-5.775920346604107891e+01,-2.740688682143412791e+01,-1.172088049326293913e+01,5.519148606071868812e+01,2.129616443870691711e+01,2.636707521947970534e+01,8.292917571340683480e+01,-4.087396161917413728e-01,1.615993100549455974e+01,-8.000760163953091819e+01,-5.414139680870497529e+01,1.261906857786667935e+01,-1.242328035769941721e+02,3.007866181795712990e+01,-4.906956069179177149e+01,1.466451235479013349e+01,-5.051346551817979424e+00,3.186446111118270252e+01,2.119959073568778862e+01,-1.592699364002194784e+01,9.910512727027077418e+00,1.391946752781783125e+01,1.007231014281699810e+00,-5.404002578701780379e+01,8.064359465763141088e+01,7.060446860079769849e+00
-3.436853185304341807e+00,-3.621389326146265830e+01,1.542867813915109743e+01,2.735866891344986485e+01,-2.334855930941819935e+01,-2.845990183359513992e+01,3.309679708020563993e+01,1.499316536461090088e+00,4.268714379157118088e+01,-2.025659820877111628e+01,5.759035506482264921e+00,-7.699915409858030557e+01,7.958702839203681378e+00,-3.402214265333099341e+00,3.028728935731368566e+01,-7.383083974664261362e+00,1.200200120653629021e+01,7.687737108629886507e+01,-1.792878430741278351e+01,-6.765083585446668657e+00,-2.779235632530844313e+01,-7.360706608078854352e+00,-3.235352280954848503e+00,1.957492739084569999e+00,2.349447304577355844e+00,-1.705951619174154743e+01,-2.765128444592124524e+01,5.525074691228238244e+00,1.040168668016052145e+01,5.809995182312542994e+01,1.598671699941187185e+01,3.442466175107318094e+01,1.820606879225101693e+01,1.607175753641198668e+01,-4.336170175924728198e+01,8.657446827205690809e+00,8.593138321672562085e+00,-3.416608753369125395e+01,9.949276704679594019e+00,5.058496742189910123e+01,-1.604099937402781961e+01,-6.614424788338446604e+00,-2.324983914341322233e+00,5.929419299326680459e+01,2.179250117031204326e+01,3.082317921605960365e+01,-4.387408595614439122e+01,-1.560491432732974815e+01,3.459166455062911183e+01,-1.574854319108859357e+01,6.104601058168447736e+01,-1.711891127538850910e+01,1.994136375768754377e+01,-2.543932174047343509e+01,-2.904520999520784130e+00,2.972569027794198249e+01,-3.473122152677782992e+01,-2.426096901882208101e+01,-1.664846194408708158e+01,1.782380877034045241e+01,1.330890668086930972e+01,-1.232822134759297406e+01,2.680280325755472859e+01,1.925570790622114359e+01,-3.170556549110982303e+01,-1.160832669199881195e+01,-1.855083749451121378e+01,-5.019227561541407567e+01,-5.148568589295414277e+00,1.160952096968628844e+01,-8.198245269304631933e+00,8.839002385844849652e-01,2.223521263105487922e+00,5.240956598509348652e+01,-3.124419996307545233e+01,-1.496907613504962775e+01,-6.471399984581615250e+00,3.084164596949251091e+01,9.675388995980719997e+00,1.310485968430142023e+01,4.130442743820712082e+01,4.835098789987674062e-01,5.654100169606341098e+00,-4.154916759070787435e+01,-2.862404367895208779e+01,7.072057133027084497e+00,-5.942801268972500850e+01,1.468387083796404546e+01,-2.239816285637102666e+01,1.093437726601581161e+01,-1.849702973949475915e+00,1.626564495451312098e+01,8.305517626635568362e+00,-8.506357574157110690e+00,1.058027341909553343e+01,5.083021221195224371e+00,-3.345442091426019671e-01,-2.820901932976131476e+01,4.078024382860699859e+01,4.731992192200668690e+00
-5.004854797023568835e+00,-5.101838144475883041e+01,2.190990934612247187e+01,3.922190288260311064e+01,-3.282431553551287351e+01,-4.101851883240064467e+01,4.764293258772253381e+01,1.778547503731913615e+00,6.077746017960155456e+01,-2.852598472689154363e+01,7.862795770347084101e+00,-1.097951246491219166e+02,1.177063954532889767e+01,-5.020975467240124779e+00,4.271955806459892102e+01,-1.097046639405803248e+01,1.692032724148171496e+01,1.100606684030425981e+02,-2.553289489545535318e+01,-9.558343823784806403e+00,-3.989597031722357201e+01,-1.044618817275222078e+01,-4.515106238475445899e+00,2.572642670931829301e+00,3.890347387147512048e+00,-2.425558340256164058e+01,-3.904850257695142801e+01,7.515837156652600548e+00,1.469748548493467943e+01,8.257382447575810147e+01,2.150942771017906452e+01,4.873439932681921505e+01,2.584567301966798425e+01,2.321250865720414680e+01,-6.193618454003779306e+01,1.249110939204644311e+01,1.195522543315603059e+01,-4.806612091619365401e+01,1.405632019681010014e+01,7.101693578615038405e+01,-2.287725011904921146e+01,-9.691478963940872049e+00,-3.687146569690094022e+00,8.494314100366592868e+01,3.122019076444745167e+01,4.409476164709579393e+01,-6.254376973544675877e+01,-2.223547974333695620e+01,4.951534852339664639e+01,-2.214897650765617598e+01,8.721793581687428798e+01,-2.453127814169339160e+01,2.788566287740071559e+01,-3.612001093799917584e+01,-4.048414318448700477e+00,4.202935590925677900e+01,-4.935639269226438586e+01,-3.438650903961530503e+01,-2.370509185752423775e+01,2.450764275999164710e+01,1.865832965499494378e+01,-1.788519514583965986e+01,3.878928790331485033e+01,2.795600110871348676e+01,-4.528008120179746498e+01,-1.678168975734305945e+01,-2.637257106676649698e+01,-7.156810684765872566e+01,-7.245633605103515507e+00,1.686209411479473630e+01,-1.169980828150188579e+01,1.244279798910283841e+00,3.379697496702988246e+00,7.455656588654650818e+01,-4.465275474404750611e+01,-2.141231457684545347e+01,-9.266159333449609292e+00,4.420936811642206266e+01,1.358092628473366048e+01,1.857396779176847090e+01,5.855489056768190892e+01,7.852450269951424255e-01,7.667661662578845849e+00,-5.914875585687655501e+01,-4.081946032841157290e+01,1.013994290799153219e+01,-8.389200277111322634e+01,2.077327837532753563e+01,-3.145599366036436351e+01,1.602836072824339553e+01,-2.525447697894064536e+00,2.311622901188045276e+01,1.144694945566282129e+01,-1.214228906551303666e+01,1.581886397720055726e+01,6.937213111953533407e+00,-5.957255969790740124e-01,-4.017815506591271912e+01,5.790099850089039535e+01,6.884810544817537625e+00
-3.018678606744414239e+00,-3.177991490810128639e+01,1.354241694711500976e+01,2.401986056928138424e+01,-2.048867675701092850e+01,-2.499021477440230754e+01,2.906085770707453975e+01,1.310360063486608162e+00,3.747090453440119973e+01,-1.777622080309291164e+01,5.049865767966243979e+00,-6.759274664312705738e+01,6.993256290695548216e+00,-2.989327927901522131e+00,2.657977248390684366e+01,-6.488288984697804906e+00,1.053268372883717952e+01,6.749292477382067545e+01,-1.573803972884408076e+01,-5.937222158910616443e+00,-2.440146541223501586e+01,-6.460703845176314353e+00,-2.838528663372297700e+00,1.714834803909903727e+00,2.071146040802377186e+00,-1.497435389620747692e+01,-2.426720287436737422e+01,4.844270899866922164e+00,9.128820637636165358e+00,5.099792372744202851e+01,1.401299078514529484e+01,3.021357213118867335e+01,1.598011804853180351e+01,1.411315577559740930e+01,-3.806623189967973531e+01,7.602190181192710838e+00,7.538573491641964885e+00,-2.998175419680370624e+01,8.731741702335945376e+00,4.438742272817424350e+01,-1.408145511197619015e+01,-5.810580528159331237e+00,-2.046956355319034859e+00,5.205702209107752054e+01,1.913262504501589945e+01,2.706005258222991472e+01,-3.851403750663062908e+01,-1.369832159825505791e+01,3.036892854365709127e+01,-1.381970589734437915e+01,5.359123381687341237e+01,-1.502957380221426398e+01,1.749641841991678604e+01,-2.232909779327566469e+01,-2.548193988597585058e+00,2.608856355871261101e+01,-3.048566344534660288e+01,-2.129383656511589251e+01,-1.461408991764741039e+01,1.563176625141992560e+01,1.167790941517852055e+01,-1.082711171884302104e+01,2.353770742828573503e+01,1.691142774416829297e+01,-2.783346858436480531e+01,-1.019391942634322668e+01,-1.628333803670743052e+01,-4.406062442684846303e+01,-4.518060787705814541e+00,1.019623718561561176e+01,-7.196883992816892395e+00,7.756611684498062598e-01,1.955263297440223091e+00,4.600425101768550462e+01,-2.742895730301687962e+01,-1.314150564087864126e+01,-5.681457395423794132e+00,2.707768716934717901e+01,8.489944243092125475e+00,1.150212146870554264e+01,3.625305717407515260e+01,4.259882034504808290e-01,4.957015655672821097e+00,-3.647184900265150986e+01,-2.512731895665923076e+01,6.209015660619790822e+00,-5.215446250526674987e+01,1.288739407721648256e+01,-1.965417137174240025e+01,9.605650900436797812e+00,-1.621930730922843455e+00,1.427734534840444880e+01,7.284506188183032194e+00,-7.467407104771611515e+00,9.299570244988125012e+00,4.457053836053232132e+00,-2.955898174441447535e-01,-2.476219644424617172e+01,3.579441808737195174e+01,4.156135431152467419e+00
-1.535735476832273516e+00,-3.716649020121109537e+00,2.845496864901357892e+00,7.734769146617188618e+00,-1.893325296611819919e+00,-9.627404577677125985e+00,1.077048091835613342e+01,-2.268140025864823439e+00,9.022671568235875128e+00,-1.994388568974858167e+00,-1.227622374388424697e+00,-1.746995128767523298e+01,4.869449895383445082e+00,-2.003375602177470682e+00,3.475779490636166535e+00,-4.888489916561685078e+00,1.317601636203167503e+00,2.063004334851615695e+01,-3.833833413268476153e+00,-8.949719754327918331e-01,-8.237158273984363177e+00,-1.309761459809842599e+00,-2.081799655947924599e-02,-1.142471631131498189e+00,4.453922513929549964e+00,-3.362260793802307912e+00,-3.514194215612393535e+00,-1.377583156793097618e+00,1.383385608901006592e+00,1.120469757899400243e+01,-5.710018052424366886e+00,5.250999711211601806e+00,3.297162658610538699e+00,5.790223643382311991e+00,-1.060450030505501573e+01,3.025574155913031138e+00,-2.129381574433235613e-01,-3.018030260363159023e+00,1.309323043671482445e+00,3.395089512641835228e+00,-3.668247523101339169e+00,-3.386331235680372753e+00,-3.226710511611749599e+00,1.631254724315206062e+01,6.001808217959890612e+00,8.032507503130609905e+00,-9.827742497981018843e+00,-3.424542784991631450e+00,9.228680057317134811e+00,-1.342801963194823589e+00,1.509023994400411439e+01,-4.762039473035435400e+00,5.378774275099917901e-01,-4.649783835137116128e+00,1.759574189240376008e-02,4.151079689180038557e+00,-6.662291634083977954e+00,-3.995885671195974709e+00,-3.527687415755727862e+00,-2.544889391442361593e+00,7.028792231314056060e-01,-5.018485449653169894e+00,1.022161664597315323e+01,7.989003499623855475e+00,-7.703607074005347499e+00,-4.296363853321320647e+00,-3.631473685317541999e+00,-1.137057911633145402e+01,-4.724754137867707149e-01,4.867854694879323318e+00,-1.930564446133250955e+00,8.371160925814426224e-02,2.022289174053877758e+00,1.061630704356863042e+01,-7.820640935406843575e+00,-3.886280277795300719e+00,-1.747114027885507959e+00,8.677397450587575278e+00,6.313337782685095600e-01,2.156057555294210726e+00,6.887775729646267386e+00,8.049913240030266426e-01,-1.581701907813859220e+00,-8.720686381712724256e+00,-6.521086046368993472e+00,2.008891159812761007e+00,-7.328717466605452202e+00,2.135127919212214564e+00,-1.582421588798535783e+00,5.650760573516202534e+00,3.939051999735808662e-01,3.128778740222069921e+00,-9.905743133582789461e-01,-2.023226869997809985e+00,7.714664385740235275e+00,-1.102551903919884113e+00,-9.373640803659085696e-01,-6.067568521008435134e+00,7.447875783337492450e+00,2.070426537786328680e+00
-5.965834874483898709e+00,-6.179974666117507098e+01,2.643686106251701418e+01,4.710782785295412367e+01,-3.980194840466435124e+01,-4.913870113261698691e+01,5.710849200995724573e+01,2.352294369329158030e+00,7.324188207453947541e+01,-3.456109465180407625e+01,9.672987265039024507e+00,-1.322156337718731152e+02,1.392691381142513407e+01,-5.946861696588053192e+00,5.171717173954527880e+01,-1.295126282247043115e+01,2.048897107669965933e+01,1.322780663073158109e+02,-3.076567738897480098e+01,-1.156184692964335881e+01,-4.788692881415937563e+01,-1.260841638044064261e+01,-5.494682590779891740e+00,3.226066015112379226e+00,4.368247637920886994e+00,-2.924968229833991984e+01,-4.724509354433104846e+01,9.262999355010308022e+00,1.777759645626039386e+01,9.959528133347244250e+01,2.665548391601719302e+01,5.889273311129560540e+01,3.119072842783669941e+01,2.777951406847795823e+01,-7.452187997576007206e+01,1.495615493028551235e+01,1.457110010753150320e+01,-5.826351563493489749e+01,1.700319582010951791e+01,8.617124490736782150e+01,-2.754653261513216478e+01,-1.151828867183330551e+01,-4.222173955930120570e+00,1.020579505729851917e+02,3.751008935364488650e+01,5.301515935264343682e+01,-7.532562622129685792e+01,-2.678539708038060851e+01,5.951510619009881253e+01,-2.685191349610552436e+01,1.049280250716898450e+02,-2.946976235747373352e+01,3.390182343465443893e+01,-4.358640782978213934e+01,-4.929732311543711276e+00,5.082122687503609626e+01,-5.953342464984773130e+01,-4.153012432839092583e+01,-2.856589542863666509e+01,3.004407957155884290e+01,2.265544090608338479e+01,-2.135808085584682203e+01,4.637593405970544325e+01,3.337245772112267161e+01,-5.448523771787728265e+01,-2.007434564532831445e+01,-3.180454741572682664e+01,-8.618393504363494628e+01,-8.781373243889310842e+00,2.012505581661636711e+01,-1.408325412485299211e+01,1.507797171778019418e+00,3.947314066706647750e+00,8.988414855395900815e+01,-5.371191112810423363e+01,-2.574521832109644848e+01,-1.113582731693918326e+01,5.310144686584770568e+01,1.648044071354717843e+01,2.243280371502051196e+01,7.071247547946668988e+01,8.894656629077946075e-01,9.464668051362327361e+00,-7.128412670503659854e+01,-4.915276519073379546e+01,1.217790920909373753e+01,-1.015198574766735931e+02,2.511183086764666328e+01,-3.816190203667720482e+01,1.904550382197230007e+01,-3.106829717255731538e+00,2.788197614138489655e+01,1.401654100312038587e+01,-1.461425381482803232e+01,1.862012820809414038e+01,8.535919385206421239e+00,-6.478312567384615361e-01,-4.840951309905845079e+01,6.987024042240818744e+01,8.210240856569896550e+00
-4.115376821259350670e+00,-2.889375055558893735e-01,4.484164078253422225e+00,1.724358593887011182e+01,1.551676480084131171e+00,-2.340193207166019107e+01,2.574443885229268147e+01,-8.357446933128290567e+00,1.638013301582595460e+01,1.305668795830889906e-01,-6.238582958189409666e+00,-3.367534713990324491e+01,1.406763765423440660e+01,-5.743341413320008471e+00,1.511155484885120970e+00,-1.433297937823509827e+01,3.923519023916979265e-01,4.463743892773334210e+01,-7.032712457057969324e+00,-7.473964054851358618e-01,-1.882927450955014947e+01,-1.974241864764453513e+00,1.049651047064369402e+00,-4.626471674903717357e+00,1.457630162143640717e+01,-5.704513352113127489e+00,-2.557714737141238537e+00,-6.675674356988605673e+00,1.174447777191164111e+00,1.857713833539579440e+01,-2.527334649650698850e+01,6.211238483925830778e+00,5.082091561218286202e+00,1.443689686617605616e+01,-2.161238333315104754e+01,7.453791349779278264e+00,-3.714774251122862303e+00,1.415272445313608074e+00,1.075355926620307656e+00,-5.804201612573798741e+00,-7.114953324609427199e+00,-9.408655121115959474e+00,-1.034408301093116478e+01,3.581359301367074011e+01,1.318484799190877865e+01,1.707140713258400311e+01,-1.875062705600435464e+01,-6.423994212441212603e+00,1.989843959828889552e+01,8.193681889819330877e-01,3.098254547151915261e+01,-1.052093604802110072e+01,-5.054340769824932522e+00,-7.248621493609688216e+00,1.067703676817622904e+00,4.039380518480023774e+00,-1.098176207294054230e+01,-5.397535670607769731e+00,-6.418653040494604944e+00,-1.497292704859107104e+01,-2.184916111658391280e+00,-1.306787187552483331e+01,2.602972572513270677e+01,2.093113335232132499e+01,-1.562897951881151926e+01,-1.082210406213964049e+01,-6.117802070055619268e+00,-2.189167895531292629e+01,1.521720699814581579e-01,1.279650839836952692e+01,-3.829114337168183724e+00,-1.714863293947849199e-02,6.217311885798498139e+00,1.851658924238808268e+01,-1.619333657848416053e+01,-8.239977677564336744e+00,-3.793830923927184795e+00,1.929345836538410452e+01,-1.172525907034355885e+00,2.907358639403281320e+00,9.482223509421409346e+00,2.614075483779774611e+00,-7.425746873575867824e+00,-1.573110484313968627e+01,-1.261097330708279785e+01,4.490188535014707050e+00,-4.723079291054176565e+00,2.287644585894671678e+00,2.296550744471460348e+00,1.573593297404272917e+01,2.002391666433414485e+00,5.172911840313937581e+00,-6.302230682282827345e+00,-4.042502225062412080e+00,2.299062325877147117e+01,-5.572043380226388010e+00,-3.123138329650537504e+00,-1.118769341050077948e+01,1.159939734628246377e+01,5.514049965054303115e+00
-1.857279886593456109e+00,-7.991161934126928656e+00,4.576878081281976485e+00,1.061369428889901556e+01,-4.685041597855393647e+00,-1.250976350418623184e+01,1.415271195376991464e+01,-1.918935729233534948e+00,1.373118138970491131e+01,-4.391392357347070785e+00,-4.185256665083594285e-01,-2.587820428757372682e+01,5.520668658669706019e+00,-2.287324191722154509e+00,7.024619881863132242e+00,-5.466210491764107893e+00,2.728156337736823644e+00,2.879831521988224097e+01,-5.808279559298453520e+00,-1.679219999889109305e+00,-1.113471345616191144e+01,-2.139164761991469987e+00,-4.248350915727016064e-01,-8.158901140635479443e-01,4.431663197334922089e+00,-5.261292722274640177e+00,-6.729923610835419012e+00,-5.871456598983160191e-01,2.588689585070386823e+00,1.768977971298614804e+01,-3.300303793659012719e+00,9.192152893437725680e+00,5.344525047071472024e+00,7.392801351083206463e+00,-1.528506912607676327e+01,3.895488884946773034e+00,8.792107811800513595e-01,-7.085564412737746842e+00,2.463191640885797007e+00,9.493643508620877469e+00,-5.417866287447842488e+00,-3.974533365725965162e+00,-3.288653525827915480e+00,2.258408273879513217e+01,8.306339780250741711e+00,1.132447876465412762e+01,-1.462776624907246337e+01,-5.136835671528665159e+00,1.290790698803120939e+01,-3.221131236872961434e+00,2.166825620755716386e+01,-6.568975768134942328e+00,2.998945956961675208e+00,-7.507527531666703169e+00,-3.476888094709941202e-01,7.581511648340409693e+00,-1.054150843812749372e+01,-6.752441918269962429e+00,-5.363436874294235324e+00,-1.300021132793460765e-01,2.320946337933237125e+00,-6.206752448798374289e+00,1.285403080387303376e+01,9.834278641674764287e+00,-1.112955922362850991e+01,-5.445754924704544031e+00,-5.698273855895921614e+00,-1.685276981185755929e+01,-1.084164425331403336e+00,5.976756100333030730e+00,-2.820793270383289197e+00,1.885409469468205534e-01,2.157163275541489789e+00,1.643003525726879843e+01,-1.118044619759448111e+01,-5.486046778078300434e+00,-2.433956939525656615e+00,1.192582437116663030e+01,1.799087685976776818e+00,3.645213654016845162e+00,1.157479991668227015e+01,8.083474013528790802e-01,-7.605781064453238649e-01,-1.330804435482631831e+01,-9.644911179722527095e+00,2.752401171343247910e+00,-1.425587514831460112e+01,3.823675078870839350e+00,-4.277130242704696883e+00,6.619370661184587945e+00,1.340647241293474456e-01,4.944915308549701294e+00,1.208247359077456728e-01,-2.945483108536767869e+00,8.492126964614236329e+00,-3.870762199180020069e-01,-9.126366199746500651e-01,-9.171627404400142680e+00,1.202937295415223673e+01,2.516272560966228866e+00
-6.681354261639793179e+00,-6.219235855616096842e+01,2.732770271438121057e+01,5.022921272250238900e+01,-3.976672406120304970e+01,-5.329233780247263752e+01,6.169492147663156345e+01,9.799268940831940000e-01,7.636589753833261796e+01,-3.473222738399531551e+01,8.692716732745179087e+00,-1.385357797800750461e+02,1.633671401516320287e+01,-6.932157423767147719e+00,5.225616209169229620e+01,-1.539960901051524544e+01,2.066829995687573529e+01,1.404158440149893750e+02,-3.210316023249291106e+01,-1.175024018345671983e+01,-5.127553312096227245e+01,-1.300603236687716624e+01,-5.351321332654826790e+00,2.477089295120927126e+00,6.809056408620783429e+00,-3.035852170958298046e+01,-4.793263657454460258e+01,8.207981426603309316e+00,1.807145657804926486e+01,1.032305102579189793e+02,2.261437781665544833e+01,6.025092251500540641e+01,3.220721038341202558e+01,3.032779792893603954e+01,-7.852043179954775098e+01,1.627525999863644302e+01,1.403654492449038216e+01,-5.835388078259259004e+01,1.727630908332321269e+01,8.568968445836463843e+01,-2.887969322509026426e+01,-1.314229285711647321e+01,-5.960555421365806517e+00,1.085643563953822195e+02,3.990508600910024484e+01,5.614095105206745728e+01,-7.885424246091105260e+01,-2.799976572273064690e+01,6.314581619119709899e+01,-2.686585654849830362e+01,1.106495541316646722e+02,-3.137829058079540090e+01,3.325302103272450438e+01,-4.503119645171802432e+01,-4.780227078215069092e+00,5.177434609682477173e+01,-6.168603988677054417e+01,-4.265657226697314996e+01,-2.978931004035376517e+01,2.772946683282221869e+01,2.241959747333032738e+01,-2.364359122229684829e+01,5.094979304703409184e+01,3.702854574807506083e+01,-5.738010529673374549e+01,-2.198039457334993330e+01,-3.299615212890567761e+01,-9.029383784079178099e+01,-8.805127855507544510e+00,2.235870216846890202e+01,-1.479659530104276755e+01,1.513364616300633569e+00,5.000030839201807353e+00,9.345517209165387840e+01,-5.669602366617653644e+01,-2.725483669255003960e+01,-1.182687882700028936e+01,5.659608906431561337e+01,1.637798674128071497e+01,2.303991011520939125e+01,7.267885438076328342e+01,1.327785547810922617e+00,8.286428816074609571e+00,-7.428962685286457202e+01,-5.151756709406231494e+01,1.299021473166775387e+01,-1.028691108817539117e+02,2.563114507443939161e+01,-3.799404526381589164e+01,2.176042310868616170e+01,-2.792204993187969997e+00,2.889505832796225349e+01,1.304994688404979897e+01,-1.536593205673390372e+01,2.253534933180195310e+01,7.659804608341648446e+00,-1.169195207442737416e+00,-5.053421945660807779e+01,7.218290416774854634e+01,9.170149779675092816e+00
-7.183679093378207980e+00,-6.328405629289157730e+01,2.821816864378506651e+01,5.271452231378395936e+01,-4.030107343461185110e+01,-5.641064126309598237e+01,6.517787557690623146e+01,2.088160711296671579e-01,7.921715139077549850e+01,-3.531438087261081904e+01,8.253366811718787943e+00,-1.440815819365941195e+02,1.794252696728486285e+01,-7.592248248506963115e+00,5.329301833768901275e+01,-1.701439746102456496e+01,2.105903828075219764e+01,1.470272554942909267e+02,-3.331562060078378806e+01,-1.202181184813023052e+01,-5.392823895556303171e+01,-1.341475623692531904e+01,-5.343958425061369866e+00,2.083334073936232045e+00,8.299751267887806705e+00,-3.141590805330861258e+01,-4.899415558300987072e+01,7.719128993649066572e+00,1.849147904617444738e+01,1.067486863227364040e+02,2.061883817528540419e+01,6.186770540248307526e+01,3.323756045520038782e+01,3.220788771598824951e+01,-8.190182248713631452e+01,1.725651300602696026e+01,1.392658515295945776e+01,-5.921921948130598423e+01,1.767338043491021438e+01,8.660913329075030731e+01,-3.004473517084355549e+01,-1.425421445971242740e+01,-7.037743109734175384e+00,1.137987592381041395e+02,4.183106210698903737e+01,5.871121167327343926e+01,-8.197155973561066844e+01,-2.908460830140265685e+01,6.610248244214193392e+01,-2.724843701820728015e+01,1.154642082879845049e+02,-3.290719020492783642e+01,3.334567736381407599e+01,-4.648528216619546782e+01,-4.761387679283092922e+00,5.304129951675756161e+01,-6.377711793443539534e+01,-4.389550720495925873e+01,-3.090427819035697610e+01,2.679252792487531920e+01,2.259734310773001198e+01,-2.528021459378324209e+01,5.427573286508776107e+01,3.963555489243915986e+01,-5.983559257504912665e+01,-2.337683575343082509e+01,-3.413764509324079910e+01,-9.390306735504238134e+01,-8.941487041979552686e+00,2.394775162058147799e+01,-1.541083037613521256e+01,1.537650083545780699e+00,5.671734873732090065e+00,9.680032935751546574e+01,-5.919300620382962563e+01,-2.849812785520675362e+01,-1.238695918461541368e+01,5.938361940816774620e+01,1.654776787841870345e+01,2.370833754450795183e+01,7.481671467140017739e+01,1.596948505697873832e+00,7.728207357502058450e+00,-7.704415818481646738e+01,-5.358819664148763451e+01,1.363585409086526745e+01,-1.050750356011369746e+02,2.628550061385700332e+01,-3.842783255697522549e+01,2.361634147709636977e+01,-2.651223449608950844e+00,2.987728088875778454e+01,1.267917324083659203e+01,-1.601002841258876330e+01,2.508845352068879464e+01,7.265612576037414172e+00,-1.483634756562465462e+00,-5.245384135370456846e+01,7.451186862585736037e+01,9.846929128963667566e+00
-3.799638492302816140e+00,-4.443170804138406282e+01,1.848483367050918957e+01,3.182981638327772345e+01,-2.882425221720939845e+01,-3.255346668716452996e+01,3.800734034372528924e+01,2.693532748359338314e+00,5.073727846437548550e+01,-2.488312763464034916e+01,7.707152293231443352e+00,-9.109871167108572365e+01,8.335794023116736895e+00,-3.590999243414462416e+00,3.703067761077664954e+01,-7.602010069121583946e+00,1.469528450263183217e+01,8.983066114256527612e+01,-2.129426540465517448e+01,-8.229491755257518193e+00,-3.220047308703659183e+01,-8.835578113501169284e+00,-4.079269143053256386e+00,2.875357863041186235e+00,1.397192908988771354e+00,-2.036255620170947012e+01,-3.368756577078029579e+01,7.464508848974745092e+00,1.265071450160951194e+01,6.943600133421654164e+01,2.220630994100083200e+01,4.163070915214316159e+01,2.183373265114652995e+01,1.825882555321462064e+01,-5.103157903308317600e+01,9.868522245582624919e+00,1.092916891041412875e+01,-4.209142967297589166e+01,1.210538434669038388e+01,6.269735099244802967e+01,-1.896816763821926344e+01,-7.160758133993230246e+00,-1.798998790524169999e+00,6.914347066990976032e+01,2.541015724730903358e+01,3.610089750202568126e+01,-5.195265625435440171e+01,-1.850327225578271850e+01,4.043915161811096226e+01,-1.941869786293595013e+01,7.178718743003140901e+01,-1.994402719824267933e+01,2.499850653638077347e+01,-3.049321061209632333e+01,-3.674936875202685638e+00,3.608320972584960629e+01,-4.152031713306487859e+01,-2.923537984548601898e+01,-1.978502081270930546e+01,2.341076004852674330e+01,1.656279789778355394e+01,-1.380243256880046943e+01,3.025085228985118491e+01,2.150523515249432549e+01,-3.733141726534364579e+01,-1.314774035630772175e+01,-2.215133823809582836e+01,-5.938923905187430563e+01,-6.336622860373361199e+00,1.294774542425666652e+01,-9.674591968043577239e+00,1.086948119131397883e+00,2.095510230368764493e+00,6.245587390003166206e+01,-3.670739606798711208e+01,-1.753733275056004715e+01,-7.558077760322273519e+00,3.589683964496217783e+01,1.199848773147445513e+01,1.579268395359313715e+01,4.974350253356974605e+01,3.268927225505611212e-01,7.699453123949725253e+00,-4.940636582072578165e+01,-3.385606098020552679e+01,8.224473800864377182e+00,-7.248013164771474237e+01,1.779453012100094256e+01,-2.773341824178945814e+01,1.181891709704922278e+01,-2.475268434345237800e+00,1.944213266377041904e+01,1.084006076303519350e+01,-1.003109995950648070e+01,1.064392739750322292e+01,6.809172216776268272e+00,-9.205887642651289227e-02,-3.349174603341405998e+01,4.888391326197926645e+01,5.247014854929102690e+00
-3.235970309645004761e+00,-7.310673109024056870e+00,5.826654604423874950e+00,1.611046432423520613e+01,-3.632705919165593045e+00,-2.015697122491462068e+01,2.252675989461478423e+01,-4.901968142039017096e+00,1.859189199696642802e+01,-3.907596269433355474e+00,-2.745526076195683896e+00,-3.610366666834194405e+01,1.031534432219217834e+01,-4.241523572170702749e+00,6.903701192986085644e+00,-1.036700409761770914e+01,2.607342160163462541e+00,4.289662666864492024e+01,-7.903811383218553921e+00,-1.796913773612794918e+00,-1.718194723957841674e+01,-2.677131991396123123e+00,1.565768108223197785e-02,-2.491584458472154040e+00,9.527128252469834635e+00,-6.906680559102672312e+00,-7.035455593669881047e+00,-3.063407866722761330e+00,2.778577145986500074e+00,2.299311769682877227e+01,-1.256861306553205182e+01,1.064122124896134380e+01,6.745389584492182955e+00,1.214254111076630238e+01,-2.197847444491226909e+01,6.340017012043051459e+00,-6.179856892216522013e-01,-5.847644725529260512e+00,2.627869908691144119e+00,6.351417405290444407e+00,-7.583224355771469583e+00,-7.153380303735283441e+00,-6.890442666329099630e+00,3.394702658441022436e+01,1.249042563763687319e+01,1.668560011136088761e+01,-2.029974371892451401e+01,-7.067670206082972584e+00,1.918569696266752089e+01,-2.591559412453888989e+00,3.128772341547961844e+01,-9.913540701582228110e+00,7.836000374168587967e-01,-9.517001479905809802e+00,9.202901956873144051e-02,8.365329469116410621e+00,-1.366820833185393980e+01,-8.133842898418672362e+00,-7.269837001567682755e+00,-5.801395633768052562e+00,1.261976428108371628e+00,-1.055404082332185389e+01,2.146479944287240116e+01,1.680804097272002195e+01,-1.596235842319521936e+01,-9.015719782108725155e+00,-7.457351152773708414e+00,-2.349718864516230710e+01,-9.191905532927240330e-01,1.024376780845097912e+01,-3.995534575885988815e+00,1.633874758855907161e-01,4.304169006000030606e+00,2.183495234856906464e+01,-1.622246334410796464e+01,-8.071761753541419893e+00,-3.633554455766224045e+00,1.807105224127655063e+01,1.176058880043134636e+00,4.388504076936377452e+00,1.403004875574888821e+01,1.720811394060749011e+00,-3.504444858401545293e+00,-1.796420160745390859e+01,-1.347877386652359988e+01,4.184872159158916638e+00,-1.463927663025285320e+01,4.314053739642918828e+00,-2.982349129721482583e+00,1.193874823456807732e+01,8.809862963458408025e-01,6.419772498170736696e+00,-2.283670464624877106e+00,-4.188904399255472200e+00,1.638045814286756752e+01,-2.464144598552373111e+00,-2.008046431904523921e+00,-1.251196221654480389e+01,1.524342629850456987e+01,4.360786061388653323e+00
-3.979362687098150442e+00,-5.976949977980667938e+01,2.365825532877540738e+01,3.810333352617062275e+01,-3.925558506319872265e+01,-3.737404456663929153e+01,4.407222170455327159e+01,5.940731980770390663e+00,6.381058090817526818e+01,-3.355366753963171078e+01,1.210777050388667142e+01,-1.133917049014864347e+02,7.335718052713329662e+00,-3.247860022220264931e+00,4.946212808939026218e+01,-6.273890694317178607e+00,1.968596249362602535e+01,1.086503773736757950e+02,-2.673736006597902559e+01,-1.087830589273455040e+01,-3.816383970547452975e+01,-1.135522916554808504e+01,-5.785213633448837989e+00,5.153270795156188910e+00,-2.151318042285478072e+00,-2.584986832149305869e+01,-4.466937285557049364e+01,1.190187547386700828e+01,1.671551967729240218e+01,8.838981287482602056e+01,3.690512963307914873e+01,5.435782802277270775e+01,2.800376819339430057e+01,2.059985215358178934e+01,-6.275921374760838489e+01,1.123038497207993380e+01,1.574947210658281982e+01,-5.708871135461246382e+01,1.600837990804537725e+01,8.605929778820146225e+01,-2.358135308630319926e+01,-7.042109895622167492e+00,4.390101767971232860e-01,8.322636192969835633e+01,3.057913434262713892e+01,4.390411670651754150e+01,-6.479176567251067809e+01,-2.314633145424375371e+01,4.896548518141464257e+01,-2.638368281923330372e+01,8.812421963228389643e+01,-2.395338226422090244e+01,3.507151543089166523e+01,-3.906858363081469321e+01,-5.245573871535818888e+00,4.748631772659451400e+01,-5.288910257446183749e+01,-3.788649193371797708e+01,-2.487432294362431406e+01,3.567734511453386403e+01,2.291464334175660511e+01,-1.497591288079234673e+01,3.354530256600789073e+01,2.317577400176421776e+01,-4.596075203011150734e+01,-1.471545845988824119e+01,-2.814499624936926736e+01,-7.393968792628766096e+01,-8.577529130096557708e+00,1.389973808173330028e+01,-1.197212726778615988e+01,1.468862748010859143e+00,1.102288376686713534e+00,7.900434496152314523e+01,-4.496403592829648233e+01,-2.134272062028436778e+01,-9.130948607936318240e+00,4.301439844877143059e+01,1.648639037054286050e+01,2.046824321567448024e+01,6.438065187139939383e+01,-2.830036056083246043e-01,1.242589387957718827e+01,-6.219743270564785576e+01,-4.211454914149959450e+01,9.835897560606417400e+00,-9.632373914434593587e+01,2.333620523060589846e+01,-3.799234358899251163e+01,1.156585449646478736e+01,-3.888254920251827507e+00,2.475715584557155324e+01,1.634540558716795289e+01,-1.239329755933262511e+01,7.975736170995014085e+00,1.071375775517133988e+01,7.401846920024637289e-01,-4.201764601418115319e+01,6.263695378690665905e+01,5.541956877150012062e+00
-3.352534696263740344e+00,-6.452121827923784636e+00,5.672150351228738785e+00,1.628665640061524300e+01,-2.994965951131805859e+00,-2.060497630146319992e+01,2.297652692329710788e+01,-5.342976970674648385e+00,1.835692417261574505e+01,-3.413201895703098288e+00,-3.186519718099095400e+00,-3.587985606447006859e+01,1.080510378858670961e+01,-4.437790726723088497e+00,6.247158816956499550e+00,-1.088348742038916939e+01,2.337169940297620041e+00,4.320681845590488024e+01,-7.812535425907064734e+00,-1.670121960672909633e+00,-1.742450998088467173e+01,-2.595424647063584001e+00,1.444625541831692228e-01,-2.762882375385625089e+00,1.017668158353309948e+01,-6.772003259558367461e+00,-6.493127439087322372e+00,-3.519939656642049552e+00,2.584852733295216254e+00,2.249322459476664093e+01,-1.417819147902497257e+01,1.011269132753510647e+01,6.552933113020868561e+00,1.245471113105849525e+01,-2.198073454256559245e+01,6.492527156024229917e+00,-1.004996992139072454e+00,-4.955871989960606072e+00,2.440245415188508460e+00,4.851417426155794743e+00,-7.541417522271149032e+00,-7.449820756288973556e+00,-7.335551898590296105e+00,3.425339415753914096e+01,1.260410163219813917e+01,1.676997581727276199e+01,-2.015101798541676814e+01,-7.002896427223347153e+00,1.931623163656303532e+01,-2.172413975071622261e+00,3.131783781787661525e+01,-1.001076812269671912e+01,5.826449607826944543e-02,-9.255224136696071469e+00,2.137373135251985357e-01,7.844800510903293222e+00,-1.336340424372419378e+01,-7.810779692382606498e+00,-7.179660895380414409e+00,-6.956224705315285917e+00,8.354572100666768364e-01,-1.089008518868073061e+01,2.208003694077826040e+01,1.735811483530638100e+01,-1.595559396661444040e+01,-9.260311335777084096e+00,-7.306763614392037809e+00,-2.334840143502901455e+01,-7.877671883939860731e-01,1.058398232957397411e+01,-3.983508224745617277e+00,1.412597207170552260e-01,4.551797879787255141e+00,2.146923186669451056e+01,-1.625415594665624752e+01,-8.110284968450308440e+00,-3.661425930694535147e+00,1.826263221632603617e+01,8.861329254583547588e-01,4.213600930953454338e+00,1.349422128931260900e+01,1.835802722878491222e+00,-4.000423347681695496e+00,-1.772520980838724469e+01,-1.340004663348747727e+01,4.232006861658612173e+00,-1.343621281320100991e+01,4.071082805929099990e+00,-2.331422232978364484e+00,1.243763287496110692e+01,1.022561244016981563e+00,6.278469086171524438e+00,-2.789103329668769504e+00,-4.179792054459941397e+00,1.723933448245513844e+01,-2.856559044253017543e+00,-2.151288981399356093e+00,-1.237428267487449318e+01,1.482279701531580329e+01,4.513904897336974642e+00
-5.700439966359472699e+00,-5.242901006020055377e+01,2.311013522683727217e+01,4.262697887765798299e+01,-3.349499741124907359e+01,-4.531147855839144967e+01,5.243330336343184683e+01,6.869410334647740868e-01,6.464417290344633216e+01,-2.927488545011902943e+01,7.223591910592603860e+00,-1.173372357167504845e+02,1.400490806789430565e+01,-5.938941787753726054e+00,4.407376727495539370e+01,-1.321940367409542105e+01,1.742859111768908420e+01,1.191044287645682971e+02,-2.717795212882368361e+01,-9.917142292617786126e+00,-4.353534761361609640e+01,-1.099611096424219525e+01,-4.493356376020647858e+00,2.011040285960564944e+00,5.982163407153750612e+00,-2.568523048041074475e+01,-4.044672593807837302e+01,6.807717312631424988e+00,1.525263208576980922e+01,8.732589246395802718e+01,1.864191197981147141e+01,5.089105508961364421e+01,2.723319980197290135e+01,2.580464655048372080e+01,-6.654737730471794066e+01,1.384304623339543383e+01,1.177009744443954986e+01,-4.916505798393295379e+01,1.458072435865576644e+01,7.213436601402767678e+01,-2.446214306021275675e+01,-1.123468482680387126e+01,-5.196503347670706319e+00,9.210881465948027369e+01,3.385685598834683674e+01,4.760733301291411834e+01,-6.678113640699099562e+01,-2.370892200708427566e+01,5.355903292685736972e+01,-2.263257301749729677e+01,9.378611097571014454e+01,-2.662498012197530528e+01,2.794607282512843938e+01,-3.807905715381298961e+01,-4.011659838636325581e+00,4.370969884932757310e+01,-5.218015329470464536e+01,-3.604659639086580114e+01,-2.521730514332977435e+01,2.312501433355976133e+01,1.886193559117254281e+01,-2.014750377653555091e+01,4.338059106410675270e+01,3.156102029308146584e+01,-4.862785799435655321e+01,-1.870816332596867326e+01,-2.791546260555242043e+01,-7.647625734798833719e+01,-7.419630371665456359e+00,1.905990832414124725e+01,-1.253630826106973295e+01,1.275384731047435771e+00,4.318169259588575670e+00,7.908489665982374106e+01,-4.806061207744246389e+01,-2.311121372727814816e+01,-1.003243904610007675e+01,4.802796221940675281e+01,1.378608911223230571e+01,1.946955945481351691e+01,6.142144301251074268e+01,1.162739181278961809e+00,6.861361629136261797e+00,-6.288320841871397704e+01,-4.363588905371554461e+01,1.102464518894265844e+01,-8.679071249599449800e+01,2.164349311692302180e+01,-3.198834661496863774e+01,1.860451165247486216e+01,-2.320329688679843905e+00,2.444277764823806365e+01,1.089540059082263923e+01,-1.301977388306097971e+01,1.937844935655420997e+01,6.364004481929516288e+00,-1.037528850278233161e+00,-4.278330496725610033e+01,6.103862009983981096e+01,7.821611369842713657e+00
-3.307788645756528201e+00,8.137463391237590216e+00,8.857407708710259842e-01,1.084480962330562903e+01,6.981164408513230946e+00,-1.673505214908160710e+01,1.799417872356259807e+01,-8.690167436081496888e+00,6.416564512393199138e+00,4.843393587811153367e+00,-7.566495046530705260e+00,-1.569507704711477558e+01,1.218875559623659655e+01,-4.940671866414879432e+00,-5.538667509282563017e+00,-1.258751396333591188e+01,-2.400896388432741446e+00,2.666435521338856063e+01,-2.847675608316413420e+00,8.280694661747100005e-01,-1.232653345358536257e+01,-2.578261886247602552e-01,1.800391562889624320e+00,-5.072993512830461071e+00,1.400153703001493000e+01,-1.724290523670406028e+00,3.880811215749904619e+00,-7.948307797641602335e+00,-1.247966103332083687e+00,5.023251528570733981e+00,-2.894419805335437701e+01,-1.810289707064556275e+00,8.363025170253142182e-01,1.066964762677259593e+01,-1.148177185630531127e+01,5.425093191494804401e+00,-5.706962754034607954e+00,9.361924954865731507e+00,-1.241605089156501363e+00,-1.756254798453866783e+01,-3.368986486347630205e+00,-7.851533028650237611e+00,-9.783175339393233472e+00,2.194858992427849387e+01,8.088975665609982713e+00,9.866879504437303439e+00,-8.506320830858982163e+00,-2.780823803267434169e+00,1.181164888882749509e+01,4.481982222402452365e+00,1.671926941694166047e+01,-6.517601702310729550e+00,-9.684323011125178127e+00,-1.315700290918936144e+00,1.741435243760495633e+00,-2.884653490597049341e+00,-2.879703401167525989e+00,2.576483795669251009e-01,-2.532691953361364323e+00,-1.909108475403377270e+01,-5.277268323107612957e+00,-1.017426795321890864e+01,1.974333125840685454e+01,1.641054909474719281e+01,-8.221930944380670070e+00,-8.100329843907108085e+00,-1.789797946760234293e+00,-1.017126715176131491e+01,1.349789818789906004e+00,1.007064716876977783e+01,-1.914251005048621224e+00,-2.227715656861333215e-01,5.687973024930998989e+00,6.286794553555933973e+00,-8.892544580814609745e+00,-4.741243479047520637e+00,-2.280818700651679798e+00,1.208034718412459263e+01,-3.421425045957006805e+00,-1.473425243899431081e-01,-1.463221611069522865e-01,2.496534583025373788e+00,-8.726953433539113902e+00,-6.033560052884042513e+00,-5.926721266590119441e+00,2.836078672420338620e+00,9.113077769406064732e+00,-1.133247634641068258e+00,7.503474004408195341e+00,1.316148571117028609e+01,2.428896721723202479e+00,1.378423685932079756e+00,-8.222506942906557370e+00,-2.055539088724644081e+00,2.048456872963637210e+01,-6.743953957517548226e+00,-3.039274979260347731e+00,-4.602750469189431648e+00,2.088728272823389798e+00,4.402424932878505892e+00
-6.539069813705236989e+00,-5.735980498569728780e+01,2.560630677097807606e+01,4.789584144393015919e+01,-3.651648950570026386e+01,-5.128789511675751100e+01,5.925012094752482028e+01,1.321860784857502580e-01,7.191073961581697915e+01,-3.200648008211001638e+01,7.437876592625054073e+00,-1.308190658131410657e+02,1.635837413039163479e+01,-6.920496426697308578e+00,4.831272294184868343e+01,-1.551897124798316341e+01,1.908964775584585283e+01,1.335637556067451044e+02,-3.024381349961873511e+01,-1.090113553780651401e+01,-4.900672893062994717e+01,-1.217201637555614724e+01,-4.836355985495256249e+00,1.856645086404157485e+00,7.622068314527721711e+00,-2.851292854640992402e+01,-4.442357370801273220e+01,6.950682358057322929e+00,1.676786832462881804e+01,9.687909269498119613e+01,1.851539155799067160e+01,5.611653315457154889e+01,3.015974192273164434e+01,2.929037940919702265e+01,-7.437973771659689248e+01,1.569143393894424321e+01,1.259706320722792228e+01,-5.366398056901730484e+01,1.602570368962617309e+01,7.845899733986630054e+01,-2.727979121901673665e+01,-1.298363545863758794e+01,-6.449337635067218244e+00,1.033866755336343317e+02,3.800384268502005369e+01,5.332979600236524220e+01,-7.442340066246406138e+01,-2.640485650309061683e+01,6.004821912474884016e+01,-2.469116612450488901e+01,1.048631712586599463e+02,-2.989745259616681139e+01,3.018850958321441169e+01,-4.218167888316519054e+01,-4.308216690126868365e+00,4.810184227417661873e+01,-5.787971837883586090e+01,-3.982178134579803697e+01,-2.805408724245162233e+01,2.418129176968989213e+01,2.046629737589745801e+01,-2.300209757090988205e+01,4.937085581863070161e+01,3.606683501187727359e+01,-5.433903368862031869e+01,-2.126162330931056488e+01,-3.098261145971441621e+01,-8.525903546844193670e+01,-8.103123801272035465e+00,2.179255964271747459e+01,-1.399383596219916548e+01,1.393539993427774348e+00,5.183066078821761735e+00,8.786193439592496190e+01,-5.376047636669645158e+01,-2.588569879903250381e+01,-1.125289370656735777e+01,5.395441126808474763e+01,1.499014748500509953e+01,2.150802956263971666e+01,6.787527319470677867e+01,1.465254823549115404e+00,6.953788115660312741e+00,-6.993680358108424855e+01,-4.865606322418884133e+01,1.238959169418547468e+01,-9.526755728859561145e+01,2.383962243209110810e+01,-3.481358098318809624e+01,2.151225853450891634e+01,-2.389275168645534464e+00,2.711475539544367663e+01,1.144879447247381066e+01,-1.453837949003929886e+01,2.289605929967208553e+01,6.547172425705590548e+00,-1.366028859877048696e+00,-4.761821444746725263e+01,6.761343320346068708e+01,8.962472206337967151e+00
-2.671858131327301766e+00,3.998032340402214224e+00,1.551805536237342853e+00,9.687434245000030586e+00,3.874927223323717751e+00,-1.415594700069568113e+01,1.536488630837030911e+01,-6.412531454907564488e+00,7.259387247811603494e+00,2.454429878334250414e+00,-5.326634583780085030e+00,-1.617629536901043963e+01,9.574175865149936016e+00,-3.891016698383164218e+00,-2.396162328998902247e+00,-9.839206047924298204e+00,-1.103647787948553782e+00,2.437267423809741729e+01,-3.163164127205185139e+00,2.292932660838604697e-01,-1.082054508657581948e+01,-6.171315383161037893e-01,1.159921578559576893e+00,-3.681007809386890983e+00,1.060651709515905239e+01,-2.272928210756826495e+00,1.308286062705306563e+00,-5.625661018956701120e+00,-3.336781071407284305e-01,7.105882493945481215e+00,-2.072441210892134933e+01,6.306165064409912091e-01,1.674938622878504368e+00,8.905793118383838802e+00,-1.108629947505091629e+01,4.556235657475712131e+00,-3.772604378009361881e+00,5.031796563316097703e+00,-3.550006556930698220e-01,-1.021816727365247601e+01,-3.444204290689758530e+00,-6.253081962832939489e+00,-7.450395664599753331e+00,1.983237790286308666e+01,7.305610090585419769e+00,9.155802348806075130e+00,-8.890638703539545773e+00,-2.979206934800796791e+00,1.082744076380717146e+01,2.444019137868806091e+00,1.602260424182022547e+01,-5.861040574261219049e+00,-6.092901780965320313e+00,-2.450425766349400014e+00,1.134902079575315081e+00,-4.437259844629082295e-01,-4.155710287940827641e+00,-1.205866071091025393e+00,-2.853797372722775449e+00,-1.324983823874274691e+01,-3.179411028332342237e+00,-8.319522255756485407e+00,1.631017006789096868e+01,1.338268126072583364e+01,-7.976489975547115918e+00,-6.727023926249362518e+00,-2.407886863003854572e+00,-1.049999119364476741e+01,7.126486983804903863e-01,8.200598984089383592e+00,-1.904173331155640359e+00,-1.156468573202406314e-01,4.381940545495543127e+00,7.722797711744169291e+00,-8.451413982063128216e+00,-4.408657609254893472e+00,-2.078765994744599332e+00,1.081221363258883628e+01,-2.000972423432361147e+00,6.452529358549654592e-01,2.271609656237195907e+00,1.894911398113750201e+00,-6.200535088071489120e+00,-6.907356676436474885e+00,-6.082374736618886502e+00,2.528643915780087958e+00,3.389445486930782181e+00,-1.034650109675627760e-03,4.320324220940582549e+00,1.047317012553556204e+01,1.709827772085942943e+00,1.968507384065039112e+00,-5.670439914993911756e+00,-2.027597396873491942e+00,1.592934143090186794e+01,-4.750464945083184176e+00,-2.292213733573540413e+00,-5.068315704859436721e+00,3.912880002055231898e+00,3.565143969215982978e+00
-6.123936155446521035e+00,-4.767627759070123261e+01,2.201824445903349670e+01,4.267869427034197116e+01,-3.005890960614186014e+01,-4.653426464420520858e+01,5.354076669150141754e+01,-1.300327595726051833e+00,6.247328462268788485e+01,-2.655388910394458435e+01,5.123300460776243348e+00,-1.143046786049999781e+02,1.595635820252491754e+01,-6.715319374706305133e+00,4.037043529521464791e+01,-1.530414638328981525e+01,1.591689252182479919e+01,1.184332215838941949e+02,-2.629889853926021814e+01,-9.177634634092628474e+00,-4.386863733871251014e+01,-1.043988012666543774e+01,-3.838668866992043682e+00,7.610390580218382439e-01,8.788170223851425433e+00,-2.463759755078390512e+01,-3.731773830556103633e+01,4.645021850300366850e+00,1.412100782051819792e+01,8.357592331883961378e+01,1.110970154325215731e+01,4.764317530160557368e+01,2.589997869010618814e+01,2.675648343116131755e+01,-6.540616211402117131e+01,1.428667651096172619e+01,9.832946514166893692e+00,-4.431998844720877884e+01,1.348804778899333989e+01,6.416750856399328029e+01,-2.385165980323272805e+01,-1.236814068042578540e+01,-7.100348968514182069e+00,9.188753005781238414e+01,3.378027915449847995e+01,4.716161566425788010e+01,-6.495957535487772816e+01,-2.300859582449187002e+01,5.321710202970670878e+01,-2.036355352345290015e+01,9.229840349828579349e+01,-2.659984516011659039e+01,2.421362568883624178e+01,-3.624768671590963720e+01,-3.397093452062525998e+00,4.062190220346764846e+01,-4.991209219242963968e+01,-3.397587562211834467e+01,-2.437709927766863771e+01,1.755217244848815028e+01,1.662512311466445780e+01,-2.130415399132582621e+01,4.538585745067631194e+01,3.347889404274455671e+01,-4.775624595624028501e+01,-1.948007664636260472e+01,-2.675797858664988027e+01,-7.448668527097281356e+01,-6.702586434918938352e+00,2.025405419255996975e+01,-1.226554821658336714e+01,1.154203752774403124e+00,5.352649297026705888e+00,7.607849649689732985e+01,-4.737107233215367330e+01,-2.288392041607802341e+01,-9.983710426945052063e+00,4.805516106578919278e+01,1.224892788811064825e+01,1.834928291588977345e+01,5.795868913581760040e+01,1.657696202898936155e+00,4.521046879936140961e+00,-6.072476230803795971e+01,-4.252830480307943617e+01,1.104503496901581627e+01,-7.990033300238349057e+01,2.018071339624083294e+01,-2.851925803050908570e+01,2.051725770343126598e+01,-1.646037584168801526e+00,2.338696050265269832e+01,8.442944373682736980e+00,-1.275370191159689526e+01,2.289029425210209467e+01,4.496182605219717132e+00,-1.661196103114459088e+00,-4.142640984085991818e+01,5.809848962376003811e+01,8.372145197821565077e+00
-2.927666045579384146e+00,-5.225518990595881874e+00,4.820498346353828900e+00,1.407533642937200824e+01,-2.335264711296416884e+00,-1.789233817631885870e+01,1.993286874905167494e+01,-4.762242266708431870e+00,1.570079308193566092e+01,-2.749136622308022915e+00,-2.907381692230579517e+00,-3.077717848476040530e+01,9.478844595674614126e+00,-3.891235564564817118e+00,5.125505218042318845e+00,-9.556357007954733973e+00,1.908269949537424903e+00,3.728104214397440330e+01,-6.685405284557681682e+00,-1.388659043804294502e+00,-1.507911269705840596e+01,-2.201573671292753165e+00,1.728976035802827216e-01,-2.478913424375940089e+00,8.998655347216695688e+00,-5.774012774477530030e+00,-5.380202480141836219e+00,-3.200037023934361180e+00,2.150180195174701048e+00,1.915854823527931217e+01,-1.280304046327754541e+01,8.498744178530079907e+00,5.563763100993816657e+00,1.083067587563617629e+01,-1.890735939866326731e+01,5.642072643118629216e+00,-1.010582100633891756e+00,-3.925989699611520223e+00,2.028101142790518452e+00,3.606463947859385399e+00,-6.470886616995342955e+00,-6.519830331898202935e+00,-6.477683790690286436e+00,2.957840091137256167e+01,1.088421681445230504e+01,1.445638680869783599e+01,-1.727653162655135688e+01,-5.999010325105258445e+00,1.666395359222105554e+01,-1.710301156050119786e+00,2.694909251278504314e+01,-8.647375942880273669e+00,-2.237873161864083471e-01,-7.861934211750288171e+00,2.298037583024379327e-01,6.551062231451724394e+00,-1.137929581272076618e+01,-6.596367056203586543e+00,-6.141460002780968708e+00,-6.419415444876438670e+00,5.575468466010464752e-01,-9.493894223336429405e+00,1.922424733288561427e+01,1.513812666658984796e+01,-1.372148795271478328e+01,-8.057526141249459428e+00,-6.227973409074199829e+00,-2.002670536476482965e+01,-6.279615557197788522e-01,9.232177697050634180e+00,-3.421832787986929247e+00,1.131471809027753406e-01,4.008692995792605629e+00,1.832843785721817653e+01,-1.399281525857570507e+01,-6.990526606464809944e+00,-3.159863280570325728e+00,1.578076280601940340e+01,6.527157222643324985e-01,3.558238773595783222e+00,1.140457717061462972e+01,1.622470396295192518e+00,-3.628216155146688937e+00,-1.515591083414007656e+01,-1.149618507227279096e+01,3.657916908524425637e+00,-1.110271839092954238e+01,3.409949333627503965e+00,-1.759544630994477110e+00,1.088649380560447355e+01,9.330075537645479145e-01,5.347002191266713389e+00,-2.589881708123277892e+00,-3.591764727829469095e+00,1.515256967608189242e+01,-2.605224772803887756e+00,-1.904500995698194199e+00,-1.059162289342214081e+01,1.259083952161993381e+01,3.940410625969630765e+00
-4.224971375955882458e+00,-6.155414327359244453e+01,2.449992206067283007e+01,3.976909963370425771e+01,-4.037380455729333306e+01,-3.920876645098964985e+01,4.617844937249166293e+01,5.858533795770330954e+00,6.621336009990194782e+01,-3.454647632653987444e+01,1.227437591025821462e+01,-1.178028434482315987e+02,7.989098367110730514e+00,-3.522127591903691624e+00,5.097838044692109349e+01,-6.903938294081273241e+00,2.028295998388244215e+01,1.132599702224844833e+02,-2.774939079417260501e+01,-1.122462543079705455e+01,-3.988048599745557254e+01,-1.175369283045830748e+01,-5.924596934992299779e+00,5.163164535795322863e+00,-1.764044395281384237e+00,-2.679442004127462695e+01,-4.607563128582481937e+01,1.204883441281052470e+01,1.724847649266398619e+01,9.159082466325898508e+01,3.721925061723113970e+01,5.616501134998546263e+01,2.899304427764080216e+01,2.165872822104222806e+01,-6.529271415343981744e+01,1.179475081564399552e+01,1.610238999371672364e+01,-5.874095970616225060e+01,1.651726097692609585e+01,8.843638438901717791e+01,-2.450216723330602875e+01,-7.542555588446232306e+00,1.318672968146917812e-01,8.680750054196975896e+01,3.189573092216231487e+01,4.573688950327117908e+01,-6.729707007873162183e+01,-2.403283388946483967e+01,5.103613336149081903e+01,-2.714215678857008385e+01,9.170133154682713439e+01,-2.499067613356642781e+01,3.595701016321476118e+01,-4.045364742778373568e+01,-5.368366153037861466e+00,4.902212786953386114e+01,-5.480031570935643259e+01,-3.917913924399812231e+01,-2.581199717558739692e+01,3.627382363906431806e+01,2.352778668785327199e+01,-1.582533049837840800e+01,3.534761524440405367e+01,2.451219776462763633e+01,-4.780997750250143241e+01,-1.548762384707200823e+01,-2.917052695329999068e+01,-7.681399567337557244e+01,-8.827649805461643240e+00,1.470878383455436023e+01,-1.244633321913841328e+01,1.511970573009321805e+00,1.327483919573797522e+00,8.192464845302822596e+01,-4.680111865366947654e+01,-2.223185037550440413e+01,-9.519653466853313262e+00,4.488951873472986165e+01,1.693989292230422805e+01,2.116632982687919196e+01,6.658685298911787243e+01,-2.104966321130710138e-01,1.256520358608794297e+01,-6.453219697856177106e+01,-4.375608943923421634e+01,1.026710053969239667e+01,-9.933162947806656007e+01,2.410031418559714922e+01,-3.904997681769802398e+01,1.239654805233028334e+01,-3.941790578697596192e+00,2.565278910466731332e+01,1.663593732793242808e+01,-1.288662121411874217e+01,8.924328430624127506e+00,1.085957998235638833e+01,6.655028983443540547e-01,-4.361225192138262940e+01,6.485688507407564884e+01,5.877282698674582306e+00
-3.537876498692789529e+00,4.605016911803449631e+00,2.278533384389244354e+00,1.307553260548541907e+01,4.658946997429674219e+00,-1.891500571553823207e+01,2.056712766381954438e+01,-8.328627892115440190e+00,1.016784459965093745e+01,2.859968762784443896e+00,-6.843075937004736709e+00,-2.235543559205887831e+01,1.260484390838423963e+01,-5.125496890079079826e+00,-2.616981488114539900e+00,-1.294051048360572764e+01,-1.237803071842485725e+00,3.303082649828122186e+01,-4.419294075483246154e+00,1.860136148766469155e-01,-1.455885961504187520e+01,-9.265449859478519512e-01,1.457137808170838600e+00,-4.762641253449751311e+00,1.385624051904277643e+01,-3.245104624673743832e+00,1.243713694017184679e+00,-7.236514661084537892e+00,-2.614204671283841819e-01,1.022460660490464512e+01,-2.673139107986827767e+01,1.394918683164440232e+00,2.485202062988930649e+00,1.186928188457811295e+01,-1.516439779462013249e+01,6.079614261426698363e+00,-4.771433496839016186e+00,5.985811641082056767e+00,-2.967331778725874614e-01,-1.246860386065981530e+01,-4.753959973079368240e+00,-8.256064451790305014e+00,-9.744354911446375667e+00,2.682329964416899060e+01,9.880015059957944601e+00,1.244068462053871826e+01,-1.231264622191607039e+01,-4.140944195072240319e+00,1.468109932468863121e+01,2.921497789859208716e+00,2.188948921729875252e+01,-7.920326507415687445e+00,-7.605055537194949977e+00,-3.615913824557247747e+00,1.430055604532287195e+00,-8.289805554368623319e-02,-5.992163329883029910e+00,-1.974998478334454521e+00,-3.994955679330143727e+00,-1.696366609484702792e+01,-3.920129763648789734e+00,-1.104319063477076668e+01,2.169370879290396559e+01,1.775435762699977360e+01,-1.091909285685413167e+01,-8.956652348536197294e+00,-3.445756285257648877e+00,-1.451439174039824209e+01,8.426069838238858800e-01,1.087629787710259777e+01,-2.617124771895936952e+00,-1.359299055045121996e-01,5.745389588635239519e+00,1.093347652142647064e+01,-1.153009116039538284e+01,-5.992497797648787206e+00,-2.815802340972784812e+00,1.459879853637378844e+01,-2.445502111120708477e+00,1.058859614798278503e+00,3.647236700777695795e+00,2.476554185762751104e+00,-7.983253690308760753e+00,-9.690299139740638168e+00,-8.400300499334433013e+00,3.411863330182093534e+00,3.425531301755881941e+00,2.432427730340109839e-01,5.254996329844044745e+00,1.382552945745497652e+01,2.196581275615384410e+00,2.835312148615961814e+00,-7.248534012655806436e+00,-2.783041508190486013e+00,2.092738328227409639e+01,-6.103760413574956800e+00,-2.991638443314144524e+00,-7.072373106940999854e+00,5.776587544911471639e+00,4.723132852243348445e+00
-2.921436206423663418e+00,-2.432872690150983175e+01,1.101854391880373818e+01,2.093078808148055003e+01,-1.542529712411684528e+01,-2.259204874904812854e+01,2.605260080245828647e+01,-2.468153383905251630e-01,3.108085179327194680e+01,-1.356473217309560120e+01,2.927287715049243566e+00,-5.668236255794018774e+01,7.445077102352550824e+00,-3.142139926169078556e+00,2.053741772976524160e+01,-7.098819398012007120e+00,8.107462926966757522e+00,5.824324491251081071e+01,-1.307701496994505419e+01,-4.648728312142651475e+00,-2.145922195289828238e+01,-5.231989199610769248e+00,-2.012383707147085588e+00,6.194890855722334777e-01,3.759666834088713827e+00,-1.229505793941507541e+01,-1.892649964884925140e+01,2.704897596678110361e+00,7.151463152512497423e+00,4.174604694103049241e+01,6.933928458714193610e+00,2.401624169824683719e+01,1.297068544715319760e+01,1.294110979343372492e+01,-3.231721409078280516e+01,6.922648833381778388e+00,5.206033595709659956e+00,-2.270008848898724096e+01,6.833224230573898161e+00,3.305313508156056912e+01,-1.182336866358212646e+01,-5.845491197748778234e+00,-3.109109046573693025e+00,4.512961519328868576e+01,1.658989697911006189e+01,2.322832742662317074e+01,-3.223202118271149885e+01,-1.142739248362589244e+01,2.617911525388896976e+01,-1.043837173738546120e+01,4.558052278420870351e+01,-1.305657799174537281e+01,1.261555802388897973e+01,-1.814601512474389722e+01,-1.787819640901457952e+00,2.053963053546221573e+01,-2.493663560843669558e+01,-1.707843363606384202e+01,-1.212640660689983996e+01,9.709309185459357394e+00,8.597712175430295645e+00,-1.022551985097571681e+01,2.187452690092218077e+01,1.604939310334294333e+01,-2.360393306881826803e+01,-9.406246508614081847e+00,-1.335708117144646323e+01,-3.693972103430334641e+01,-3.429885037049246854e+00,9.702890626372321137e+00,-6.071584442052126107e+00,5.901836252868183363e-01,2.422714882673603132e+00,3.792093935867004006e+01,-2.337909912815555558e+01,-1.127309800160915820e+01,-4.908256276010766861e+00,2.357366187531915713e+01,6.312731259594656308e+00,9.223898547762370725e+00,2.912000965289876220e+01,7.159380640132489981e-01,2.679033205995057898e+00,-3.022046263153808354e+01,-2.108521513116496848e+01,5.415405213491363057e+00,-4.056077756119669431e+01,1.018994321436808015e+01,-1.467633948756389373e+01,9.690572987751282952e+00,-9.403942141193106785e-01,1.168302444846265509e+01,4.625449538317473852e+00,-6.310181798566286915e+00,1.054014427056371517e+01,2.573818920816483669e+00,-6.923176412234601784e-01,-2.059363210400114497e+01,2.908572208755960986e+01,3.999546688028623898e+00
-3.145569980001979626e+00,1.195200024124544314e+01,-5.262709436815016240e-01,8.795129470240013347e+00,9.525492744818535584e+00,-1.486993251950162787e+01,1.575331950349085375e+01,-9.257147246700117904e+00,2.704103849929193615e+00,6.991372898660212165e+00,-8.480268514111463318e+00,-9.200328139607410805e+00,1.203488403029237119e+01,-4.861681462679547927e+00,-8.666887800916711626e+00,-1.250746729279640412e+01,-3.650613593431324855e+00,2.071824945899640724e+01,-1.295903265292454476e+00,1.506768896805296354e+00,-1.030850225284266308e+01,4.238829976428057922e-01,2.193745514378929062e+00,-5.506063386527043413e+00,1.446555618522821085e+01,-1.995050271033882439e-01,6.679193751368373455e+00,-8.858708781801768239e+00,-2.290267877706270827e+00,-2.113269706136657877e-01,-3.186959394302501636e+01,-5.146212708413797188e+00,-8.401211169254750866e-01,9.676083139855071735e+00,-7.953718714246935662e+00,4.874098904800662879e+00,-6.797017276972425748e+00,1.304325324835941480e+01,-2.240919584221570116e+00,-2.319424442615655835e+01,-2.020816811479555053e+00,-7.612077307751184740e+00,-1.004293286563957111e+01,1.743017689594789488e+01,6.429400909973820966e+00,7.442504121129382533e+00,-4.784229464342064198e+00,-1.444988205024682726e+00,9.127026224741662475e+00,6.187019188947526338e+00,1.177953264279794965e+01,-5.221937474642391663e+00,-1.203962211097760537e+01,1.019559683755981494e+00,2.100694878332428850e+00,-5.829933594963081944e+00,2.554727412497044270e-01,2.558799888073779893e+00,-1.086267829547649999e+00,-2.170727550486135726e+01,-6.791119051609832979e+00,-9.509572566077816091e+00,1.818183820346671808e+01,1.539776951596498478e+01,-5.633768549969880191e+00,-7.401983220471743508e+00,-1.275441031760439770e-01,-5.934712482584279414e+00,1.901551718081710973e+00,9.468672500512322898e+00,-1.234650469583090882e+00,-3.170587009444547077e-01,5.756763254941380303e+00,1.650864093409389666e+00,-6.380742076657178075e+00,-3.561386364509083524e+00,-1.782061782808109562e+00,9.762621292410523566e+00,-4.501647502467515771e+00,-1.390737814103450543e+00,-4.049729803631211489e+00,2.573178128144258281e+00,-9.687654932108276995e+00,-2.409689195113136506e+00,-3.516844218692094071e+00,2.307852393315171557e+00,1.516517504276341199e+01,-2.573869742186595033e+00,9.983728557570399786e+00,1.277455277451063864e+01,2.722319831412098878e+00,-8.841279680624697379e-02,-9.408614100252142620e+00,-1.353793097672112866e+00,2.048964295315234097e+01,-7.553679993312854002e+00,-3.156547934289541946e+00,-2.167189003842356243e+00,-1.655784837855403202e+00,4.171639261461359993e+00
-1.574083452321650478e+00,-4.305390100026799338e+00,3.077628967154394157e+00,8.106556310313820291e+00,-2.280361531792413299e+00,-9.990730172086562888e+00,1.119930574173229054e+01,-2.207883435203814138e+00,9.647884916112163367e+00,-2.324959373145976116e+00,-1.107052522800763272e+00,-1.858001104516591440e+01,4.938797947408051670e+00,-2.034179772788170748e+00,3.962727160830837647e+00,-4.947322669939987705e+00,1.511450522301543531e+00,2.169112189599826834e+01,-4.095769824462948350e+00,-1.001981283982469106e+00,-8.609212634227114691e+00,-1.421214592697024548e+00,-7.802695567927675491e-02,-1.090746254568046636e+00,4.429706428767524962e+00,-3.615729810636197694e+00,-3.953710469234513525e+00,-1.258950967366920137e+00,1.547809881601623250e+00,1.207159009171632214e+01,-5.341216890176683663e+00,5.785201109583101520e+00,3.571979249604474660e+00,5.990162686349899346e+00,-1.121827129477415141e+01,3.134661000901679984e+00,-5.701661457739204408e-02,-3.580715812660437258e+00,1.466801695552134799e+00,4.244080199954975541e+00,-3.899076437556628694e+00,-3.453753139537050654e+00,-3.220240440287273298e+00,1.712499886313381126e+01,6.300314783684550335e+00,8.461475022480845709e+00,-1.046213006315720051e+01,-3.651229516959098920e+00,9.706921796627323573e+00,-1.602882701952030864e+00,1.595194324406362796e+01,-4.995826940552928974e+00,8.844220064983634444e-01,-5.033152757410167766e+00,-3.430086464563086857e-02,4.618038928355598927e+00,-7.181034955536562236e+00,-4.367993480846204868e+00,-3.771398036750524874e+00,-2.190319614911237167e+00,9.290689830412097727e-01,-5.163305896578479270e+00,1.054667956838934018e+01,8.212971588332617756e+00,-8.153134059417592283e+00,-4.439084270759501294e+00,-3.907466741733777837e+00,-1.209443321443760944e+01,-5.570058862811074762e-01,5.002129812934793307e+00,-2.047710073941137132e+00,9.818521928841446311e-02,2.031858601337917847e+00,1.139075403821372134e+01,-8.260232032003640867e+00,-4.094822664228844999e+00,-1.836277967939025757e+00,9.097139342629107617e+00,7.939876007412258740e-01,2.357091245158914550e+00,7.520035539960374216e+00,8.016612577925895655e-01,-1.457751950608800584e+00,-9.330142896188824864e+00,-6.933349251826378179e+00,2.104855269439720011e+00,-8.276641877880484444e+00,2.364542987158060328e+00,-1.957167867892561031e+00,5.761434531230317901e+00,3.551859589556112251e-01,3.371593484002717300e+00,-8.282454916498203090e-01,-2.144477273242117121e+00,7.788466811179855398e+00,-9.958529799294522089e-01,-9.294246577082080352e-01,-6.479172293967029539e+00,8.062518995352171203e+00,2.123877857680469106e+00
-4.465090218424379032e+00,-3.942144554006927848e+01,1.756741770185552554e+01,3.279644742700087079e+01,-2.510886787161754441e+01,-3.508408017801767187e+01,4.053989765572661952e+01,1.501999098718327375e-01,4.930806180587452303e+01,-2.199903863516997760e+01,5.156367620838372190e+00,-8.967304322913609838e+01,1.114324244838221034e+01,-4.715684860764345565e+00,3.319469048983219750e+01,-1.056443508088520034e+01,1.311756312764094190e+01,9.148162910087481237e+01,-2.073668659871480457e+01,-7.487062667284468453e+00,-3.354870205451719301e+01,-8.351829241978169449e+00,-3.331490002832892205e+00,1.308929168718292679e+00,5.135151573247800805e+00,-1.955647810222547989e+01,-3.051423935022783596e+01,4.824622033260566489e+00,1.151624609454705173e+01,6.645325443326898096e+01,1.290513391813557931e+01,3.852488692914586466e+01,2.069275586631223263e+01,2.002881078952378502e+01,-5.096785322087487202e+01,1.073181971785081856e+01,8.684363725780723797e+00,-3.689340074941897285e+01,1.100685867756514469e+01,5.396622727650965601e+01,-1.869892473128550847e+01,-8.856862998194865000e+00,-4.359185634941606047e+00,7.080352776290331462e+01,2.602648089532073428e+01,3.653243687110017390e+01,-5.101818484103782936e+01,-1.810248718584394467e+01,4.112994577559639708e+01,-1.697610150564326403e+01,7.185263233130670812e+01,-2.047386143621131538e+01,2.078450910131034490e+01,-2.894006977335620334e+01,-2.968627109135745457e+00,3.303179831122723442e+01,-3.970285071113725905e+01,-2.733125293457236538e+01,-1.923604437450816107e+01,1.672617166506375241e+01,1.408203867405508092e+01,-1.571658511374834788e+01,3.374783503750785485e+01,2.464016385127729336e+01,-3.723633076682762777e+01,-1.453630173772101131e+01,-2.125096076034919790e+01,-5.844323083134459296e+01,-5.570372203143824308e+00,1.488719453095695755e+01,-9.590797245510458424e+00,9.579043256585348942e-01,3.518180076234802112e+00,6.025617525492233284e+01,-3.683467964556514573e+01,-1.773277343798195815e+01,-7.707193248653371853e+00,3.694595676499152859e+01,1.031108176480288030e+01,1.476186165295824182e+01,4.658346212527187902e+01,9.885091215288837052e-01,4.832083065938232558e+00,-4.795598091178294453e+01,-3.335184648956565923e+01,8.483502826534255803e+00,-6.544402414825725600e+01,1.636877036865325863e+01,-2.394374530062976802e+01,1.467366953459487533e+01,-1.656372580108930848e+00,1.859928620180237147e+01,7.913530686319257157e+00,-9.963547676526635755e+00,1.557324104695180012e+01,4.539451788498757523e+00,-9.166959638540115307e-01,-3.264863819718995330e+01,4.638846448214202667e+01,6.120766746645180945e+00
-6.342304322837826192e+00,-4.639459075374038122e+01,2.183491155428690078e+01,4.312645059039326867e+01,-2.908800325027545597e+01,-4.745452062606874932e+01,5.448866830046154064e+01,-2.049496824340527823e+00,6.229654593552780284e+01,-2.581266300148080362e+01,4.396775281790644918e+00,-1.143292824572832131e+02,1.683944278822457363e+01,-7.070338459151992438e+00,3.940409151348586647e+01,-1.623005448065673662e+01,1.551678446934646871e+01,1.193739616669049326e+02,-2.623739176816304308e+01,-8.995877452153958842e+00,-4.443264252108948398e+01,-1.033868719891618682e+01,-3.634713698735327903e+00,3.056647196345574358e-01,9.915807521276381209e+00,-2.449696315789407919e+01,-3.653348263014985520e+01,3.890578288976429988e+00,1.384364920057118198e+01,8.302619508250175784e+01,8.431239755482422993e+00,4.691857346349897995e+01,2.566623608665411282e+01,2.737775810778549967e+01,-6.564028140605915951e+01,1.459447682979953242e+01,9.214147312636136178e+00,-4.297039324207511157e+01,1.321875941981897107e+01,6.186088010825007188e+01,-2.386505868752789894e+01,-1.291219468634099776e+01,-7.876863848224595621e+00,9.272834266828115801e+01,3.409115210712744926e+01,4.747013596935999402e+01,-6.493720065818024523e+01,-2.298024923597532876e+01,5.362487836126518204e+01,-1.972757928506788261e+01,9.267424244000285682e+01,-2.685766344738600964e+01,2.307424270861434934e+01,-3.593333971114498127e+01,-3.203565165090471289e+00,3.988608624128552549e+01,-4.957321378374729903e+01,-3.355005544017406294e+01,-2.431068257471396521e+01,1.566418523947966435e+01,1.596353564305766426e+01,-2.194653929830085204e+01,4.658442166791763839e+01,3.452551133553647134e+01,-4.791298077675350697e+01,-1.996163202182155061e+01,-2.659794779063804526e+01,-7.449775294002934345e+01,-6.504294473531522236e+00,2.089978277379601579e+01,-1.228843171251567590e+01,1.120907784990817335e+00,5.789588361385864523e+00,7.572890327660876153e+01,-4.759138104783696832e+01,-2.302953943708115503e+01,-1.006592198558966622e+01,4.854782923164137287e+01,1.180255265101455286e+01,1.811859004411892116e+01,5.725808849842189829e+01,1.857682253501071301e+00,3.699565757647775399e+00,-6.053507285259983206e+01,-4.254513084731274120e+01,1.116350723950039381e+01,-7.815044297677090412e+01,1.984154491272134280e+01,-2.752066581586888105e+01,2.143180855826186360e+01,-1.412801141126043269e+00,2.323073506057181703e+01,7.619310167996598437e+00,-1.278322420942133064e+01,2.442100375592020001e+01,3.849469421740001174e+00,-1.908893281233778216e+00,-4.133982205779634711e+01,5.759287958268520669e+01,8.660147405691429157e+00
-3.043766199229411384e+00,1.152886468538487286e+01,-4.974422921300383216e-01,8.523565226568747377e+00,9.192326356985915936e+00,-1.439768161418665748e+01,1.525518492321305253e+01,-8.948986846721272315e+00,2.645874712738597090e+00,6.744541169926687729e+00,-8.194736977029277725e+00,-8.951913683452309201e+00,1.164155891098724638e+01,-4.702929532786245481e+00,-8.357086395217523389e+00,-1.209804251820094301e+01,-3.520677760818834212e+00,2.008770116324564015e+01,-1.266134079078144126e+00,1.451803527806511340e+00,-9.987059811771942464e+00,4.043974142260944316e-01,2.118595219223150306e+00,-5.321986965053233654e+00,1.398747221886652170e+01,-2.054621204489084363e-01,6.437266230539751000e+00,-8.560797010397118711e+00,-2.206633670450539153e+00,-1.614918363379358457e-01,-3.080071056874820812e+01,-4.950140791733432799e+00,-7.988349849447152762e-01,9.366978483523082488e+00,-7.721859519862269039e+00,4.718808729944035996e+00,-6.565229378359085821e+00,1.258543077879440375e+01,-2.159255708549837838e+00,-2.238761594954799961e+01,-1.965611093684061839e+00,-7.364463754389662498e+00,-9.711527218190353139e+00,1.689573185860804827e+01,6.232203951906123862e+00,7.218359521939139434e+00,-4.657878427531807475e+00,-1.408561014681600998e+00,8.849784567078703645e+00,5.970190387944779076e+00,1.143380810347788312e+01,-5.061346608487463428e+00,-1.162557467209430229e+01,9.669900222010729962e-01,2.028874885316841681e+00,-5.614646590994079034e+00,2.213984206971137958e-01,2.456042912165567138e+00,-1.062508426315052601e+00,-2.097411736740010468e+01,-6.556050798044738670e+00,-9.203231624461666982e+00,1.759851148413125088e+01,1.490122608575942920e+01,-5.470269272875873945e+00,-7.165019398681156559e+00,-1.369873608062079917e-01,-5.774857603394441874e+00,1.834683121593033706e+00,9.163158440399275406e+00,-1.199740622510411914e+00,-3.058904883294043531e-01,5.567453064369447091e+00,1.634736831823397907e+00,-6.192125963522167709e+00,-3.454290558414838674e+00,-1.727721699091807395e+00,9.461533101607834340e+00,-4.345198219956199814e+00,-1.334948088315521808e+00,-3.884956632671793031e+00,2.488183406359865568e+00,-9.362152299100062081e+00,-2.360386851484598481e+00,-3.421290941422664655e+00,2.236514825330290002e+00,1.461834883420266351e+01,-2.477672192380923732e+00,9.636063239673319458e+00,1.235888656007307418e+01,2.630658336040481604e+00,-7.349076672458043635e-02,-9.090412759609893811e+00,-1.315158455052146458e+00,1.981780978892180300e+01,-7.299381255533782920e+00,-3.052093305665055212e+00,-2.116097245235615709e+00,-1.570804079969334355e+00,4.036755889539816344e+00
-5.040457849318327632e+00,-3.964845191101005639e+01,1.825495590301814630e+01,3.527448088918123403e+01,-2.501977368080827446e+01,-3.840214034814891164e+01,4.419936771874697712e+01,-9.742637560562963372e-01,5.174863478460078881e+01,-2.208643229192362512e+01,4.341058774039050938e+00,-9.463471502369226585e+01,1.309036948079054241e+01,-5.511424487439438025e+00,3.355653457748373114e+01,-1.254452374095625444e+01,1.323297895433113069e+01,9.792777996531552276e+01,-2.178246384482413234e+01,-7.623411981546937000e+00,-3.624380956000661769e+01,-8.657477678944221822e+00,-3.206070080743808948e+00,6.923034936371985637e-01,7.122092462748032204e+00,-2.041780558998017270e+01,-3.100419364764788455e+01,3.948883686832040496e+00,1.172931615089103907e+01,6.927142597926895462e+01,9.564110030802964957e+00,3.954494685116453923e+01,2.147570736287438109e+01,2.206805095068229150e+01,-5.412077486055873976e+01,1.178654776635647217e+01,8.225674898487010722e+00,-3.687890281434439999e+01,1.120415716456992250e+01,5.344230461680190558e+01,-1.974605070899282211e+01,-1.016583172625983345e+01,-5.772631524252551216e+00,7.596303692797876295e+01,2.792577402698373490e+01,3.900511645198371014e+01,-5.378606247866557766e+01,-1.905374190588343097e+01,4.400517237972155016e+01,-1.694679262028158462e+01,7.636673355190195878e+01,-2.198801132586056539e+01,2.020320955927533291e+01,-3.005405913457394718e+01,-2.839045262284655813e+00,3.373324529780935421e+01,-4.137079694716007339e+01,-2.818835003941257966e+01,-2.019198896199787185e+01,1.479014728725725369e+01,1.385507373495731720e+01,-1.755093409165690943e+01,3.741330438308485640e+01,2.757574035931536827e+01,-3.951817208317784491e+01,-1.606266642651385723e+01,-2.217601567474197566e+01,-6.166942465120542494e+01,-5.576464938756400258e+00,1.668105170464097853e+01,-1.015208294681966805e+01,9.601663727659289771e-01,4.372017230873987970e+00,6.303662453638610685e+01,-3.919058497390563645e+01,-1.892675361690776015e+01,-8.254740734944657987e+00,3.971976888061520583e+01,1.020242325257502003e+01,1.522372408907034647e+01,4.808235438721377619e+01,1.345164350858055746e+00,3.855396506453671712e+00,-5.030272220150629181e+01,-3.520883191016736191e+01,9.128506671496433356e+00,-6.639217935062329445e+01,1.675486705730581249e+01,-2.374880756657150727e+01,1.686224864915705624e+01,-1.394690110394817051e+00,1.938447567468074695e+01,7.102809086182459097e+00,-1.055534087256823206e+01,1.874282658098945831e+01,3.810936825422626129e+00,-1.341544708591501323e+00,-3.431064902317424270e+01,4.817146577335377344e+01,6.892340977934693136e+00
-4.779012090123713641e+00,-1.511166918034760620e+01,1.000653533481986024e+01,2.534693438384133657e+01,-8.321063284935913629e+00,-3.083816476121371153e+01,3.465950818098418296e+01,-6.222376119310597531e+00,3.093677870414069986e+01,-8.213787718816412564e+00,-2.738951192687600233e+00,-5.918211770990573228e+01,1.477955826510071269e+01,-6.096818252920419567e+00,1.367729568109131577e+01,-1.476022460856913732e+01,5.250984335132679703e+00,6.810150543681115209e+01,-1.311875668562800712e+01,-3.390367684066381671e+00,-2.682251961275647645e+01,-4.638856848918889497e+00,-4.701101809476919691e-01,-2.981413675557049725e+00,1.289169436528486656e+01,-1.167493513218241397e+01,-1.345084424586118033e+01,-3.192690438862584301e+00,5.233564669252360524e+00,3.906539436434698587e+01,-1.411245797704054539e+01,1.922247248457691882e+01,1.163661575753088862e+01,1.841422017780636011e+01,-3.549499680465320495e+01,9.654988465680396814e+00,4.902204363243294338e-01,-1.287609046265747637e+01,4.966653289049678399e+00,1.602921265137167950e+01,-1.241061947278591582e+01,-1.041530490390434061e+01,-9.418756490757791866e+00,5.365916766278221672e+01,1.973962605094699896e+01,2.662913977253731090e+01,-3.336391575175402124e+01,-1.166613563620951055e+01,3.049022327086478157e+01,-5.798463040818847780e+00,5.042588243117093327e+01,-1.564022951365402037e+01,4.055567527129497307e+00,-1.638045371065452827e+01,-3.194465605292302612e-01,1.551525898170003970e+01,-2.325173687503230724e+01,-1.438183547450733712e+01,-1.209041402632959716e+01,-4.929834979366720660e+00,3.679035837873888326e+00,-1.575635684783192758e+01,3.230760872346364465e+01,2.503578209983096414e+01,-2.581136536277989535e+01,-1.362311828775887079e+01,-1.262567316364087411e+01,-3.852925554269793906e+01,-1.990320758775701693e+00,1.523910753240929239e+01,-6.500580280817254142e+00,3.490403655403216954e-01,6.000469648972262426e+00,3.667846333951370497e+01,-2.608362308452716505e+01,-1.289083354453272534e+01,-5.762389986513474227e+00,2.845485371648717177e+01,3.014887246934216058e+00,7.761826378062315790e+00,2.472479978404158629e+01,2.337497910337585694e+00,-3.753416735571151186e+00,-2.993829413152810304e+01,-2.207620098836935441e+01,6.578890785950189724e+00,-2.827523077599246903e+01,7.903359632168630355e+00,-7.321205889331318772e+00,1.736688314663678412e+01,8.786126799773541496e-01,1.091387638934969750e+01,-1.745033577302137928e+00,-6.801739201857038175e+00,2.315736954006464288e+01,-2.471254944966738698e+00,-2.692834430404106083e+00,-2.074116797161202541e+01,2.624180126369493848e+01,6.455428114749667046e+00
-3.537284504479601743e+00,-2.981142239877485878e+01,1.345630671492095409e+01,2.547062857856187534e+01,-1.891960387664298437e+01,-2.744230069957952622e+01,3.165873681430758069e+01,-2.153777887423644621e-01,3.791835355732325752e+01,-1.662470486046807494e+01,3.652350545452233366e+00,-6.911233386327523931e+01,8.977218900227324383e+00,-3.790788620020707711e+00,2.515250237295957092e+01,-8.550121046019679483e+00,9.931466787299317645e+00,7.091093588944502812e+01,-1.595236976271424822e+01,-5.689147641054111304e+00,-2.610169120764930994e+01,-6.391139211314553314e+00,-2.477079427373352072e+00,8.073840406817192061e-01,4.455511851320317795e+00,-1.500793568368834840e+01,-2.316744433362979549e+01,3.384370090200220282e+00,8.751755669532663262e+00,5.096547118424395961e+01,8.760774204323169556e+00,2.936676289737972567e+01,1.584239153637648911e+01,1.570866381799925549e+01,-3.937897061903285589e+01,8.405912766723009355e+00,6.418614384291746688e+00,-2.783331323705297322e+01,8.362791986947446077e+00,4.056652801695972954e+01,-1.441519092956747627e+01,-7.065503770931110594e+00,-3.702367074734007169e+00,5.493236018277217880e+01,2.019323647678555389e+01,2.828801745801868961e+01,-3.930438958197596122e+01,-1.393712923296233264e+01,3.187469726679942283e+01,-1.280058207701994455e+01,5.553528233848862072e+01,-1.589097499986827700e+01,1.551281737024736351e+01,-2.216209171606938710e+01,-2.202068175154157093e+00,2.512886834866148433e+01,-3.044497767294679491e+01,-2.087307863798738694e+01,-1.479381458905909774e+01,1.205461800824643959e+01,1.055911558733049915e+01,-1.239502153865509371e+01,2.653560675556710180e+01,1.945013691737325701e+01,-2.876334671618789685e+01,-1.141441863965570747e+01,-1.630512001266066946e+01,-4.504086234732418603e+01,-4.204850423386011116e+00,1.175737626569472027e+01,-7.400719635132259278e+00,7.234385078821221615e-01,2.904206607120901396e+00,4.627849907427673770e+01,-2.848193564284112966e+01,-1.372912026795825113e+01,-5.975448799018684198e+00,2.868806359637100201e+01,7.748361286153724770e+00,1.127343126223207648e+01,3.558725627185658880e+01,8.501292958198353178e-01,3.360489979933009685e+00,-3.687072484941322870e+01,-2.570815114437072069e+01,6.589694527950936909e+00,-4.965731256528178506e+01,1.246376009517458883e+01,-1.800953135203050337e+01,1.171165046205315008e+01,-1.173303064319250355e+00,1.426343888394127823e+01,5.734081690398910247e+00,-7.690892918682521007e+00,1.267718667250070830e+01,3.212234878155483031e+00,-8.158781049021524012e-01,-2.512055618051951811e+01,3.552317510094528785e+01,4.843915120733719881e+00
-5.568058746712671869e-01,-7.224358398223834854e+00,2.940465202691905588e+00,4.921329166246232845e+00,-4.712601073330813684e+00,-4.947235265596978238e+00,5.799606218231208921e+00,5.628312642753059425e-01,8.010289610216423384e+00,-4.050223267359408297e+00,1.346911249687892553e+00,-1.431887154544294738e+01,1.146404409517155720e+00,-4.985877952152927284e-01,6.002048524515923411e+00,-1.023067455303665607e+00,2.384949409345966664e+00,1.394911701089742273e+01,-3.359535366872392625e+00,-1.327725104675860912e+00,-4.957988053808903395e+00,-1.408037055367095780e+00,-6.793140320069004368e-01,5.367809368681346616e-01,9.967558425300782066e-03,-3.227758569068412520e+00,-5.442547219796281865e+00,1.313952567580663811e+00,2.040653338762373536e+00,1.101965611435907633e+01,3.989625902473421526e+00,6.680353218116375835e+00,3.476387447185511181e+00,2.755292568724717839e+00,-7.980152915175437123e+00,1.494384056843024222e+00,1.833474405798403817e+00,-6.869025812080301385e+00,1.953410227697161883e+00,1.028687894550352233e+01,-2.979872471168603987e+00,-1.024704976413658875e+00,-1.384436889124035508e-01,1.071505484632720417e+01,3.937423351701216045e+00,5.618765604509000866e+00,-8.172675480536485182e+00,-2.914540626147267055e+00,6.282409947980222675e+00,-3.171476885152560321e+00,1.121720010197219253e+01,-3.087850788284653980e+00,4.142411756179531501e+00,-4.852907317944806564e+00,-6.138017380162180681e-01,5.810205630175729219e+00,-6.591261134818718226e+00,-4.675869922434956472e+00,-3.123150019838721203e+00,4.031992559131000853e+00,2.727207269806603662e+00,-2.050687992708463803e+00,4.533436740363340434e+00,3.186622084507101160e+00,-5.840468582068775838e+00,-1.977661203530539202e+00,-3.512615964220229259e+00,-9.335709670313363517e+00,-1.033184459977007696e+00,1.915683795282607127e+00,-1.516879985932332753e+00,1.770930528092446998e-01,2.482169915861338061e-01,9.884950689448888994e+00,-5.730530557032483152e+00,-2.730312631090522135e+00,-1.173066958159882711e+00,5.552434584064664058e+00,1.969536714852923032e+00,2.525986395249685046e+00,7.951463800865262499e+00,1.420480367318854159e-02,1.363360199025689612e+00,-7.803438788655962632e+00,-5.320058054427949656e+00,1.271100776400316379e+00,-1.172148543804947352e+01,2.860910416439095716e+00,-4.546238179850766947e+00,1.688203770480011245e+00,-4.325626593980350654e-01,3.085939963148805365e+00,1.857558249688016749e+00,-1.571699069778225155e+00,1.388869700508855720e+00,1.190878789025292317e+00,3.159121980269079255e-02,-5.282009277626576349e+00,7.780047114596459146e+00,7.714265765979850809e-01
-3.967158531275666977e+00,2.648627809282995571e+00,3.371927042034345234e+00,1.556811832586819833e+01,3.501154059802819241e+00,-2.183355246665368909e+01,2.387356580134853345e+01,-8.746385872094366576e+00,1.342977932581044342e+01,1.783055442307075467e+00,-6.906466932258195968e+00,-2.848536811054086115e+01,1.386934278021923284e+01,-5.649938912883617270e+00,-9.051130837726262257e-01,-1.418999872455331435e+01,-5.717422507797507159e-01,3.980749859244356514e+01,-5.798437565955663509e+00,-2.207804002079076788e-01,-1.716916377875398325e+01,-1.438344289078101745e+00,1.346443701268667859e+00,-4.933526020738049134e+00,1.485068934807659069e+01,-4.498549824370312145e+00,-3.893700254932959126e-01,-7.338481180564496498e+00,3.655544127779912777e-01,1.444278718853953514e+01,-2.738144647527575160e+01,3.608424536101086488e+00,3.762950710003504007e+00,1.359022129752401931e+01,-1.877425753011337051e+01,6.987392227702072134e+00,-4.532664212607151910e+00,4.240636308580688407e+00,3.001110382966318824e-01,-1.010578353618074487e+01,-6.036917886878631734e+00,-9.170938928917246713e+00,-1.048528439887216912e+01,3.213259616453737522e+01,1.183267412407253971e+01,1.510852628206712822e+01,-1.577940313368757685e+01,-5.359374632376768588e+00,1.771920522245314800e+01,2.127027965079583360e+00,2.700469630934314580e+01,-9.463975866031319129e+00,-6.838443332980798317e+00,-5.410095892294387809e+00,1.338152555545150335e+00,1.749561797739776381e+00,-8.506373189189904593e+00,-3.595771249466441333e+00,-5.268947391846854345e+00,-1.690151953293432996e+01,-3.337673555751657695e+00,-1.248208839983499630e+01,2.468011908343430960e+01,2.003279940768988610e+01,-1.354822609713469639e+01,-1.022317001990514029e+01,-4.803687299535111421e+00,-1.850665694903863567e+01,5.759813464924499193e-01,1.226053960764372697e+01,-3.284309220771618243e+00,-8.962101812161205050e-02,6.234960503056618641e+00,1.484334177168590152e+01,-1.416815090736105276e+01,-7.285099944036414144e+00,-3.388415569911743752e+00,1.740004710845438751e+01,-1.997281324616865028e+00,1.933852037283296355e+00,6.424065020109589241e+00,2.658224872207481937e+00,-8.123010047969303926e+00,-1.285262051392106031e+01,-1.068457417358336059e+01,4.058138203614944928e+00,-3.816293464419828751e-02,1.165857163216677428e+00,4.192484009467105643e+00,1.534878707971320466e+01,2.216861893059309807e+00,4.014567797328641774e+00,-7.179359698945422252e+00,-3.479441023858609316e+00,2.286400612601011773e+01,-6.163629515107296619e+00,-3.195668796816110380e+00,-9.249606075149701567e+00,8.651515169917376014e+00,5.305117319530983977e+00
-5.578405970660319291e+00,-7.107838199180611127e+01,2.903723477250519380e+01,4.883665374603156550e+01,-4.632334545531550418e+01,-4.924219820123227009e+01,5.768491466743306262e+01,5.332487490108983152e+00,7.920389550514352095e+01,-3.984182198151506071e+01,1.309790336144264167e+01,-1.416892354556301825e+02,1.162223876333806594e+01,-5.045506316165744742e+00,5.908352946940109973e+01,-1.041537527269950836e+01,2.347209687590377669e+01,1.383199178182515539e+02,-3.322229517607509308e+01,-1.308009350460156917e+01,-4.923609395843871539e+01,-1.390020046539570941e+01,-6.657226684618788859e+00,5.167503689520296817e+00,4.547223562371724981e-01,-3.189341076986961099e+01,-5.360491280364388444e+01,1.276296954406427275e+01,2.010414084040232297e+01,1.088629989516568060e+02,3.863046836517814597e+01,6.587151547248626571e+01,3.432412549737703245e+01,2.745908689368379285e+01,-7.903544546343211152e+01,1.488373708418502162e+01,1.794633647794291420e+01,-6.754101481264707729e+01,1.924344171536948522e+01,1.010575511063264855e+02,-2.948928515186677046e+01,-1.031099261059258509e+01,-1.615079094410229121e+00,1.062881677248593064e+02,3.905793830713697190e+01,5.569363449885815243e+01,-8.085940748214073892e+01,-2.882966095708352228e+01,6.229156464261224357e+01,-3.118009520938796442e+01,1.111099290958460273e+02,-3.063488725900691989e+01,4.062826906739056199e+01,-4.791897335500188149e+01,-6.012292475011403958e+00,5.725809277368127681e+01,-6.511178015230657934e+01,-4.613203285926874031e+01,-3.088177386905008248e+01,3.929929883487248787e+01,2.677607588915793002e+01,-2.049387655110743722e+01,4.523565749956610915e+01,3.186129766547823650e+01,-5.783939486063206203e+01,-1.972050729034184613e+01,-3.470587455249116005e+01,-9.237788547543429729e+01,-1.016046982670278709e+01,1.915910131581823350e+01,-1.501635464899328376e+01,1.741774637970341377e+00,2.594022568649900329e+00,9.769858791024525146e+01,-5.677166300085297479e+01,-2.706170993531773306e+01,-1.163315039399608608e+01,5.509545846311946349e+01,1.934708689314594565e+01,2.492112026717451201e+01,7.845639951254183586e+01,2.037062839038029649e-01,1.323067529911049611e+01,-7.715307134393115973e+01,-5.264588792093969971e+01,1.261461997821931114e+01,-1.154284169578750294e+02,2.820084986260173920e+01,-4.466848550126857731e+01,1.699313757785398238e+01,-4.206440068872318250e+00,3.048522949576264196e+01,1.811995503722265255e+01,-1.556087152132910312e+01,1.422588214308281529e+01,1.157920701241456207e+01,2.343666449573660326e-01,-5.223674828923236646e+01,7.682185248935185484e+01,7.724011034086336380e+00
-4.880075878129797040e+00,-5.770908276270991166e+01,2.394992334643303167e+01,4.111236859385817155e+01,-3.746108548969411345e+01,-4.196953439658030049e+01,4.902215419937203222e+01,3.611026109926902539e+00,6.568314403842170179e+01,-3.232279801914853579e+01,1.009480037330142643e+01,-1.178766550050812896e+02,1.063835212420969611e+01,-4.587184845240757092e+00,4.807934910173476339e+01,-9.681662586182039121e+00,1.908263582644744361e+01,1.160821904715166824e+02,-2.756487048088107272e+01,-1.067935388498104388e+01,-4.157250154458648694e+01,-1.145011404721055293e+01,-5.312731430222151552e+00,3.797041520633479550e+00,1.618867496993480426e+00,-2.637251686260514916e+01,-4.372286425959127598e+01,9.785503728838712334e+00,1.641640063282293838e+01,8.994163995424540303e+01,2.918386525392195807e+01,5.399120583566566722e+01,2.829181646728457977e+01,2.352255225091477797e+01,-6.599507202955378204e+01,1.271815177215741244e+01,1.424599238912444221e+01,-5.469217409076124881e+01,1.570939586940298760e+01,8.151649902178755269e+01,-2.454236388619154496e+01,-9.174717606191869379e+00,-2.197677342316550764e+00,8.932993837337605214e+01,3.282834978004920856e+01,4.666245041857752085e+01,-6.722994598863914462e+01,-2.394779412391520879e+01,5.225946235616623170e+01,-2.523423407341504188e+01,9.282884837197833861e+01,-2.576413099537468554e+01,3.253886122254908742e+01,-3.951060641348978919e+01,-4.787781292121698229e+00,4.681467998298749933e+01,-5.378368048330942486e+01,-3.790167869816529134e+01,-2.561274706672338652e+01,3.060986201203886026e+01,2.154302427303290557e+01,-1.775248641930348725e+01,3.894330789612802590e+01,2.765204964300337664e+01,-4.828018196404110540e+01,-1.693228997344884590e+01,-2.869043456526448566e+01,-7.684719868054520475e+01,-8.232773921299395781e+00,1.664596957826249124e+01,-1.251498370693533602e+01,1.412082669658564438e+00,2.638301112651272984e+00,8.087586879216252100e+01,-4.746204480071935450e+01,-2.266870743851379899e+01,-9.766288142787150406e+00,4.636752323228638772e+01,1.560076721101594011e+01,2.047425121156663508e+01,6.448505107693077321e+01,3.894615196933340906e-01,1.010076021922284717e+01,-6.396312861224738100e+01,-4.380656757193414563e+01,1.062251735114612572e+01,-9.408195940122880074e+01,2.308280873503868236e+01,-3.605420017377742425e+01,1.514020061682206375e+01,-3.242081249569322310e+00,2.518411277842468010e+01,1.416503471087401067e+01,-1.297518810759204655e+01,1.351645694207844350e+01,8.919440431917239565e+00,-7.758863601360277418e-02,-4.335248857219191621e+01,6.334005495085112614e+01,6.741289322284174546e+00
-5.102393194450913327e+00,-4.126134979606113973e+01,1.884489570916788992e+01,3.611342738386572648e+01,-2.609841973137063320e+01,-3.915303736573418547e+01,4.510538491709476716e+01,-7.209021460774911461e-01,5.329225844189464567e+01,-2.299513654526259288e+01,4.737660582035599255e+00,-9.732705959870061463e+01,1.313263123775035268e+01,-5.535517604001753966e+00,3.487717088820346589e+01,-1.255513069953685701e+01,1.376091311378123372e+01,1.003702935687705491e+02,-2.242738181073887560e+01,-7.909257042587391595e+00,-3.706679798025659522e+01,-8.942605705634415258e+00,-3.374142576928562676e+00,8.829757422037638470e-01,6.902190927722404723e+00,-2.105346382984673781e+01,-3.218362678864606607e+01,4.344768084199035485e+00,1.216825490172782409e+01,7.145526897249999365e+01,1.084240739451444213e+01,4.094580765265340716e+01,2.217651088435280826e+01,2.246486367265726258e+01,-5.557791593672835972e+01,1.200750148720922006e+01,8.692741388522954082e+00,-3.843822418494260518e+01,1.162507508616212881e+01,5.583365749395427713e+01,-2.030472108919921226e+01,-1.025184863478102137e+01,-5.645987796791620106e+00,7.781601763215319068e+01,2.860630812193948458e+01,4.000282038396255047e+01,-5.532991437933594625e+01,-1.960831633902107640e+01,4.510836284210937208e+01,-1.766927073417551952e+01,7.840575028894406273e+01,-2.251894970593598799e+01,2.120758681970736248e+01,-3.103000466077488184e+01,-2.992726776301604996e+00,3.497240573040458855e+01,-4.267901335764239690e+01,-2.915287188884089176e+01,-2.079334571340733362e+01,1.592095777440548332e+01,1.449890421925352690e+01,-1.781087156176479880e+01,3.803151944934683115e+01,2.797014610435209292e+01,-4.058748978767711435e+01,-1.634047952951245009e+01,-2.286914606832595354e+01,-6.342577493674086497e+01,-5.810080652155134473e+00,1.691490147974197100e+01,-1.043331040064848914e+01,1.000073135379954570e+00,4.332837402226777712e+00,6.496736626913684631e+01,-4.022669067768595852e+01,-1.941241098096020323e+01,-8.459537223839685538e+00,4.066876088045147242e+01,1.066120756959391613e+01,1.574490488899474627e+01,4.971792830331884971e+01,1.308507611403832094e+00,4.273772277135724273e+00,-5.180992937315369318e+01,-3.620763883138769046e+01,9.344637756235536941e+00,-6.894426578166445552e+01,1.736047057710565156e+01,-2.480156170360559997e+01,1.700037813862982361e+01,-1.522042044730280486e+00,1.999648654415958760e+01,7.614698254001020850e+00,-1.084558866647234332e+01,1.870338825651166559e+01,4.162450381325062843e+00,-1.286877942405754593e+00,-3.532262786936848187e+01,4.973640072268583623e+01,6.981008153696196317e+00
-4.879927879576499983e+00,-6.631319259035448965e+01,2.674436667906595844e+01,4.421114258712728429e+01,-4.335572320821227521e+01,-4.410135814259061959e+01,5.179505648699404219e+01,5.639338635770171138e+00,7.262077127783977915e+01,-3.719396642496166550e+01,1.271865699391566906e+01,-1.295658795728853647e+02,9.731445872170466416e+00,-4.253507777726164285e+00,5.502172006700329376e+01,-8.584065226785526193e+00,2.187495329123289522e+01,1.255522178193076428e+02,-3.044813940268882391e+01,-1.214814419896373288e+01,-4.445820944273835096e+01,-1.281626260355223046e+01,-6.296285739108199664e+00,5.189547844166346735e+00,-7.313146699371344539e-01,-2.931322462735880308e+01,-4.982565376650302369e+01,1.244072491665990121e+01,1.866969466698819957e+01,1.001268560990802285e+02,3.805690657496982254e+01,6.098416688921948747e+01,3.163111383563147072e+01,2.448239773427006583e+01,-7.204871523565697089e+01,1.329972639848148930e+01,1.704350435940713382e+01,-6.314695531029502007e+01,1.787427716060799909e+01,9.477528199119244334e+01,-2.695767162531357286e+01,-8.877077435977071218e+00,-6.871803831384586392e-01,9.635720350802684209e+01,3.540665513425610555e+01,5.062428362794751280e+01,-7.397788182865410533e+01,-2.639684038338773675e+01,5.655786184169392783e+01,-2.916475404013483086e+01,1.012402966522758021e+02,-2.775679311848783470e+01,3.831832944940966712e+01,-4.414715088636783236e+01,-5.695812237043309523e+00,5.311762158403879397e+01,-5.989688406907536233e+01,-4.262619873807852855e+01,-2.831246179415562381e+01,3.786443303781221914e+01,2.516283561077772646e+01,-1.809044414527456723e+01,4.015378238679381440e+01,2.807599446559674661e+01,-5.274124542887455647e+01,-1.754673154622872033e+01,-3.190527549711524102e+01,-8.447881633227669340e+01,-9.494638273101870141e+00,1.686623917541052009e+01,-1.371088242274441704e+01,1.626924773005222979e+00,1.928005367272688453e+00,8.971212443037509843e+01,-5.170000592133079209e+01,-2.460286305609117008e+01,-1.055619975729862681e+01,4.988983949728569200e+01,1.814923306033454864e+01,2.302789412342508513e+01,7.247005596970049623e+01,-1.714470279239488359e-02,1.293669613678329000e+01,-7.075823503966552153e+01,-4.813353023319321267e+01,1.141697515058833723e+01,-1.073526703679882104e+02,2.613793806557382382e+01,-4.187033209424605928e+01,1.461173086797160892e+01,-4.084552334552981279e+00,2.804114446225600688e+01,1.741068863663768695e+01,-1.420215096021505552e+01,1.145390778963509604e+01,1.124843925484985085e+01,4.663514485893952011e-01,-4.786453434058655176e+01,7.077670183985959795e+01,6.771484889406767849e+00
-2.875465692872439138e+00,4.844303452123354781e+00,1.494148233134415804e+00,1.023056273234256075e+01,4.541259998988953939e+00,-1.510044881132562544e+01,1.636115546892591155e+01,-7.028852254865253890e+00,7.375845522192796544e+00,2.948093335801297510e+00,-5.897697657944455329e+00,-1.667312428132063928e+01,1.036082610376018565e+01,-4.208520558169769110e+00,-3.015765140397279609e+00,-1.065805559711521866e+01,-1.363519453173535512e+00,2.563377082959895148e+01,-3.222702499633805839e+00,3.392240040814304969e-01,-1.146342996871726250e+01,-5.781603714826810680e-01,1.310222168871134629e+00,-4.049160652334510502e+00,1.156268502788243069e+01,-2.261014024065786110e+00,1.792141104362551474e+00,-6.221484561766000176e+00,-5.009465216521917785e-01,7.006212225394021331e+00,-2.286217885747496581e+01,2.384726730802624317e-01,1.592366358916984748e+00,9.524002431047819073e+00,-1.155001786382025131e+01,4.866816007188967674e+00,-4.236180175236042622e+00,5.947441502446119799e+00,-5.183284070365348217e-01,-1.183142422686958994e+01,-3.554615726280744958e+00,-6.748309069555983974e+00,-8.113206959498189264e+00,2.090126797754277277e+01,7.700004006720815752e+00,9.604091547186559552e+00,-9.143340777160059218e+00,-3.052061315486960247e+00,1.138192407913308557e+01,2.877676739874300615e+00,1.671405332046035852e+01,-6.182222306571075521e+00,-6.920996658731922935e+00,-2.345286443239582574e+00,1.278542065606489642e+00,-8.742999924009140500e-01,-4.087561646835646378e+00,-1.000352119274599438e+00,-2.901316179187970246e+00,-1.471615451366525562e+01,-3.649547535462531744e+00,-8.932204138988783626e+00,1.747682350656189953e+01,1.437576812113694302e+01,-8.303488529735126633e+00,-7.200951569830536414e+00,-2.389000347743526209e+00,-1.081970095202444071e+01,8.463858913578453658e-01,8.811627104315478576e+00,-1.973993025300998294e+00,-1.379832825503412852e-01,4.760560926639410440e+00,7.755052234916153253e+00,-8.828646208333148948e+00,-4.622849221443384060e+00,-2.187446162177203668e+00,1.141439001419421295e+01,-2.313870988454993505e+00,5.336734842791079902e-01,1.942063314318358103e+00,2.064900841682535404e+00,-6.851540354087919837e+00,-7.005961363693550936e+00,-6.273481291157745332e+00,2.671319051749850182e+00,4.483097904052273819e+00,-1.934297497210182293e-01,5.015654856734743205e+00,1.130450255441069274e+01,1.893150762829177491e+00,1.938663323901706148e+00,-6.306842596278405821e+00,-2.104866682113425203e+00,1.727300775936293675e+01,-5.259062420641327229e+00,-2.501122990822513437e+00,-5.170499222072917789e+00,3.742918486283094204e+00,3.834910713059070275e+00
-5.771350073842397066e+00,-4.689737064799215460e+01,2.138911500589447101e+01,4.092968287735244814e+01,-2.967518913887619192e+01,-4.434236908190862181e+01,5.109197820072473917e+01,-7.620564344251086197e-01,6.046177659228096246e+01,-2.613811739180945182e+01,5.427831159205023681e+00,-1.103948656014993617e+02,1.483055543473913929e+01,-6.252485693123166932e+00,3.963246223126206758e+01,-1.417232364909883557e+01,1.563852947295881890e+01,1.137787065846960814e+02,-2.544362787117674785e+01,-8.984859236107428870e+00,-4.200244189548590867e+01,-1.015098708930955240e+01,-3.842392678329467959e+00,1.035374578437039172e+00,7.745289224493559388e+00,-2.389109038475511682e+01,-3.656368709329478861e+01,4.984252748632682639e+00,1.382288148601305444e+01,8.109152776064937029e+01,1.249735926315498702e+01,4.649807224541193307e+01,2.517186322507948049e+01,2.543542210415058236e+01,-6.302384435796621176e+01,1.359707223466364923e+01,9.906020315666893339e+00,-4.370018421930196695e+01,1.320616087658542526e+01,6.350266961414048694e+01,-2.303035971834404094e+01,-1.158811001101219951e+01,-6.346479338439436013e+00,8.820313677740750791e+01,3.242463322183320429e+01,4.535170904142993464e+01,-6.276159357345858325e+01,-2.224353885112227402e+01,5.113547961056256952e+01,-2.008924517618768846e+01,8.890660300636042734e+01,-2.552377073653595119e+01,2.414010264259883343e+01,-3.522024249271859730e+01,-3.408983616151458840e+00,3.972336082853530570e+01,-4.843536897602793090e+01,-3.309931847028681773e+01,-2.359052880714152067e+01,1.819916543963770295e+01,1.649504642658693143e+01,-2.015489712011221712e+01,4.304957300497834183e+01,3.164838843947197233e+01,-4.602616668678420098e+01,-1.849899980987002834e+01,-2.595203368520489207e+01,-7.194212825854472726e+01,-6.605021742576175470e+00,1.913836269812978585e+01,-1.183265502332345953e+01,1.136842085452043349e+00,4.882217237173406943e+00,7.371752523592807904e+01,-4.561219477838159264e+01,-2.200840304255748592e+01,-9.589425078113128720e+00,4.609339627779166193e+01,1.212601474655223655e+01,1.787635787313416103e+01,5.644638043711392328e+01,1.469365384033330946e+00,4.908703152006799186e+00,-5.878135396280973879e+01,-4.106855753974527801e+01,1.059068831483688378e+01,-7.833248758853348193e+01,1.971692914194985846e+01,-2.820623826832019176e+01,1.921534799660127035e+01,-1.743756683648665762e+00,2.269333434150130913e+01,8.698427703389270960e+00,-1.229980320241738667e+01,2.110127625924531714e+01,4.769449554732921648e+00,-1.441286904297092164e+00,-4.007238441856840439e+01,5.645284842278348947e+01,7.897063370322209508e+00
-6.300007198418636989e+00,-6.097189580352262794e+01,2.652447418455240324e+01,4.820136095674039467e+01,-3.909272641755193689e+01,-5.082794804436898062e+01,5.892451436832276812e+01,1.473005612388380570e+00,7.388547949701846562e+01,-3.406852756873184518e+01,8.906820042483214905e+00,-1.337934219584564346e+02,1.515890020835896657e+01,-6.446220614225984136e+00,5.115297827509372297e+01,-1.422366171129053747e+01,2.024455024343597032e+01,1.349655201051797064e+02,-3.105143725601358184e+01,-1.147720780405926178e+01,-4.913029690755359979e+01,-1.263354947985589405e+01,-5.312138424652403046e+00,2.712630783113539223e+00,5.784337473134437246e+00,-2.942191278092877837e+01,-4.684894817206176754e+01,8.458238182865994048e+00,1.765001203901865878e+01,1.000959453151869809e+02,2.372543466487252317e+01,5.870516841003313147e+01,3.127298247513986951e+01,2.885678231969961516e+01,-7.567778580120342724e+01,1.550384058859687997e+01,1.399267756884093039e+01,-5.731206239046282747e+01,1.687631318200481090e+01,8.438810249302699162e+01,-2.788527145436011168e+01,-1.231169575981038022e+01,-5.211538344784417909e+00,1.042706243999910214e+02,3.832556015214147749e+01,5.400931878972684075e+01,-7.618047000560976301e+01,-2.706469370038545463e+01,6.070551246757032260e+01,-2.639648764716518770e+01,1.066114761646946789e+02,-3.012687555657663552e+01,3.291958955224581729e+01,-4.371622553682220058e+01,-4.753194787400476073e+00,5.052558529251075470e+01,-5.982025917927939673e+01,-4.150093425790395685e+01,-2.881995660408055215e+01,2.811053249157343004e+01,2.211987846532045054e+01,-2.238571901588925073e+01,4.836971140952397263e+01,3.503006407827091095e+01,-5.531288078821848586e+01,-2.089227742377871522e+01,-3.198321243514850565e+01,-8.720639025478408257e+01,-8.644165308794029556e+00,2.114230433549711208e+01,-1.427584288692694159e+01,1.485147741455571158e+00,4.522421708885477898e+00,9.051336558470080718e+01,-5.460745278995686647e+01,-2.622291252920434346e+01,-1.136572052312822656e+01,5.431951785728691817e+01,1.613308323286776513e+01,2.241620980505525296e+01,7.069235082432402351e+01,1.141952278603145299e+00,8.581122620241474763e+00,-7.188912612177929873e+01,-4.974862242663512291e+01,1.246389499526859979e+01,-1.005903221594476236e+02,2.499529951918903592e+01,-3.739996579230648166e+01,2.037550793357058154e+01,-2.860884661904357529e+00,2.801932110897538308e+01,1.318368359747499063e+01,-1.482109554512116389e+01,2.069097951986546491e+01,7.853047364862030477e+00,-9.552405756186458374e-01,-4.887149120459761775e+01,7.007628055776099529e+01,8.654979462255132816e+00
-5.315903984283807837e+00,-6.506220617684148522e+01,2.680315114954988331e+01,4.557623993458482659e+01,-4.231333483326724831e+01,-4.626285595965758546e+01,5.410921342563736403e+01,4.451889478850548976e+00,7.332259783750937743e+01,-3.645456761315590910e+01,1.166695823427767387e+01,-1.313920822156238160e+02,1.135675738840942373e+01,-4.911618625257397674e+00,5.414772519685254082e+01,-1.026588889020109185e+01,2.150059662535671379e+01,1.288702199129222947e+02,-3.076366845594191446e+01,-1.200853970438085128e+01,-4.602301997720329751e+01,-1.282191011955077187e+01,-6.038591277824932213e+00,4.492036190693696973e+00,1.162859131638104504e+00,-2.947949801660213964e+01,-4.918758087340512475e+01,1.133805197311093949e+01,1.845847604249073370e+01,1.005776849465190423e+02,3.405797394954834090e+01,6.060053027127665359e+01,3.167208175095388256e+01,2.586877064182371200e+01,-7.343648025548498026e+01,1.400270223164948469e+01,1.623329392210322197e+01,-6.173767959625793367e+01,1.766573064683155891e+01,9.218551110024306183e+01,-2.735161618233701120e+01,-9.918098077315667283e+00,-2.007950419441974166e+00,9.910432237237253617e+01,3.641932289082039631e+01,5.184258766422116338e+01,-7.495907664977728757e+01,-2.671256419373566260e+01,5.802550977682840028e+01,-2.849249939019174604e+01,1.032694722846006954e+02,-2.857449718374566316e+01,3.692204812811773706e+01,-4.422439893185298843e+01,-5.447454719884485819e+00,5.260669299754444950e+01,-6.014964427795444379e+01,-4.249425169168334548e+01,-2.859028237283211027e+01,3.519772782036555725e+01,2.439220491644969968e+01,-1.942442324693314504e+01,4.273088645594781099e+01,3.023014425295053798e+01,-5.373238777630975704e+01,-1.860162714646970983e+01,-3.207449725890676007e+01,-8.566112642261566634e+01,-9.290561741517912253e+00,1.818900175440431610e+01,-1.393838103189104594e+01,1.593107130067724198e+00,2.692423200023453145e+00,9.035746872270287611e+01,-5.278416369631842997e+01,-2.518765307029330813e+01,-1.084043304720397316e+01,5.140899867952759905e+01,1.764542629714382116e+01,2.295551048767189783e+01,7.228515814359840874e+01,3.203366346873484094e-01,1.172764807265422249e+01,-7.141253680003676152e+01,-4.882494074636397130e+01,1.177429850474807971e+01,-1.058763088422014960e+02,2.592520916731052338e+01,-4.076073053197826113e+01,1.635740119400745485e+01,-3.746945783829989551e+00,2.816356739976482615e+01,1.625962989035004469e+01,-1.444762733312815328e+01,1.419659226563695498e+01,1.031126849672638812e+01,5.448750108472433240e-02,-4.837760420473245659e+01,7.089776121732631964e+01,7.351106867013546875e+00
-5.757813931040240973e+00,-6.191623150770367090e+01,2.625277671284975156e+01,4.628343361647204546e+01,-3.997018948253811743e+01,-4.798829069601593034e+01,5.584944288611808361e+01,2.805638445299557304e+00,7.251962016467884098e+01,-3.464191006218883473e+01,1.002830330858833996e+01,-1.306915499207906066e+02,1.320202389389198672e+01,-5.651470976155183124e+00,5.174655974551592408e+01,-1.221005544476636295e+01,2.051168191162210164e+01,1.301660739335824246e+02,-3.045412566742314198e+01,-1.154644656942499203e+01,-4.697913705213208146e+01,-1.252943921991464471e+01,-5.562724123586392011e+00,3.481134674338609791e+00,3.595657112480096895e+00,-2.900614177041523334e+01,-4.720878982542329538e+01,9.640886784591877756e+00,1.775256252898599740e+01,9.881144737787633403e+01,2.806815504423085628e+01,5.868531824072471181e+01,3.098472205681069624e+01,2.706440059829038702e+01,-7.352167699539982948e+01,1.458825112720248640e+01,1.480149172902113719e+01,-5.846386753191264063e+01,1.698182362768175580e+01,8.666663501440227435e+01,-2.722369417101771916e+01,-1.103817751237409084e+01,-3.676301281505899965e+00,1.003547572241036931e+02,3.688292119114073131e+01,5.221261750130945956e+01,-7.448065359477024572e+01,-2.649799836450800328e+01,5.857479502135035432e+01,-2.695321409235289778e+01,1.034901142060968908e+02,-2.896832344636469259e+01,3.424535792047157656e+01,-4.329065501010060046e+01,-4.997535693364988596e+00,5.071307930914220918e+01,-5.907147186264946725e+01,-4.132927814525437782e+01,-2.828258580225420360e+01,3.091144002412980996e+01,2.282103156878207173e+01,-2.070269217289460073e+01,4.507865993839681806e+01,3.232091724873798455e+01,-5.376321193730835546e+01,-1.953668552490582400e+01,-3.154429312202752911e+01,-8.519365614687907851e+01,-8.808290432209437526e+00,1.948159059837248464e+01,-1.390792541859064180e+01,1.511937249439499809e+00,3.622227655136050828e+00,8.908282279000393089e+01,-5.295795984294909431e+01,-2.535818292450582945e+01,-1.095609657069182852e+01,5.217989132246835737e+01,1.657853569525998694e+01,2.232475290146902225e+01,7.035483762075160996e+01,7.511378594775772743e-01,9.883222482504294248e+00,-7.059249961784627203e+01,-4.858124652316069358e+01,1.196304915282530779e+01,-1.014833100796664667e+02,2.504274504937693635e+01,-3.836659795407830842e+01,1.824205284019557638e+01,-3.220879635190457169e+00,2.766403144774036349e+01,1.438454774914900725e+01,-1.442861234055044939e+01,1.742660384227029624e+01,8.853051690847774324e+00,-4.816796316886845508e-01,-4.791275639508862128e+01,6.939723180687029469e+01,7.931983916806517598e+00
-5.162343846464184871e+00,-2.960318980704908398e+01,1.512229968998315144e+01,3.216358001407677136e+01,-1.808606335526000564e+01,-3.660324445131841031e+01,4.172065870236777130e+01,-3.591497686857236360e+00,4.412653942232167026e+01,-1.639066416634071999e+01,1.090603943803256648e+00,-8.197193985261665716e+01,1.456613253330755420e+01,-6.071182891512826529e+00,2.548914334830655193e+01,-1.425095478295565243e+01,9.981790660901889822e+00,8.818231825942321223e+01,-1.862138971938047760e+01,-5.929251083545842960e+00,-3.342877111333585560e+01,-7.119536734132384304e+00,-2.025754081031716058e+00,-1.071653586389666124e+00,1.029935134673399588e+01,-1.715033306527496038e+01,-2.394879628899412438e+01,6.488526432203798322e-01,9.131101430423788301e+00,5.791953563640500136e+01,-1.551405033515848686e+00,3.155744752184573798e+01,1.772407903581713740e+01,2.137345609083750730e+01,-4.768634990794775064e+01,1.132743154189096302e+01,4.846947835266339766e+00,-2.695772720516402643e+01,8.706321099061209878e+00,3.777790249390798749e+01,-1.713421635646083629e+01,-1.079188377225632145e+01,-7.843558818334935623e+00,6.881094899725052016e+01,2.530299706240050028e+01,3.488064817540966089e+01,-4.645572724353080929e+01,-1.638204921535671232e+01,3.957104014949437953e+01,-1.232979039511070596e+01,6.745436371206355375e+01,-1.997076631194209639e+01,1.330048154387378823e+01,-2.485068740626308426e+01,-1.746443570831188952e+00,2.648779297450693804e+01,-3.455237367532409110e+01,-2.282743361092287060e+01,-1.722723496370980101e+01,5.870433811717891359e+00,9.560744774716749106e+00,-1.754251904305610665e+01,3.676871243829128844e+01,2.769940780951196757e+01,-3.476769868173577294e+01,-1.566476403492056413e+01,-1.860044465965398786e+01,-5.339941417549096769e+01,-4.097489835521543000e+00,1.680212831011202113e+01,-8.867935274705194715e+00,7.086185691896822458e-01,5.385868176434078336e+00,5.325918892417717387e+01,-3.471749517110655603e+01,-1.691041302644553923e+01,-7.443941001560124171e+00,3.617458890190179943e+01,7.189891320979988620e+00,1.232580618856780141e+01,3.903240277995238472e+01,1.897591025747485949e+00,3.220187540398793402e-01,-4.282796570370724965e+01,-3.052579570420227739e+01,8.332989681661992165e+00,-5.102518585550217978e+01,1.325263964216224011e+01,-1.688480060074020628e+01,1.794515297492748118e+01,-3.510508151860012305e-01,1.619905551098749896e+01,3.123908565546126503e+00,-9.241206086923115848e+00,2.183284464201750552e+01,9.247331178701907461e-01,-2.069500119224102708e+00,-2.936925146959260502e+01,3.982488027285019427e+01,7.020136880813663716e+00
-1.415369939837022528e+00,-1.113713660326473942e+01,5.127252517982107349e+00,9.906500607011793136e+00,-7.028186948584523641e+00,-1.078432876782788874e+01,1.241248249328918796e+01,-2.726846956825437207e-01,1.453415906253543533e+01,-6.204049908314146045e+00,1.220129259180974479e+00,-2.657873658240691839e+01,3.675402153187143028e+00,-1.547471840824369060e+00,9.425785333199748095e+00,-3.522043937198838126e+00,3.717071051471435794e+00,2.750246119922210752e+01,-6.117822347817228668e+00,-2.141313134844969657e+00,-1.017859638123312394e+01,-2.431635661627595812e+00,-9.007022458112419194e-01,1.950114022915397927e-01,1.998865216492929697e+00,-5.734648968461548257e+00,-8.708714658817243048e+00,1.110019528620741713e+00,3.294603098575124456e+00,1.945601728162885635e+01,2.689515111658478119e+00,1.110736492398967101e+01,6.031884741214658341e+00,6.197171394616532325e+00,-1.519987238616191760e+01,3.309939989393773097e+00,2.311012974262133923e+00,-1.035937647708304254e+01,3.147098660035600570e+00,1.501251959446167206e+01,-5.545788298767133639e+00,-2.854453930667541162e+00,-1.620302663763990569e+00,2.133364788706397164e+01,7.842741479930407600e+00,1.095444892756582433e+01,-1.510618930407949634e+01,-5.351401500756324481e+00,1.235862174350925358e+01,-4.760416534711811920e+00,2.144761428606098619e+01,-6.175149505515914683e+00,5.675636164607835710e+00,-8.441271453419087578e+00,-7.976078359904914539e-01,9.475125336742655335e+00,-1.161968085343246848e+01,-7.917415464698929206e+00,-5.671133444872141993e+00,4.156285682956393224e+00,3.892119685600867740e+00,-4.928483522836922148e+00,1.050625732142403379e+01,7.743505645887323929e+00,-1.109873506262990617e+01,-4.510696546268427198e+00,-6.228477992775154348e+00,-1.732024008759414713e+01,-1.566435734639879840e+00,4.684167256364863974e+00,-2.851248883683695112e+00,2.697108275750450535e-01,1.227358820428891883e+00,1.770468118996775075e+01,-1.100665005096382032e+01,-5.315516923865776455e+00,-2.318293416037801258e+00,1.115493172822586843e+01,2.865978287860611040e+00,4.275971240219720748e+00,1.350512043952905117e+01,3.775461765626502708e-01,1.083847483704606152e+00,-1.412808153701680247e+01,-9.888605402925804810e+00,2.563650523266019832e+00,-1.864887391084963042e+01,4.706139196804428160e+00,-6.671262820604642485e+00,4.734719014996464637e+00,-3.920014245101851036e-01,5.444451260574164841e+00,1.995906877108784006e+00,-2.964498101114472650e+00,5.262115387980895953e+00,1.071140585960611125e+00,-3.764694872012411819e-01,-9.636475214043979776e+00,1.352990236460827234e+01,1.935395511173257699e+00
-5.359869567406899016e+00,-3.925601677859731353e+01,1.846824462669720646e+01,3.646338616025872881e+01,-2.461512527389703564e+01,-4.011563308866730182e+01,4.606375762870797530e+01,-1.720704084340288098e+00,5.268542916862107717e+01,-2.184142785384812413e+01,3.730353656304465915e+00,-9.668472827030255701e+01,1.422592153063497022e+01,-5.973268180418285667e+00,3.333908208336256251e+01,-1.370986408160035808e+01,1.312879450832079087e+01,1.009355902716702076e+02,-2.218926885538871829e+01,-7.610599299903939574e+00,-3.756605735316531991e+01,-8.744832539275302352e+00,-3.077180492561478520e+00,2.660897570780211829e-01,8.366712933260005869e+00,-2.071875627876781678e+01,-3.090844890913254517e+01,3.302742533202364328e+00,1.171182193908486013e+01,7.022214792876989975e+01,7.174755818874412938e+00,3.968984015464793913e+01,2.170913174966810999e+01,2.314225383794374835e+01,-5.550627978273344354e+01,1.233701345554329087e+01,7.802475764100518241e+00,-3.636139983587597158e+01,1.118323514429611620e+01,5.235253370498717373e+01,-2.018180209951658455e+01,-1.091041191504474028e+01,-6.648292328294870046e+00,7.840378821919551910e+01,2.882476578898675257e+01,4.013904478234548634e+01,-5.491598303329649156e+01,-1.943423949509098847e+01,4.534228564096051173e+01,-1.669368340772076920e+01,7.836579478182986236e+01,-2.270848797000390462e+01,1.953226377932199398e+01,-3.039308452326883980e+01,-2.712396039082300092e+00,3.374284566952812980e+01,-4.192836124416890442e+01,-2.837946619905346424e+01,-2.055998564686162666e+01,1.327827114135781450e+01,1.351096225867098610e+01,-1.854886882795661052e+01,3.937517095433300085e+01,2.917981628408280415e+01,-4.051607888719382800e+01,-1.687297047308648246e+01,-2.249582497491516975e+01,-6.300052195167768332e+01,-5.503811772071180997e+00,1.766359976251177599e+01,-1.039160790710667115e+01,9.484764849969660183e-01,4.888806189837527683e+00,6.404768931058845283e+01,-4.024305014634499145e+01,-1.947302041620100965e+01,-8.511102549921695015e+00,4.104734808780762734e+01,9.988542443969070206e+00,1.532624359930008318e+01,4.843328402754795547e+01,1.567654359520056939e+00,3.142326931604754847e+00,-5.119601576094418505e+01,-3.597896965637424671e+01,9.438695323156482075e+00,-6.611888164188843575e+01,1.678510909275632912e+01,-2.329013290104682810e+01,1.810903433479987257e+01,-1.198658507342966972e+00,1.964820202418878026e+01,6.457183204938705678e+00,-1.080992959027685885e+01,2.062663471740374632e+01,3.266180512999809160e+00,-1.610166106601340186e+00,-3.496139842899046357e+01,4.871315443400927592e+01,7.318844119593151731e+00
-3.898529114018651764e+00,1.054150178300611529e+00,3.816596423045777176e+00,1.585666020410894816e+01,2.379618797793291662e+00,-2.183970438311690998e+01,2.395982980188640710e+01,-8.230056305132473327e+00,1.444626383500648892e+01,8.754475633629192899e-01,-6.314760975870207460e+00,-3.009675341127609016e+01,1.346626837885546024e+01,-5.492176971594606272e+00,3.601138800002985363e-01,-1.374705634350473105e+01,-5.925892329093862543e-02,4.082365498953623728e+01,-6.217134037260242607e+00,-4.813338488348892774e-01,-1.739166898775117431e+01,-1.659368049519618804e+00,1.146127629267983394e+00,-4.597571383120262922e+00,1.417086591056079570e+01,-4.950063394956978335e+00,-1.481093497103501022e+00,-6.733659153862488367e+00,7.648091663450458100e-01,1.602629593150456699e+01,-2.531086660897322815e+01,4.804706205491696913e+00,4.298927920217238352e+00,1.352797508094131018e+01,-1.953921116960896853e+01,6.971240639956705287e+00,-3.950750981107317816e+00,2.645506632640433509e+00,6.845838466500833164e-01,-7.544545197904664491e+00,-6.367260863448065855e+00,-8.958775856184402642e+00,-1.003208757745537660e+01,3.284179311638564513e+01,1.209213133666709972e+01,1.556035997534305082e+01,-1.672111332366555203e+01,-5.707506826195727356e+00,1.818647272269537041e+01,1.382781604250807206e+00,2.805171103202054184e+01,-9.658982779313692646e+00,-5.679927067906745286e+00,-6.151084388345440246e+00,1.151573503416139843e+00,2.853789804922345574e+00,-9.459606429135380523e+00,-4.383969217565294230e+00,-5.663761774277618066e+00,-1.530347824072319263e+01,-2.628417137822708582e+00,-1.232706959313275519e+01,2.447121023854868227e+01,1.976268565598947902e+01,-1.411689928548078399e+01,-1.015697898803450983e+01,-5.299266158437075269e+00,-1.956026178180462338e+01,3.388948909757907302e-01,1.208816898409006768e+01,-3.442767606671846892e+00,-4.940125041523879545e-02,5.999293413374443773e+00,1.617712099686681881e+01,-1.468594717555876272e+01,-7.507254712169457278e+00,-3.471999020050329676e+00,1.773314449845681651e+01,-1.504038091941188870e+00,2.360047295597099470e+00,7.750217249438503764e+00,2.539070960626693463e+00,-7.472094112182828596e+00,-1.385343295608285175e+01,-1.127863041344121164e+01,4.130958638148948481e+00,-2.426132265789828324e+00,1.695596931862803913e+00,3.073124263856455762e+00,1.498824488646281949e+01,2.026887894115706246e+00,4.459389639053663146e+00,-6.471015806765956668e+00,-3.640116372709524928e+00,2.209738281822207639e+01,-5.637841414418613084e+00,-3.042501968999152151e+00,-9.901790333018254842e+00,9.840448468124492365e+00,5.218812633450339078e+00
-5.563181131845442273e+00,-5.561796532216532540e+01,2.399947398886013161e+01,4.320406263413948977e+01,-3.573806793526812697e+01,-4.532378239131789144e+01,5.260583136450758701e+01,1.719600167388559697e+00,6.667714192183842670e+01,-3.109010120800733290e+01,8.407003823368579987e+00,-1.205600063182209425e+02,1.319875926516676223e+01,-5.623417905175703169e+00,4.660422120250124323e+01,-1.233351891199825268e+01,1.845355777266671282e+01,1.211367415587536414e+02,-2.801534507143284358e+01,-1.043824918987174932e+01,-4.398035803161047852e+01,-1.143815848512523203e+01,-4.893988520022016786e+00,2.682949561196137367e+00,4.622516532122155297e+00,-2.658825762158407713e+01,-4.263017288129879034e+01,8.017361366035444803e+00,1.605114159290391740e+01,9.049290994988808734e+01,2.278307171241651830e+01,5.328361842839485973e+01,2.830515422240037182e+01,2.568015411731830255e+01,-6.807728458370912961e+01,1.381074305790470014e+01,1.293392390743921894e+01,-5.235531733581346003e+01,1.534966997536267108e+01,7.725684269057983045e+01,-2.512282901335162322e+01,-1.081035868133818667e+01,-4.290109704837123061e+00,9.352720856317679932e+01,3.437577041353595320e+01,4.851100039946596354e+01,-6.866455678694696019e+01,-2.440518639472219675e+01,5.449356792734182164e+01,-2.412106573915484731e+01,9.588014042106493662e+01,-2.701499394854005587e+01,3.026310535527654721e+01,-3.956103414591509448e+01,-4.384817942894347453e+00,4.591815486369270616e+01,-5.408661977459560433e+01,-3.762299232706351404e+01,-2.600693390819130002e+01,2.632109691798203599e+01,2.028044842703044282e+01,-1.983746616313107225e+01,4.296277337433549803e+01,3.102079278968065523e+01,-4.976520437104872485e+01,-1.857578126222740877e+01,-2.890662032335634990e+01,-7.858346701352031971e+01,-7.893803282698774737e+00,1.871516707703393223e+01,-1.285322503287018847e+01,1.355824266460182503e+00,3.846835080224226378e+00,8.175245511018556499e+01,-4.909620461383788381e+01,-2.355552326354423087e+01,-1.019960594637725038e+01,4.869415699941161790e+01,1.477257557758365358e+01,2.032194997144112136e+01,6.407374747116855929e+01,9.244313581173844163e-01,8.163193500709208905e+00,-6.488483330303755281e+01,-4.482400153343125027e+01,1.117028605801066554e+01,-9.156665115828576518e+01,2.270297265421527300e+01,-3.422706610618994461e+01,1.788342726597409182e+01,-2.700277686567050139e+00,2.533242133168810284e+01,1.231208837518156862e+01,-1.334112458076280916e+01,1.784520274097812020e+01,7.415580683306885135e+00,-7.311951946443171479e-01,-4.408767348299320332e+01,6.341648669625404011e+01,7.649001997681423859e+00
-5.785350449613261503e+00,-4.777434218316112435e+01,2.168888968422792018e+01,4.130389541741615034e+01,-3.027003989546280138e+01,-4.463910910648209551e+01,5.146196436985233902e+01,-5.840155627725645004e-01,6.122388356472946214e+01,-2.663360813993452680e+01,5.673720652716996327e+00,-1.116996354796443569e+02,1.478613212666819088e+01,-6.238073596422108125e+00,4.034441395423847609e+01,-1.410938966595655941e+01,1.592415252478595100e+01,1.148948720037984685e+02,-2.576112532309840120e+01,-9.136942661460787818e+00,-4.236036236543243660e+01,-1.029679869989076657e+01,-3.938953975614475134e+00,1.161390106299290181e+00,7.555657795920465603e+00,-2.420991235357931970e+01,-3.719372491726531393e+01,5.231846909216955055e+00,1.405628989597406964e+01,8.219175511297750347e+01,1.331465517405686327e+01,4.723118129893642703e+01,2.552914600781549126e+01,2.558231102241607147e+01,-6.371377169698691034e+01,1.368166739928058462e+01,1.017818487712042064e+01,-4.455614864952856635e+01,1.343023048332681846e+01,6.483278413215143132e+01,-2.330049395548132196e+01,-1.158984953971254050e+01,-6.227923200134100057e+00,8.904055295660474201e+01,3.273203410963313331e+01,4.581320357422098510e+01,-6.351246101765872965e+01,-2.251475486930058167e+01,5.164086789881265105e+01,-2.048662236663511038e+01,8.986849061832813845e+01,-2.576247478221450748e+01,2.471129917929540198e+01,-3.571697686607821254e+01,-3.497794371995864182e+00,4.037882221216109002e+01,-4.909515623469452805e+01,-3.359870555765233746e+01,-2.388724728230748440e+01,1.888676370612203215e+01,1.685613971099588326e+01,-2.023380903156347088e+01,4.326145941822008467e+01,3.176283407362274502e+01,-4.653357565951817776e+01,-1.859841239107089095e+01,-2.630017275826857315e+01,-7.279366092144746858e+01,-6.732974365356987789e+00,1.920436857566143729e+01,-1.196745044239242439e+01,1.158656835528231399e+00,4.831075624421146131e+00,7.468020822537245351e+01,-4.609881161141591832e+01,-2.223338242356799910e+01,-9.682766641941258356e+00,4.651771091257601398e+01,1.238148178548023637e+01,1.814624656072768616e+01,5.729162959032636593e+01,1.436871227342153556e+00,5.172141476182527953e+00,-5.952674049136201262e+01,-4.155203545414386213e+01,1.068686426254228827e+01,-7.969966850548084381e+01,2.003576382681739076e+01,-2.879055955648674825e+01,1.921513503893139330e+01,-1.822709566711666618e+00,2.300182678125434066e+01,9.007405844072259526e+00,-1.243848799226611312e+01,2.096958490296799837e+01,4.987589455647318815e+00,-1.396544416433471048e+00,-4.056985854856439744e+01,5.724947935709720070e+01,7.918916396216037157e+00
-1.909628237853697730e+00,-9.456874549201589986e+00,5.108784861868462812e+00,1.135969399265934854e+01,-5.666928589622600043e+00,-1.316982912316914245e+01,1.495152294627366985e+01,-1.680638266919982193e+00,1.511850171002969745e+01,-5.217453909643261056e+00,-5.206632140872624603e-02,-2.829303392320939636e+01,5.545593402623363311e+00,-2.303716265631795768e+00,8.223519275034202991e+00,-5.462109262000135246e+00,3.207628275662333550e+00,3.097555918646673945e+01,-6.387713422414578623e+00,-1.938312733792144638e+00,-1.186468828635119621e+01,-2.396429505459866771e+00,-5.786053479775059571e-01,-6.381492096378453827e-01,4.217815683599801524e+00,-5.833583707932731954e+00,-7.799477688428062550e+00,-2.209193098878667882e-01,2.986522267732018232e+00,1.965689957803661159e+01,-2.114206720509455906e+00,1.045946334533372024e+01,5.976624420801414317e+00,7.739629312316278487e+00,-1.658876745481659754e+01,4.089170894552356827e+00,1.307296885499511507e+00,-8.504214395261630699e+00,2.844739899507842118e+00,1.167274871394496927e+01,-5.918829439040412588e+00,-4.043694798282983172e+00,-3.163627316198104111e+00,2.423395053797412046e+01,8.912247233775328681e+00,1.221494081679541033e+01,-1.601302125844878788e+01,-5.634738421674439834e+00,1.389153701559148146e+01,-3.878589166077593742e+00,2.349184711958438143e+01,-7.041467281330992201e+00,3.916687072646611867e+00,-8.387630827299373593e+00,-4.883961718534348684e-01,8.703932271141754384e+00,-1.172003901824667160e+01,-7.623936815285715873e+00,-5.903865970454994283e+00,9.121659297361031093e-01,2.908229382251993567e+00,-6.430484807174938311e+00,1.339098013953096356e+01,1.017269236453429571e+01,-1.208649518177472260e+01,-5.687887923343589947e+00,-6.322405985375840309e+00,-1.842815657286646314e+01,-1.296647520606553528e+00,6.177037095920155707e+00,-3.072734317260139569e+00,2.248293070532786375e-01,2.115591090073269065e+00,1.816716524135825495e+01,-1.210665412722560141e+01,-5.919568545522359670e+00,-2.616462443407304050e+00,1.276988089799251469e+01,2.217208547377493844e+00,4.116136031475071455e+00,1.305230888020881963e+01,7.725231784512647248e-01,-3.731898250645357962e-01,-1.466288739785469630e+01,-1.054065229957850036e+01,2.944541228675612299e+00,-1.657098047653700235e+01,4.371924831684217416e+00,-5.236197809965281280e+00,6.729831661228825368e+00,1.639260004837661544e-02,5.496222492083377986e+00,5.921316982991933209e-01,-3.205418301629803679e+00,8.434238033776537691e+00,-6.223739501317293588e-02,-8.599547094533283031e-01,-1.008070530735473369e+01,1.344064710048062317e+01,2.591576906754196941e+00
-3.646078354483193618e+00,-8.972691671591665141e+00,6.803982210942457698e+00,1.841715646276966822e+01,-4.596980739202153110e+00,-2.289385517882536192e+01,2.561878562045569652e+01,-5.349854417348446134e+00,2.154122004918778543e+01,-4.819224187825165373e+00,-2.869201997242973423e+00,-4.167856930807858618e+01,1.154516916801486914e+01,-4.750563509669890827e+00,8.372095762230664207e+00,-1.158707596187614541e+01,3.176478538177009536e+00,4.914275948906620783e+01,-9.151986668093734067e+00,-2.150203134422510765e+00,-1.960622422316914992e+01,-3.133204728082782164e+00,-6.643194626004023107e-02,-2.688331914042176862e+00,1.053368512408466096e+01,-8.033391250382294402e+00,-8.448781186369298979e+00,-3.224690480915811452e+00,3.323339889542567427e+00,2.677785202410250065e+01,-1.340306904206336469e+01,1.258762640271223887e+01,7.885729936009789220e+00,1.376351100222841595e+01,-2.528144868554594282e+01,7.193251555824101473e+00,-4.571771764227525736e-01,-7.311477281881991530e+00,3.145974798920037507e+00,8.289742386112951777e+00,-8.750767812343090313e+00,-8.034543828933884413e+00,-7.634607189417131679e+00,3.885009729478773011e+01,1.429383141888913755e+01,1.913895801321418233e+01,-2.344930684810793053e+01,-8.172757277403768228e+00,2.198468199077694152e+01,-3.255988867854911817e+00,3.597207885749426026e+01,-1.134029632643911256e+01,1.376939952136824630e+00,-1.111949908650642271e+01,2.607427385061189540e-02,9.964309702812091274e+00,-1.592304653043452412e+01,-9.568561764725544094e+00,-8.421973403586994422e+00,-5.916533960120917257e+00,1.731337756050601584e+00,-1.192052836492342749e+01,2.428867827219465170e+01,1.897449870905575153e+01,-1.836672817076966169e+01,-1.021087724475857783e+01,-8.677285638843052595e+00,-2.712752680474962474e+01,-1.143550954376991724e+00,1.156087197996437155e+01,-4.604146210857726906e+00,2.024595582533558202e-01,4.788955206779389684e+00,2.535759410150595272e+01,-1.864072754277523813e+01,-9.260092706712276467e+00,-4.161585714678424530e+00,2.066242986733638531e+01,1.542952755310620372e+00,5.162979654489044279e+00,1.649074716992372913e+01,1.904147113610698439e+00,-3.706176194664616563e+00,-2.082179472439627688e+01,-1.555691593804383288e+01,4.783164977778288751e+00,-1.762900866101541197e+01,5.121960595852661058e+00,-3.857488310551408617e+00,1.340666887796924556e+01,9.206265342987505207e-01,7.477620774993093633e+00,-2.295660561768722907e+00,-4.824678713301442379e+00,1.828017977388377346e+01,-2.577363162079929104e+00,-2.216046496735339932e+00,-1.448339329827420663e+01,1.781103231750313753e+01,4.916044868729219530e+00
-1.328326764910621627e+00,-1.112485643388560774e+01,5.030405567889897789e+00,9.539564196049298062e+00,-7.056779756215972199e+00,-1.028783203374652189e+01,1.186598036141590917e+01,-9.737272436048494129e-02,1.418273296380355930e+01,-6.203318992050935954e+00,1.350198691441933940e+00,-2.585809706622484327e+01,3.378511380971422451e+00,-1.426235135590150804e+00,9.388845768568538475e+00,-3.219677710779380142e+00,3.706770496830575023e+00,2.655155639498054043e+01,-5.967008018077118336e+00,-2.124452059902653733e+00,-9.778274240397932360e+00,-2.388899484128478967e+00,-9.221979630218624102e-01,2.918663283256869301e-01,1.692250614832816247e+00,-5.611885855608282903e+00,-8.650241545891930173e+00,1.249311281510752991e+00,3.268147100395303983e+00,1.905579444811818490e+01,3.217703446719174742e+00,1.097097883592416423e+01,5.922000533704864011e+00,5.891132102244746704e+00,-1.473841409504590416e+01,3.151869783661696900e+00,2.387577468571395301e+00,-1.038324868064441020e+01,3.122801917876429023e+00,1.512577656854413988e+01,-5.393570029675826660e+00,-2.655667276498187235e+00,-1.402600601126749780e+00,2.057112538551320213e+01,7.562023558356279374e+00,1.059053543509721251e+01,-1.470476149695123524e+01,-5.213773341210536927e+00,1.193467310207885390e+01,-4.774928699335039717e+00,2.078627960981784994e+01,-5.951195194320549220e+00,5.778395501035850756e+00,-8.284633433319164908e+00,-8.195395280651990300e-01,9.385170386467542869e+00,-1.138302540640790284e+01,-7.799866210479288853e+00,-5.533438532219678407e+00,4.467772886331666804e+00,3.935736974689362011e+00,-4.651846004963500647e+00,9.954841380658962180e+00,7.300492648062572698e+00,-1.076497205186111294e+01,-4.281360456355611355e+00,-6.096776969653812550e+00,-1.685174311908117772e+01,-1.568749562718496637e+00,4.413353657261763985e+00,-2.769402838397965638e+00,2.699194976366101617e-01,1.096367313072249550e+00,1.730670618492120738e+01,-1.066111042724208247e+01,-5.139848526586174415e+00,-2.237484723533507580e+00,1.074433532166997551e+01,2.888950898298463965e+00,4.212647545812654215e+00,1.329883931501161065e+01,3.225480618116070008e-01,1.238874260440886887e+00,-1.379048505069305897e+01,-9.618771615350826920e+00,2.468110089795953144e+00,-1.853946251091927877e+01,4.655563362701951924e+00,-6.715666559655683265e+00,4.402271226514364422e+00,-4.337494675822783363e-01,5.332991908738286213e+00,2.126876693349386116e+00,-2.878116471079008143e+00,4.777325399107395398e+00,1.187323615818109745e+00,-3.108027794471004412e-01,-9.396612155160187996e+00,1.327923459719164434e+01,1.818747603278492164e+00
-2.237106489664006936e+00,-1.183639920758261255e+01,6.231007171065026995e+00,1.358071546937086360e+01,-7.157887915082074670e+00,-1.561612496896962554e+01,1.775982650352485948e+01,-1.790235846920062102e+00,1.832220729899860601e+01,-6.541198958854153922e+00,1.700742204200000884e-01,-3.417455198553627582e+01,6.416767155153231705e+00,-2.669406358543031210e+00,1.024518908507530668e+01,-6.302172728352261721e+00,4.003624929337559202e+00,3.712168298487831208e+01,-7.737087726672686294e+00,-2.400072117875483357e+00,-1.415355000899258542e+01,-2.927714392006827815e+00,-7.644497500354556774e-01,-6.249575554523332244e-01,4.734180546271926637e+00,-7.092986000974820016e+00,-9.674488928767164708e+00,-2.497405796317853088e-02,3.697131354894125366e+00,2.392491529594722977e+01,-1.695378741640119813e+00,1.286904111495073266e+01,7.295659199796748595e+00,9.151464068930195594e+00,-1.996676799592516716e+01,4.841658685971104603e+00,1.777854068344716598e+00,-1.070721219732801188e+01,3.523247991348793740e+00,1.484219751503260198e+01,-7.146581635044183756e+00,-4.710955722048401739e+00,-3.573151156174679155e+00,2.900880202100266203e+01,1.066770933982222402e+01,1.465863787913357896e+01,-1.935342713341003673e+01,-6.816741668635887486e+00,1.665240125569304297e+01,-4.889887791859965915e+00,2.826132967230871174e+01,-8.424525773791694760e+00,5.097346715744064838e+00,-1.023438255659142193e+01,-6.521192138561588969e-01,1.075167912839422080e+01,-1.426832319810613647e+01,-9.347466562325916328e+00,-7.154098279739107724e+00,1.707470629110051874e+00,3.725753843714220803e+00,-7.563041630623018818e+00,1.579406371072584214e+01,1.195459071501885262e+01,-1.455212914496128107e+01,-6.717441772921946885e+00,-7.689780257283466369e+00,-2.226056690231702007e+01,-1.630141754426666978e+00,7.255764766348235639e+00,-3.705008919063141892e+00,2.823064070512291135e-01,2.415851813922714086e+00,2.206090323003169118e+01,-1.455609776105625741e+01,-7.105074885815742647e+00,-3.134735588629960823e+00,1.527004127927042809e+01,2.821878616392654138e+00,5.046918179748018041e+00,1.599391037050013331e+01,8.691991431116027345e-01,-1.874435497168627229e-01,-1.777590642840657864e+01,-1.272937269655799852e+01,3.519478534123583024e+00,-2.058150092149782395e+01,5.390736771672554717e+00,-6.646375448239298933e+00,7.837423069049487268e+00,-5.498827787931559463e-02,6.690400170877725650e+00,9.795073526518232043e-01,-3.863183174677960352e+00,9.699027713282022845e+00,1.321922412335578834e-01,-9.595304343308076467e-01,-1.220684651695669487e+01,1.640055548337259594e+01,3.038678002120289712e+00
-5.961421492585378346e+00,-6.106996039598252679e+01,2.619511940974682318e+01,4.682656210381458095e+01,-3.930385670687287814e+01,-4.893279250664586755e+01,5.684571204667368960e+01,2.189317645341867902e+00,7.263607843906004291e+01,-3.414824660472178408e+01,9.457240234423968772e+00,-1.311883788331007850e+02,1.398867413250223635e+01,-5.968974835941787127e+00,5.112695693411755116e+01,-1.302890499395728341e+01,2.025181024639711680e+01,1.314271705250839659e+02,-3.051366403985176490e+01,-1.143651583142742112e+01,-4.762202193427352626e+01,-1.249046805308122110e+01,-5.412423533274834497e+00,3.112981831390990717e+00,4.551825045203475639e+00,-2.899422758372419295e+01,-4.672493478376605225e+01,9.045063241782578700e+00,1.758529411447453228e+01,9.871177710932487059e+01,2.593038829567723624e+01,5.829317440736398481e+01,3.090214979284917618e+01,2.768260991095436907e+01,-7.398539538416915207e+01,1.489883147691574017e+01,1.433791593179445734e+01,-5.754822259278261498e+01,1.681849587633828946e+01,8.505337806118515687e+01,-2.733410560660870559e+01,-1.153340461909713355e+01,-4.339112576404335897e+00,1.014236472987833793e+02,3.727731510727612374e+01,5.266090669968994575e+01,-7.473335566839075739e+01,-2.657085274519416629e+01,5.912927833667627198e+01,-2.651955649034740148e+01,1.041815632847370239e+02,-2.928950517867454906e+01,3.341726304270496684e+01,-4.318551568699078302e+01,-4.853895707333814258e+00,5.028250530120420336e+01,-5.900332322154428510e+01,-4.112376419343795675e+01,-2.833010460871939884e+01,2.944512374920730480e+01,2.235089506165188311e+01,-2.131537405612689895e+01,4.624531337706774536e+01,3.331400410914908861e+01,-5.409021049149637150e+01,-2.001061316848699789e+01,-3.152540660676720208e+01,-8.551336590525875181e+01,-8.674553239232082547e+00,2.009261871859857962e+01,-1.397774511273599884e+01,1.489600824209398988e+00,4.000848036279918141e+00,8.911507731317591663e+01,-5.333519206921911149e+01,-2.557237453669431915e+01,-1.106477673812443285e+01,5.278206770407373938e+01,1.626563713023735502e+01,2.221317344989316567e+01,7.002529127883278193e+01,9.211273030463626998e-01,9.232217216487864420e+00,-7.069110430510335163e+01,-4.877235307769954886e+01,1.210572428879507179e+01,-1.003896576625449768e+02,2.485034994976559375e+01,-3.767126731828415132e+01,1.907338526907070531e+01,-3.037556644447223064e+00,2.763418738757702897e+01,1.374814506786451318e+01,-1.450588162579038354e+01,1.877027017073136506e+01,8.344454215289632160e+00,-6.905888889376575746e-01,-4.801493991230210412e+01,6.922727029109815078e+01,8.201750660649604896e+00
-3.705268776421161814e+00,1.373081057011718897e+00,3.506836471734840366e+00,1.493689380033564618e+01,2.515951300120688572e+00,-2.066504811774945694e+01,2.265241312645176919e+01,-7.909560657818859752e+00,1.343080496360459186e+01,1.042194797974898002e+00,-6.114907037142119250e+00,-2.810044450016659923e+01,1.283781280841171579e+01,-5.234301475820820393e+00,4.276091564054240735e-02,-1.311290751397666376e+01,-1.767844756218481805e-01,3.839130610731204740e+01,-5.784537172182787401e+00,-3.941070446754200152e-01,-1.640499752595941629e+01,-1.518169128077794472e+00,1.131740674406641389e+00,-4.429724219333694535e+00,1.356974474982158085e+01,-4.577802660833503623e+00,-1.144389144441819717e+00,-6.514391742795555551e+00,6.296850336350967581e-01,1.479240400812206069e+01,-2.443889051997567208e+01,4.264833330174933046e+00,3.941751209700680825e+00,1.281592697471394438e+01,-1.830940909251737736e+01,6.600556805998229137e+00,-3.875582763921761487e+00,2.879105001666339092e+00,5.572510363914142673e-01,-7.742526593396299006e+00,-5.947409868037807357e+00,-8.527491595917357614e+00,-9.599918487843133619e+00,3.091052230329322725e+01,1.138144221065651251e+01,1.461804923073070661e+01,-1.560106392682093812e+01,-5.318907141120417847e+00,1.709945457017947490e+01,1.483797644382955028e+00,2.629819002950451434e+01,-9.094180423164216265e+00,-5.647680684544898355e+00,-5.646123887009073528e+00,1.133658422535742449e+00,2.440400284784341345e+00,-8.726923874359957978e+00,-3.962816804300899776e+00,-5.266516638475293277e+00,-1.485778872223820812e+01,-2.654277439600621236e+00,-1.170138433392325794e+01,2.320584689581045268e+01,1.876467561598559541e+01,-1.322460977123707693e+01,-9.626946599489787815e+00,-4.897867583986274198e+00,-1.826134079572560864e+01,3.765324710657258489e-01,1.147940422685613271e+01,-3.220502702196445632e+00,-5.622071530724359611e-02,5.732525685019139061e+00,1.499394748945119460e+01,-1.377507237981689059e+01,-7.051646724393480170e+00,-3.265799665014983866e+00,1.670208073932426629e+01,-1.539419782301842510e+00,2.132883061850615380e+00,7.021525095246566650e+00,2.430739764229825184e+00,-7.224015537312797441e+00,-1.287351172619731621e+01,-1.053283123556256129e+01,3.891895716395334937e+00,-1.733347260291612457e+00,1.479737729684928560e+00,3.171689925301385493e+00,1.426801233064156094e+01,1.962751428480504767e+00,4.115063563491581533e+00,-6.290240585138981544e+00,-3.406727911016441901e+00,2.109090162775526167e+01,-5.458824816698832905e+00,-2.915138264819721048e+00,-9.216262328771374968e+00,9.031791327283897886e+00,4.958791157713736908e+00
-1.758221029015505144e+00,-2.037296810364196631e+01,8.492792278190801625e+00,1.466133920234626409e+01,-1.320978607557320927e+01,-1.501721667753243317e+01,1.752696706584383080e+01,1.202292521194529673e+00,2.332699099539136611e+01,-1.140834732521962813e+01,3.509312718469519865e+00,-4.190025921433895206e+01,3.876961655927542605e+00,-1.668927412240239327e+00,1.698439244487218147e+01,-3.541561123648731435e+00,6.739289343598276361e+00,4.136173390934065708e+01,-9.790877834909833766e+00,-3.776126519675439663e+00,-1.483748613255089843e+01,-4.058813972103361145e+00,-1.866230503579915601e+00,1.300250861268343883e+00,6.976180702106870024e-01,-9.358496645035515371e+00,-1.545567631458969693e+01,3.396351770753070376e+00,5.804917399070374628e+00,3.190890585647335698e+01,1.008269842224158097e+01,1.911187868414426561e+01,1.003059342683976674e+01,8.428093444240657206e+00,-2.348239060089028030e+01,4.553847180768764602e+00,4.996470757328342671e+00,-1.929329053644929104e+01,5.554497200678360613e+00,2.872389384189106210e+01,-8.724688894164023267e+00,-3.319988953902158535e+00,-8.652928524917641306e-01,3.184219339712421970e+01,1.170206612537142021e+01,1.661894687992619879e+01,-2.389351003421957031e+01,-8.508833050606575910e+00,1.861908321335354088e+01,-8.900224664007508224e+00,3.303543723326893655e+01,-9.185439185330332990e+00,1.144199129295873085e+01,-1.400941791891989396e+01,-1.680774465188660916e+00,1.655986850293239954e+01,-1.907992182523696911e+01,-1.342546570403113115e+01,-9.096490987582798837e+00,1.067522127344742522e+01,7.585460271445763070e+00,-6.379493008290285871e+00,1.397175052718374566e+01,9.941964049576089479e+00,-1.717749605056636497e+01,-6.070534851181339953e+00,-1.018026556196684140e+01,-2.731545122722717878e+01,-2.904732160661533058e+00,5.986559568429214551e+00,-4.450754385800712143e+00,4.982961957364958616e-01,9.851027780825961644e-01,2.870829634048829249e+01,-1.689359095119813503e+01,-8.073054318355294967e+00,-3.480199394367821331e+00,1.653407730821232846e+01,5.496693823119451316e+00,7.252280772367604378e+00,2.284436907842392372e+01,1.601032894951357477e-01,3.501139639893124933e+00,-2.271423218104414588e+01,-1.557224952615468894e+01,3.788463949480424642e+00,-3.325044918864031018e+01,8.167699014644083988e+00,-1.270672793348866136e+01,5.480490483547476366e+00,-1.127073599759487177e+00,8.934405419611717747e+00,4.945495267738814427e+00,-4.615047062105913867e+00,4.970133622034421883e+00,3.100197728382408702e+00,-5.442345708003543114e-02,-1.539964546149047386e+01,2.245852965158960046e+01,2.427310075821671020e+00
-4.935000916722541930e+00,-3.802941394126941077e+01,1.761659262182229568e+01,3.425206618901549405e+01,-2.395542403406164311e+01,-3.740299496352295705e+01,4.302009945446253880e+01,-1.139969380374072472e+00,5.002929807794099304e+01,-2.117736258045304965e+01,4.009491682172980909e+00,-9.158205069059287950e+01,1.289966233772287296e+01,-5.426713018260013399e+00,3.221742848444838359e+01,-1.238273366916592089e+01,1.269989451756059573e+01,9.500981395973971644e+01,-2.106213871403933524e+01,-7.329136383035324442e+00,-3.522066006933905413e+01,-8.350981563504470628e+00,-3.048745443164365465e+00,5.500587080877066271e-01,7.188686696943602961e+00,-1.972076579368697580e+01,-2.979552395018705724e+01,3.622645165910052256e+00,1.127714940096434404e+01,6.688747156928256743e+01,8.549906834621836538e+00,3.807589300564291790e+01,2.071996173764105720e+01,2.151821858252142761e+01,-5.243290463883111840e+01,1.148655894263768928e+01,7.796890655605698939e+00,-3.533151754552687862e+01,1.077109087189812797e+01,5.110758022669075729e+01,-1.911127119424077492e+01,-9.980421490653970551e+00,-5.790424220394861266e+00,7.372879497302893981e+01,2.710488097124092022e+01,3.782545577377055679e+01,-5.204149667443108029e+01,-1.843035339297289710e+01,4.269000759661852840e+01,-1.623157058869926317e+01,7.399704947673829736e+01,-2.134509579018745740e+01,1.925021196705731086e+01,-2.899979459832305295e+01,-2.696329594305059807e+00,3.244910739007656275e+01,-3.994425281316546972e+01,-2.716505356287444783e+01,-1.952178475426218185e+01,1.381508040179666175e+01,1.323305189520535841e+01,-1.715267786261230754e+01,3.651938134644034761e+01,2.695982811536627111e+01,-3.828197287329417264e+01,-1.567018527855885779e+01,-2.141703476959732910e+01,-5.967882588141349487e+01,-5.344006139396975108e+00,1.631179512998843251e+01,-9.829932470347980455e+00,9.203639451826860496e-01,4.345701305842877282e+00,6.090689530111211525e+01,-3.798170945826445433e+01,-1.835326205421551293e+01,-8.009539899797484708e+00,3.856547867750099101e+01,9.755125240775049278e+00,1.467088144194241117e+01,4.634363990884997975e+01,1.354322032936757791e+00,3.514534124139760074e+00,-4.862671678669701691e+01,-3.407510809515955685e+01,8.864605370022296427e+00,-6.378538721961696467e+01,1.612397562045473265e+01,-2.271825529906293895e+01,1.655789526544324275e+01,-1.288212197595400621e+00,1.871673512928396832e+01,6.656404826484196846e+00,-1.022190226364638654e+01,1.853986991103050030e+01,3.517514784448938059e+00,-1.363378120900177848e+00,-3.317873864753810409e+01,4.648119694031340288e+01,6.745349848225806966e+00
-5.685679360513304914e+00,-5.286442578544026105e+01,2.323581082848094326e+01,4.272235104494921387e+01,-3.379957099145023847e+01,-4.533572438715783903e+01,5.248167091502732262e+01,8.197894621215606747e-01,6.493736986498761610e+01,-2.952244809511575951e+01,7.379054015413831102e+00,-1.178094607767774562e+02,1.390847372080489919e+01,-5.901426563094641864e+00,4.442050824528578801e+01,-1.311234512591941836e+01,1.756882750494243695e+01,1.194247852730591006e+02,-2.729899727234948159e+01,-9.988968736558886619e+00,-4.361422731338056735e+01,-1.105833272515802612e+01,-4.547010953965806124e+00,2.098261781400227122e+00,5.810694042452173136e+00,-2.581395068660953029e+01,-4.074712657183231101e+01,6.966337331146062795e+00,1.536272229120536359e+01,8.777595043174443390e+01,1.918260701902758214e+01,5.122351309435951094e+01,2.738437014146345660e+01,2.580158118652351718e+01,-6.677697640144928926e+01,1.384582626427088314e+01,1.192532084874363107e+01,-4.959900824993660251e+01,1.468668497648666893e+01,7.282773751655376770e+01,-2.455915561150857229e+01,-1.118585792761170339e+01,-5.082799762858728698e+00,9.233689212369120014e+01,3.394037695185326697e+01,4.774710190619248351e+01,-6.705621317730900444e+01,-2.381012297628698349e+01,5.370573991062481412e+01,-2.283488965387681802e+01,9.410172111263321426e+01,-2.668834356701574251e+01,2.825736092758372564e+01,-3.828826483546781390e+01,-4.061548139577205951e+00,4.401494080357169025e+01,-5.245088306228180386e+01,-3.626690262099365469e+01,-2.533124065274963854e+01,2.354668526764573855e+01,1.905338655564914063e+01,-2.011780035279282686e+01,4.334868028553636066e+01,3.150748986070065882e+01,-4.879812172803134018e+01,-1.870053559409090127e+01,-2.805660688630392485e+01,-7.678489943731148060e+01,-7.484185140075516607e+00,1.902520786313129975e+01,-1.258324445928278124e+01,1.286344273600921184e+00,4.259850576373284348e+00,7.946674440328428091e+01,-4.821753558802919315e+01,-2.317978631846350268e+01,-1.005890765488806871e+01,4.813747043515995472e+01,1.391956578430576741e+01,1.958867287500850907e+01,6.179249730798760254e+01,1.132742574245612310e+00,7.031837485408196642e+00,-6.317150256140917719e+01,-4.381016956402109486e+01,1.104884805442784490e+01,-8.744695010448560879e+01,2.179026650083116934e+01,-3.229160819381467462e+01,1.852129322651939702e+01,-2.370243140979367613e+00,2.456915903015561042e+01,1.108263211522428549e+01,-1.306752087047647848e+01,1.919140618119717701e+01,6.502120189851090082e+00,-9.987409294078875011e-01,-4.297207626753315424e+01,6.137426862514251269e+01,7.803375905815936875e+00
-3.624159443543887527e+00,3.280349482015646245e+00,2.800830614458576395e+00,1.391205372380284189e+01,3.788115468273339559e+00,-1.973248830295946732e+01,2.153198351641589881e+01,-8.193050563128169372e+00,1.157457463237258821e+01,2.116184453399427845e+00,-6.571793770932498724e+00,-2.485307004641291329e+01,1.276087702543960489e+01,-5.194806273953154196e+00,-1.521349230176531009e+00,-1.307288417870690900e+01,-8.016430781211396628e-01,3.541825323011597249e+01,-5.008651000670807818e+00,-5.475732936012689400e-02,-1.539598192558806744e+01,-1.177314534944011282e+00,1.328417650151294094e+00,-4.646259156181985261e+00,1.380175432742821862e+01,-3.815409912549995397e+00,2.548021233674147012e-01,-6.969592234875637615e+00,1.085341464480031881e-01,1.217511475852986358e+01,-2.590158846481099175e+01,2.596871829500313922e+00,3.103539392725286561e+00,1.231914473125518228e+01,-1.654538252148818955e+01,6.325059662651157488e+00,-4.420610025390669939e+00,4.719769148413179849e+00,5.759378885888022381e-02,-1.055837481420524604e+01,-5.273325030603770003e+00,-8.407763735467829846e+00,-9.729797250966303324e+00,2.865131578912792776e+01,1.055165483283843031e+01,1.340586153907674749e+01,-1.374001824356247781e+01,-4.650989341999042459e+00,1.575714323813655859e+01,2.336316127655492458e+00,2.382832164243265893e+01,-8.446348309330046433e+00,-6.825330234471114643e+00,-4.478493899671613931e+00,1.313288239821709169e+00,9.677602326013250433e-01,-7.159335803151344102e+00,-2.812241050047471713e+00,-4.543304576568435671e+00,-1.616588409765199685e+01,-3.411202803851730803e+00,-1.136903664035271255e+01,2.242510036834038445e+01,1.825828582659448784e+01,-1.193052857403167977e+01,-9.277773287772106414e+00,-4.066740662194178846e+00,-1.614306346113709267e+01,6.524134207116283335e-01,1.117841689272740524e+01,-2.880702434463680461e+00,-1.033642829364042615e-01,5.766920800024330163e+00,1.267598225937792300e+01,-1.251917112773817209e+01,-6.461718167124262280e+00,-3.016421206093198748e+00,1.554321779346723531e+01,-2.079531010557096771e+00,1.511185416993861885e+00,5.069821273984437049e+00,2.469061536789267652e+00,-7.704366286597378988e+00,-1.106157629731186276e+01,-9.327892711613548826e+00,3.627782576842751183e+00,1.292701376387062950e+00,7.594266759121657273e-01,4.411817201882488604e+00,1.407454586231173721e+01,2.109462983324952745e+00,3.381645322122417863e+00,-6.883294163811774169e+00,-3.055854915490176626e+00,2.109343873951324255e+01,-5.863687834596484905e+00,-2.973774742334318599e+00,-7.998481596097837709e+00,7.159534771944501941e+00,4.843398322005164403e+00
-3.894600202397658695e+00,-5.582005782920153081e+01,2.228505753875182904e+01,3.632764299314334266e+01,-3.658590486046682599e+01,-3.591459027253831948e+01,4.227065841051076234e+01,5.183376051164460208e+00,6.029324300747406795e+01,-3.132377644400308370e+01,1.103378514114803721e+01,-1.073400805707884871e+02,7.461400245978673240e+00,-3.282405281066476554e+00,4.624911044483865652e+01,-6.481502061852551400e+00,1.839808362174370870e+01,1.033899067866546773e+02,-2.527091794989655682e+01,-1.018971520990885793e+01,-3.645311705550633974e+01,-1.068839287355783974e+01,-5.356061724968963489e+00,4.610414651284596488e+00,-1.374630264121578849e+00,-2.438447868357083337e+01,-4.181958436947180502e+01,1.082252468946028934e+01,1.565856783292288235e+01,8.333873408097171875e+01,3.335934511778588529e+01,5.102474075989609759e+01,2.636852461920482327e+01,1.986234219829415437e+01,-5.953917614923624058e+01,1.081018917987070616e+01,1.454387270361925744e+01,-5.324283946948309421e+01,1.499399249216931906e+01,8.010209670067280285e+01,-2.232769445191260971e+01,-6.984585352928299073e+00,-4.006692991757421218e-02,7.926735849792308386e+01,2.912565086713394180e+01,4.173641293584068279e+01,-6.131250522182797624e+01,-2.189145233255492329e+01,4.658525072393166511e+01,-2.459911350337569758e+01,8.363039170936843902e+01,-2.282322548086855463e+01,3.252682084986413003e+01,-3.679411944567143422e+01,-4.851408393254668994e+00,4.451425276270970244e+01,-4.986089604870602443e+01,-3.560986272701820354e+01,-2.350466607721436318e+01,3.266102471619822722e+01,2.130062788418843667e+01,-1.455164989979335033e+01,3.245395972122877737e+01,2.255001539862957216e+01,-4.359397090011645304e+01,-1.421076782200614730e+01,-2.654544516480236283e+01,-6.999066670109705512e+01,-8.002320784602551029e+00,1.353500823306507783e+01,-1.134508637065438919e+01,1.370748540183404973e+00,1.299677757232727826e+00,7.457277775776186957e+01,-4.268787527371159030e+01,-2.028639630641714575e+01,-8.690709397583663787e+00,4.100233349060286514e+01,1.534253184797631953e+01,1.923791319790186449e+01,6.052546040081404044e+01,-1.505294291857874889e-01,1.127917811497047751e+01,-5.875879420558166544e+01,-3.987144007981219573e+01,9.379220687564577830e+00,-9.014407216810019463e+01,2.188880519017638449e+01,-3.537399872700575543e+01,1.148370085885871106e+01,-3.543403957236345825e+00,2.334107502872394235e+01,1.498774640815465453e+01,-1.174762059750448095e+01,8.447149777024574036e+00,9.761173958520927840e+00,5.552601735547034734e-01,-3.971904666447822763e+01,5.898944764064081880e+01,5.414456283654095259e+00
-2.423672755137067369e+00,-1.536270560232718552e+01,7.575376309537141140e+00,1.562797024606940610e+01,-9.494401729981355231e+00,-1.754783016838556975e+01,2.005952437784516462e+01,-1.341040317292976791e+00,2.189777433689040720e+01,-8.524258325749256571e+00,9.585280460764478150e-01,-4.047459077238934810e+01,6.684410081193012942e+00,-2.793613029590122032e+00,1.314840532392772587e+01,-6.503986135412349157e+00,5.161567968607384316e+00,4.301270186765019332e+01,-9.233299028969463862e+00,-3.033697431702389480e+00,-1.618571510003150138e+01,-3.575065100580361310e+00,-1.118451363359551642e+00,-2.661778330545503390e-01,4.435576734469716342e+00,-8.552418545551525142e+00,-1.228234989403723176e+01,7.564649550388926613e-01,4.670448992007914413e+00,2.892615895552580341e+01,7.815223993763282806e-01,1.600605646114697578e+01,8.889616642005467639e+00,1.019807868054981981e+01,-2.341866478868198698e+01,5.417144653036960023e+00,2.751665572694938611e+00,-1.409526161289236867e+01,4.455971531553122311e+00,1.999277012595268843e+01,-8.455445987230268301e+00,-5.016093818103792401e+00,-3.425479696909199845e+00,3.350225049011777401e+01,1.231838977338312269e+01,1.705048624900068788e+01,-2.295903862090299441e+01,-8.108047980667798527e+00,1.930987737083897926e+01,-6.457628306714823907e+00,3.310088213454423567e+01,-9.715273423298970812e+00,7.227993857888301399e+00,-1.245627708017977220e+01,-9.744646991217210674e-01,1.350845708831002767e+01,-1.726245540330936024e+01,-1.152133879311747577e+01,-8.547514549381656224e+00,3.990632889984436105e+00,5.104701047717290940e+00,-8.293645553238166102e+00,1.746873327484042093e+01,1.307689274835905557e+01,-1.708240955205034695e+01,-7.459096232594628617e+00,-9.279888084220210942e+00,-2.636944300669746255e+01,-2.138481503431995723e+00,7.926008675129505576e+00,-4.366959663267593328e+00,3.692524022636328174e-01,2.407772623948634116e+00,2.650859769537895971e+01,-1.702087452877616158e+01,-8.268495005777207751e+00,-3.629314882698919220e+00,1.758319442824167567e+01,3.809287856447878706e+00,6.221458471732706386e+00,1.968432867012606025e+01,8.217196884734583318e-01,6.337695818816309057e-01,-2.126384727210130521e+01,-1.506803503551482315e+01,4.047492975150303707e+00,-2.621434168918283447e+01,6.741939262296396507e+00,-8.917054992328971252e+00,8.335242921093128032e+00,-3.081777455231800023e-01,8.091558957643668393e+00,2.018965191022876748e+00,-4.547494779126070696e+00,9.899447271482996413e+00,8.304773001048983971e-01,-8.790605445075341251e-01,-1.455653762526636719e+01,1.996308087175236423e+01,3.301061967537749275e+00
-6.289511975917693398e+00,-7.074120762159945741e+01,2.968633477159919565e+01,5.167677286644028101e+01,-4.579002941406273663e+01,-5.318992624511680845e+01,6.200856417082381000e+01,3.797143290875727217e+00,8.172210733345724520e+01,-3.960010666662400070e+01,1.190188579853374051e+01,-1.469821265250598117e+02,1.409379928815323169e+01,-6.052915182698573204e+00,5.903230501612038239e+01,-1.294136363223117314e+01,2.341426492577731011e+01,1.456067997436933013e+02,-3.430776467047017064e+01,-1.314315566019899073e+01,-5.235979138535576993e+01,-1.417986812447281686e+01,-6.431606368988665778e+00,4.305442785807457540e+00,3.079108534219656690e+00,-3.274679546649694117e+01,-5.377229707329244945e+01,1.149001550242954650e+01,2.020569862040533593e+01,1.116147236519557850e+02,3.386426664547644805e+01,6.663014617226446035e+01,3.505202881796483894e+01,2.991046659661828500e+01,-8.249751269562887046e+01,1.614551869916618188e+01,1.717859711916474907e+01,-6.691608691815250154e+01,1.933185503481195155e+01,9.945812381114063783e+01,-3.061001875330141075e+01,-1.195011274313958438e+01,-3.470399180320131727e+00,1.121602702730545502e+02,4.122016071622356748e+01,5.846517354532869604e+01,-8.379575316884883307e+01,-2.982948526424712554e+01,6.553644679028799658e+01,-3.086168125602261725e+01,1.160849963688680333e+02,-3.236315830352940282e+01,3.949490627351115535e+01,-4.896286983414641725e+01,-5.786950637472863868e+00,5.767249042163805939e+01,-6.673429396092593890e+01,-4.685212066289800958e+01,-3.186939766084992343e+01,3.638573027378431846e+01,2.623568661197337448e+01,-2.273668011783752974e+01,4.967889580425705986e+01,3.545893208045705336e+01,-6.033923521310762084e+01,-2.156282374152213777e+01,-3.561833845671039711e+01,-9.581721913421490910e+01,-1.007740443366379601e+01,2.136031056965298092e+01,-1.562418681306606771e+01,1.729145734924335098e+00,3.700273310718331654e+00,1.005005402071570160e+02,-5.937905648004015546e+01,-2.839848452236919485e+01,-1.225315132524244355e+01,5.827072149981339777e+01,1.902982933756966233e+01,2.530859640223604146e+01,7.973559421320452145e+01,6.736878089454988450e-01,1.181998522894831538e+01,-7.956554909182588631e+01,-5.463027771123397969e+01,1.335474058049466173e+01,-1.156474705488267460e+02,2.845868315151339445e+01,-4.400999401001421063e+01,1.973593831166625279e+01,-3.822542271996048679e+00,3.125052292853212776e+01,1.688496498289618586e+01,-1.620417757419732041e+01,1.829124522942785802e+01,1.051162706563300375e+01,-3.297549379461059971e-01,-5.396688146002564679e+01,7.849154610338217708e+01,8.675429761271239215e+00
-5.568354743819265096e+00,-5.503536432694919966e+01,2.381576536165319880e+01,4.301574367592410653e+01,-3.533673529627180443e+01,-4.520870516394913352e+01,5.245025760706807461e+01,1.571687591066521783e+00,6.622764162332806848e+01,-3.075989586196782000e+01,8.221399255650439386e+00,-1.198102663188212915e+02,1.327785659925001482e+01,-5.653232087182113119e+00,4.613574331462217515e+01,-1.242586927182967926e+01,1.826485916388876518e+01,1.205511154133923242e+02,-2.782881582510842478e+01,-1.033967041879322935e+01,-4.380846474178532191e+01,-1.134807344098760673e+01,-4.826031702296909032e+00,2.582796721615612245e+00,4.800039918114237913e+00,-2.639617016117682269e+01,-4.221989318413932324e+01,7.829083300164261239e+00,1.589994531929321298e+01,8.982612885392110513e+01,2.215017638263848809e+01,5.281761007405611252e+01,2.808527973516133258e+01,2.563323472053660623e+01,-6.769424273954800242e+01,1.378069131578208939e+01,1.273972011741865806e+01,-5.178069568173550152e+01,1.520433969456160028e+01,7.635122351622545978e+01,-2.496810923344198585e+01,-1.084233010456618551e+01,-4.405430807480219535e+00,9.309601819397045119e+01,3.421762280859835670e+01,4.826398962635003187e+01,-6.823088312533489841e+01,-2.424731374252762350e+01,5.422730050874682917e+01,-2.385372891808602702e+01,9.534910445912699117e+01,-2.689318363662024680e+01,2.986518110807416448e+01,-3.925598423369199708e+01,-4.321955490318958759e+00,4.549617309965470469e+01,-5.368620417665530198e+01,-3.730965914452310273e+01,-2.583207074352273480e+01,2.581078353976327833e+01,2.003245002257639129e+01,-1.983096447514247274e+01,4.291341842230183801e+01,3.101833119988426901e+01,-4.948255889102087934e+01,-1.854772888974563472e+01,-2.869647777850078540e+01,-7.809386139967065787e+01,-7.808115896165129577e+00,1.871629875853000868e+01,-1.277700242770516681e+01,1.341246321399129693e+00,3.902761406618507234e+00,8.117699561806375641e+01,-4.882938332910195811e+01,-2.343481507575048894e+01,-1.015084635257587742e+01,4.847971331064803024e+01,1.459843544989201192e+01,2.015257812877995391e+01,6.354462822311317183e+01,9.552604817033432116e-01,7.961730155136009124e+00,-6.444417503172333284e+01,-4.454665522176134829e+01,1.112209216511874210e+01,-9.067343244697592297e+01,2.249884550332066624e+01,-3.383011795757039408e+01,1.793897720250102878e+01,-2.640684424013033826e+00,2.514533626382539566e+01,1.208427464535281004e+01,-1.326306499253623628e+01,1.801379530997525080e+01,7.250790244387705030e+00,-7.719679711790879972e-01,-4.379600123947651014e+01,6.292717736794767802e+01,7.653874631734666423e+00
-3.050184511556064848e+00,-4.418014133168502866e+01,1.760360156916215146e+01,2.861791009917237716e+01,-2.897053202328156729e+01,-2.824241304887056003e+01,3.325486601695838118e+01,4.168620356931584503e+00,4.759385328818546412e+01,-2.479427214536028856e+01,8.782600004552683970e+00,-8.469576084416540596e+01,5.794885446276964558e+00,-2.552786206270933445e+00,3.659495439386270732e+01,-5.017188956211616535e+00,1.455926756665992272e+01,8.148270066964143155e+01,-1.994685949906562428e+01,-8.059420291110420465e+00,-2.870472129987678755e+01,-8.444457321536880556e+00,-4.247680499563580625e+00,3.685693390190574625e+00,-1.202977183831687835e+00,-1.925570248824825015e+01,-3.308066524750962145e+01,8.618830701183293641e+00,1.238473244890588276e+01,6.581738412119524639e+01,2.660371049845484137e+01,4.033787705399347345e+01,2.083101273956479105e+01,1.560750680731253937e+01,-4.695574081116728138e+01,8.497653785612817146e+00,1.154098672632636458e+01,-4.215367201517319984e+01,1.185949237536726564e+01,6.344778760032072995e+01,-1.761660512232933229e+01,-5.454216097589554835e+00,4.985122406125563899e-02,6.245891650173276588e+01,2.294942827249777650e+01,3.290039093620491428e+01,-4.838192300247013833e+01,-1.727676121665164999e+01,3.671602773112501694e+01,-1.947703107754408336e+01,6.595041685694988587e+01,-1.798196868620270195e+01,2.578532475127181556e+01,-2.906594521067873771e+01,-3.848382106203190656e+00,3.520185283871726512e+01,-3.937906000299292231e+01,-2.814318423220652221e+01,-1.855368639991466750e+01,2.596975883308378741e+01,1.687699741505830531e+01,-1.141480855514506487e+01,2.548255106274404724e+01,1.768363264880674279e+01,-3.438204992745585287e+01,-1.116270348768924592e+01,-2.096288127746036523e+01,-5.522605129498753485e+01,-6.335157780918018844e+00,1.061226105236644734e+01,-8.949614176162910439e+00,1.085103412147133906e+00,9.796900610162930789e-01,5.887947460847480841e+01,-3.366041149220313855e+01,-1.599201577707503930e+01,-6.848912889022399142e+00,3.230183471622671476e+01,1.215309146457802214e+01,1.520417412866690121e+01,4.783204802259297139e+01,-1.397587362806975986e-01,8.986193236906849791e+00,-4.638443155835495446e+01,-3.145940798445386122e+01,7.388389088962068030e+00,-7.131315364548798641e+01,1.730728176414343977e+01,-2.801716345394980578e+01,8.965442405522836111e+00,-2.820446990203538284e+00,1.843402448722028453e+01,1.191272199565319667e+01,-9.266543503393954495e+00,6.504761885718561842e+00,7.770053239567396020e+00,4.641232838192586030e-01,-3.135000908966218702e+01,4.659957643593426013e+01,4.242144807850058541e+00
-6.914335036323969952e+00,-6.907936582160499484e+01,2.981313754062386323e+01,5.368037086853158257e+01,-4.438588184365364242e+01,-5.632017170158011510e+01,6.536735782161821362e+01,2.126221762655201353e+00,8.283358912904932936e+01,-3.861460704234792729e+01,1.043458606955259782e+01,-1.497773831401354130e+02,1.640932669591303039e+01,-6.991014665357326408e+00,5.788544830490164372e+01,-1.533497829666165657e+01,2.292027298192950013e+01,1.505062549373002696e+02,-3.480387723967768920e+01,-1.296544687155963871e+01,-5.464636650172663224e+01,-1.420876623455376375e+01,-6.077265895338999968e+00,3.326999784826851769e+00,5.757980903816698692e+00,-3.302987487524802646e+01,-5.295076977229123116e+01,9.950139034585923525e+00,1.993730178683195930e+01,1.124159401986295421e+02,2.826826231071747131e+01,6.618682372570675909e+01,3.516159480881628241e+01,3.191198345287571314e+01,-8.457859520095756523e+01,1.716185491292287679e+01,1.606003428893823326e+01,-6.502511653098903821e+01,1.906594138752295109e+01,9.594846746950022975e+01,-3.121138729721164751e+01,-1.343753359200905528e+01,-5.340276926710105343e+00,1.162043566762908569e+02,4.271074335242968090e+01,6.027153567326119088e+01,-8.530472683391052158e+01,-3.031926442448392223e+01,6.770528502451583108e+01,-2.995808564045356093e+01,1.191212312167561436e+02,-3.356540754613752853e+01,3.758181817690790183e+01,-4.914418623817658016e+01,-5.444841435223745307e+00,5.703622978144982625e+01,-6.718963529627700382e+01,-4.673496589481425900e+01,-3.230867255541146932e+01,3.267437971550111797e+01,2.518637037499176046e+01,-2.465363767898568170e+01,5.339074253351159172e+01,3.855263829584114887e+01,-6.182763984840562443e+01,-2.308401925346652561e+01,-3.590981798399309355e+01,-9.762788107225667034e+01,-9.804145477512543394e+00,2.325940080786292441e+01,-1.596844131457110372e+01,1.683951209310220909e+00,4.784992841397672336e+00,1.015599867661173334e+02,-6.099736999188454689e+01,-2.926603873994518068e+01,-1.267253339136838619e+01,6.050156527941388163e+01,1.834660068142976286e+01,2.524374673510199329e+01,7.959220434066045868e+01,1.151161982960678065e+00,1.013040775507475288e+01,-8.060674968214939895e+01,-5.568707528924915096e+01,1.387894193610935467e+01,-1.137336942144096383e+02,2.820033253754689895e+01,-4.250832339079828870e+01,2.222972264062176606e+01,-3.351526182829347000e+00,3.146948318779515930e+01,1.528473507972569578e+01,-1.657467021976584931e+01,2.219055285853374926e+01,9.203974539872969984e+00,-9.117402218294041738e-01,-5.477090614166208837e+01,7.877829249037945658e+01,9.506583018694328757e+00
-5.475229728290441855e+00,-6.552218224083945586e+01,2.712252065137797530e+01,4.640548492380104051e+01,-4.256072279820551785e+01,-4.728009525658671208e+01,5.525058524097939738e+01,4.234113964863217561e+00,7.431864699651440276e+01,-3.670359209067905937e+01,1.156228147457697908e+01,-1.333055863080149095e+02,1.185410458575145931e+01,-5.116576811066749109e+00,5.456834529644536502e+01,-1.076356279486400780e+01,2.166143412189178719e+01,1.310923860298962040e+02,-3.118634225894793843e+01,-1.211408829820658184e+01,-4.690254395863814807e+01,-1.296960423546483199e+01,-6.049254421348850386e+00,4.385547834065065764e+00,1.604618970256755706e+00,-2.985374444850745235e+01,-4.960492773300968139e+01,1.121808848584555562e+01,1.862147824428592813e+01,1.018281885813267849e+02,3.354229231864306371e+01,6.120576045215354100e+01,3.204302050546402825e+01,2.647778386260708317e+01,-7.458899593444834863e+01,1.432162267398908462e+01,1.623538833778878043e+01,-6.212388545513883287e+01,1.782028474898080361e+01,9.265236865460423132e+01,-2.775306527181544070e+01,-1.026684448646220460e+01,-2.329650959904477681e+00,1.008574448396850016e+02,3.706427969747508655e+01,5.271018354243675219e+01,-7.603700903435179725e+01,-2.708902148202994198e+01,5.902011404345664403e+01,-2.866579169732480992e+01,1.049077517740100518e+02,-2.908576925117683132e+01,3.702781755771699324e+01,-4.474688265370765095e+01,-5.453479636675951703e+00,5.309184485233878803e+01,-6.089368493958073003e+01,-4.294965643025048507e+01,-2.897960770755690163e+01,3.499642434770098021e+01,2.449642130274931162e+01,-1.994799485893726043e+01,4.380180755890755506e+01,3.106263981621923875e+01,-5.457017753152213402e+01,-1.905267159441756775e+01,-3.247904358590094631e+01,-8.690676244896472724e+01,-9.350488853770741571e+00,1.869592849160056858e+01,-1.414900932067555495e+01,1.603649332498079172e+00,2.896087531521446934e+00,9.153526647625650980e+01,-5.363216645434863494e+01,-2.560756245603786851e+01,-1.102851904100055158e+01,5.233969970839258679e+01,1.773295774834157967e+01,2.320127129668102128e+01,7.306877468811015319e+01,4.003362571560854510e-01,1.158807037545359542e+01,-7.237602391537944868e+01,-4.953888883181947733e+01,1.198958223717340132e+01,-1.067513692505532958e+02,2.617313421942362339e+01,-4.097518463272221112e+01,1.693907834501619192e+01,-3.713363149985327460e+00,2.851286748535413196e+01,1.618492178227048583e+01,-1.466813758061458017e+01,1.497912906802691957e+01,1.021701814493296290e+01,-3.805799355321137778e-02,-4.904610162277709406e+01,7.173474527746228091e+01,7.566167218776300274e+00
-5.098423808212283248e+00,-1.471923404793486156e+01,1.021982405849891862e+01,2.653583965491883845e+01,-7.916414878024669477e+00,-3.255165750173209460e+01,3.652389809094518114e+01,-6.968816447594590180e+00,3.187357308816098467e+01,-7.968783280740913355e+00,-3.349656310422185257e+00,-6.123213095651603055e+01,1.591511031494513873e+01,-6.558661945899266321e+00,1.345984318697015425e+01,-1.592556494921324273e+01,5.146799889122340765e+00,7.110931574316583692e+01,-1.352556169619258952e+01,-3.377555002423385133e+00,-2.814476740591517157e+01,-4.726211709249970028e+00,-3.412205927653619852e-01,-3.407627412116227106e+00,1.413631483579683845e+01,-1.197588582097005627e+01,-1.335509950734583562e+01,-3.838831592492259581e+00,5.216070457446180697e+00,4.001611631384793810e+01,-1.650181218896910096e+01,1.936736578806032227e+01,1.187004014432461751e+01,1.948842306506781341e+01,-3.688050172682790162e+01,1.020545415486721375e+01,6.702130193783695233e-02,-1.235858748418904618e+01,4.945731268775874767e+00,1.493944173955694765e+01,-1.284637086330967648e+01,-1.115988509268924744e+01,-1.029441729480011247e+01,5.609991895399899420e+01,2.063861781295001663e+01,2.776306810289908356e+01,-3.449383630638492804e+01,-1.204663322541706272e+01,3.182733653210373959e+01,-5.545353828258028805e+00,5.242494366109883686e+01,-1.636070615779735959e+01,3.384621747176154827e+00,-1.671947909934942089e+01,-1.927973373268745405e-01,1.552485935341881351e+01,-2.380930117204113472e+01,-1.457295163414822525e+01,-1.245841071119335197e+01,-6.441711125266156301e+00,3.334924361587557229e+00,-1.675429158413162867e+01,3.426947529471178200e+01,2.663985802459840002e+01,-2.680927216679588554e+01,-1.443342233433149602e+01,-1.294548246381406464e+01,-3.986035284317019745e+01,-1.917667592090482209e+00,1.622165559028008985e+01,-6.740105241104256351e+00,3.373504777713585701e-01,6.517258607935802139e+00,3.768952811371605094e+01,-2.713608825696652005e+01,-1.343710034382597662e+01,-6.018751801490510367e+00,2.978243292367959327e+01,2.801006438328268011e+00,7.864345888292052500e+00,2.507572942437577268e+01,2.559987918999586665e+00,-4.466486310420068939e+00,-3.083158769096599627e+01,-2.284633873457622855e+01,6.889079437610239331e+00,-2.800193306725759612e+01,7.933601667619148756e+00,-6.862531223806634273e+00,1.861366883227960045e+01,1.074644283029204672e+00,1.117760273885772904e+01,-2.390659458545891347e+00,-7.056327919565665852e+00,2.504117767647893089e+01,-3.016011257389555666e+00,-2.961455828413944502e+00,-2.139191737742824273e+01,2.678348992435044096e+01,6.881931256408124753e+00
-4.982491890424372016e+00,-6.457766977408525122e+01,2.629008774753737043e+01,4.401312212344362251e+01,-4.212313248359187412e+01,-4.425262319456572868e+01,5.187483734654876599e+01,5.020288935481996617e+00,7.162369648104058228e+01,-3.620408130310633510e+01,1.203177385850028536e+01,-1.280372990908685153e+02,1.026562864663594787e+01,-4.464187028979608840e+00,5.365322596799730093e+01,-9.163482532699262606e+00,2.131915801953991974e+01,1.247462441874652228e+02,-3.003936599345567871e+01,-1.186926896067048887e+01,-4.434285171409806736e+01,-1.258874364863847539e+01,-6.070919568722255022e+00,4.792234399390624233e+00,1.078700896992264013e-01,-2.885972535899029623e+01,-4.865328778794994236e+01,1.173659896615634146e+01,1.824256184433589922e+01,9.852673564468994982e+01,3.563003225057502732e+01,5.972252791426875262e+01,3.108137458142414644e+01,2.464767883629676959e+01,-7.136104799428957790e+01,1.336764137784573236e+01,1.638432849503618627e+01,-6.139921814449976267e+01,1.746258306036396490e+01,9.194516749404684219e+01,-2.664573055467597129e+01,-9.171778359830421223e+00,-1.250845753704989516e+00,9.582615490195851748e+01,3.521293024101745317e+01,5.024716480106834382e+01,-7.307828865094622017e+01,-2.606085058634980101e+01,5.618300822733935718e+01,-2.834823141230513599e+01,1.003085234427050949e+02,-2.761531649392376764e+01,3.702179737137451099e+01,-4.338863916979847346e+01,-5.485293187242436197e+00,5.194163124219988958e+01,-5.893229272227902271e+01,-4.180374844467693407e+01,-2.792556721280239529e+01,3.602200569978067080e+01,2.437522310832707717e+01,-1.834757659918219375e+01,4.055713347145793080e+01,2.851162269403233651e+01,-5.222707199955979718e+01,-1.769191051869621489e+01,-3.140654888566988845e+01,-8.347849645924064532e+01,-9.235262285422317419e+00,1.714044781900186365e+01,-1.356406065253507975e+01,1.582982267760499440e+00,2.226775853812174688e+00,8.838372095905617698e+01,-5.124508169084475639e+01,-2.441640688998953834e+01,-1.049072966839880650e+01,4.965710483755082549e+01,1.760384006682177116e+01,2.258310228984863599e+01,7.108897935005178681e+01,1.303407827165246613e-01,1.217727932332741148e+01,-6.977385671204658024e+01,-4.757132508575850238e+01,1.136793390538262827e+01,-1.047824256339890070e+02,2.557613244699247446e+01,-4.063508390933638736e+01,1.511082846603451557e+01,-3.864024503818838774e+00,2.759134861050376486e+01,1.659627763091080865e+01,-1.405435382557079649e+01,1.244447548549998572e+01,1.063788490823480970e+01,2.783664112309417460e-01,-4.722938066892024267e+01,6.955944162235711303e+01,6.902750699461260631e+00
-3.489497533671177543e+00,-2.047138622124816720e+01,1.037169825447172933e+01,2.190712063067196880e+01,-1.254117086414908044e+01,-2.485631996055740345e+01,2.834980349746537343e+01,-2.319011052911895465e+00,3.019920963305981232e+01,-1.134032294944104713e+01,8.777816103534146208e-01,-5.603553459860778929e+01,9.797440087235795403e+00,-4.085960474271925769e+00,1.760144681994770366e+01,-9.574177463693313683e+00,6.896838214890897767e+00,6.011456035730144976e+01,-1.274168032691340890e+01,-4.086595691384325768e+00,-2.275091535919401053e+01,-4.885674238863900953e+00,-1.422013919587557629e+00,-6.497790035554631416e-01,6.835964124703464151e+00,-1.175039164789233759e+01,-1.651525950969039869e+01,5.808586655963097201e-01,6.292931294491628691e+00,3.969663939850622825e+01,-5.732685695342958354e-01,2.170605009586153145e+01,1.215957342928717821e+01,1.449889453093448921e+01,-3.255811367578075988e+01,7.687979584163119995e+00,3.426200485426640796e+00,-1.867517507714761393e+01,6.001062380891621473e+00,2.624650668841341883e+01,-1.171134704737633747e+01,-7.278866561325061824e+00,-5.220951623067694669e+00,4.688953052314419523e+01,1.724179791542282913e+01,2.378997484946090424e+01,-3.176346928549076409e+01,-1.120472455853047400e+01,2.697849560713398631e+01,-8.544961186853647916e+00,4.604670493311675727e+01,-1.360607854235826508e+01,9.300168419651322793e+00,-1.704633609035003872e+01,-1.229166472060002624e+00,1.824222769864074323e+01,-2.368334493536512042e+01,-1.568342383601136625e+01,-1.178946158538336242e+01,4.356834761809167844e+00,6.656567049698422167e+00,-1.187603825402737456e+01,2.491880361188108850e+01,1.874623198389393153e+01,-2.374037451958915312e+01,-1.062157654507810278e+01,-1.274528776028961907e+01,-3.650442707296001288e+01,-2.837322980965616193e+00,1.136926277097735216e+01,-6.058388884563321142e+00,4.905043919976258548e-01,3.602540568394435816e+00,3.647418469275780950e+01,-2.369448565148369923e+01,-1.153428666733895547e+01,-5.074082259440313436e+00,2.464106996631978319e+01,4.996578158744220843e+00,8.468496238042746427e+00,2.681192661619422424e+01,1.260898101068610888e+00,3.696166158662430590e-01,-2.931379777889995708e+01,-2.086585947628991988e+01,5.675281591475027199e+00,-3.520169608442858333e+01,9.121861929707133498e+00,-1.172496658269433567e+01,1.210177776376096404e+01,-2.824329280631294736e-01,1.110288877038414057e+01,2.285516737499658113e+00,-6.312367062004128115e+00,1.464748279314452972e+01,7.498624002348339701e-01,-1.369742467827276267e+00,-2.009400569592664709e+01,2.731822419691847870e+01,4.746905403743451046e+00
-7.342244607309538651e+00,-6.505641961729821787e+01,2.896298842559028230e+01,5.401335201035509925e+01,-4.144788573633789497e+01,-5.774886641336497917e+01,6.673760111297134756e+01,3.019298574516655620e-01,8.126850448377030034e+01,-3.630645874325578149e+01,8.550041650351293043e+00,-1.477720809671572226e+02,1.829901650946654712e+01,-7.745279112956172440e+00,5.477233113058863267e+01,-1.734207883436920383e+01,2.164573521636775411e+01,1.506859435388580266e+02,-3.417683699923725271e+01,-1.235127031125042052e+01,-5.524456310670888826e+01,-1.377048372433642243e+01,-5.504837443815453035e+00,2.190082740609513579e+00,8.380410313231786645e+00,-3.223769666023691371e+01,-5.034194090033888358e+01,8.005379685482592933e+00,1.899797986336620781e+01,1.095494752776587006e+02,2.146114749449811043e+01,6.353850264163031625e+01,3.411695233193709242e+01,3.296072449107690261e+01,-8.397386460185173007e+01,1.766280864385894489e+01,1.435606753440262295e+01,-6.089534003641713866e+01,1.815796476163175299e+01,8.909947686564851210e+01,-3.081333104875507445e+01,-1.455587349836713962e+01,-7.127183927079366654e+00,1.166173753488247797e+02,4.286694076495008687e+01,6.018007097755845081e+01,-8.407543633470335465e+01,-2.983348257707795526e+01,6.774918198078769649e+01,-2.802142315216728363e+01,1.183799855262846279e+02,-3.372052976307799810e+01,3.433393143256517988e+01,-4.771370794306458407e+01,-4.906111652859843630e+00,5.448715470942179451e+01,-6.545167562230543012e+01,-4.507060526101976450e+01,-3.170425750966760248e+01,2.770049365278105213e+01,2.325410374291517712e+01,-2.585299469349588009e+01,5.552662960271885595e+01,4.052896565747782631e+01,-6.135105503667026028e+01,-2.391966505070177718e+01,-3.503147477405017440e+01,-9.630887813361734118e+01,-9.193921545423254571e+00,2.448598377429943440e+01,-1.580319028220173472e+01,1.580966578605808692e+00,5.765938909262532164e+00,9.932265784397401376e+01,-6.068454930548087844e+01,-2.921158921314718526e+01,-1.269485535102811191e+01,6.084814328757028790e+01,1.702424304061792881e+01,2.434310046130559613e+01,7.681663466460122436e+01,1.614457364442084097e+00,8.022543840749094102e+00,-7.904132597140663563e+01,-5.495990315164728202e+01,1.397151663648117648e+01,-1.079735145349272329e+02,2.699903373474577961e+01,-3.952986952473178661e+01,2.411458724447976465e+01,-2.746507151126813540e+00,3.066145479601766510e+01,1.310067479784166622e+01,-1.641697043733941896e+01,2.555225579144440928e+01,7.527617833079960796e+00,-1.492649842466434063e+00,-5.380858420202225290e+01,7.648113214560972040e+01,1.006560704259347183e+01
-3.277971436957598961e+00,-9.941587714530967901e+00,6.725978639424225136e+00,1.723310194442630916e+01,-5.417258188925436535e+00,-2.104719129863504179e+01,2.363671840199757668e+01,-4.367845527081386514e+00,2.087821291431191639e+01,-5.394068513808573329e+00,-2.007857595659768180e+00,-4.001797630277690132e+01,1.018207439797933134e+01,-4.198287282067525439e+00,9.039556361915288107e+00,-1.017820214819088420e+01,3.464211315644863287e+00,4.624512292595206731e+01,-8.856303738983513085e+00,-2.253164049672869318e+00,-1.825570864941801830e+01,-3.114566823139766960e+00,-2.740262107727879926e-01,-2.113537874885401457e+00,8.958233966750549726e+00,-7.863146465575278299e+00,-8.925569065581452577e+00,-2.320625384969946303e+00,3.478802375869543884e+00,2.629379975381319667e+01,-1.011672533282643016e+01,1.284054840953482923e+01,7.817237932700202840e+00,1.258320786556275905e+01,-2.404825646197436839e+01,6.593802505893856747e+00,1.985079951389323583e-01,-8.415538016209067607e+00,3.300078728915322834e+00,1.034176095932328820e+01,-8.393627067183313528e+00,-7.158598889836303769e+00,-6.534774251413095314e+00,3.645927512200194087e+01,1.341262830103664960e+01,1.807008370973402833e+01,-2.255234605152493899e+01,-7.881318260617893756e+00,2.070186182741777614e+01,-3.783690983796163643e+00,3.417338625138273045e+01,-1.062965283861789878e+01,2.497189647506552035e+00,-1.100720459998466261e+01,-1.744032479644863631e-01,1.033171361999376359e+01,-1.564757010785372060e+01,-9.632004160515247548e+00,-8.159992427065573040e+00,-3.738600834315080945e+00,2.345256281335230675e+00,-1.079077655767561517e+01,2.210045868259762969e+01,1.715137787517232937e+01,-1.748458534139712839e+01,-9.313957525711320073e+00,-8.501768371964756099e+00,-2.605178663387055238e+01,-1.303048421635164100e+00,1.044178544104594408e+01,-4.399920833092881622e+00,2.288317261141542824e-01,4.150744167743247282e+00,2.472300131690216318e+01,-1.768231384321093813e+01,-8.746699896572966537e+00,-3.913579147250612067e+00,1.934399614562961034e+01,1.942459996827136770e+00,5.198170139716945748e+00,1.656579621538621083e+01,1.623328923987217065e+00,-2.714129885874359882e+00,-2.020036119311074430e+01,-1.492920760971936467e+01,4.473400002275131904e+00,-1.874081938109495837e+01,5.270557794245513961e+00,-4.735312994221157368e+00,1.193810936155844438e+01,6.441276471568373463e-01,7.345249817429829520e+00,-1.356736042575909629e+00,-4.604958768801656888e+00,1.598538407403560768e+01,-1.809724895809182499e+00,-1.873818968313659905e+00,-1.400438460653279193e+01,1.763331910144568937e+01,4.426345139070136270e+00
-4.272906345317603716e+00,-6.229006962347455811e+01,2.479008718848912451e+01,4.023383358832504797e+01,-4.085759985126907878e+01,-3.966292344400144998e+01,4.671448040171186022e+01,5.933854534096592914e+00,6.699487678474730501e+01,-3.495968983175377787e+01,1.242508822474279206e+01,-1.191904181450949665e+02,8.075783432141490081e+00,-3.560632805167067261e+00,5.158706503466443394e+01,-6.977479235804151969e+00,2.052527109150541307e+01,1.145863184068371226e+02,-2.807681130816569492e+01,-1.135838706648415197e+01,-4.034555394775901505e+01,-1.189300924656728498e+01,-5.996108133892047221e+00,5.227821256499637137e+00,-1.794314501733916156e+00,-2.711125631231698918e+01,-4.662502660285247202e+01,1.219712464959324727e+01,1.745400683353975424e+01,9.267444030416187672e+01,3.768025207004075128e+01,5.683276309794983661e+01,2.933656501638322212e+01,2.190865202475171003e+01,-6.605992789058873882e+01,1.193110937187980625e+01,1.629729192229913792e+01,-5.944431664653384928e+01,1.671410929177691074e+01,8.949762274815860508e+01,-2.479070337637514143e+01,-7.626832968267079238e+00,1.399548859702873793e-01,8.782306506694695258e+01,3.226886412931813908e+01,4.627309890245896895e+01,-6.809005453520184403e+01,-2.431619230442417390e+01,5.163393553562855232e+01,-2.746725771201659327e+01,9.277846067190152723e+01,-2.528291046796329411e+01,3.639019088695022219e+01,-4.093285858062505156e+01,-5.433236911210404863e+00,4.960582691850331116e+01,-5.544874486117216605e+01,-3.964427400606091112e+01,-2.611663545183089497e+01,3.671703585972822736e+01,2.381052388774052631e+01,-1.600635605703504538e+01,3.575394389742427848e+01,2.479215787551358829e+01,-4.837188623426673928e+01,-1.566602436886973670e+01,-2.951551827382028392e+01,-7.771881329600826405e+01,-8.933312896079563359e+00,1.487662773212369771e+01,-1.259276525389826951e+01,1.530062585547159459e+00,1.339445703678847632e+00,8.289270719633458384e+01,-4.735060752441547294e+01,-2.249252835854633403e+01,-9.631108391920209399e+00,4.541419609978177618e+01,1.714321020039512433e+01,2.141762193921007196e+01,6.737717775201051040e+01,-2.146592148761174434e-01,1.272014103259426676e+01,-6.529401762165689149e+01,-4.427141844605595367e+01,1.038705567672609398e+01,-1.005165349921603450e+02,2.438708302052945598e+01,-3.951840966656555310e+01,1.253489049947292777e+01,-3.990189629970058771e+00,2.595630753439312244e+01,1.683884835506800215e+01,-1.303818421817412698e+01,9.016581462423653548e+00,1.099295363734442788e+01,6.754271766664797783e-01,-4.412675663758087552e+01,6.562518908909399329e+01,5.944096848542256950e+00
-6.047704437436475899e+00,-6.239462782577032129e+01,2.671741663981615389e+01,4.766308322213200199e+01,-4.017468823602921901e+01,-4.975027509406710635e+01,5.781056789927004758e+01,2.324894974329138719e+00,7.404280847178169722e+01,-3.489203091410679747e+01,9.728522400496206757e+00,-1.336860132874548412e+02,1.414470724955760339e+01,-6.038284219815862386e+00,5.222258919205555827e+01,-1.316127868905846299e+01,2.068797024011846375e+01,1.338145972569187165e+02,-3.110302096503932745e+01,-1.167728677566419471e+01,-4.845914424481971849e+01,-1.274123760207738165e+01,-5.541143691294379003e+00,3.229363928658756766e+00,4.497338853588918717e+00,-2.956453287160044496e+01,-4.771384635441582134e+01,9.311985667991478977e+00,1.795524872805091832e+01,1.006622852629500926e+02,2.676019091073452572e+01,5.949512755369985939e+01,3.152048712258553209e+01,2.813247275763143307e+01,-7.536638011103721624e+01,1.514427687814020018e+01,1.468873940324280447e+01,-5.881426508545148835e+01,1.717282284306975626e+01,8.696360710763973145e+01,-2.785347066413310557e+01,-1.168510390277466016e+01,-4.324554915924263554e+00,1.032516634437423164e+02,3.794895488015660590e+01,5.362608361822798031e+01,-7.616072769003717724e+01,-2.708089789212096932e+01,6.020532225012419758e+01,-2.710473815255111774e+01,1.061203957098709338e+02,-2.981552698058890982e+01,3.419698834542880661e+01,-4.404809576210514876e+01,-4.970663072044392727e+00,5.133316358934921197e+01,-6.017049569481260107e+01,-4.196100676515097661e+01,-2.887845350595769034e+01,3.024290574640233586e+01,2.285982202144894160e+01,-2.164122006170884305e+01,4.697670495250415712e+01,3.381793230874380640e+01,-5.510164620867391960e+01,-2.033173410772290524e+01,-3.214639098370373205e+01,-8.714203762599758818e+01,-8.864746802344338761e+00,2.039473773422338354e+01,-1.424132277530374147e+01,1.522166446777506899e+00,4.022379247669008784e+00,9.085758305112737787e+01,-5.432427203656190073e+01,-2.604159490616979511e+01,-1.126539560324484590e+01,5.372648696116718270e+01,1.663160823080096762e+01,2.266549925208874683e+01,7.144787585203953029e+01,9.136346540728792487e-01,9.511104620199244408e+00,-7.206238146267456557e+01,-4.969994528997866468e+01,1.232164353545573121e+01,-1.025224875879138011e+02,2.536653385264374805e+01,-3.851444644624571367e+01,1.932240167392746599e+01,-3.124674936737654285e+00,2.818052056108348324e+01,1.411338491670854367e+01,-1.477869503309007371e+01,1.893632562797051122e+01,8.584526794268104055e+00,-6.727251879578313165e-01,-4.894104840145894286e+01,7.061021751813117930e+01,8.322016130411419965e+00
-1.628564495254503974e+00,-1.043805076152002087e+01,5.127628240442439811e+00,1.054257588527848277e+01,-6.458613231714435798e+00,-1.181966197706019273e+01,1.351595785968882879e+01,-8.739413479749811309e-01,1.480692067388570088e+01,-5.793029151889877326e+00,6.792086479135193144e-01,-2.735308043408979017e+01,4.479389404803544750e+00,-1.872676743263648191e+00,8.927919439350040065e+00,-4.355601674734333351e+00,3.505661607771048072e+00,2.902882742759416601e+01,-6.242844823044467084e+00,-2.058134723984818670e+00,-1.091449485343525261e+01,-2.420527778015968412e+00,-7.647038952796336719e-01,-1.602100965152162271e-01,2.948979127925802857e+00,-5.786102035978980318e+00,-8.334738680565527247e+00,5.438540331679870832e-01,3.168440752238815605e+00,1.957307014125797906e+01,6.439486536667793359e-01,1.084877144022181916e+01,6.018016625001623154e+00,6.865365468022408990e+00,-1.581703352236103477e+01,3.647792050354189630e+00,1.886417562751936172e+00,-9.584402926027340897e+00,3.023140571662298548e+00,1.361151031307284143e+01,-5.713906962971941894e+00,-3.366536513354754678e+00,-2.281496440831307648e+00,2.260565086673910074e+01,8.311762037496968958e+00,1.150998000578386993e+01,-1.551748826899405742e+01,-5.480927564434355581e+00,1.303266549366271576e+01,-4.391779117395618215e+00,2.235448918971599852e+01,-6.554778104705143882e+00,4.934177431588324225e+00,-8.431974360877532604e+00,-6.669420015938256618e-01,9.161291138598539163e+00,-1.168121804269043373e+01,-7.804928465295061457e+00,-5.779579906586034710e+00,2.778611852166664953e+00,3.478530618448129275e+00,-5.577370517800547489e+00,1.175417649069900961e+01,8.792584528475625660e+00,-1.153811536317097897e+01,-5.020304294209146256e+00,-6.278589741618885611e+00,-1.782091337050036017e+01,-1.453831159786109328e+00,5.328764156104826455e+00,-2.950354984781024648e+00,2.509928048525119637e-01,1.608371558393769218e+00,1.793054746180100523e+01,-1.149378005138303926e+01,-5.581844132662653557e+00,-2.449264568483784821e+00,1.186204358284162907e+01,2.593743178456158205e+00,4.214650211110038569e+00,1.333363905018874185e+01,5.467031035788265658e-01,4.638297069894399272e-01,-1.437905035289290367e+01,-1.018277775882901004e+01,2.730316686642522583e+00,-1.779220259654689684e+01,4.571097864179545667e+00,-6.069618754583988363e+00,5.593719933300123515e+00,-2.183582440214432152e-01,5.475310886355994278e+00,1.400086401251404489e+00,-3.072079987165482695e+00,6.624232322801871575e+00,5.892178414000761588e-01,-5.833938887857892386e-01,-9.841559674497109000e+00,1.351360165183980300e+01,2.218525084989879659e+00
-1.632217647077721434e+00,-1.248022428712124032e+01,5.794820173189753731e+00,1.129342634177295324e+01,-7.856129266293683244e+00,-1.234655645637117516e+01,1.419709154369546056e+01,-4.000753236783605171e-01,1.646802824335490101e+01,-6.948930592093977232e+00,1.296307276861773383e+00,-3.015733031103406958e+01,4.276771428566089384e+00,-1.798636282549771037e+00,1.057682693808457230e+01,-4.107966971929205791e+00,4.168681877154073234e+00,3.131624513741920168e+01,-6.933400767614955384e+00,-2.407375691495216241e+00,-1.161620190303210087e+01,-2.746509476872430078e+00,-9.971788280148558004e-01,1.661111105080850248e-01,2.404300927368542951e+00,-6.489098925617696523e+00,-9.785335898854981451e+00,1.168004325494624851e+00,3.704241709421242756e+00,2.200685968552008376e+01,2.727035224124716883e+00,1.251389720242380577e+01,6.815048382215707967e+00,7.106093179851280972e+00,-1.727304454970399306e+01,3.792490699216346517e+00,2.546989704246588992e+00,-1.158961066440986798e+01,3.537870740005824910e+00,1.675286317979253781e+01,-6.293480759928495871e+00,-3.304333195599097106e+00,-1.932298097239779411e+00,2.430544778434906306e+01,8.935458135172085647e+00,1.246549608480677485e+01,-1.713570303641829895e+01,-6.067888887001809728e+00,1.407058861910278047e+01,-5.323829949980685150e+00,2.437844872555959341e+01,-7.037102774223321866e+00,6.301222462689645809e+00,-9.538808558683335548e+00,-8.814776625890083928e-01,1.066071605030033354e+01,-1.314183649723763025e+01,-8.930981917741405596e+00,-6.426024711089128871e+00,4.486836875088511256e+00,4.335620711765184154e+00,-5.669285805228999386e+00,1.206477280800805296e+01,8.911953342219169016e+00,-1.261081529596064321e+01,-5.175821620373558751e+00,-7.047013904393697459e+00,-1.965165726110245004e+01,-1.753158555634212856e+00,5.392506670644321431e+00,-3.237595614180031944e+00,3.019634450508053014e-01,1.445377292852945805e+00,2.004414943548900752e+01,-1.251403945388921812e+01,-6.048239889260655033e+00,-2.640125319914655933e+00,1.271524559515315467e+01,3.197490472767444469e+00,4.823282584025902153e+00,1.523712669951195409e+01,4.525506997157316968e-01,1.130194722311566924e+00,-1.600575342407363877e+01,-1.122094829656739101e+01,2.922880420131778845e+00,-2.094582093611397866e+01,5.298186850836295037e+00,-7.447836339989638788e+00,5.482407102576376090e+00,-4.164976521924770303e-01,6.157973461834440165e+00,2.164692001591912884e+00,-3.366883953467360246e+00,6.155355828530293394e+00,1.136938620152835311e+00,-4.571058478526262014e-01,-1.092237829152650619e+01,1.528885124276624197e+01,2.230632842777222180e+00
-6.205045488323794878e+00,-4.958354601570515285e+01,2.272425031630976022e+01,4.370353434687477545e+01,-3.133107377429450935e+01,-4.746682445899519109e+01,5.466119630153728792e+01,-1.016837690416741324e+00,6.432951495391989738e+01,-2.762787875936911774e+01,5.580187194566621045e+00,-1.175520530587536712e+02,1.603329398549703200e+01,-6.754814576573970442e+00,4.193454544103171600e+01,-1.534416971855957001e+01,1.654175112432409023e+01,1.214062744610902769e+02,-2.707478471077219950e+01,-9.516984349407920263e+00,-4.487765293908385900e+01,-1.078073471979922004e+01,-4.035345842736695943e+00,9.775739948701289705e-01,8.556160646244787671e+00,-2.539999029906741157e+01,-3.871692957337026542e+01,5.100222342380449803e+00,1.464215870770529193e+01,8.619321256843181800e+01,1.257239948808747343e+01,4.931113680228019547e+01,2.673819050708157974e+01,2.725326567462008143e+01,-6.717018868505036266e+01,1.456217365430879696e+01,1.037797377563580525e+01,-4.616065259395561782e+01,1.398770503652587394e+01,6.698335678480222555e+01,-2.452574464066676541e+01,-1.248786854087531140e+01,-6.970470205391013252e+00,9.414673657197768364e+01,3.461006653231656571e+01,4.837380335591183922e+01,-6.682062103813619558e+01,-2.367651362361324274e+01,5.455941336174961975e+01,-2.121607200672543669e+01,9.476827188535764890e+01,-2.724767727395076378e+01,2.539127523876245718e+01,-3.741531670324708614e+01,-3.576723269348492718e+00,4.209454225565066565e+01,-5.147968026363825089e+01,-3.512645137637176873e+01,-2.510031133957549443e+01,1.886026782390194967e+01,1.738204847891556781e+01,-2.163650168489637338e+01,4.616660397814637662e+01,3.398528383213566428e+01,-4.905032715344567862e+01,-1.982924995808028967e+01,-2.758910550844197829e+01,-7.660496260556132597e+01,-6.978467384564840614e+00,2.055504152668869722e+01,-1.260534848431613320e+01,1.201347320403564067e+00,5.318254182021514787e+00,7.839646172697059967e+01,-4.862697358423239535e+01,-2.347384897334724130e+01,-1.023308888586683807e+01,4.921402401164623086e+01,1.278903911636590252e+01,1.897098056074652561e+01,5.991039295707972911e+01,1.619374430339493687e+00,5.001397629220721619e+00,-6.253669773692340783e+01,-4.373324332702844686e+01,1.130914810856840091e+01,-8.292638163906217130e+01,2.090102445001359399e+01,-2.975938530709018082e+01,2.071072417176109326e+01,-1.792749139013249060e+00,2.412037874402185977e+01,9.035997952355529605e+00,-1.310457490712316186e+01,2.288775714034411379e+01,4.901045623117370020e+00,-1.602559625599862425e+00,-4.264419057353345721e+01,5.997074617909943584e+01,8.487538033530139359e+00
-2.437525132354635193e+00,-2.484378696514073326e+01,1.066959432050351886e+01,1.910095677940222103e+01,-1.598389020508613534e+01,-1.997639393896936255e+01,2.320241283459477089e+01,8.653130802028361490e-01,2.959750854875698423e+01,-1.389091747968745949e+01,3.828274160202663090e+00,-5.346858521833841849e+01,5.733080521082835723e+00,-2.445523865374470418e+00,2.080272801217265055e+01,-5.343454792873561843e+00,8.239508485219969813e+00,5.359889463454353375e+01,-1.243406540269886840e+01,-4.654571171038437427e+00,-1.942934346812989332e+01,-5.087025267503251236e+00,-2.198566969530606041e+00,1.252344018340568299e+00,1.895763138966006567e+00,-1.181194827912937839e+01,-1.901517722491950124e+01,3.659280303444353510e+00,7.157151436134189915e+00,4.021160245268877276e+01,1.047185963132606190e+01,2.373212656822529709e+01,1.258619679308836226e+01,1.130481308217059322e+01,-3.016223533380586375e+01,6.083314443977972275e+00,5.821342104431157516e+00,-2.340600726265272868e+01,6.844922429499522565e+00,3.458166761336852346e+01,-1.114088796348957722e+01,-4.720193176589334350e+00,-1.796426599425773096e+00,4.136693180396580516e+01,1.520409601538995048e+01,2.147381399116173029e+01,-3.045784190511810863e+01,-1.082831025831862881e+01,2.411366514461676047e+01,-1.078552546388203837e+01,4.247421802680941028e+01,-1.194663959209067450e+01,1.357865862144544344e+01,-1.758955592641742527e+01,-1.971306399887738037e+00,2.046686007298710663e+01,-2.403544624774189131e+01,-1.674524592039623272e+01,-1.154394775197985545e+01,1.193280218224212774e+01,9.085605669871066326e+00,-8.710515190660501617e+00,1.889109417874794872e+01,1.361528320510319645e+01,-2.205088198961775703e+01,-8.172950386575370985e+00,-1.284286808913464739e+01,-3.485259332133169607e+01,-3.528298478015283290e+00,8.212284149809191192e+00,-5.697653798145638326e+00,6.059092556864792423e-01,1.646335265817788329e+00,3.630753632303589029e+01,-2.174545248242192486e+01,-1.042763000436509024e+01,-4.512568061038523481e+00,2.152982532802533200e+01,6.613220744694487507e+00,9.044990071184678015e+00,2.851458271610821882e+01,3.826193092965521902e-01,3.733143823617801615e+00,-2.880434022807173022e+01,-1.987847561117248674e+01,4.938126722297919713e+00,-4.085223357288962376e+01,1.011590327769907205e+01,-1.531750820096416632e+01,7.806560214572794365e+00,-1.229601713569839827e+00,1.125708308122802848e+01,5.573597257469545596e+00,-5.913142421597807008e+00,7.705206762762330186e+00,3.377616023951905966e+00,-2.903779720409149778e-01,-1.956605752365699402e+01,2.819635869507452242e+01,3.353110560554169783e+00
-4.759838102379024605e+00,-1.481729864039475864e+01,9.890469283693342106e+00,2.516104080199302118e+01,-8.127545167345616051e+00,-3.065650196400899219e+01,3.444509576929610262e+01,-6.252504414641102848e+00,3.062417203020255485e+01,-8.048502316730852257e+00,-2.799236118481431390e+00,-5.862708783116039513e+01,1.474488423908840851e+01,-6.081416167615069313e+00,1.343382184599398244e+01,-1.473080823187998689e+01,5.154059892083491690e+00,6.757096616307009640e+01,-1.298778848003076902e+01,-3.336863029791542701e+00,-2.663649243263510158e+01,-4.583130282475297967e+00,-4.415057013877929926e-01,-3.007276363838775612e+00,1.290380240786587862e+01,-1.154820062376546908e+01,-1.323108611905011855e+01,-3.252006533575673153e+00,5.151352532902052417e+00,3.863194810798582779e+01,-1.429685855816438433e+01,1.895537178539116852e+01,1.149920746203392063e+01,1.831425065632256377e+01,-3.518811130979364066e+01,9.600445043186073946e+00,4.122596648913638973e-01,-1.259474768650883547e+01,4.887913963109352444e+00,1.560471730771510579e+01,-1.229520501555827039e+01,-1.038159395197600077e+01,-9.421991526420029572e+00,5.325294185279134496e+01,1.959037276808466999e+01,2.641465601286219211e+01,-3.304672196916592952e+01,-1.155279227022577793e+01,3.025110240120968896e+01,-5.668422671440244365e+00,4.999503078114117471e+01,-1.552333577989527313e+01,3.882295237635311480e+00,-1.618876924951799978e+01,-2.934982572602127249e-01,1.528177936211226040e+01,-2.299236521430601599e+01,-1.419578156968222515e+01,-1.196855871583219866e+01,-5.107119867632285093e+00,3.565940957918986243e+00,-1.568394662436927334e+01,3.214507726225555473e+01,2.492379805547658123e+01,-2.558660187007377473e+01,-1.355175807903977869e+01,-1.248767663543275575e+01,-3.816732849364485958e+01,-1.948055522528533201e+00,1.517196997338155739e+01,-6.442007466913310942e+00,3.418035605251865672e-01,5.995684935330242382e+00,3.629123984219116039e+01,-2.586382753622876507e+01,-1.278656235131595409e+01,-5.717808016486714884e+00,2.824498277046640737e+01,2.933560335697857901e+00,7.661309533129965210e+00,2.440866987888453110e+01,2.339162943442804288e+00,-3.815391714173680171e+00,-2.963356587429005273e+01,-2.187006938564066161e+01,6.530908731136710443e+00,-2.780126857035494936e+01,7.788652098195708362e+00,-7.133832749784305705e+00,1.731154616777972777e+01,8.979723004863391367e-01,1.079246901745937492e+01,-1.826197988156367025e+00,-6.741114000234884607e+00,2.312046832734483459e+01,-2.524604406961954872e+00,-2.696804141732956239e+00,-2.053536608513272910e+01,2.593447965768760000e+01,6.428702454802596833e+00
-5.154149551497967607e+00,-7.714350172171410236e+01,3.055457582028608599e+01,4.925452306070251041e+01,-5.065885759721049197e+01,-4.834039796875838846e+01,5.699580506008656045e+01,7.630645419609138003e+00,8.243008771989174477e+01,-4.330587172081130376e+01,1.559954640959220207e+01,-1.464987875055526558e+02,9.529930973547095618e+00,-4.217201407853023554e+00,6.384555414244864835e+01,-8.160640032186837090e+00,2.540965491084854477e+01,1.404276469265188609e+02,-3.453989136108600633e+01,-1.404351103242118448e+01,-4.933960440305331474e+01,-1.466446467446951196e+01,-7.462130068877558031e+00,6.630741940760937148e+00,-2.712385253735174473e+00,-3.338858587451943549e+01,-5.766433889388568446e+01,1.533187918549424111e+01,2.157926372105050206e+01,1.141632534168897593e+02,4.752066975185545061e+01,7.018496231876468983e+01,3.616579973147030813e+01,2.665107356731147803e+01,-8.109618708988092806e+01,1.452748200211111573e+01,2.031087537397317533e+01,-7.367599904560151458e+01,2.066614850960420569e+01,1.110478945768979173e+02,-3.046691519727989217e+01,-9.130449386478844076e+00,5.210262495505593172e-01,1.075749459699353707e+02,3.952543699229168084e+01,5.674061527358380630e+01,-8.370691274877216870e+01,-2.990240412705694339e+01,6.328559081178043755e+01,-3.404880853025930065e+01,1.138751343221611450e+02,-3.096208971158462475e+01,4.524320084283461085e+01,-5.045628584791969473e+01,-6.765557918370489254e+00,6.130659275741110292e+01,-6.831035828082534067e+01,-4.892244694550957718e+01,-3.213263371929704704e+01,4.598140992051439468e+01,2.956543261455156824e+01,-1.938643482402569163e+01,4.341036674766790071e+01,3.000433911758511130e+01,-5.938867960515709399e+01,-1.904037881927100528e+01,-3.635264192520889281e+01,-9.552763230467570565e+01,-1.107002115464018210e+01,1.799626086392121493e+01,-1.546884631076166272e+01,1.895729908873047043e+00,1.450082235244217976e+00,1.020495188060765628e+02,-5.810474308976282032e+01,-2.758255521871373261e+01,-1.180168918576723236e+01,5.560208246727457748e+01,2.127319182826906285e+01,2.643039891388677276e+01,8.313545683792428065e+01,-3.537415014406981029e-01,1.600490422875828145e+01,-8.034519812585466525e+01,-5.441123059627995673e+01,1.271460901133674604e+01,-1.243422149769245237e+02,3.012923765205960436e+01,-4.902515695274072982e+01,1.499696014327223459e+01,-5.009598508745885859e+00,3.197592046301858204e+01,2.106862091944718429e+01,-1.601337527005741279e+01,1.039530271590057886e+01,1.380328449796033219e+01,9.415643065275591805e-01,-5.427988884590159557e+01,8.089426242504802644e+01,7.177094767974535827e+00
-3.091701168591132198e+00,1.079293833550276105e+01,-2.072771643137427677e-01,8.988299181189537634e+00,8.708531063010173767e+00,-1.485183860719845406e+01,1.579121595243324983e+01,-8.873666108395010355e+00,3.427391397583958721e+00,6.331327664712789627e+00,-8.044024662544702053e+00,-1.033948838031566453e+01,1.172824397601800506e+01,-4.741434746049620230e+00,-7.748401807474184722e+00,-1.217158345992381996e+01,-3.278366653195864178e+00,2.141404934759827938e+01,-1.593554593071234260e+00,1.318041892119414804e+00,-1.045212776207538319e+01,2.650809981171169394e-01,2.047084020323403308e+00,-5.257330244348919379e+00,1.395720211241398978e+01,-5.222983914912704417e-01,5.887870913512101012e+00,-8.412506773614396138e+00,-2.001103329574768441e+00,9.221238045649626791e-01,-3.033970911593860365e+01,-4.282389043769057935e+00,-4.553142462022953252e-01,9.616902287232564461e+00,-8.489073257011188645e+00,4.855167286179847608e+00,-6.370327449776670647e+00,1.188207383842280507e+01,-1.962407393699022284e+00,-2.132637759040657244e+01,-2.254147236753174077e+00,-7.448741134210510317e+00,-9.703439629034757985e+00,1.791129638358523479e+01,6.605337159061948960e+00,7.754568921126933745e+00,-5.450862884002034114e+00,-1.691919429640935668e+00,9.447586741216440487e+00,5.645089464498270537e+00,1.251093722855227597e+01,-5.353580942884328842e+00,-1.119239394835883949e+01,4.877788693597580050e-01,1.964004127144298284e+00,-5.030947542024628127e+00,-4.270307311186161137e-01,1.990908150102779661e+00,-1.367146702558548199e+00,-2.053090514673619893e+01,-6.273313598157484350e+00,-9.384257183118304368e+00,1.800484013715148279e+01,1.518118619664538294e+01,-6.032178004641178148e+00,-7.343419920478883256e+00,-4.819786813265026226e-01,-6.679675226027134372e+00,1.729020030975112920e+00,9.331002337968612892e+00,-1.346172657270269468e+00,-2.877984757915665881e-01,5.579414848474497646e+00,2.602795575129759786e+00,-6.741614834268161438e+00,-3.714968541456769024e+00,-1.839176624158704199e+00,9.986210466659750651e+00,-4.141880941865304422e+00,-1.083655975984642250e+00,-3.094631869779158606e+00,2.484020823596819305e+00,-9.207214852593738286e+00,-3.122207494579722908e+00,-3.936619948244396205e+00,2.356469962363989090e+00,1.343344332010887499e+01,-2.190903357448615196e+00,9.167630390805786789e+00,1.249722900721571861e+01,2.582259284768019469e+00,2.300276630012283996e-01,-8.887501732474319738e+00,-1.466721459107530157e+00,1.991006282072132905e+01,-7.166007600545742484e+00,-3.042169027342929599e+00,-2.630601961433859159e+00,-8.025000649509843598e-01,4.103570039407491876e+00
-6.929855872245440196e+00,-6.733156283595663183e+01,2.926201165900306833e+01,5.311541399388542573e+01,-4.318188392666468900e+01,-5.597494001947384845e+01,6.490063654929966219e+01,1.682484033689084058e+00,8.148508823351828312e+01,-3.762399100422938858e+01,9.877772366398176018e+00,-1.475281631419364601e+02,1.664661869816279349e+01,-7.080457211376554483e+00,5.648001464126444660e+01,-1.561202937615593811e+01,2.235417715559566076e+01,1.487493765012162896e+02,-3.424428950070443278e+01,-1.266971055832408055e+01,-5.413068663225116239e+01,-1.393851110214089140e+01,-5.873395442163676705e+00,3.026541266085275961e+00,6.290551061792944765e+00,-3.245361249402625248e+01,-5.171993068081283695e+01,9.385304836972373721e+00,1.948371296599983893e+01,1.104155969107286097e+02,2.636957632138337360e+01,6.478879866269052457e+01,3.450197134709917179e+01,3.177122526253063128e+01,-8.342946966847418366e+01,1.707169968655504633e+01,1.547742291887654531e+01,-6.330125156875514847e+01,1.862995054511975113e+01,9.323160994643711774e+01,-3.074722795748273896e+01,-1.353344786169305181e+01,-5.686240234639396540e+00,1.149107855686717556e+02,4.223630053761689851e+01,5.953050335391341008e+01,-8.400370584907436466e+01,-2.984564646790019893e+01,6.690648276873086786e+01,-2.915607517724709652e+01,1.175281233309422930e+02,-3.319997661037810133e+01,3.638804543530076785e+01,-4.822903650150730925e+01,-5.256254077497581001e+00,5.577028448933581473e+01,-6.598838850245608967e+01,-4.579496634719302506e+01,-3.178408306140577366e+01,3.114343958084482722e+01,2.444237516162960588e+01,-2.463413261501988316e+01,5.324267767741064006e+01,3.854525352645199376e+01,-6.097970340832208080e+01,-2.299986213602120699e+01,-3.527939034942640006e+01,-9.615906423070765641e+01,-9.547083317911607026e+00,2.326279585235116443e+01,-1.573977349907604051e+01,1.640217374127062699e+00,4.952771820580515794e+00,9.983360828975187928e+01,-6.019690613767676268e+01,-2.890391417656395134e+01,-1.252625460996427442e+01,5.985823421312312576e+01,1.782418029835483608e+01,2.473563120711848029e+01,7.800484659649428920e+01,1.243649353718554451e+00,9.526017718355156205e+00,-7.928477486820672482e+01,-5.485503635423945923e+01,1.373436025743357902e+01,-1.110540380804800833e+02,2.758795108486307157e+01,-4.131747894493965134e+01,2.239637245020256984e+01,-3.172746395167298061e+00,3.090822798420703776e+01,1.460129389023941471e+01,-1.634049145508612355e+01,2.269633056552513750e+01,8.709603223115426118e+00,-1.034058551433716833e+00,-5.389588941111199460e+01,7.731036450546037031e+01,9.521200920854056449e+00
-2.797269519051897468e+00,-3.831115078669681395e+01,1.542755097177010093e+01,2.545044307864979416e+01,-2.505728046002846554e+01,-2.535390220589823329e+01,2.978637098100671921e+01,3.303086493338403429e+00,4.186885895752038778e+01,-2.148966047804391977e+01,7.381797340284632192e+00,-7.467612254353169021e+01,5.546741084354475326e+00,-2.426599558015261504e+00,3.178088703886281507e+01,-4.882410762057776132e+00,1.263622953763745116e+01,7.229827240118268605e+01,-1.755371688173106648e+01,-7.014618818027121172e+00,-2.558466090870205178e+01,-7.394030258913735665e+00,-3.643347332549673911e+00,3.023157235504838170e+00,-5.008944297212623020e-01,-1.690515698918925125e+01,-2.877321238067639086e+01,7.223571177586501690e+00,1.078017371916944889e+01,5.774879324423806537e+01,2.212341637338696287e+01,3.520044220237674182e+01,1.824767314089012160e+01,1.406717531619435846e+01,-4.151021835064993581e+01,7.643890644324441652e+00,9.866924556203153784e+00,-3.649100818685835179e+01,1.032115096979949875e+01,5.478799526606560022e+01,-1.553664338141339663e+01,-5.078177040276806053e+00,-3.414025831393701083e-01,5.547818405424142441e+01,2.038543949761236362e+01,2.915658598140547397e+01,-4.264018906140071152e+01,-1.521633613629565573e+01,3.256953330016872172e+01,-1.685445544303717469e+01,5.832538587071944391e+01,-1.598002547782082061e+01,2.216573995674608000e+01,-2.546721301809810001e+01,-3.296518502710781728e+00,3.066719287237432923e+01,-3.454660995900393061e+01,-2.459843001703368515e+01,-1.632312255894539632e+01,2.195683026270963367e+01,1.454967388232752334e+01,-1.038156036270209981e+01,2.305904574972979759e+01,1.610847125845624106e+01,-3.038742458948660286e+01,-1.007950344817665389e+01,-1.840050224798001821e+01,-4.869025576669543653e+01,-5.486382313856727144e+00,9.675730270466399219e+00,-7.900926966012643327e+00,9.400543067520843454e-01,1.080483049210855917e+00,5.173196716959372310e+01,-2.978280996181779372e+01,-1.417009450865899822e+01,-6.078486527243664561e+00,2.872031040564522897e+01,1.049209432419408117e+01,1.328882277163046588e+01,4.181887160622805055e+01,-2.396090204976142335e-02,7.514153499751839327e+00,-4.079626114307956897e+01,-2.774152661124247388e+01,6.572058642897577130e+00,-6.199802663263321278e+01,1.508899483583868850e+01,-2.420309505443298903e+01,8.357374511104836756e+00,-2.370632515415701302e+00,1.617306607716763267e+01,1.009297905420770824e+01,-8.183611916004080555e+00,6.493922614632605672e+00,6.528789454876830156e+00,2.862289956110422029e-01,-2.759376594840192709e+01,4.082914596691239950e+01,3.882603470750803698e+00
-2.791631674109365413e+00,-2.299791938703246075e+01,1.044782321368830047e+01,1.991079875768188145e+01,-1.456876199877623712e+01,-2.152631779458620542e+01,2.481449388392529443e+01,-2.947366817167669240e-01,2.949840871118435714e+01,-1.282058240557897832e+01,2.721040265107485645e+00,-5.382440834549511521e+01,7.140598599189324602e+00,-3.012212189677894614e+00,1.942331568951162524e+01,-6.815262589701097440e+00,7.666152655924982184e+00,5.538036577855528719e+01,-1.241225087988743780e+01,-4.399526830434719926e+00,-2.042193857193449702e+01,-4.959851561865051828e+00,-1.894411407732851105e+00,5.515344513215409972e-01,3.660845724873214024e+00,-1.166337109511219339e+01,-1.790835152173682232e+01,2.507621046914216834e+00,6.768280539846198707e+00,3.959542737064993645e+01,6.368220011187258223e+00,2.274609550787820922e+01,1.229740601366194319e+01,1.233822730057076100e+01,-3.070550021835674315e+01,6.598168329291281609e+00,4.893492371415943509e+00,-2.144598209809904787e+01,6.466748892762844925e+00,3.119953452214723555e+01,-1.122789447151207298e+01,-5.594398586986576660e+00,-3.014815675735144751e+00,4.292033779755436029e+01,1.577789824544251118e+01,2.208119376185083382e+01,-3.060393525750096089e+01,-1.084853325692619741e+01,2.489109701972584432e+01,-9.860446157493360175e+00,4.331102302095322898e+01,-1.241857903423333020e+01,1.188721238937915103e+01,-1.720511603957956481e+01,-1.682018122228233770e+00,1.944399477217965000e+01,-2.365113541165609945e+01,-1.618241643724100598e+01,-1.150921025333531489e+01,9.067270789951964005e+00,8.110593860177484515e+00,-9.761355086457060182e+00,2.086742735510322788e+01,1.532395840483584948e+01,-2.242561584625632420e+01,-8.970457524421764361e+00,-1.267024628294926103e+01,-3.507680082930802001e+01,-3.240848387976297484e+00,9.265364811195965444e+00,-5.767083756841517861e+00,5.577223377494928691e-01,2.335687917606191544e+00,3.597944611819531957e+01,-2.221724934895189563e+01,-1.071604343349388166e+01,-4.667233064638205420e+00,2.242394441494776203e+01,5.958246464249970842e+00,8.739910898363254077e+00,2.759428451743329802e+01,6.959316556112109531e-01,2.477659190651816612e+00,-2.868038723080498542e+01,-2.002270602509836550e+01,5.151715750095672064e+00,-3.837324193586270127e+01,9.648471394438688620e+00,-1.385536222912785931e+01,9.275332688653474378e+00,-8.741499433649254636e-01,1.108096159903826106e+01,4.325694597593743751e+00,-5.994177576248864270e+00,1.013169381888781651e+01,2.391837856766760861e+00,-6.773479883262160106e-01,-1.954759208540241389e+01,2.757744097681826645e+01,3.820957264319425395e+00
-3.794592641573470981e+00,5.297962668858600566e+00,2.327332581895681152e+00,1.389507608923335624e+01,5.242817118115487673e+00,-2.019858729181121859e+01,2.194385409615582461e+01,-9.017540530068908211e+00,1.061631926036714013e+01,3.270624061077107569e+00,-7.449031264402672825e+00,-2.349009920183278766e+01,1.355727654610850053e+01,-5.511320145135467641e+00,-3.096377599648644008e+00,-1.392525133435095164e+01,-1.444062238222442840e+00,3.503264512877407100e+01,-4.619723715580539292e+00,2.607614882656397182e-01,-1.549491915766160055e+01,-9.368051910857830844e-01,1.603884017307757093e+00,-5.166290215273581232e+00,1.495966173130570631e+01,-3.357939248617808126e+00,1.588453115806244043e+00,-7.872326032982295274e+00,-3.743548143747834622e-01,1.054177088128910178e+01,-2.904105170539032699e+01,1.204518243429339108e+00,2.526276050530792183e+00,1.269049560416988065e+01,-1.601228807637725637e+01,6.496501425253152107e+00,-5.234311155503844404e+00,6.772721293918444019e+00,-4.085428951663034880e-01,-1.392624162908988339e+01,-4.998187771829829984e+00,-8.867540361562197049e+00,-1.051439971983231203e+01,2.847656387461950445e+01,1.048939457831157007e+01,1.317817244499106799e+01,-1.292465909039475846e+01,-4.339284338523164308e+00,1.556711739555729324e+01,3.297391289487015875e+00,2.312703145907532942e+01,-8.411932262202599375e+00,-8.397893938428468985e+00,-3.684935742065653663e+00,1.571687284966306608e+00,-3.517547785502461721e-01,-6.172028242653277985e+00,-1.921286106040406061e+00,-4.172249597370269569e+00,-1.849708352732438854e+01,-4.355527475345775557e+00,-1.183039638867110277e+01,2.321733593256147543e+01,1.902494300850045050e+01,-1.152535466277960197e+01,-9.580928141433323830e+00,-3.561718545662050150e+00,-1.524931350756093984e+01,9.563684727169650124e-01,1.165630157639411202e+01,-2.757153895636131224e+00,-1.547522632578278712e-01,6.191898080278438243e+00,1.135833029578299680e+01,-1.218999097267547249e+01,-6.346659205085463995e+00,-2.987177839670914992e+00,1.551120859426749377e+01,-2.729223525744088441e+00,1.029200432892130035e+00,3.578895873696104957e+00,2.673210170154448839e+00,-8.680784855392069232e+00,-1.011006619877861112e+01,-8.829389749025125411e+00,3.626299710293629630e+00,4.227496916093439694e+00,1.334893574603679411e-01,5.878842265390218813e+00,1.485075426999968506e+01,2.391098477640173137e+00,2.921901450315730564e+00,-7.909839396633486786e+00,-2.933814209259227646e+00,2.253189521153182540e+01,-6.643774673064240410e+00,-3.231396198775762674e+00,-7.397389096836024969e+00,5.885620715851315410e+00,5.064586380007352950e+00
-4.171082327236216969e+00,-2.100504330152092081e+01,1.127214945685307690e+01,2.493798408566314606e+01,-1.261700198329865508e+01,-2.885253966197473119e+01,3.277018810404708660e+01,-3.588658394831577780e+00,3.330381538445610090e+01,-1.159373292454345972e+01,-7.311742913036489711e-03,-6.227287578809136903e+01,1.207613191787215179e+01,-5.018338891486585851e+00,1.824370430732777848e+01,-1.188604872687297487e+01,7.119479039271135790e+00,6.804215529972476872e+01,-1.406924010836008421e+01,-4.293310734863947431e+00,-2.603237218563999988e+01,-5.289785419772662145e+00,-1.303702759847752635e+00,-1.337396916388978063e+00,9.117411573282797832e+00,-1.286121675691723887e+01,-1.728344504684682548e+01,-3.748553390091391435e-01,6.614669485365745949e+00,4.334848003437802078e+01,-4.258080210803765198e+00,2.312959680513145599e+01,1.318981742885609343e+01,1.694414350594857410e+01,-3.647937910144020179e+01,8.955321260895175328e+00,2.968907935256632769e+00,-1.891814771466031786e+01,6.301396935995895454e+00,2.603382239827976719e+01,-1.302610575140260707e+01,-8.820332895487723590e+00,-6.848864539353641590e+00,5.321778799976129193e+01,1.957106225152228873e+01,2.684105168248817463e+01,-3.524996851283486876e+01,-1.240695080409948758e+01,3.051679172234462811e+01,-8.631180506247343232e+00,5.165299247998490273e+01,-1.546107647696162246e+01,8.789381830682481578e+00,-1.850864793280422660e+01,-1.103601236403222829e+00,1.926710925508574945e+01,-2.584731827913879698e+01,-1.684412409989633730e+01,-1.300495639602293529e+01,2.286608068892954648e+00,6.499079701467064929e+00,-1.405943497327201186e+01,2.929822035943124803e+01,2.223680553411114147e+01,-2.658074233941427877e+01,-1.244863753250285399e+01,-1.394004022601185966e+01,-4.056104491038689019e+01,-2.883367124746743393e+00,1.350107110279220635e+01,-6.760093445062202555e+00,4.997945740585900132e-01,4.592153944032284940e+00,4.003983247659067501e+01,-2.661572615184433133e+01,-1.300820643676113164e+01,-5.747020408262653035e+00,2.803534943452012484e+01,4.946273947314863584e+00,9.094199213494269074e+00,2.883322990781061890e+01,1.670886412043607550e+00,-7.001217417520679831e-01,-3.230286381218509462e+01,-2.319881028719529681e+01,6.463807924720748943e+00,-3.673322489236248600e+01,9.673241986435087370e+00,-1.167299824913204986e+01,1.467814164566230417e+01,1.637964214092679782e-03,1.212094496698871993e+01,1.424989731976487484e+00,-7.051167089703342938e+00,1.833875952877550120e+01,-4.148613070358031507e-02,-1.856288208990056754e+00,-2.220168146727402814e+01,2.965921486155419373e+01,5.661853202874800317e+00
-3.467114389763162219e+00,7.677487327239625792e+00,1.205110272699116969e+00,1.167405461252183940e+01,6.733776443574961412e+00,-1.775229144601073727e+01,1.913555053890463498e+01,-8.907942950068829191e+00,7.412613671398231574e+00,4.594369110287999547e+00,-7.671171806231399160e+00,-1.760858113950590109e+01,1.268610279357863213e+01,-5.145630052224230866e+00,-5.118047409689745031e+00,-1.308518786799882605e+01,-2.240058891897668936e+00,2.888652133036249126e+01,-3.270349411322432065e+00,7.225208723489792151e-01,-1.320605743502021134e+01,-4.055203045388219296e-01,1.789728419365706813e+00,-5.179481869459093168e+00,1.444329686863358297e+01,-2.098536955575720508e+00,3.463464356145347978e+00,-8.068271284906986196e+00,-1.084963901536890374e+00,6.273755163378481825e+00,-2.945987968425966486e+01,-1.205059526187671537e+00,1.207241271535458349e+00,1.127866084755596354e+01,-1.263428753526868320e+01,5.744013633834406107e+00,-5.704868338349051271e+00,8.975719095984825202e+00,-1.087050987007255110e+00,-1.709569043017751255e+01,-3.770435575826057928e+00,-8.200279437796776705e+00,-1.010487587985573832e+01,2.370171239159096643e+01,8.733932472264672953e+00,1.073447538265289936e+01,-9.584253215433509610e+00,-3.157281091561717101e+00,1.280625315545573528e+01,4.308689915269388493e+00,1.835754890635099912e+01,-7.028873769741897704e+00,-9.578553581525921956e+00,-1.838184012773605547e+00,1.735410326969030859e+00,-2.399501635802711696e+00,-3.623744062793812226e+00,-1.977563590002073823e-01,-2.922017288086156572e+00,-1.929238822669834263e+01,-5.173051936808002793e+00,-1.069783956522302226e+01,2.081425236136659507e+01,1.724304465801589359e+01,-9.059720699593043491e+00,-8.551374291854966003e+00,-2.194344273754424091e+00,-1.141690317811038469e+01,1.289862706537078463e+00,1.057757390596603031e+01,-2.124879293833129346e+00,-2.122293632557784027e-01,5.891637356428992334e+00,7.464592307109560565e+00,-9.740547338844812941e+00,-5.161152864792081907e+00,-2.468904694448258219e+00,1.301104821298957859e+01,-3.333893594759248291e+00,9.841828461918367132e-02,6.372943834047903877e-01,2.576534205494110719e+00,-8.866531130739740973e+00,-6.997047168226729674e+00,-6.640669352045627249e+00,3.051362404845658460e+00,8.238017361054263077e+00,-8.853225825279698036e-01,7.289019903664238242e+00,1.374316286217902316e+01,2.462479355567865014e+00,1.727723771521383567e+00,-8.297215050986118001e+00,-2.276049336211070973e+00,2.126710553202634202e+01,-6.838204309310972562e+00,-3.131820473898283108e+00,-5.271247887234063789e+00,2.925712332959341744e+00,4.617485284641260179e+00
-4.593690525003482961e+00,-6.787696979788906049e+01,2.694691868484686736e+01,4.358234343796180355e+01,-4.454874048930043529e+01,-4.286626822385042601e+01,5.051506515784872420e+01,6.593948131037210558e+00,7.275869054020611770e+01,-3.809974701324779289e+01,1.363553653095605434e+01,-1.293756660831654131e+02,8.586144540267396152e+00,-3.792654073351607202e+00,5.619459811919819714e+01,-7.385207279688298598e+00,2.236168523211955517e+01,1.241911122057964008e+02,-3.048980004964312585e+01,-1.236654496023492733e+01,-4.367990929964756219e+01,-1.293044592024595474e+01,-6.550341104135434023e+00,5.767639796869501012e+00,-2.177674611603215293e+00,-2.945783041581231032e+01,-5.077119445579995016e+01,1.339377632558693954e+01,1.900280942510570270e+01,1.007098077582685676e+02,4.144795727892408621e+01,6.183948333844632828e+01,3.189238052707071702e+01,2.365505328675788732e+01,-7.166002314736253709e+01,1.288839929640593240e+01,1.781682882668012269e+01,-6.480176549513868167e+01,1.819800811356352099e+01,9.761966276467468617e+01,-2.690746892915473509e+01,-8.167947727820843440e+00,3.102715948714344085e-01,9.516009420599819180e+01,3.496431754291534588e+01,5.016633359005190584e+01,-7.391602250081143666e+01,-2.640090217834222130e+01,5.596525773836014395e+01,-2.994528081252167340e+01,1.006339746843453611e+02,-2.739191425378179190e+01,3.973374405555375688e+01,-4.449654433216907989e+01,-5.937220519359089010e+00,5.399696221553357844e+01,-6.025847869145943037e+01,-4.312052357062827923e+01,-2.836303889495523123e+01,4.024119233846155197e+01,2.598113525142791147e+01,-1.724383154388877415e+01,3.856633368999551692e+01,2.669834821933446278e+01,-5.247551109029865302e+01,-1.690720028957605336e+01,-3.207160179821385526e+01,-8.436117874376026293e+01,-9.737509298815069769e+00,1.601683455409911261e+01,-1.366472569543032201e+01,1.667666215865508894e+00,1.364859509198907528e+00,9.005096614293967150e+01,-5.135395313022416275e+01,-2.438584683102520501e+01,-1.043776147617647787e+01,4.919644587089839405e+01,1.869990781910485822e+01,2.329578014572122058e+01,7.328050538773581479e+01,-2.737939012507917269e-01,1.397517901441046639e+01,-7.091505626601797019e+01,-4.805300200411362255e+01,1.125094450144717229e+01,-1.094671111993079649e+02,2.654123824896376149e+01,-4.310070118748431156e+01,1.342006920351597188e+01,-4.378896441176817866e+00,2.820731792439132946e+01,1.844645706941865981e+01,-1.414687223397731053e+01,9.475309509663301100e+00,1.206468493018227939e+01,7.836850457917051704e-01,-4.791706095124563092e+01,7.133896571952513455e+01,6.393560433589208003e+00
-5.646423156395328213e+00,-6.219218179358780674e+01,2.622357233883795757e+01,4.591892258187662179e+01,-4.020659681157559362e+01,-4.742520839209859673e+01,5.524410209999624755e+01,3.098734697613149791e+00,7.230508769051917284e+01,-3.480609908987958079e+01,1.028369238277361042e+01,-1.301656205252628240e+02,1.279136176158070981e+01,-5.485018003609205550e+00,5.193462423366644742e+01,-1.178592248182632574e+01,2.059315552270999916e+01,1.292702560009611261e+02,-3.035887237841021502e+01,-1.157465961128635712e+01,-4.656468102100068052e+01,-1.252106152010956208e+01,-5.623572178962221280e+00,3.652279751671556607e+00,3.123627167408913330e+00,-2.894873160955227931e+01,-4.734083828284639139e+01,9.909140508639985967e+00,1.779509066806657458e+01,9.864455938397148316e+01,2.904483812794574504e+01,5.874783980781220549e+01,3.095730404104297051e+01,2.670531118121649783e+01,-7.313637505358538249e+01,1.440568924109869542e+01,1.499429924191799657e+01,-5.878101861340332590e+01,1.702411784038332243e+01,8.726101581918254624e+01,-2.711078122460840234e+01,-1.077370848304839868e+01,-3.346513151887799964e+00,9.961719928176840710e+01,3.661109759164186528e+01,5.188123102228165351e+01,-7.419570566666594402e+01,-2.640489949117305102e+01,5.817799292885985096e+01,-2.710502270866634333e+01,1.029289638417619415e+02,-2.874928571333039073e+01,3.457276921460778851e+01,-4.324738244108724672e+01,-5.056381534746067885e+00,5.081162650331732067e+01,-5.897586035283891448e+01,-4.133900816875003414e+01,-2.819789874377291028e+01,3.155595571745828565e+01,2.299955238236971411e+01,-2.036014611954712450e+01,4.441406748845729879e+01,3.176838179635523574e+01,-5.348733091386129246e+01,-1.926404159875568922e+01,-3.148473811555363255e+01,-8.485283774316269501e+01,-8.854026410574528327e+00,1.914250775874556609e+01,-1.384372916456599079e+01,1.519487059546982710e+00,3.430525107743107149e+00,8.887308377975666929e+01,-5.265944595566487862e+01,-2.519895152180319897e+01,-1.087946550196214801e+01,5.177386765865528417e+01,1.669432152215312470e+01,2.233028420479077525e+01,7.036154583913250349e+01,6.669756542457936366e-01,1.017773762621124334e+01,-7.039083314559870530e+01,-4.838262744452691777e+01,1.186772055743368881e+01,-1.017931551854084518e+02,2.508158883219614310e+01,-3.862057670220188754e+01,1.779871813632948374e+01,-3.302861320307581394e+00,2.761824979187686679e+01,1.466216688436413662e+01,-1.435966509711940553e+01,1.673632007167985591e+01,9.080675697629237320e+00,-3.792098587286228950e-01,-4.775876369324222992e+01,6.932855176175267786e+01,7.783737714911438843e+00
-5.377691330863096475e+00,-7.527921388953713233e+01,3.018753428833255725e+01,4.951396042253843177e+01,-4.928661860234777237e+01,-4.914557672325317839e+01,5.778813291160716403e+01,6.733563614672622322e+00,8.180384873422131875e+01,-4.223444027230800657e+01,1.468741666288846304e+01,-1.457736513584362115e+02,1.049211289333000430e+01,-4.602034674305119921e+00,6.241073247284080594e+01,-9.178898489385183268e+00,2.482084824959226665e+01,1.407827608641682673e+02,-3.429185534366440891e+01,-1.376317507940399487e+01,-4.973171629560512486e+01,-1.447318670258263751e+01,-7.190218082895733609e+00,6.075214762793130774e+00,-1.407224570318137191e+00,-3.305586402122235512e+01,-5.646980352131504333e+01,1.438915755829911980e+01,2.115070882749278169e+01,1.129467440845849211e+02,4.420931263430768610e+01,6.899435212631934178e+01,3.571218264077919713e+01,2.722542884715396738e+01,-8.094726453775778907e+01,1.480523057882630766e+01,1.949787238242185339e+01,-7.175178218638988881e+01,2.025152985962877139e+01,1.078356469468003240e+02,-3.032559430166543279e+01,-9.706474815622057051e+00,-3.708097328029514861e-01,1.079845682111977538e+02,3.967816233998304654e+01,5.680212480556999566e+01,-8.325086439046262399e+01,-2.971618488634582533e+01,6.342709972474391833e+01,-3.314549747080546638e+01,1.137199373019402628e+02,-3.109809768693423493e+01,4.370589361541034634e+01,-4.983688893093195560e+01,-6.509167178823046740e+00,6.014879503119097848e+01,-6.757106427420271189e+01,-4.818329358102489834e+01,-3.189135385167380932e+01,4.358310933328714754e+01,2.865584673849073027e+01,-2.002231844301211794e+01,4.455957601287557424e+01,3.104849482058063614e+01,-5.926276894564247044e+01,-1.949388182224817712e+01,-3.598246858434148976e+01,-9.504909435988257371e+01,-1.078604180671912083e+01,1.864312112665333743e+01,-1.541550720152894804e+01,1.847855996028408443e+00,1.942947625997657468e+00,1.011244660936661859e+02,-5.805823052071018253e+01,-2.760746605192311875e+01,-1.183514115061047534e+01,5.588030694436316992e+01,2.065267646348132757e+01,2.603033419945474947e+01,8.190573695247320529e+01,-1.229263272526042727e-01,1.498195976089671788e+01,-7.971485039910231762e+01,-5.415071032884335978e+01,1.278488738892939658e+01,-1.216991062400020667e+02,2.958594201764550746e+01,-4.762961658948098886e+01,1.596706093462976384e+01,-4.716768803149111733e+00,3.163260995307499712e+01,2.001717298393228717e+01,-1.596483797965527351e+01,1.209460478871581302e+01,1.299178087556143346e+01,6.530943518734693143e-01,-5.390162881932132422e+01,7.989934305566683292e+01,7.469969609897642471e+00
-4.749363117186899075e+00,-6.629477233628578858e+01,2.659909625392764454e+01,4.366073797068354878e+01,-4.339861241965945027e+01,-4.335661304146857020e+01,5.097530328918412579e+01,5.902306592753259196e+00,7.209363212974196244e+01,-3.719287005056685302e+01,1.291376114230710925e+01,-1.284849202986122805e+02,9.286109713846887104e+00,-4.071652719874837345e+00,5.496631072005647667e+01,-8.130515887156338550e+00,2.185950245927160296e+01,1.241258606129452886e+02,-3.022191790807865885e+01,-1.212285258655025899e+01,-4.385772623148556448e+01,-1.275215833730355364e+01,-6.328529314924129956e+00,5.334830233217568107e+00,-1.191236572427304408e+00,-2.912907995807890771e+01,-4.973794409711506148e+01,1.264966254599491791e+01,1.863001066971846598e+01,9.952652184881422670e+01,3.884918907756086526e+01,6.077958775712122730e+01,3.146628752436677701e+01,2.402333879571238739e+01,-7.135652779898295250e+01,1.306262108988337545e+01,1.715835110087102677e+01,-6.318276361563705734e+01,1.783783204736923977e+01,9.494516745231614152e+01,-2.672934422167661239e+01,-8.578897454723039218e+00,-3.606272891825977878e-01,9.521341975570068428e+01,3.498557825189492121e+01,5.007841338924458796e+01,-7.337574011796172613e+01,-2.619039814406905009e+01,5.592193887954832832e+01,-2.918652228706967477e+01,1.002482946379111013e+02,-2.742086165169478207e+01,3.847246845405169324e+01,-4.391219385621794657e+01,-5.728709775155371275e+00,5.298268915862612261e+01,-5.954190089853851475e+01,-4.244987485674906935e+01,-2.810591942517693198e+01,3.833166384287513750e+01,2.522826154441046853e+01,-1.767548786846443676e+01,3.932665847564621231e+01,2.741147496885962198e+01,-5.224060091272136219e+01,-1.720272741135950056e+01,-3.170772396243322788e+01,-8.377607087950724463e+01,-9.498109015219794671e+00,1.646001877675587011e+01,-1.358811335481582283e+01,1.627237778097570642e+00,1.731518106237724730e+00,8.911516192280528514e+01,-5.118169648574818353e+01,-2.433936046017176480e+01,-1.043498671854218607e+01,4.927394488745185441e+01,1.818369197599133003e+01,2.293290858181448399e+01,7.216063428292433457e+01,-9.964187491895976079e-02,1.316923630188771099e+01,-7.025184031017991515e+01,-4.772877955183074761e+01,1.127366450038323542e+01,-1.071885532680926758e+02,2.606207431442011213e+01,-4.193693770282262534e+01,1.411305918524845815e+01,-4.147174399161120739e+00,2.787395543450218938e+01,1.760714336099859523e+01,-1.407257851516185987e+01,1.072672280632484565e+01,1.142271379963609768e+01,5.648515102206064231e-01,-4.750473975226086054e+01,7.040070018873464619e+01,6.596513027564618881e+00
-4.308509397612362513e+00,-5.092014008972578409e+01,2.113513374538479894e+01,3.628641159490317136e+01,-3.305305799656447618e+01,-3.704654495974971695e+01,4.327091553273630353e+01,3.181043274308382962e+00,5.796605138974654636e+01,-2.852013739678585935e+01,8.903351228434759790e+00,-1.040300085196653157e+02,9.395513367603136601e+00,-4.051081825366379618e+00,4.242404154754924406e+01,-8.551536582702370382e+00,1.683792280435482880e+01,1.024534299691100614e+02,-2.432638025753447764e+01,-9.423455224246282569e+00,-3.669339319054205362e+01,-1.010429875275928602e+01,-4.687071976160409825e+00,3.347482079205007288e+00,1.437430573866604000e+00,-2.327347849973552485e+01,-3.858071767354893211e+01,8.630171179772686330e+00,1.448583749949611565e+01,7.937204180767272987e+01,2.573493439066464816e+01,4.764331062229516078e+01,2.496659935958961896e+01,2.076419431822985473e+01,-5.824451821110968552e+01,1.122654774618983708e+01,1.256774138763011806e+01,-4.825709854468459525e+01,1.386194625953672954e+01,7.192299157881012661e+01,-2.165950396631875563e+01,-8.101185730586042411e+00,-1.945530068592169481e+00,7.884296099125977264e+01,2.897444739185442231e+01,4.118345370734688515e+01,-5.933234727842066292e+01,-2.113445446697064867e+01,4.612375939195344898e+01,-2.226507382464200191e+01,8.192725840692921224e+01,-2.273964365213046790e+01,2.870773756882483951e+01,-3.486690677719981579e+01,-4.223867855046361086e+00,4.130971630705588638e+01,-4.746314911606786779e+01,-3.344611500585818931e+01,-2.260353255630452907e+01,2.699954038699383574e+01,1.900726796770290150e+01,-1.567209500285229495e+01,3.437796037719429165e+01,2.441189712611546980e+01,-4.260997711564711921e+01,-1.494700103804053448e+01,-2.531896288179576260e+01,-6.782013109955497043e+01,-7.264144229732448999e+00,1.469558532196993639e+01,-1.104503991921605355e+01,1.245949159402804929e+00,2.331765437849847800e+00,7.137276584617418962e+01,-4.188843775427359617e+01,-2.000696739860863715e+01,-8.619689793415259871e+00,4.092459686397492646e+01,1.376470716823648210e+01,1.806737823651194219e+01,5.690464157154237768e+01,3.452601089867959883e-01,8.907875876469091736e+00,-5.644798396628662118e+01,-3.866079002781174268e+01,9.375619440230995139e+00,-8.301671157167041315e+01,2.036867170250772929e+01,-3.181122357277269685e+01,1.336877842038659026e+01,-2.859432042470810842e+00,2.222455419719342018e+01,1.249470798558763818e+01,-1.145123602522932060e+01,1.194054406621255282e+01,7.866677350813520597e+00,-7.039193494594775391e-02,-3.825925059484239199e+01,5.589565636155737138e+01,5.951627281659412461e+00
-5.160379390653688780e+00,-5.804029381080015781e+01,2.435653024783617582e+01,4.239907140859397572e+01,-3.756882518439006446e+01,-4.364068739602912217e+01,5.087607300667994537e+01,3.115218491291231295e+00,6.705002900855546955e+01,-3.249027617002371926e+01,9.764877002312378096e+00,-1.205936034323728450e+02,1.156369846686916070e+01,-4.966297046248761227e+00,4.843364163072573092e+01,-1.061817764212956305e+01,1.921046193341921438e+01,1.194654441579824322e+02,-2.814828167569863737e+01,-1.078344176408282706e+01,-4.295949514721343832e+01,-1.163404914615149544e+01,-5.276848758150189056e+00,3.532339430812763581e+00,2.526603259392808276e+00,-2.686754070958188834e+01,-4.411804172517827283e+01,9.426944564881768684e+00,1.657798076371270568e+01,9.157575471113857191e+01,2.778370082986370804e+01,5.466746479904794143e+01,2.875887738531093163e+01,2.454063964951393118e+01,-6.768633239776139021e+01,1.324690581184796478e+01,1.409425967762962628e+01,-5.490190025622579384e+01,1.586102542182083042e+01,8.160122344319673005e+01,-2.511443315069310955e+01,-9.804788520628269666e+00,-2.847548494566034094e+00,9.202373168801923953e+01,3.381975682763392399e+01,4.796867465565847510e+01,-6.875142319261202317e+01,-2.447402196853630940e+01,5.377042915011251978e+01,-2.532073794892395924e+01,9.524370405073750590e+01,-2.655288766271952738e+01,3.240385550275922810e+01,-4.017220493492607858e+01,-4.747934519166594036e+00,4.731802445340061780e+01,-5.475301848510941483e+01,-3.844038036564932526e+01,-2.614768711517817223e+01,2.985268529017859862e+01,2.152526728572232173e+01,-1.865480919638640245e+01,4.076008717963133421e+01,2.909307268083201237e+01,-4.950623448905361101e+01,-1.769165845190638464e+01,-2.922353416283662852e+01,-7.861461663513718179e+01,-8.268097673310714768e+00,1.752554793459952620e+01,-1.281909465669646586e+01,1.418693464489003908e+00,3.036060348363220474e+00,8.245701730462468504e+01,-4.871845922018296449e+01,-2.329998382356938080e+01,-1.005329619032679034e+01,4.780918339797482730e+01,1.561317629093874082e+01,2.076473913972018437e+01,6.542002435564015173e+01,5.527908308412453620e-01,9.697654867616535057e+00,-6.528064632845665471e+01,-4.482220053738777210e+01,1.095712070636980684e+01,-9.488415580665737536e+01,2.334924377131903128e+01,-3.610836209617131942e+01,1.619288096112542519e+01,-3.136196740862027266e+00,2.563989820582263945e+01,1.385328967300643299e+01,-1.329495819932059497e+01,1.500772812141875612e+01,8.624240804339960320e+00,-2.706190479471748400e-01,-4.427787963532259141e+01,6.439937985910836460e+01,7.117958705915542694e+00
-4.806885080420964407e+00,-6.717788395614432773e+01,2.694729440730720071e+01,4.421841871622849851e+01,-4.397916677243033945e+01,-4.390160143308272467e+01,5.161854052424835970e+01,5.992691478744774258e+00,7.303145215155639391e+01,-3.768872625682352862e+01,1.309461591968860006e+01,-1.301500099348482991e+02,9.390131791883797874e+00,-4.117858975790886333e+00,5.569673222534848378e+01,-8.218765017223793379e+00,2.215027578841916878e+01,1.257174784341684557e+02,-3.061482252487036604e+01,-1.228336654937477590e+01,-4.441580777184969264e+01,-1.291933803663432734e+01,-6.414342753603825997e+00,5.412418298062744881e+00,-1.227560700170342800e+00,-2.950928348332974238e+01,-5.039721847754823614e+01,1.282761083013418535e+01,1.887664707876939119e+01,1.008268606178976938e+02,3.940239082093238920e+01,6.158088985467847465e+01,3.187851241085768095e+01,2.432324736016376576e+01,-7.227718428356165248e+01,1.322625135736634938e+01,1.739223341516992249e+01,-6.402679194408298713e+01,1.807405002519021764e+01,9.621865348328584844e+01,-2.707558759335954690e+01,-8.680030310508056957e+00,-3.509221821958831145e-01,9.643209718567331379e+01,3.543333810048191168e+01,5.072186466826994433e+01,-7.432732146572600129e+01,-2.653042824202025329e+01,5.663930148851360968e+01,-2.957664339520548324e+01,1.015408495880003699e+02,-2.777154285297102376e+01,3.899228532253425072e+01,-4.448724723962752847e+01,-5.806554684962422996e+00,5.368312801738946405e+01,-6.032001588071739206e+01,-4.300803657122441592e+01,-2.847148535666912395e+01,3.886351850767182725e+01,2.556754618427517300e+01,-1.789271853885239949e+01,3.981425285927048918e+01,2.774742710192276363e+01,-5.291489139083972759e+01,-1.741680803751677331e+01,-3.212171354705758120e+01,-8.486185202666648308e+01,-9.624904723961298814e+00,1.666143145383907509e+01,-1.376383179652765065e+01,1.648948193142975915e+00,1.745872247163784863e+00,9.027683241477292597e+01,-5.184108313064337636e+01,-2.465217403982208211e+01,-1.056873262862246143e+01,4.990355772551415470e+01,1.842767270970040272e+01,2.323445911661153929e+01,7.310902399839550014e+01,-1.046369742346154874e-01,1.335516123769529884e+01,-7.116602508189407672e+01,-4.834717436001682955e+01,1.141761066482367326e+01,-1.086104398850052206e+02,2.640619691633888166e+01,-4.249905712146366454e+01,1.427907012181963076e+01,-4.205253260688075478e+00,2.823817755017315889e+01,1.785063659356128341e+01,-1.425445412002832057e+01,1.083742644448427761e+01,1.158276218562174620e+01,5.767606442071572248e-01,-4.812214541169875304e+01,7.132266500675666521e+01,6.676690007405829519e+00
-6.392223985318861601e+00,-6.040157497768564099e+01,2.643761250743768088e+01,4.837997840948750650e+01,-3.866280097092417378e+01,-5.120936755108158422e+01,5.931544274275653095e+01,1.149781064744282766e+00,7.378740529723998520e+01,-3.373905313895554059e+01,8.591146042504114178e+00,-1.337643214752388587e+02,1.553488831465793929e+01,-6.597271501466611454e+00,5.072143995184586629e+01,-1.461837829754142248e+01,2.006615218929888300e+01,1.353307987640599208e+02,-3.101572233942927426e+01,-1.139549010792305772e+01,-4.935872575856362943e+01,-1.258620061321738604e+01,-5.222685889716673913e+00,2.515623017498866965e+00,6.268475460786632425e+00,-2.935258843337478396e+01,-4.649714158782762041e+01,8.130668364104799650e+00,1.752527176358777439e+01,9.982938705273068081e+01,2.256435100003379546e+01,5.837554614375989814e+01,3.116299219541062726e+01,2.911590221528970801e+01,-7.575620224815831705e+01,1.563185905220634453e+01,1.372190928451110814e+01,-5.671356853282348709e+01,1.675527964336291475e+01,8.336922634459016024e+01,-2.788276994354177774e+01,-1.254245383720773255e+01,-5.544561510064754728e+00,1.046019565323354357e+02,3.844813046877800389e+01,5.412622150907952800e+01,-7.614822415112597298e+01,-2.704444920773666539e+01,6.086319369040572980e+01,-2.611463866147313695e+01,1.067417748789998626e+02,-3.022901955585219014e+01,3.241890596861541951e+01,-4.356781364469902940e+01,-4.668400642750380136e+00,5.019355847874786036e+01,-5.965649902836366181e+01,-4.130515032958318500e+01,-2.878278835206445052e+01,2.728873190997939702e+01,2.182826277177790786e+01,-2.265585484577407271e+01,4.887177239825539488e+01,3.547061548629927330e+01,-5.536399831895942469e+01,-2.109356114120975434e+01,-3.190477091341428917e+01,-8.718528160944737238e+01,-8.556164094181768931e+00,2.141424961609629207e+01,-1.428146632704764940e+01,1.470361126332953017e+00,4.709339542636401532e+00,9.033588109762553131e+01,-5.468617112894268217e+01,-2.627787273869020268e+01,-1.139776962183115039e+01,5.451567057507922698e+01,1.593597049473827276e+01,2.231016165680114582e+01,7.036951270078607479e+01,1.227779516940147087e+00,8.224632497931995800e+00,-7.178606433678881160e+01,-4.974110990254020237e+01,1.251124153584674303e+01,-9.980651484806811879e+01,2.484174820239690007e+01,-3.695861390463589657e+01,2.076350565857961783e+01,-2.759543356278248094e+00,2.794369539294855542e+01,1.282490005140562594e+01,-1.482941758693005241e+01,2.134436207773609340e+01,7.572073896085349531e+00,-1.061680059907557538e+00,-4.881968201996470924e+01,6.983763899687124876e+01,8.776500004203139582e+00
-1.104932984098789817e+00,-4.385034438417999780e+00,2.603003767210501973e+00,6.181352840944265736e+00,-2.534381032560531377e+00,-7.350829533241405755e+00,8.300750222273293844e+00,-1.228603445267239191e+00,7.871344710055918625e+00,-2.403582034741101658e+00,-3.615281824685705470e-01,-1.489400864553717341e+01,3.323235713227743027e+00,-1.375078936652646577e+00,3.881296472907852291e+00,-3.299016612977544227e+00,1.503259693301403299e+00,1.672641510954018074e+01,-3.331775113690963686e+00,-9.359976989371545653e-01,-6.500454449694258230e+00,-1.214028899673678108e+00,-2.105556401176386094e-01,-5.451128172393742144e-01,2.737272098346394067e+00,-3.003899944151714241e+00,-3.741987411550829812e+00,-4.631882791153161261e-01,1.443407959787764927e+00,1.008708763558820110e+01,-2.343980756780926100e+00,5.168627974815687587e+00,3.036320256049087174e+00,4.356931339046970386e+00,-8.833693441065864960e+00,2.292546580622425001e+00,4.030684898400263005e-01,-3.852684320322279810e+00,1.372539276646855821e+00,5.079241229236834521e+00,-3.119583186168263911e+00,-2.377282017569775086e+00,-2.021261577951331212e+00,1.313423800960000776e+01,4.830992856458008688e+00,6.567192693741032983e+00,-8.412874015245805026e+00,-2.950946322449129688e+00,7.494764703587672550e+00,-1.747719792069086120e+00,1.253002834974126500e+01,-3.822525095857793431e+00,1.536234501599542224e+00,-4.267485877428868868e+00,-1.678993226910307501e-01,4.240026511636375339e+00,-6.009115827264601251e+00,-3.814499535050744239e+00,-3.075003672410675737e+00,-3.884975522144493709e-01,1.225511513005380415e+00,-3.678004660005992577e+00,7.595157624785503714e+00,5.832392122473674334e+00,-6.429819246542294309e+00,-3.213415880598562424e+00,-3.252109378670456241e+00,-9.698663412142821016e+00,-5.908645588370831092e-01,3.546223797381609089e+00,-1.626843231821599067e+00,1.029513071345901920e-01,1.313797667697394367e+00,9.395503259119026396e+00,-6.469661875683279106e+00,-3.180782075799418962e+00,-1.414121144178790646e+00,6.943794579582084125e+00,9.610004137675940417e-01,2.059069348386227460e+00,6.543554307692974525e+00,4.983391101092421449e-01,-5.741171892579914893e-01,-7.625726350027268730e+00,-5.552329221528341741e+00,1.603373912761090869e+00,-7.911860281082308433e+00,2.143729666580906024e+00,-2.295075002446792301e+00,3.960640184007292230e+00,1.158919118046058960e-01,2.819270734850543469e+00,-6.732929689939415319e-02,-1.699690908858138894e+00,5.140572478735506934e+00,-3.301715847156032613e-01,-5.662729093960086058e-01,-5.262826413345826460e+00,6.837507077564390912e+00,1.495677194232792218e+00
-4.248242511183679682e+00,-3.807835785621278291e+01,1.689985004664788093e+01,3.140952169223970714e+01,-2.428092555390838214e+01,-3.352185248947438367e+01,3.875528860532034514e+01,2.775905378676490898e-01,4.737419262505505912e+01,-2.125415795139014818e+01,5.080189603157574396e+00,-8.609444950050895784e+01,1.054187317300326399e+01,-4.464520419038943366e+00,3.204364888494737329e+01,-9.978512046154833115e+00,1.266595230195830446e+01,8.766784516267772176e+01,-1.992110817891707697e+01,-7.221000110634221869e+00,-3.211109653271822140e+01,-8.036955426733335628e+00,-3.235013420629277991e+00,1.337829460501747114e+00,4.729715862372187551e+00,-1.880202814506933606e+01,-2.943761811019009400e+01,4.766637236386684684e+00,1.110660748370093565e+01,6.390241202937777132e+01,1.286761380566934143e+01,3.711835465071173701e+01,1.990959222531118300e+01,1.911988900428903548e+01,-4.889468105733279657e+01,1.024926900802824470e+01,8.448386995796269616e+00,-3.566316656209214386e+01,1.061608659759492035e+01,5.222588369117878671e+01,-1.795123227012414446e+01,-8.406983733263309944e+00,-4.047190201465817871e+00,6.783172786561821965e+01,2.493376424007905712e+01,3.502138971385922162e+01,-4.898867110869903030e+01,-1.738599979959845854e+01,3.941797890000287197e+01,-1.641268809037439169e+01,6.892179789180809735e+01,-1.961190816750391264e+01,2.015892280322853125e+01,-2.784253266809195537e+01,-2.884757282537228740e+00,3.184620759766955445e+01,-3.818069506733210261e+01,-2.631768648152988987e+01,-1.848115310829117774e+01,1.639562047293163261e+01,1.363853764789076273e+01,-1.497578283135626975e+01,3.218931955092384101e+01,2.347171615494544739e+01,-3.572425053349689250e+01,-1.387117666361587887e+01,-2.043242484873065479e+01,-5.611181365783629360e+01,-5.383649382149491736e+00,1.417885511667750009e+01,-9.204450515014121592e+00,9.256517081827746463e-01,3.300161603810748190e+00,5.791670700940107253e+01,-3.532729024263974082e+01,-1.700005047258708046e+01,-7.385361344776516290e+00,3.538564289806424767e+01,9.979569579896047316e+00,1.421455030915205775e+01,4.485145586528897610e+01,9.135045983758023347e-01,4.785735827331270897e+00,-4.607830902472611001e+01,-3.201950359592407125e+01,8.124272929668498122e+00,-6.314707712299290421e+01,1.577672271462138909e+01,-2.316717178124477527e+01,1.392598144701496210e+01,-1.631876352426638865e+00,1.788576400054209614e+01,7.744745561836127834e+00,-9.561161824173748158e+00,1.468000060640240179e+01,4.473653754306533337e+00,-8.360596032026266222e-01,-3.136273511970742689e+01,4.462951560398406059e+01,5.825529415041216019e+00
-5.833897650496988163e+00,-5.580199110027914600e+01,2.434804786470002114e+01,4.439781865795112736e+01,-3.574904857116892742e+01,-4.690410399216435167e+01,5.435254396597147064e+01,1.208728401087636684e+00,6.788772355500312017e+01,-3.117493665783974777e+01,8.046937989482618292e+00,-1.229994398061398471e+02,1.410676859482007472e+01,-5.994829063531033064e+00,4.683677681394354408e+01,-1.325532577960120406e+01,1.853292165811388514e+01,1.242547256083488776e+02,-2.853327216345178741e+01,-1.051558474183611480e+01,-4.527433804417673002e+01,-1.159423030084437656e+01,-4.843803608170104802e+00,2.405316127234558454e+00,5.536306315811988732e+00,-2.701991421435234386e+01,-4.291547128348025808e+01,7.629144154721956284e+00,1.617161565561853109e+01,9.191030157860069494e+01,2.129070699779634168e+01,5.382632704218425346e+01,2.870351099267823969e+01,2.664825675517555581e+01,-6.961510220448695918e+01,1.431222538634808927e+01,1.274321081022791979e+01,-5.242437211320368107e+01,1.546192986481034737e+01,7.712931944016071384e+01,-2.563719104923936598e+01,-1.142357411981041615e+01,-4.941598374917725245e+00,9.601788897282456503e+01,3.529255081968950947e+01,4.970998275670935840e+01,-7.002743709962578578e+01,-2.487474255635142839e+01,5.588497428646056164e+01,-2.414254942997446918e+01,9.807957027480921397e+01,-2.774530374900552587e+01,3.004146349073958788e+01,-4.012679043678311785e+01,-4.331997018304733160e+00,4.630475952431193321e+01,-5.492627194603244334e+01,-3.806866704213498309e+01,-2.648094630139739181e+01,2.547527775198899747e+01,2.020614399974240882e+01,-2.070358382848266388e+01,4.469828692723474717e+01,3.240582380533210483e+01,-5.087887514970816483e+01,-1.929946963632540502e+01,-2.937072165682443270e+01,-8.016992144358576411e+01,-7.907994416586509701e+00,1.956117665385709969e+01,-1.312804957567934672e+01,1.358816658783054576e+00,4.242201959115163845e+00,8.313999187398646029e+01,-5.024272125915229736e+01,-2.413466405199142173e+01,-1.046432300890350930e+01,5.003088169208967173e+01,1.474432120188827788e+01,2.056217947712849892e+01,6.485065579729942442e+01,1.088593185817905207e+00,7.729100659801630968e+00,-6.604998689062780670e+01,-4.573656869752053211e+01,1.148089838582760613e+01,-9.213186646089557996e+01,2.291205392350916270e+01,-3.418754145881032258e+01,1.890843912084892153e+01,-2.584713367605262491e+00,2.572750307314090534e+01,1.195976113188688039e+01,-1.363058207168028169e+01,1.931802331395853045e+01,7.093706324731997803e+00,-9.262104622423144029e-01,-4.491016360288422504e+01,6.432215080150760400e+01,8.012308551339256013e+00
-3.963989849729976367e+00,-5.291319293781047861e+01,2.141493787776327551e+01,3.556951640754766686e+01,-3.456494526166952141e+01,-3.558745250273523197e+01,4.176604068924982016e+01,4.356157183893238027e+00,5.822145456428823707e+01,-2.967311517193711978e+01,1.004072758642685059e+01,-1.039517003318812840e+02,8.005332302502798925e+00,-3.492094543715630550e+00,4.392519078775893604e+01,-7.094436974219411773e+00,1.745974085517441310e+01,1.009372284619688429e+02,-2.441367888314452728e+01,-9.705251891987419555e+00,-3.579381167679814268e+01,-1.025933574161928163e+01,-5.005529777738113140e+00,4.061222990364896646e+00,-3.337060333311101523e-01,-2.348542293796118230e+01,-3.979742244013713304e+01,9.811488483659369209e+00,1.491581446395926136e+01,8.020494001789212746e+01,2.993077430136537842e+01,4.876289203223512203e+01,2.532409428676452379e+01,1.978076486057158334e+01,-5.785469607398859182e+01,1.073896557212369096e+01,1.353457150636181439e+01,-5.035779509731259651e+01,1.427948945924357105e+01,7.551737234185969783e+01,-2.163020468691007991e+01,-7.243835796152970019e+00,-7.255234744516784184e-01,7.749266790266665339e+01,2.847527180323302787e+01,4.068331581649534456e+01,-5.934485081733186007e+01,-2.117090315135494905e+01,4.546588795167190966e+01,-2.325517331571997914e+01,8.130587923780026927e+01,-2.232615107686718403e+01,3.048581994563822306e+01,-3.534718889460593516e+01,-4.526130284340373677e+00,4.244932141765723088e+01,-4.797714578251679995e+01,-3.410197144142598091e+01,-2.269919771019777244e+01,2.995371422341678169e+01,2.003882721737393524e+01,-1.465746021878706351e+01,3.248289293144306100e+01,2.275921394856001001e+01,-4.234762500536161411e+01,-1.418517400455368538e+01,-2.556058295208520548e+01,-6.777688711610518624e+01,-7.572726937895017940e+00,1.367607344009703141e+01,-1.100489636747214384e+01,1.297754479847358589e+00,1.644805142882454607e+00,7.189446779967603618e+01,-4.152653866189282894e+01,-1.977068956608822958e+01,-8.487315774828955384e+00,4.013541325006288929e+01,1.446034490429917696e+01,1.842271583179954320e+01,5.798300472279582607e+01,3.111524611952798391e-02,1.019434799873634212e+01,-5.672430109217238936e+01,-3.861962541525021209e+01,9.186021439839981539e+00,-8.573268431151609548e+01,2.089345735275457727e+01,-3.336705611438250685e+01,1.192767443573444019e+01,-3.224563622930217477e+00,2.246137936532834800e+01,1.378319285089055590e+01,-1.140051347138934013e+01,9.532507616446972420e+00,8.879130248996272456e+00,3.185629370037784680e-01,-3.838061697633662561e+01,5.666823488281730192e+01,5.497143407867691955e+00
-1.610762969107124354e+00,-1.612301552839440788e+01,6.955104961994603485e+00,1.251628688198942285e+01,-1.036088415906673710e+01,-1.312785121918605924e+01,1.523774029417660891e+01,5.024642819191238452e-01,1.932133337138608198e+01,-9.012805369373836584e+00,2.440077146067535452e+00,-3.493328524680461555e+01,3.819524437072722378e+00,-1.627452233163991568e+00,1.350943118290763323e+01,-3.568573001285224144e+00,5.349335751346340651e+00,3.509527164645769659e+01,-8.118060348360076617e+00,-3.025600645103752928e+00,-1.274057523204373155e+01,-3.314883024919967447e+00,-1.419221974145452148e+00,7.799594921320989194e-01,1.333106590125542334e+00,-7.704990942269712484e+00,-1.235689314521729543e+01,2.327330768078267553e+00,4.652525419260634010e+00,2.622426938950255604e+01,6.616607493354831782e+00,1.544349767804915530e+01,8.202999453398422958e+00,7.437594321283336640e+00,-1.972473836210055964e+01,4.000072863199174655e+00,3.751192830086446328e+00,-1.517801197695196436e+01,4.449222087782388257e+00,2.239882589774708066e+01,-7.279506668000134795e+00,-3.129360132195273536e+00,-1.238753963550079495e+00,2.709570290458268715e+01,9.958970406228827343e+00,1.405480260333991183e+01,-1.989634189738464798e+01,-7.071796483161117308e+00,1.578775356550026387e+01,-6.992871061082914785e+00,2.778009032220215957e+01,-7.826411512621557875e+00,8.775404090651013789e+00,-1.146495026259014693e+01,-1.271626529675847994e+00,1.330934644432225156e+01,-1.567401591524258464e+01,-1.090400796539642414e+01,-7.536131354349217659e+00,7.637359588533862542e+00,5.880158578466941677e+00,-5.744501044891922703e+00,1.244216825081400479e+01,8.982714903174683130e+00,-1.441906992248078723e+01,-5.379815959623746480e+00,-8.376867437631146274e+00,-2.277025446872701053e+01,-2.288415492959666953e+00,5.419285361181708005e+00,-3.724217652122132627e+00,3.930495179246893400e-01,1.112211691308269135e+00,2.369051813688120234e+01,-1.422486493645397587e+01,-6.824624612631501996e+00,-2.954973867736259585e+00,1.410684320074505571e+01,4.282994694535479319e+00,5.889772062459101676e+00,1.856990714042280644e+01,2.667434416473697945e-01,2.369962285052026996e+00,-1.880206718057803528e+01,-1.298809196795111376e+01,3.236034804890072003e+00,-2.654211430679186634e+01,6.580303523190409898e+00,-9.923211801480418259e+00,5.176775972843293161e+00,-7.837370377710670688e-01,7.341187554955847183e+00,3.572156585991585587e+00,-3.865554083637884997e+00,5.162251020907421939e+00,2.152355984665530464e+00,-2.104843329795754725e-01,-1.277531269586634899e+01,1.837836801560811040e+01,2.214759868431301904e+00
-6.111308241272964459e+00,-5.277864136235949388e+01,2.366201255337873022e+01,4.446408630883752267e+01,-3.355984789449784245e+01,-4.772737665896232073e+01,5.510697536854967638e+01,-7.183454215398477061e-02,6.653819702167791661e+01,-2.944345997538902893e+01,6.698564391212117997e+00,-1.211351434183151525e+02,1.537559056887734954e+01,-6.499909046613057129e+00,4.448346915089317122e+01,-1.460946806967213263e+01,1.757186805662215079e+01,1.239140396573964011e+02,-2.798758481825141331e+01,-1.004652178413304320e+01,-4.552282442749583424e+01,-1.124415032943181281e+01,-4.425230128132755070e+00,1.601055807088628491e+00,7.349821072043249082e+00,-2.636439899666737929e+01,-4.092961307305333207e+01,6.240220519339464644e+00,1.545389621392931012e+01,8.956034147111721211e+01,1.644946505316217511e+01,5.177189318509417149e+01,2.786508703126394693e+01,2.728179288764055599e+01,-6.893082510959956721e+01,1.460890558168410003e+01,1.150351799148084275e+01,-4.933897584405544023e+01,1.476879902431236147e+01,7.204920497431314175e+01,-2.526253972835128181e+01,-1.216293572249430355e+01,-6.172927593876050167e+00,9.594639172644961889e+01,3.526933991829274362e+01,4.945942748869799033e+01,-6.890475532165626760e+01,-2.444159209102405939e+01,5.570592268294926441e+01,-2.269730864607137377e+01,9.719296866883401265e+01,-2.774966825611319621e+01,2.765692810069655394e+01,-3.897561270539915768e+01,-3.938915527569159636e+00,4.434797574515335583e+01,-5.350447446704149002e+01,-3.676162193967929426e+01,-2.595878756076325544e+01,2.190060680663658843e+01,1.877875267022921690e+01,-2.146478283042860014e+01,4.602449425875765598e+01,3.366656282764722619e+01,-5.035455503552224599e+01,-1.981153593929543177e+01,-2.864611373780657644e+01,-7.894642075534977721e+01,-7.451483381558849928e+00,2.034570707913293219e+01,-1.296318827875945523e+01,1.281682520785528023e+00,4.912415756335486883e+00,8.126300767985571838e+01,-4.983533593248868243e+01,-2.400599270825312814e+01,-1.044066013239615565e+01,5.008551699492903708e+01,1.376403927649832681e+01,1.985503292457766733e+01,6.266583797799627575e+01,1.408565664553438124e+00,6.225716112425526916e+00,-6.470712086440886424e+01,-4.505627270053163613e+01,1.150255919437144136e+01,-8.775702600131860720e+01,2.198579190435708597e+01,-3.197590292878596330e+01,2.015586367950137259e+01,-2.151823115364408956e+00,2.506575210338984050e+01,1.038720082859416038e+01,-1.346911641984272379e+01,2.159690551920477475e+01,5.894530309565990223e+00,-1.329059323843016394e+00,-4.406849061871245965e+01,6.247394665922197987e+01,8.373252615316230774e+00
-1.629472723883103713e+00,-5.215536734667729490e-01,1.907734627832390117e+00,6.974217184654439627e+00,3.354488235915127348e-01,-9.366852377709999899e+00,1.032470185134374319e+01,-3.213143174127579993e+00,6.813989500477846128e+00,-1.788073529549425444e-01,-2.345999571033920539e+00,-1.388686092811373740e+01,5.527153312003127539e+00,-2.258281132138384439e+00,9.268557807747126454e-01,-5.623191565449122464e+00,2.874847039051122710e-01,1.812227815221002913e+01,-2.921033305789263679e+00,-3.654345407076706742e-01,-7.591986785572391483e+00,-8.463458501772503917e-01,3.690662888365792149e-01,-1.765953443349997265e+00,5.660262088131087665e+00,-2.397852096202341077e+00,-1.301510715929324213e+00,-2.517581333752112016e+00,5.716481026769870688e-01,7.837568676308603877e+00,-9.587083617499066790e+00,2.790243328397628897e+00,2.170266134428172400e+00,5.761696430361840093e+00,-8.843863880505807629e+00,2.978842228537727621e+00,-1.338482373288362171e+00,1.602929897366642820e-01,5.282290558849940254e-01,-1.670758676869084525e+00,-2.931452435416820101e+00,-3.711264054061381934e+00,-4.024253123126712239e+00,1.451289208868013603e+01,5.342534831983709154e+00,6.946883370344458797e+00,-7.743608214460937056e+00,-2.659464317580818360e+00,8.082170736117490151e+00,1.384346761511139334e-01,1.266554316052775420e+01,-4.260048490873002081e+00,-1.727775434424105416e+00,-3.089487832985050808e+00,3.797880001130711225e-01,1.897646199677346157e+00,-4.637497430680743271e+00,-2.360715107888449626e+00,-2.669211194567967738e+00,-5.585228374177004795e+00,-6.938249681822461490e-01,-5.190204304120939582e+00,1.036372636536187741e+01,8.307724504112288244e+00,-6.399379191928781907e+00,-4.314077872106175882e+00,-2.574465455952941628e+00,-9.029120966542993898e+00,5.405832072392646737e-04,5.077189142435089231e+00,-1.572724651689929365e+00,3.376408876180292395e-03,2.428127599739905662e+00,7.749761090683525033e+00,-6.612278587150552056e+00,-3.354136542889414319e+00,-1.539542781356189272e+00,7.805904467304769057e+00,-3.436663818639149603e-01,1.272005191463072116e+00,4.132330708729718083e+00,1.015800089789082206e+00,-2.806020391018665627e+00,-6.550263254227273180e+00,-5.198056672865799754e+00,1.815480074009720779e+00,-2.498073104349015416e+00,1.050360464868723254e+00,6.340960328972462534e-01,6.205621065775922318e+00,7.529791763247404290e-01,2.183405380854088307e+00,-2.341777189596909281e+00,-1.658685357278247618e+00,9.005516006879572544e+00,-2.096036590368504093e+00,-1.210864382122754046e+00,-4.643268475829432695e+00,4.944675303214947526e+00,2.184711956000236821e+00
-5.136644022457182324e+00,-6.562024683329934760e+01,2.679316587657239523e+01,4.503068607087522679e+01,-4.277185308752646620e+01,-4.538493971886360612e+01,5.317178291933032597e+01,4.950425997816704005e+00,7.306924593855596584e+01,-3.678331112666899827e+01,1.211270166651773295e+01,-1.307005431826592883e+02,1.068387850989472909e+01,-4.639331032782552100e+00,5.454232395546919321e+01,-9.568806077530751963e+00,2.166869412485293722e+01,1.275540364498004919e+02,-3.064856904278611438e+01,-1.207339632557473941e+01,-4.539426898535807453e+01,-1.282652280869016082e+01,-6.149539529971280061e+00,4.785898882342516814e+00,3.721065423257954308e-01,-2.942605925130286693e+01,-4.948091434471396610e+01,1.180491354476214205e+01,1.855676031974179807e+01,1.004440203754646745e+02,3.574724594944777323e+01,6.079376644948438724e+01,3.167218782317333137e+01,2.530361145386183352e+01,-7.289660551741408767e+01,1.371661356230794304e+01,1.658062670074230738e+01,-6.236004565745862749e+01,1.776246744331428218e+01,9.331764422276238236e+01,-2.720189942406403105e+01,-9.488553345748961476e+00,-1.457225191524396557e+00,9.801046773847735949e+01,3.601603465260973280e+01,5.136177145239986430e+01,-7.458989469713280585e+01,-2.659518052683865719e+01,5.744387991256258630e+01,-2.878886054050702015e+01,1.024778388940523826e+02,-2.824839887327474131e+01,3.752549104817614278e+01,-4.421617280387623339e+01,-5.554180556609289887e+00,5.284876486103222959e+01,-6.007674898184561130e+01,-4.257248636578447787e+01,-2.848975571219575187e+01,3.633101560533486207e+01,2.472743789908074064e+01,-1.887764989917490155e+01,4.167740952645132779e+01,2.934657984709742351e+01,-5.334750723480001966e+01,-1.817100733912585042e+01,-3.202123775751964274e+01,-8.521373809943938227e+01,-9.380876784208791008e+00,1.764624287470203612e+01,-1.385091154648460865e+01,1.608102415251907225e+00,2.374513858915887177e+00,9.013697820473163347e+01,-5.235990573361087996e+01,-2.495702446352784420e+01,-1.072757525599675610e+01,5.080224955517940089e+01,1.786551164571117312e+01,2.299823494151893399e+01,7.240171514261891161e+01,1.795112815993030742e-01,1.223916497169998507e+01,-7.117800209870350159e+01,-4.856261948288391039e+01,1.163141153069987332e+01,-1.065507047536506491e+02,2.602818465000018122e+01,-4.124648615869988788e+01,1.563695568051631746e+01,-3.890035132528192996e+00,2.812773376395577429e+01,1.674938325266000660e+01,-1.435292366128379804e+01,1.305841971889282327e+01,1.070842499536056458e+01,2.265936931277767741e-01,-4.818955033048158043e+01,7.088573501079943640e+01,7.112938417170772354e+00
-3.815307326777583441e+00,-3.407979522809110762e+01,1.513926445625546791e+01,2.816608551536245386e+01,-2.172561658170228327e+01,-3.007641125904795132e+01,3.476771678378472785e+01,2.214824935499537517e-01,4.245115032942635480e+01,-1.902134319070868074e+01,4.526481969462778920e+00,-7.716026710508269559e+01,9.479992277405726142e+00,-4.014118856948282854e+00,2.868287298187093270e+01,-8.976658508012373971e+00,1.133687121151254296e+01,7.860375535869033570e+01,-1.785140874387417043e+01,-6.464965128039271036e+00,-2.879908531940926153e+01,-7.199174424746622059e+00,-2.891844380991885011e+00,1.182393020766743241e+00,4.279945233895632306e+00,-1.684558605573404932e+01,-2.635393717239016453e+01,4.244453463540007299e+00,9.943831646612132147e+00,5.725044190148076950e+01,1.143458263061887337e+01,3.323972303557309971e+01,1.783481182108252483e+01,1.715822187951425803e+01,-4.382881029449660559e+01,9.196792392890714041e+00,7.549045570069750966e+00,-3.191278349120824132e+01,9.504512213082175975e+00,4.672171049998001280e+01,-1.608870055936832699e+01,-7.554312573892026705e+00,-3.655459057631552433e+00,6.082263442763986205e+01,2.235740907828933999e+01,3.139803197330790141e+01,-4.390369942950327697e+01,-1.558060803972647257e+01,3.534194987679829580e+01,-1.468616743300969851e+01,6.178263126392010918e+01,-1.758593413937010297e+01,1.802526556791305978e+01,-2.494151640254901636e+01,-2.578318572554909149e+00,2.851432283268430012e+01,-3.420586675347802696e+01,-2.357086025795155493e+01,-1.656071659127137252e+01,1.462524888809709012e+01,1.219899134667657670e+01,-1.344496977886358913e+01,2.889231294308444831e+01,2.107390556051178976e+01,-3.202241736042666531e+01,-1.244914166608252337e+01,-1.830606967167837595e+01,-5.028880455859380305e+01,-4.817696348969952247e+00,1.273087087159687769e+01,-8.250025436739433005e+00,8.283721806015811318e-01,2.973584954930192037e+00,5.189323978545363758e+01,-3.166897109316789738e+01,-1.524105256960145027e+01,-6.621887364406686238e+00,3.173119231367211768e+01,8.927601499080918046e+00,1.273092551375117765e+01,4.017113989663386064e+01,8.259863157941662593e-01,4.259127169669685742e+00,-4.128928457936495278e+01,-2.869705938393676448e+01,7.285434322746390912e+00,-5.652976454702575637e+01,1.412701933778197549e+01,-2.072644187546218575e+01,1.251403665548048494e+01,-1.454017561699530114e+00,1.602384577635097074e+01,6.910965647785237032e+00,-8.569958342203745971e+00,1.321225425693796041e+01,3.985802077086114892e+00,-7.583172906338234709e-01,-2.810468353446933065e+01,3.997933838805171547e+01,5.231437189966237078e+00
-3.416454734515641523e+00,-2.133607758703800528e+01,1.057462598271296983e+01,2.191439675977317592e+01,-1.316461442836714113e+01,-2.465656325104951208e+01,2.817328753471969094e+01,-1.965658209937294121e+00,3.060989050677643064e+01,-1.183508278130290847e+01,1.253740536126344729e+00,-5.661966496057070941e+01,9.456126006949125085e+00,-3.950311672336648261e+00,1.827645897829289368e+01,-9.208877254131580870e+00,7.172160712077169542e+00,6.027982097216226975e+01,-1.290836344909495281e+01,-4.221818041795367904e+00,-2.270851368830535222e+01,-4.988749671945997832e+00,-1.540070934083184628e+00,-4.269085496590645512e-01,6.339718094470256027e+00,-1.194645050386327512e+01,-1.708682422073561469e+01,9.677445790705911932e-01,6.499883706272823858e+00,4.039664391732370063e+01,7.722156764282779307e-01,2.230277306132052217e+01,1.240697200451339022e+01,1.433974415682818737e+01,-3.278658272368544147e+01,7.614504543047979190e+00,3.774929541189429472e+00,-1.955501171093558455e+01,6.200835245473843571e+00,2.768987818050683103e+01,-1.182926301542231151e+01,-7.081819435856047562e+00,-4.884693422125119255e+00,4.696442420079066693e+01,1.726848088164862460e+01,2.388755588978333577e+01,-3.211290892256263874e+01,-1.133831241716299409e+01,2.705993525395367527e+01,-8.956850541924300302e+00,4.634725786884132503e+01,-1.362082827684145592e+01,9.974124292775904621e+00,-1.738643244360973483e+01,-1.339908919979115876e+00,1.880773413199141686e+01,-2.410647674700715015e+01,-1.606526166915725184e+01,-1.194848514789686256e+01,5.355920231668761744e+00,7.061277623195868713e+00,-1.167831264760520682e+01,2.457927408435776329e+01,1.841766462021995210e+01,-2.391402048155432780e+01,-1.049165303636615221e+01,-1.296172581023195924e+01,-3.688746276734978835e+01,-2.967589431825046198e+00,1.116445504940590716e+01,-6.111338258346556529e+00,5.125278121353787908e-01,3.420407448285532226e+00,3.703889267715563705e+01,-2.383556286079628705e+01,-1.158359765106986927e+01,-5.086615130764148063e+00,2.465478819454824588e+01,5.275017808110074924e+00,8.675061231229204139e+00,2.745089464488922459e+01,1.173405829626390062e+00,7.880817167782536714e-01,-2.972158782112849451e+01,-2.107950360311352611e+01,5.675917105710365007e+00,-3.645946560144560067e+01,9.390120780472191342e+00,-1.235369160991193738e+01,1.176911701760898410e+01,-4.031338541982238954e-01,1.129992185830129259e+01,2.725464694423249234e+00,-6.364670221817392282e+00,1.403100144799370952e+01,1.084185331006728426e+00,-1.259333272209514076e+00,-2.035161676703885192e+01,2.786418736381556016e+01,4.652110521742512717e+00
-3.631613745743619504e+00,7.800112258457784442e+00,1.340771147320276802e+00,1.231498064352267008e+01,6.887721117633007317e+00,-1.865445351557110953e+01,2.012134859680715238e+01,-9.273631040378198520e+00,7.959162531892909342e+00,4.675549978804359519e+00,-7.961453133650233660e+00,-1.877234523249738274e+01,1.326254732500392031e+01,-5.380402420039992251e+00,-5.165905197975993346e+00,-1.367521213249316503e+01,-2.267920004140540513e+00,3.052306130197509759e+01,-3.506493968004033235e+00,7.155510496017678523e-01,-1.391368812662990351e+01,-4.631293763152597442e-01,1.847022093566896839e+00,-5.386123065668250831e+00,1.506258009324431413e+01,-2.280695927073776996e+00,3.456397193700254000e+00,-8.376512838043550957e+00,-1.073157973352403705e+00,6.857477702219247462e+00,-3.060845664494298290e+01,-1.065837699649533121e+00,1.358305538806563906e+00,1.184075467155764017e+01,-1.340376137007092439e+01,6.032882334051394402e+00,-5.896977712684054573e+00,9.164134891181880960e+00,-1.077827165659075659e+00,-1.753445205017073505e+01,-4.017164885394848284e+00,-8.580997270171314639e+00,-1.054189752296133875e+01,2.502364448969706956e+01,9.220741673981763142e+00,1.135506048775256538e+01,-1.022851193839598949e+01,-3.375865727661426785e+00,1.353459000348898833e+01,4.402734429205146682e+00,1.946479243382239233e+01,-7.418335525253255014e+00,-9.870708399129046740e+00,-2.055617822405182871e+00,1.792247862752954113e+00,-2.336331545046379077e+00,-3.967369126479795671e+00,-3.398279150269294391e-01,-3.136479458142384047e+00,-2.000400507758166668e+01,-5.316833954962442377e+00,-1.121490948923853637e+01,2.183581851229268622e+01,1.807307863148820459e+01,-9.614864974777566076e+00,-8.974366367321051641e+00,-2.388748055893048505e+00,-1.217293359060978197e+01,1.315622980817896082e+00,1.108563232465836457e+01,-2.259284977452615806e+00,-2.162651058864761833e-01,6.151228014321268311e+00,8.066930568541366142e+00,-1.032172881213909221e+01,-5.460354062742900361e+00,-2.608231094443465903e+00,1.372730555309098044e+01,-3.420502271253133220e+00,1.748072509671396713e-01,8.917916798611464912e-01,2.687362951548806667e+00,-9.207572173513568714e+00,-7.519876012255187980e+00,-7.077271125831238407e+00,3.218452244379053084e+00,8.256175664012319615e+00,-8.415246813094801048e-01,7.471513951539825449e+00,1.438038994971469542e+01,2.555655251966544306e+00,1.889938789247980200e+00,-8.599736888894437215e+00,-2.418499995470923203e+00,2.221823490341343543e+01,-7.097245100023576114e+00,-3.265138745070990112e+00,-5.648073061761997415e+00,3.273387064788925827e+00,4.837418270457256142e+00
-3.880875586424568979e+00,3.973295239070798957e+00,2.849629811965013637e+00,1.473159720755077728e+01,4.371985588959153901e+00,-2.101606987923245384e+01,2.290870994875217903e+01,-8.881963201081637393e+00,1.202304929308879267e+01,2.526839751692091518e+00,-7.177749098330433952e+00,-2.598773365618682618e+01,1.371330966316386579e+01,-5.580629529009542011e+00,-2.000745341710635117e+00,-1.405762502945213299e+01,-1.007902244501096778e+00,3.742007186060881452e+01,-5.209080640768101844e+00,1.999054402886613069e-02,-1.633204146820779101e+01,-1.187574740081942526e+00,1.475163859288212365e+00,-5.049908118005815183e+00,1.490517553969114850e+01,-3.928244536494059691e+00,5.995415451564740650e-01,-7.605403606773396774e+00,-4.400200798396092239e-03,1.249227903491431846e+01,-2.821124909033304107e+01,2.406471389765213686e+00,3.144613380267148095e+00,1.314035845084694998e+01,-1.739327280324531344e+01,6.741946826477612120e+00,-4.883487684055498157e+00,5.506678801249565325e+00,-5.421592843483580282e-02,-1.201601258263531413e+01,-5.517552829354230859e+00,-9.019239645239721881e+00,-1.049984205935224146e+01,3.030458001957844161e+01,1.116103435119205578e+01,1.414334936352909899e+01,-1.435203111204116766e+01,-4.849329485449966448e+00,1.664316130900522239e+01,2.712209627283299618e+00,2.506586388420923939e+01,-8.937954064116958364e+00,-7.618168635704633651e+00,-4.547515817180021180e+00,1.454919920255728361e+00,6.989035095947651044e-01,-7.339200715921590401e+00,-2.758528677753424141e+00,-4.720598494608561957e+00,-1.769930153012936103e+01,-3.846600515548716626e+00,-1.215624239425304864e+01,2.394872750799789429e+01,1.952887120809516830e+01,-1.253679037995715007e+01,-9.902049080669232950e+00,-4.182702922598581452e+00,-1.687798522829978509e+01,7.661749096047074659e-01,1.195842059201891949e+01,-3.020731558203874734e+00,-1.221866406897199608e-01,6.213429291667528886e+00,1.310083603373444916e+01,-1.317907094001826351e+01,-6.815879574560939957e+00,-3.187796704791329816e+00,1.645562785136094064e+01,-2.363252425180476735e+00,1.481526235087712973e+00,5.001480446902847987e+00,2.665717521180965388e+00,-8.401897451680685691e+00,-1.148134335634983572e+01,-9.756981961304243001e+00,3.842218956954287279e+00,2.094666990724620703e+00,6.496732603385222404e-01,5.035663137428661784e+00,1.509977067485644397e+01,2.303980185349741472e+00,3.468234623822186169e+00,-7.544599547789454519e+00,-3.206627616558918703e+00,2.269795066877097156e+01,-6.403702094085768515e+00,-3.213532497795936305e+00,-8.323497585992864600e+00,7.268567942884345712e+00,5.184851849769168908e+00
-4.672963163314738821e+00,-4.790907052118526366e+01,2.054594538415571847e+01,3.671961565675205463e+01,-3.083526451226193643e+01,-3.836631436062904754e+01,4.457184906718779160e+01,1.725168359744702506e+00,5.696795095515321350e+01,-2.678939163059835593e+01,7.424908197903301144e+00,-1.028863516480227247e+02,1.096122611387612977e+01,-4.677398513682622827e+00,4.010767344913008969e+01,-1.020804509919275915e+01,1.588716975750394944e+01,1.030636488223991591e+02,-2.393150724207421121e+01,-8.971253341485526889e+00,-3.734220171469634408e+01,-9.796954958845839556e+00,-4.247002778912438714e+00,2.446366833024929299e+00,3.557559931757976024e+00,-2.274072639490382386e+01,-3.665333257604732609e+01,7.101955791500185633e+00,1.379457405598671116e+01,7.742230453369991494e+01,2.036550411096978053e+01,4.572526285327058559e+01,2.423805960568512319e+01,2.170376974306664053e+01,-5.802169940733831055e+01,1.168129814725792315e+01,1.125148407457377964e+01,-4.514783007197498677e+01,1.319311216119791830e+01,6.672962013888007959e+01,-2.143707091452197844e+01,-9.039333987439281515e+00,-3.394561350187735194e+00,7.953398624643560311e+01,2.923195441203179357e+01,4.129681193180413601e+01,-5.861109330757941649e+01,-2.083893216118906722e+01,4.636865642987255853e+01,-2.080532087611567960e+01,8.170199147719714006e+01,-2.296796247043350192e+01,2.622044284235379052e+01,-3.387236706591577473e+01,-3.808854672236078986e+00,3.944288747817241614e+01,-4.627800708410146768e+01,-3.225661915762213994e+01,-2.221906872832285984e+01,2.311338223826615490e+01,1.753625934910121842e+01,-1.670993152267165271e+01,3.625558364948226853e+01,2.611564914625535039e+01,-4.241942001222999892e+01,-1.568840343092338152e+01,-2.472605598589924725e+01,-6.706512737983196359e+01,-6.805319366626171984e+00,1.575092934634887243e+01,-1.096202466758188976e+01,1.168606351343713046e+00,3.132970742426813615e+00,6.989375665708998042e+01,-4.182659205133172264e+01,-2.005396445214994472e+01,-8.676835609412201222e+00,4.138982857337018118e+01,1.276145263240868033e+01,1.742355537836817803e+01,5.492610487675668196e+01,7.202307024733722862e-01,7.249464552356707614e+00,-5.544271442639141867e+01,-3.825032781839782814e+01,9.492820682244895281e+00,-7.875128251202379204e+01,1.949298551745813057e+01,-2.955518130369729590e+01,1.494865076752114064e+01,-2.384793747157864185e+00,2.167426257927823841e+01,1.079117786605431561e+01,-1.137615200342722943e+01,1.470421626033229856e+01,6.551318305790013952e+00,-5.389075043007905963e-01,-3.765744066955441838e+01,5.429811998668837703e+01,6.429219253531152312e+00
-5.073315978418468930e+00,-1.631985176360681322e+01,1.071291691455645712e+01,2.700784973864083582e+01,-9.023653736218474108e+00,-3.280605778523600691e+01,3.688341315741969595e+01,-6.540142866293725987e+00,3.306577064672296729e+01,-8.876756617816671024e+00,-2.822985070164676813e+00,-6.320383601534229001e+01,1.566048129968922709e+01,-6.461518357227364007e+00,1.474353993305868293e+01,-1.563380568137438864e+01,5.664433493931583463e+00,7.260092454237928905e+01,-1.401966533236722334e+01,-3.646538988521524249e+00,-2.856743368532995930e+01,-4.968603558441045287e+00,-5.307888061607357599e-01,-3.120100237515514241e+00,1.360979869911109752e+01,-1.248878094798335425e+01,-1.447605953541869894e+01,-3.303655442235256423e+00,5.628553210103145688e+00,4.179973647356830213e+01,-1.469532649019691917e+01,2.063184050148368343e+01,1.246095945829324947e+01,1.957919649467099532e+01,-3.787618451188151170e+01,1.026833766998788455e+01,6.106522862830408016e-01,-1.394178105834861370e+01,5.342352448208911753e+00,1.744405159079178702e+01,-1.325282297442476143e+01,-1.104711534704108189e+01,-9.950071504701941905e+00,5.719037715662264532e+01,2.103843398633163986e+01,2.839685854240931207e+01,-3.563626039992703909e+01,-1.246357949900891704e+01,3.250657835306116539e+01,-6.282344106775191506e+00,5.380262572189779746e+01,-1.666769022667741851e+01,4.491758344036201223e+00,-1.753878660545043289e+01,-3.684105434185309669e-01,1.667406483573893894e+01,-2.488086213549888726e+01,-1.541992422935689611e+01,-1.292207254995035015e+01,-4.999413434742656648e+00,4.022372134972259872e+00,-1.673759153636610009e+01,3.433627442020868870e+01,2.659125077181037256e+01,-2.754482686052636353e+01,-1.448189934741727214e+01,-1.350691183427670161e+01,-4.114820616019267163e+01,-2.153597133567833666e+00,1.618469176627798234e+01,-6.939486649647349736e+00,3.774659104469493265e-01,6.347087271931948216e+00,3.922229484142023637e+01,-2.782665433702510427e+01,-1.374708931059882033e+01,-6.142739597881242908e+00,3.032082851695997050e+01,3.282763365785018372e+00,8.322202993809389326e+00,2.650502221596340391e+01,2.468333064794319576e+00,-3.893083763001734532e+00,-3.200119837628965769e+01,-2.357531186822157210e+01,7.009670088879275340e+00,-3.044460809836840554e+01,8.488629353316513360e+00,-7.959689099891766872e+00,1.841935053327026850e+01,9.055443056216478936e-01,1.167815425650069017e+01,-1.747800474486727040e+00,-7.260194083434313050e+00,2.451694936312764028e+01,-2.548314671629620776e+00,-2.841122354474057143e+00,-2.216403316473869722e+01,2.809775710626587042e+01,6.853950524274862843e+00
-3.177984113442230196e+00,9.468270905714957664e+00,3.150200657555892736e-01,9.824820299506958676e+00,7.837699533853840883e+00,-1.566932119461968931e+01,1.675607180502960603e+01,-8.738088779407739537e+00,4.834121430305610367e+00,5.587543355327774464e+00,-7.772742496472463181e+00,-1.283712283466970128e+01,1.188427709307337032e+01,-4.810744129923695489e+00,-6.652769549536175830e+00,-1.230395715502500131e+01,-2.842206659474518116e+00,2.380147607943302646e+01,-2.182911518258796590e+00,1.077270947882641217e+00,-1.128925007262157543e+01,1.431144912095749788e-02,1.918363862303858802e+00,-5.140948147081153330e+00,1.390271592079943197e+01,-1.092603679367522007e+00,4.898959342862331034e+00,-8.145584347405495862e+00,-1.631148715998381071e+00,2.872631958190179358e+00,-2.950990650088131773e+01,-3.080435897433184245e+00,1.630230835340606976e-01,1.006676513390963379e+01,-9.870057983879247487e+00,5.100612687404307621e+00,-6.019503978328324401e+00,1.061603134575392815e+01,-1.608080426967554599e+00,-1.941614854395200496e+01,-2.773512294277575396e+00,-7.600440417888035149e+00,-9.688881968554685642e+00,1.973931252854417195e+01,7.276976931942434668e+00,8.719745839664964748e+00,-6.878234905648442421e+00,-2.201964576567737808e+00,1.052363065466436609e+01,5.059907802294554280e+00,1.444976965368618593e+01,-5.879602744798688718e+00,-1.041266864563500327e+01,-3.748012057546090681e-01,1.847236762433720259e+00,-3.980289253879616851e+00,-1.594203204386929862e+00,1.153665578389762247e+00,-1.915495599796840587e+00,-1.973312314954116786e+01,-5.764386638360425863e+00,-9.710103188700250243e+00,1.873623171258790165e+01,1.568511439624010073e+01,-7.043613721818726248e+00,-7.664540859714791488e+00,-1.102963058263033203e+00,-8.308346946765983176e+00,1.538826467862855374e+00,9.633121353593420366e+00,-1.609750319838012977e+00,-2.552328532234586778e-01,5.600946059863587401e+00,4.345301313081211703e+00,-7.730694801610951572e+00,-4.184188910932244099e+00,-2.039795489279118357e+00,1.093062972375319752e+01,-3.775909841301692715e+00,-6.313301737890590903e-01,-1.672047296572416020e+00,2.476528174623335854e+00,-8.928327448882356521e+00,-4.493484652150947056e+00,-4.864212160523513795e+00,2.572389209024646739e+00,1.130061339474005599e+01,-1.674719454570460675e+00,8.324451262844231536e+00,1.274624541207247752e+01,2.495140992477587361e+00,7.763608365076841711e-01,-8.522261883630289248e+00,-1.739534866407220992e+00,2.007611827796047521e+01,-6.925935021567271477e+00,-3.024305326363103230e+00,-3.556710450590697903e+00,5.804471620820459421e-01,4.223835509169307834e+00
-1.734929656478890081e+00,-2.140591643207421235e+00,2.546097909028240291e+00,7.996631884820176950e+00,-7.289008231551177275e-01,-1.036599776233595449e+01,1.150397011562817617e+01,-3.047437549809804302e+00,8.533326207137642783e+00,-1.087877064425517126e+00,-2.014432479167851842e+00,-1.693952526121311664e+01,5.717860455070796988e+00,-2.342992601317809065e+00,2.265961873810056648e+00,-5.784981637239455132e+00,8.205691406756461248e-01,2.104024415778583190e+01,-3.641358436574061663e+00,-6.597101392192830094e-01,-8.615136276239960367e+00,-1.152841965617000586e+00,2.117416512571358433e-01,-1.623708657800505328e+00,5.593667853935517797e+00,-3.094891892495537533e+00,-2.510180413390154186e+00,-2.191342812830123776e+00,1.023814852603682546e+00,1.022152308629497952e+01,-8.572880421317938371e+00,4.259297173919252444e+00,2.926011759661496736e+00,6.311528798522703099e+00,-1.053173410223343431e+01,3.278831052256512280e+00,-9.096981304070497210e-01,-1.387092279080852641e+00,9.612953485567878875e-01,6.639657132420548891e-01,-3.566231950168866405e+00,-3.896674289667246160e+00,-4.006460426984402190e+00,1.674713404362994851e+01,6.163427887726524723e+00,8.126544048557608590e+00,-9.488174018695435308e+00,-3.282852830491354013e+00,9.397335519220511912e+00,-5.767873554312057394e-01,1.503522723569141917e+01,-4.902964026546108300e+00,-7.747778422060838110e-01,-4.143752369235944144e+00,2.370723321334756717e-01,3.181784107410137619e+00,-6.064041564675348717e+00,-3.384011584426581454e+00,-3.339415402303658631e+00,-4.610161488716412848e+00,-7.180312843028557879e-02,-5.588460533165541477e+00,1.125764940200638620e+01,8.923636748061387181e+00,-7.635578401812451510e+00,-4.706559020061174436e+00,-3.333446361097589961e+00,-1.101971973633492041e+01,-2.319182161521867735e-01,5.446445717087630811e+00,-1.894875128161615851e+00,4.317883645942333093e-02,2.454443524771016349e+00,9.879490325957521080e+00,-7.821154102791740392e+00,-3.927628105581661533e+00,-1.784743616503362329e+00,8.960194670418982099e+00,1.036316299360553472e-01,1.824847838591006965e+00,5.871045187093514528e+00,1.006642407710380160e+00,-2.465158008704753989e+00,-8.226268669036548076e+00,-6.331780487873609253e+00,2.079381375483858374e+00,-5.104865235355350528e+00,1.681251901719801323e+00,-3.964562346113229552e-01,6.509974449489739357e+00,6.465012635253238882e-01,2.851145926250867824e+00,-1.895372929898647918e+00,-1.992123966200091800e+00,9.208472676838530546e+00,-1.802614549394816246e+00,-1.189030969814077521e+00,-5.775178851465568641e+00,6.634944136255318092e+00,2.331703085709122547e+00
-1.392394801715819419e+00,-1.740470236535525217e+01,7.138437866741202953e+00,1.206853056193811824e+01,-1.133179051493314127e+01,-1.220759523732251139e+01,1.428983868521648581e+01,1.251633510533600280e+00,1.949807205854616754e+01,-9.754031471837617318e+00,3.166602325053132105e+00,-3.490868139452138763e+01,2.936439851373066734e+00,-1.272433148718303375e+00,1.447577496463640934e+01,-2.642664903918302333e+00,5.749443803824674681e+00,3.415453156344696595e+01,-8.179567119457255231e+00,-3.207357827042423004e+00,-1.217657004966675771e+01,-3.416075952669217930e+00,-1.623177142402168593e+00,1.235333830519380172e+00,2.054692927005874470e-01,-7.845625335159537528e+00,-1.314114882062847478e+01,3.081774329402204415e+00,4.929884039207650837e+00,2.677399762584041909e+01,9.295069281124559879e+00,1.616809951615575613e+01,8.436742056850496496e+00,6.816319644659152743e+00,-1.949061907006257144e+01,3.692272544361368869e+00,4.369992031617205619e+00,-1.652760718208563162e+01,4.718510456956757082e+00,2.470545435349028907e+01,-7.266107783704962131e+00,-2.585306126280061179e+00,-4.622390838396652768e-01,2.625489029411392750e+01,9.648097453599863371e+00,1.374628229823779613e+01,-1.991871659408214157e+01,-7.100143071677660345e+00,1.537997723394179417e+01,-7.628845299467929664e+00,2.740425138048509623e+01,-7.568593225352138631e+00,9.914787070872904451e+00,-1.177929726735479399e+01,-1.465154816647902480e+00,1.404516240650437275e+01,-1.601289432392492174e+01,-1.132982814734070232e+01,-7.602548057303888385e+00,9.525346797542349364e+00,6.541746050073731666e+00,-5.102115737916896876e+00,1.124360403357268012e+01,7.936097610382770284e+00,-1.426233510196756349e+01,-4.898260584164801479e+00,-8.536898233642979505e+00,-2.275918679967046643e+01,-2.486707454347082624e+00,4.773556779945664630e+00,-3.701334156189824753e+00,4.263454857082751848e-01,6.752726269491107214e-01,2.404011135716976355e+01,-1.400455622077068085e+01,-6.679005591628368599e+00,-2.872762309091646760e+00,1.361417503489288094e+01,4.729369931631575596e+00,6.120464934229953968e+00,1.927050777781850499e+01,6.675739104523474576e-02,3.191443407340392113e+00,-1.899175663601616293e+01,-1.297126592371780518e+01,3.117562534405495356e+00,-2.829200433240445278e+01,6.919472006709899148e+00,-1.092180401612061935e+01,4.262225118012699099e+00,-1.016973480813825104e+00,7.497412997036725812e+00,4.395790791677725018e+00,-3.836031785813450057e+00,3.631541517089315718e+00,2.799069168145245978e+00,3.721284513974348895e-02,-1.286190047892991828e+01,1.888397805668294538e+01,1.926757660561437824e+00
-4.808553539124867271e+00,-5.594899960768240987e+01,2.330195051472002632e+01,4.018047530824952673e+01,-3.628568038033661480e+01,-4.112780598039266522e+01,4.800893079518020556e+01,3.342600352282844689e+00,6.398321704415875644e+01,-3.133145106476678876e+01,9.668056102407961205e+00,-1.149067954907002758e+02,1.057875335424373553e+01,-4.555390686025766023e+00,4.663697587346636197e+01,-9.656347439256858678e+00,1.850623944547274746e+01,1.133744072311911282e+02,-2.685446841216771219e+01,-1.036675649680316980e+01,-4.065649953427583085e+01,-1.113712273729856683e+01,-5.130356694257448780e+00,3.593437927926051323e+00,1.844823053309614380e+00,-2.567349136853011160e+01,-4.243355205518757600e+01,9.359961284115176028e+00,1.593635581381099620e+01,8.754107383283378852e+01,2.781336759964855787e+01,5.245679468458392591e+01,2.752230879805766861e+01,2.307575476819791049e+01,-6.438448820595438349e+01,1.246992634005750311e+01,1.373994551337201742e+01,-5.299218133208873383e+01,1.524910828484061653e+01,7.891289847280690140e+01,-2.392598627737132944e+01,-9.071845221706512419e+00,-2.325938587608600727e+00,8.727384476420618853e+01,3.207318904366228907e+01,4.555750460676112112e+01,-6.552749719667473016e+01,-2.333654800778570149e+01,5.103671145895086170e+01,-2.444673577483180793e+01,9.057440580992135892e+01,-2.517474574841988755e+01,3.144784781736996138e+01,-3.843881865672059917e+01,-4.621125626470240277e+00,4.545877974059837356e+01,-5.234577824246395750e+01,-3.684412989632441793e+01,-2.495046266006522728e+01,2.939040908075784841e+01,2.084264634875924571e+01,-1.745634383746426721e+01,3.824382709926200619e+01,2.720165187578946231e+01,-4.709848251318877743e+01,-1.661879676609071055e+01,-2.792830590757645126e+01,-7.490988487048322497e+01,-7.978025589777076654e+00,1.637855102364763127e+01,-1.220446984615454333e+01,1.368557504536971337e+00,2.675088584477473663e+00,7.875151531075051992e+01,-4.631604132278984309e+01,-2.213091447785296850e+01,-9.539200668878745404e+00,4.531359575943974249e+01,1.510131943837886581e+01,1.990281198917605820e+01,6.269141220824717919e+01,4.269507757001670956e-01,9.651396959239530560e+00,-6.230355731198095270e+01,-4.270469484934947246e+01,1.038239523900028161e+01,-9.129289186736887984e+01,2.241985144825237697e+01,-3.490775946696982857e+01,1.497440263792077175e+01,-3.105049504979366493e+00,2.451139822300067550e+01,1.361256333762833393e+01,-1.265462771287685939e+01,1.353744466019633208e+01,8.541252145017196540e+00,-1.342402578637746924e-01,-4.223760878275803066e+01,6.162145919851541009e+01,6.639259316549136258e+00
-4.201384006312673058e+00,-6.052998646844704922e+01,2.414211435677611917e+01,3.930194030271639605e+01,-3.968219474191156593e+01,-3.882119502781382181e+01,4.570125699752002646e+01,5.665428776452535509e+00,6.529494979048438097e+01,-3.396834287737202374e+01,1.199834395384932861e+01,-1.162205586307139527e+02,8.016184662175529496e+00,-3.528838645952076192e+00,5.014469180639601831e+01,-6.952164088878972414e+00,1.994887471053071692e+01,1.118785351665115684e+02,-2.736640923945233439e+01,-1.104578967830627789e+01,-3.942955193744835185e+01,-1.158001793665529533e+01,-5.813733397927344448e+00,5.024217663792209798e+00,-1.568358945417782868e+00,-2.641223081824195162e+01,-4.533571439844876494e+01,1.177158220486970919e+01,1.697396201452781384e+01,9.027387418275026221e+01,3.630975441576735108e+01,5.529835194686809530e+01,2.856705734715631095e+01,2.146185454203484611e+01,-6.444934406698932605e+01,1.168288393977989692e+01,1.579124504654671135e+01,-5.774432388786132719e+01,1.625382170721453434e+01,8.689402219917793957e+01,-2.417432576755492590e+01,-7.523960583781722278e+00,1.169364067823763786e-02,8.576697145777708897e+01,3.151370339293122314e+01,4.516815309064256923e+01,-6.638760574323742958e+01,-2.370494618829466305e+01,5.041118463841318231e+01,-2.667975941343335577e+01,9.052401810984456176e+01,-2.469352522100849967e+01,3.529917748177110326e+01,-3.986107082385584732e+01,-5.266581245558946911e+00,4.824992667611418540e+01,-5.401084262032669159e+01,-3.858672520422004482e+01,-2.545435104517273572e+01,3.549758292844722263e+01,2.311014596346687000e+01,-1.571021347519582712e+01,3.505446310055825876e+01,2.434176010829967751e+01,-4.719018678341439710e+01,-1.535253116151159958e+01,-2.875338961613224598e+01,-7.578149948594629848e+01,-8.678564564557245120e+00,1.460920917750883774e+01,-1.228225139311747682e+01,1.486537420425566580e+00,1.376233175505048756e+00,8.076835371492258275e+01,-4.620460404648595443e+01,-2.195473539788549999e+01,-9.404020918011802621e+00,4.436026862693512385e+01,1.664376242775804826e+01,2.084618271681949508e+01,6.558353888332689507e+01,-1.771699588692844385e-01,1.227077777261094838e+01,-6.363444632139046320e+01,-4.316954572347128050e+01,1.014693356458024986e+01,-9.772746745830043835e+01,2.372412573374315770e+01,-3.837196895975796451e+01,1.236909252057163222e+01,-3.853157885380103398e+00,2.528359297896912139e+01,1.628637698182232540e+01,-1.271762382345893627e+01,9.037569180541540348e+00,1.061476535044438307e+01,6.187755548163077490e-01,-4.301187684814698287e+01,6.390659333675825593e+01,5.842066842807218663e+00
-5.918195902228771565e+00,-4.385560065600380142e+01,2.055780926943486620e+01,4.044554591179510794e+01,-2.752887767365227845e+01,-4.442089664758454148e+01,5.102665640549302850e+01,-1.779651420683642016e+00,5.858511091085794931e+01,-2.440554433496392051e+01,4.274561709325964465e+00,-1.074496099394015829e+02,1.565404125047283301e+01,-6.575710618353864056e+00,3.722374522126488472e+01,-1.507291659954057650e+01,1.466202503950578873e+01,1.120116634273812650e+02,-2.467171903136620514e+01,-8.490504665990883382e+00,-4.165044506755221221e+01,-9.736802851648313606e+00,-3.456062774108049407e+00,3.763966473423296932e-01,9.098882078234648674e+00,-2.305143049779025688e+01,-3.449011921347991461e+01,3.804266742585207695e+00,1.306547804705409987e+01,7.814123340289988562e+01,8.448399821111863162e+00,4.423905925622358382e+01,2.416861295240049756e+01,2.560989929805790055e+01,-6.164737982640478720e+01,1.365664712140154613e+01,8.781174238383707475e+00,-4.065059625549578470e+01,1.247658492284868537e+01,5.859244060941662724e+01,-2.242738099381899985e+01,-1.202929163244205490e+01,-7.251255463441899529e+00,8.698785577870640395e+01,3.198034543807525765e+01,4.455528353471565595e+01,-6.103677008479667876e+01,-2.160394614647622546e+01,5.032050504490567278e+01,-1.866577263921944052e+01,8.702799938602051100e+01,-2.519220377685056889e+01,2.190970625719782205e+01,-3.383410773118475134e+01,-3.048799663527946624e+00,3.763164462396405696e+01,-4.665858832650012289e+01,-3.161594948650166970e+01,-2.286182769752869248e+01,1.509172529934820872e+01,1.513308103070648336e+01,-2.050113984524802291e+01,4.354865642535364145e+01,3.224460796504997262e+01,-4.500120205644509497e+01,-1.866706197797083533e+01,-2.502987423150501911e+01,-7.001588211753927737e+01,-6.151981449666440227e+00,1.951667272475096837e+01,-1.154502465847497383e+01,1.060020952546864681e+00,5.355943773358766258e+00,7.124357853422750964e+01,-4.468650001613536915e+01,-2.161622910289978705e+01,-9.444549162849336099e+00,4.553213697079717548e+01,1.118019173681906508e+01,1.707422577897273186e+01,5.395214093103462005e+01,1.706840690642298819e+00,3.637858769735117015e+00,-5.693209320710518284e+01,-3.998351086139391697e+01,1.046903847317561720e+01,-7.379353002906097458e+01,1.871480337164406649e+01,-2.606120534687239854e+01,1.996410087253056886e+01,-1.373488496015951910e+00,2.186439434399643034e+01,7.322322124457453896e+00,-1.200876510552663312e+01,2.265297348118130927e+01,3.744548084353160888e+00,-1.745635704266583321e+00,-3.887091684607094777e+01,5.422864262937293489e+01,8.083035572457035300e+00
-6.527962359682286220e+00,-5.983739423653821632e+01,2.639917430536906551e+01,4.874206406771585876e+01,-3.821857912048068329e+01,-5.183903542483488280e+01,5.997962218312693494e+01,7.389005314391559054e-01,7.386504414682745789e+01,-3.340994416731084016e+01,8.210437326394533386e+00,-1.340955407501123204e+02,1.605932180706477297e+01,-6.808940741324347456e+00,5.030837141091361531e+01,-1.516427799700203494e+01,1.989290441248223118e+01,1.361715298250609578e+02,-3.105541458771502406e+01,-1.132220294925801163e+01,-4.978731567999125929e+01,-1.256021983532843755e+01,-5.122485496175635866e+00,2.270187788867120915e+00,6.905920749268885217e+00,-2.934464564224742489e+01,-4.617457156005612262e+01,7.733452668898600280e+00,1.741375948724680001e+01,9.976294020702970045e+01,2.113917316766471544e+01,5.811411692151941111e+01,3.110794401943628174e+01,2.952804175706569367e+01,-7.606534784067120825e+01,1.583891261868184763e+01,1.341285875302665431e+01,-5.610313857340347710e+01,1.664639447580060505e+01,8.229372170911207718e+01,-2.795637756726910084e+01,-1.287260524168976161e+01,-5.986435706663712608e+00,1.053145499154552169e+02,3.871105974620160595e+01,5.442508097466651407e+01,-7.631669220020631883e+01,-2.709301879486077524e+01,6.123284923395633683e+01,-2.582553359346947275e+01,1.072027409314266180e+02,-3.044314071072542660e+01,3.186684271677101776e+01,-4.349772076262581777e+01,-4.572640652062930577e+00,4.990650914012252315e+01,-5.961106660096020704e+01,-4.116814102837223288e+01,-2.881446755637458068e+01,2.631118772669772454e+01,2.151483843369111071e+01,-2.306430943459560723e+01,4.964954135736935115e+01,3.613267339324001171e+01,-5.558199735508476635e+01,-2.140951290359720360e+01,-3.189217990324073781e+01,-8.739842144836715931e+01,-8.467005965530198353e+00,2.182160169624702206e+01,-1.432801278981122195e+01,1.455470176179552766e+00,4.961753130065646999e+00,9.035738411307352180e+01,-5.493765927978935792e+01,-2.642066714681586248e+01,-1.147022306678621995e+01,5.491712149614948402e+01,1.572737145138984971e+01,2.223577535575057595e+01,7.014981513950684189e+01,1.341105812652671148e+00,7.790628987254374138e+00,-7.185180079496018379e+01,-4.986851427223277966e+01,1.260635829315991785e+01,-9.907741323665378275e+01,2.471348480265600500e+01,-3.649506014743978710e+01,2.131772727782970378e+01,-2.637328029116091876e+00,2.792379935283966574e+01,1.240063159721596264e+01,-1.488093044375667517e+01,2.224013963004347261e+01,7.233008912379920829e+00,-1.200952898073539554e+00,-4.888780436477370017e+01,6.972433131968982423e+01,8.956344500098531114e+00
-5.417707765056375635e+00,-6.463907062098091671e+01,2.677432249799841912e+01,4.584780417825609078e+01,-4.198016844543462867e+01,-4.673510686497255762e+01,5.460734800591516347e+01,4.143729078871704274e+00,7.338082697469997129e+01,-3.620773588442238378e+01,1.138142669719548827e+01,-1.316404966717788909e+02,1.175008250771454854e+01,-5.070370555150699232e+00,5.383792379115335791e+01,-1.067531366479655119e+01,2.137066079274422492e+01,1.295007682086730654e+02,-3.079343764215622770e+01,-1.195357433538206671e+01,-4.634446241827401991e+01,-1.280242453613406006e+01,-5.963440982669153456e+00,4.307959769219888102e+00,1.640943097999794098e+00,-2.947354092325662123e+01,-4.894565335257649963e+01,1.104014020170628996e+01,1.837484183523500292e+01,1.005278498122433035e+02,3.298909057527153266e+01,6.040445835459628654e+01,3.163079561897312075e+01,2.617787529815570480e+01,-7.366833944986964866e+01,1.415799240650611246e+01,1.600150602348988116e+01,-6.127985712669291729e+01,1.758406677115982575e+01,9.137888262363449599e+01,-2.740682190013250619e+01,-1.016571163067718864e+01,-2.339356066891192132e+00,9.963876740971237211e+01,3.661651984888809608e+01,5.206673226341140293e+01,-7.508542768658753630e+01,-2.674899138407874233e+01,5.830275143449135555e+01,-2.827567058918899789e+01,1.036151968239207690e+02,-2.873508804990059318e+01,3.650800068923443575e+01,-4.417182927029807615e+01,-5.375634726868899094e+00,5.239140599357544659e+01,-6.011556995740185272e+01,-4.239149471577513850e+01,-2.861404177606470611e+01,3.446456968290429757e+01,2.415713666288460360e+01,-1.973076418854929415e+01,4.331421317528327819e+01,3.072668768315609356e+01,-5.389588705340376862e+01,-1.883859096826029500e+01,-3.206505400127659300e+01,-8.582098130180550299e+01,-9.223693145029233875e+00,1.849451581451736359e+01,-1.397329087896372535e+01,1.581938917452673898e+00,2.881733390595386801e+00,9.037359598428886898e+01,-5.297277980945344211e+01,-2.529474887638755476e+01,-1.089477313092027444e+01,5.171008687033028650e+01,1.748897701463250343e+01,2.289972076188396599e+01,7.212038497263898762e+01,4.053313564717411221e-01,1.140214543964600757e+01,-7.146183914366530132e+01,-4.892049402363340249e+01,1.184563607273296171e+01,-1.053294826336407510e+02,2.582901161750485386e+01,-4.041306521408117902e+01,1.677306740844501931e+01,-3.655284288458372721e+00,2.814864536968315889e+01,1.594142854970779943e+01,-1.448626197574811947e+01,1.486842542986748938e+01,1.005696975894731615e+01,-4.996712753976217947e-02,-4.842869596333920157e+01,7.081278045944026189e+01,7.485990238935089636e+00
-1.910240469375703576e+00,-1.674859711643749449e+01,7.477777914524267544e+00,1.398888327857353531e+01,-1.066214197135298214e+01,-1.498066701583959670e+01,1.730607151317260417e+01,3.678495861395725264e-02,2.100082501545800184e+01,-9.345568922334583917e+00,2.170438700872318272e+00,-3.820526355284152231e+01,4.779544805744489366e+00,-2.021966519477345958e+00,1.410719754699593409e+01,-4.534504433921900279e+00,5.574086301367299434e+00,3.900906460666450926e+01,-8.832439748774877586e+00,-3.183193178480375529e+00,-1.431359601479205246e+01,-3.554544690304499710e+00,-1.411943781633388628e+00,5.411200905931090599e-01,2.228734309943857461e+00,-8.326749297663395666e+00,-1.297182873761535049e+01,2.028087698834412311e+00,4.896317686500712085e+00,2.829183040275689365e+01,5.400843650420420694e+00,1.638685734061717625e+01,8.807468666921742795e+00,8.555651241366282633e+00,-2.172288422516773210e+01,4.583370325384050759e+00,3.677420890024595046e+00,-1.566908091856513963e+01,4.679590966140553476e+00,2.290804566281281751e+01,-7.966990389729345701e+00,-3.793141998560012329e+00,-1.885390080137324897e+00,3.019572202921674986e+01,1.109963073667587174e+01,1.557551060009598487e+01,-2.173501288394561470e+01,-7.711367693765950548e+00,1.753784122910165166e+01,-7.209415305970437338e+00,3.062579765099107476e+01,-8.732061913725145175e+00,8.813670660355338526e+00,-1.231823324516296125e+01,-1.257728059989760228e+00,1.404617053432314755e+01,-1.690272557776886231e+01,-1.162876353770557181e+01,-8.192926713301403652e+00,7.057467754939165339e+00,5.975496471111263475e+00,-6.719234045437493918e+00,1.442147899552539769e+01,1.053572198535770177e+01,-1.586988594019940813e+01,-6.210544646800374657e+00,-9.047963563411405730e+00,-2.489959947237207061e+01,-2.366004481218153543e+00,6.366001276546478849e+00,-4.086901415787205671e+00,4.068971177702641606e-01,1.514755640662236669e+00,2.565889014666590739e+01,-1.570107490421598584e+01,-7.560172190903852396e+00,-3.286563885302657972e+00,1.575837431245426501e+01,4.376730685694637302e+00,6.280776835545003323e+00,1.982101032428923659e+01,4.284077196900625828e-01,2.028831912048243424e+00,-2.042431315402536285e+01,-1.420985653613343480e+01,3.618620214927232404e+00,-2.781827291785794998e+01,6.961446093443683480e+00,-1.016474686342131939e+01,6.284793296003710950e+00,-6.972121495727571228e-01,7.918380354244130892e+00,3.341575958978238781e+00,-4.245949376988585655e+00,6.690423412967544614e+00,1.910505819083466728e+00,-3.995450335842973266e-01,-1.390650564547631696e+01,1.974501452987267314e+01,2.618154912009739821e+00
-2.473424181755988105e+00,3.734362223897197630e+00,1.425754212133337528e+00,8.955986799442111845e+00,3.609927086654798334e+00,-1.309636796269698245e+01,1.421304339037519071e+01,-5.944123231271912999e+00,6.693428674920059329e+00,2.290971766906716223e+00,-4.941176077333855332e+00,-1.492972645730059256e+01,8.866622960622937200e+00,-3.603327020602969277e+00,-2.245037405479591186e+00,-9.112706858564804335e+00,-1.032474731501517917e+00,2.252595150123455880e+01,-2.917096508452147408e+00,2.179412991648098652e-01,-1.000576691460922163e+01,-5.660176610119030949e-01,1.077577805973126912e+00,-3.413007806019797918e+00,9.827872548427755817e+00,-2.092754937040609775e+00,1.234710718207525204e+00,-5.218115542018584740e+00,-3.176059662399712824e-01,6.538771666529958004e+00,-1.921954069014576305e+01,5.567519854629736642e-01,1.537636399600985193e+00,8.240664408938165764e+00,-1.023953924212045230e+01,4.215603565639847616e+00,-3.503232370803243789e+00,4.690773278264037671e+00,-3.370031851506720688e-01,-9.510529494789732752e+00,-3.179073075189136510e+00,-5.789826279337893844e+00,-6.902905472344413873e+00,1.833229745897703111e+01,6.753068569512429065e+00,8.460502377309660815e+00,-8.204262968306981207e+00,-2.748479901920059643e+00,1.000669002988626488e+01,2.277698356932131851e+00,1.480011920124214697e+01,-5.418048530031552623e+00,-5.662731150401095093e+00,-2.250515177236125375e+00,1.054124546119528993e+00,-4.351337405629065458e-01,-3.823443331105707443e+00,-1.098046840367040922e+00,-2.631415401589015879e+00,-1.229383534203899941e+01,-2.957272925656204254e+00,-7.700338684535587674e+00,1.509416167718638846e+01,1.238713281051833626e+01,-7.366845941331256142e+00,-6.225043910186414564e+00,-2.216630833408617107e+00,-9.690675821415423385e+00,6.645988919367805670e-01,7.590702545359367726e+00,-1.758131031845260761e+00,-1.078883771511927325e-01,4.059246490745957558e+00,7.115083696450365203e+00,-7.807360471057180007e+00,-4.073757809272660069e+00,-1.921326233510624260e+00,9.995593562219871941e+00,-1.862213986101371344e+00,5.874605447696523708e-01,2.072036750100646696e+00,1.755751078130923570e+00,-5.750993167628257297e+00,-6.368093717865169978e+00,-5.613921870410132797e+00,2.337774886918399631e+00,3.189011781119145184e+00,-1.276670139294155959e-02,4.021941733765967975e+00,9.697387633187368294e+00,1.586098043896725374e+00,1.811266376365664899e+00,-5.261850963538176273e+00,-1.872268523406984242e+00,1.475426767143792617e+01,-4.406657908444222116e+00,-2.124077252859338127e+00,-4.674459944129256250e+00,3.593532189521003950e+00,3.300249859426139132e+00
-5.610820104100569417e+00,-7.356211132733659497e+01,2.987852578194228315e+01,4.986634457529851261e+01,-4.801113866628019622e+01,-5.004158687635032976e+01,5.868766696897180424e+01,5.851545957401360631e+00,8.133391308551993859e+01,-4.124565152484748864e+01,1.380542937908164269e+01,-1.453260301506924748e+02,1.147163182611906507e+01,-4.994568983409893193e+00,6.109764772078163730e+01,-1.021186513492810732e+01,2.428050380986057988e+01,1.414031444386882015e+02,-3.410930342904143941e+01,-1.350959145352422297e+01,-5.021684177821763484e+01,-1.430977201391755926e+01,-6.932608336693858675e+00,5.532618928966187788e+00,-1.081179081916063822e-01,-3.278650942213374719e+01,-5.538514721214993131e+01,1.347609397846054335e+01,2.076326000211021139e+01,1.119469578804606584e+02,4.099015580732184816e+01,6.793729228346688842e+01,3.532726969783657012e+01,2.784976888773835313e+01,-8.095178473306441447e+01,1.511025086678866636e+01,1.872384977658701644e+01,-6.996823671525257282e+01,1.987628087262350007e+01,1.048356469885310247e+02,-3.024198063466478814e+01,-1.029935572072943728e+01,-1.261028197325343436e+00,1.085973033574556013e+02,3.990551432910558560e+01,5.697087621739374441e+01,-8.295341292344713224e+01,-2.958663732862657980e+01,6.368816907253494719e+01,-3.230720659604093470e+01,1.137801661067342565e+02,-3.129255252916321695e+01,4.225522253273316409e+01,-4.931333424451247538e+01,-6.265750590910112550e+00,5.910773711476474546e+01,-6.696145609794321274e+01,-4.753716716895276306e+01,-3.171100163929927263e+01,4.127345119019268083e+01,2.780280830240733891e+01,-2.069440717372987137e+01,4.579005100868729272e+01,3.214864254575335423e+01,-5.924924003248091253e+01,-1.998306492958489144e+01,-3.568129350757815388e+01,-9.475151993961600283e+01,-1.052319507692164535e+01,1.932355016889933097e+01,-1.539145449924820674e+01,1.803600485691337241e+00,2.438205373572107426e+00,1.003930251299170777e+02,-5.812161572580674829e+01,-2.768451248174089585e+01,-1.189088410046709576e+01,5.626346689446214100e+01,2.007282455431176871e+01,2.568052790748890146e+01,8.083408201960064332e+01,1.070563303828803159e-01,1.399000278233641836e+01,-7.923686680096896851e+01,-5.399325586277112166e+01,1.287915679392878587e+01,-1.192929786058983836e+02,2.910000015021786979e+01,-4.632776279599475089e+01,1.696483021541582303e+01,-4.433618907806829768e+00,3.135000312907656905e+01,1.900630725384450415e+01,-1.594661329006421191e+01,1.381235746789095487e+01,1.220695198416014549e+01,3.666092528838045261e-01,-5.362626973598070634e+01,7.905808448928929977e+01,7.776207281794284221e+00
-1.441090001152843358e+00,-1.682824145482869227e+01,7.003152714580375360e+00,1.206367980920398075e+01,-1.091616147212110022e+01,-1.234076637699444134e+01,1.440751599371360747e+01,1.016064948550532199e+00,1.922428480940175533e+01,-9.424191583929708571e+00,2.915963041204511441e+00,-3.451926115321278132e+01,3.163982571564180279e+00,-1.362865683341821343e+00,1.402576685907294873e+01,-2.886198376959457690e+00,5.565895472367158980e+00,3.404435782020642165e+01,-8.068445038002892034e+00,-3.117209593435060988e+00,-1.220483783025919600e+01,-3.347358997281153048e+00,-1.544472466071750372e+00,1.086753527921781481e+00,5.362999795227265665e-01,-7.714919431178912212e+00,-1.276010567993166589e+01,2.823850387086016767e+00,4.791915764686853763e+00,2.630732794662877438e+01,8.398079783816179145e+00,1.577028420584976232e+01,8.271809673366355753e+00,6.922419894063353674e+00,-1.933830637145944920e+01,3.741255905104795776e+00,4.137505994442013169e+00,-1.594104942622698395e+01,4.585328547235275387e+00,2.374320669209467738e+01,-7.187497138340980030e+00,-2.716670876592736761e+00,-6.864112178013823673e-01,2.620496117568294636e+01,9.630308809449330099e+00,1.368122827135617392e+01,-1.968575683603421922e+01,-7.011084499255980873e+00,1.532568413606200153e+01,-7.354252396087493260e+00,2.720388275666871536e+01,-7.558760069030010520e+00,9.465483155456517750e+00,-1.155256636518166147e+01,-1.391326518035160165e+00,1.366815811760392307e+01,-1.573080644949690310e+01,-1.107526959191011251e+01,-7.496532348961554959e+00,8.859289817635952247e+00,6.271939001075432785e+00,-5.233932808865007225e+00,1.146995705192156301e+01,8.155142519498758347e+00,-1.414657112732411193e+01,-4.984876256639434899e+00,-8.392606200348085466e+00,-2.250382967007728041e+01,-2.399863153774129287e+00,4.910095260993294630e+00,-3.666034573667667384e+00,4.116632056164398756e-01,7.966947070217129667e-01,2.366363936757121422e+01,-1.391050474789562585e+01,-6.646131602474427247e+00,-2.864407061542422639e+00,1.360502954940724152e+01,4.543743498721005913e+00,5.982754938772316677e+00,1.884452909202183690e+01,1.250855720067151622e-01,2.912466673399052297e+00,-1.871989660786380583e+01,-1.282883650583539747e+01,3.117138858248603039e+00,-2.745349132105977574e+01,6.740632772866528732e+00,-1.050265399797555332e+01,4.483998948780684835e+00,-9.365061967237623408e-01,7.366057605091957505e+00,4.102492153728664270e+00,-3.801163012604607427e+00,4.042529080523196150e+00,2.576187214297315897e+00,-3.639328527209784170e-02,-1.269015976485511388e+01,1.852000261208489462e+01,1.989954248562063155e+00
-5.843188647262739011e+00,-7.315739602554472754e+01,2.999496755552913285e+01,5.068831343541351231e+01,-4.763508306700040151e+01,-5.125858288278735131e+01,6.000555474705953429e+01,5.280417600439426984e+00,8.191928137080836336e+01,-4.099991617050878290e+01,1.332479369360801691e+01,-1.466554038811206908e+02,1.231029310374776919e+01,-5.335175971154522578e+00,6.084325566202925728e+01,-1.107483924915275431e+01,2.416601880920938328e+01,1.434600499408012979e+02,-3.436529410986590705e+01,-1.347991769693891229e+01,-5.113876743054113660e+01,-1.435439069674952250e+01,-6.825214465722149626e+00,5.203260118441156656e+00,8.298879606602533876e-01,-3.296469699806812059e+01,-5.523092936070927550e+01,1.296924457772087891e+01,2.071930979212421065e+01,1.124974569964509357e+02,3.912898993045399720e+01,6.794579949888476733e+01,3.545080987712049847e+01,2.861793248262802081e+01,-8.187583136412311546e+01,1.550264635024340620e+01,1.837721513650978267e+01,-6.947460594034551207e+01,1.983106211019052623e+01,1.038591330507987749e+02,-3.052551375609724005e+01,-1.084514925534498886e+01,-1.918986938730422587e+00,1.102755321471215950e+02,4.052378816953446972e+01,5.774089105528690169e+01,-8.368190567094977439e+01,-2.982950675828834264e+01,6.460133369234350198e+01,-3.206860954810334619e+01,1.151178926604190309e+02,-3.178907486211119249e+01,4.168703608920783665e+01,-4.949572161310744889e+01,-6.161033059782464072e+00,5.902738253620840680e+01,-6.728236494792746214e+01,-4.761073407437400817e+01,-3.194130341151056385e+01,4.007306224766851699e+01,2.750231411520950431e+01,-2.141570439215615451e+01,4.720050163917036912e+01,3.330970547269603799e+01,-5.991338382572810417e+01,-2.056403288624470349e+01,-3.586940178463000706e+01,-9.561412027157528826e+01,-1.045285573831504244e+01,2.003528462766702845e+01,-1.554913341424948037e+01,1.792119267983939279e+00,2.824002825179004361e+00,1.010061148990728555e+02,-5.882854127452436899e+01,-2.805511088375454420e+01,-1.206643722293983956e+01,5.718044969509867315e+01,1.988191635614367314e+01,2.571972372331157430e+01,8.097873053541739807e+01,2.745482242938380169e-01,1.343195998422378246e+01,-7.979256387408312889e+01,-5.449355982140301791e+01,1.309380501211876791e+01,-1.189102694972331733e+02,2.907966635156591195e+01,-4.591349186952110273e+01,1.787916811257653649e+01,-4.279335347827072589e+00,3.150227012674872284e+01,1.849165118884134884e+01,-1.611482037773737375e+01,1.521137561543173788e+01,1.177837870159482669e+01,1.636545626281066257e-01,-5.403715608291313544e+01,7.934910538252816536e+01,8.086062515557976837e+00
-5.961273494032081288e+00,-6.967407022362709768e+01,2.898956274237974995e+01,4.992533609708369369e+01,-4.519849442539104700e+01,-5.106461625265619375e+01,5.961861433429569956e+01,4.217630171185136945e+00,7.957370567847812026e+01,-3.901941501053491379e+01,1.208109685503821140e+01,-1.428776034009048885e+02,1.308176788046300842e+01,-5.635297768427194320e+00,5.806932789938607442e+01,-1.193130763456077048e+01,2.304412771118257197e+01,1.408971978728748979e+02,-3.339693296165951608e+01,-1.290530614541011012e+01,-5.050772983242539027e+01,-1.385661660942289863e+01,-6.395977842160882609e+00,4.505488154923858346e+00,2.201642878272860759e+00,-3.193493534847783977e+01,-5.282772429067779996e+01,1.170028442960376935e+01,1.983858814863979347e+01,1.088969932541597103e+02,3.480342961672510427e+01,6.528613546091780506e+01,3.424144716119606358e+01,2.864245539430965337e+01,-8.003903859027234091e+01,1.548040610323981703e+01,1.713542790207714717e+01,-6.600300381231636493e+01,1.898337716754329563e+01,9.831216103059004752e+01,-2.974941334573073348e+01,-1.123576444888233539e+01,-2.828615617226243550e+00,1.084509124334341692e+02,3.985562046148302784e+01,5.662273990905993770e+01,-8.148129150840573232e+01,-2.901989900466668715e+01,6.342767782220396811e+01,-3.045007645706719046e+01,1.125930115650344874e+02,-3.128216730178769467e+01,3.919673126956555365e+01,-4.782206015986881908e+01,-5.761926652255425552e+00,5.658544690225549090e+01,-6.511652680731022258e+01,-4.584828423335118686e+01,-3.102981933615163967e+01,3.669969477498067079e+01,2.597070639939670045e+01,-2.165333178209797893e+01,4.745578786773353386e+01,3.373794893174246567e+01,-5.855127395632981546e+01,-2.062505474126687233e+01,-3.474024753861795745e+01,-9.314498355699022625e+01,-9.936417591034555130e+00,2.031288831574660847e+01,-1.517364382854507809e+01,1.704442927556057752e+00,3.290552290901334054e+00,9.795133295138847984e+01,-5.757315318983054908e+01,-2.750653015427168668e+01,-1.185468835263590748e+01,5.630438396907304366e+01,1.881410297955596533e+01,2.476681636175161572e+01,7.801029617160250496e+01,5.145210805606338367e-01,1.206815313404830547e+01,-7.748621073252149927e+01,-5.309931573895862300e+01,1.290018208823728330e+01,-1.136603686293043864e+02,2.790547928030073521e+01,-4.348739923875279345e+01,1.854491552022025047e+01,-3.880027729430881145e+00,3.049121907140835575e+01,1.699379899362819302e+01,-1.573284447841339073e+01,1.670772101828801937e+01,1.067345303822224167e+01,-1.466488043346596548e-01,-5.252698568069673257e+01,7.666391718010659417e+01,8.231946227772196423e+00
-3.921356253586557816e+00,-1.282393887253451936e+00,4.599854406919608785e+00,1.679340424245173580e+01,7.885846456237448621e-01,-2.254826165963260820e+01,2.485537589758111920e+01,-7.726061985505347174e+00,1.641997807841383406e+01,-4.457392789267382582e-01,-5.637377421128123345e+00,-3.345603316696571028e+01,1.329832442863030906e+01,-5.433538596186079594e+00,2.252495213832165888e+00,-1.352883801738875391e+01,7.006857891412741068e-01,4.364161197310232865e+01,-7.038658187427966340e+00,-8.840794706201249298e-01,-1.827940321746939745e+01,-2.041076314819671556e+00,8.850482169728624005e-01,-4.245387487815235339e+00,1.361407966742252107e+01,-5.779794793012640319e+00,-3.151448842204015222e+00,-6.050192766822762636e+00,1.382822259877781512e+00,1.889353173212783332e+01,-2.304337945739144544e+01,6.736932666879434706e+00,5.233367972928290257e+00,1.386867231425397584e+01,-2.130210769181149644e+01,7.170482711313185931e+00,-3.212218068179698349e+00,3.589561181092655318e-01,1.278053340933935633e+00,-3.978696987528394402e+00,-7.062249117632263484e+00,-8.930283490357084020e+00,-9.679654198201610882e+00,3.494781584398648988e+01,1.286508071720454716e+01,1.673035981404107275e+01,-1.865652187367788528e+01,-6.407811514746915904e+00,1.946351671779052595e+01,3.206904022871368554e-01,3.050652221789389884e+01,-1.025820118259061786e+01,-4.139609747311236987e+00,-7.449603047287768121e+00,9.110895391519397979e-01,4.586694336211919243e+00,-1.117959654440887007e+01,-5.696076574836753892e+00,-6.432061889278108957e+00,-1.341796832953578189e+01,-1.658232164550750731e+00,-1.249139510402386222e+01,2.494433801706582088e+01,1.999403851408740351e+01,-1.541436271097656885e+01,-1.038385652291801264e+01,-6.205686849420006368e+00,-2.175293272145978918e+01,-2.697741119481067429e-03,1.221904905765729765e+01,-3.788581049974797388e+00,8.806194798189670436e-03,5.841083861475641292e+00,1.867794646787736923e+01,-1.592600212636333801e+01,-8.077921661984230894e+00,-3.707441741507959687e+00,1.879621745678911182e+01,-8.189638863935448931e-01,3.069196513445314967e+00,9.969834803918772081e+00,2.443253523658380111e+00,-6.743754118258173058e+00,-1.578486428450163714e+01,-1.252293255390828541e+01,4.371504426451684466e+00,-6.053712810994422711e+00,2.537393452492476165e+00,1.507533538903793158e+00,1.493226903459612842e+01,1.809388865435687777e+00,5.263459586422432501e+00,-5.625245795571219176e+00,-3.995545540633556048e+00,2.166540753667030472e+01,-5.036771173670637758e+00,-2.912244216737139180e+00,-1.118841083652694657e+01,1.192301966505827160e+01,5.257646051184751812e+00
-6.564789875021057597e+00,-6.305090983726124421e+01,2.748220696757634229e+01,5.005302064612234858e+01,-4.040446402923684133e+01,-5.284433272592406183e+01,6.124515444794923980e+01,1.420935722718825289e+00,7.660086536268329382e+01,-3.522662175772557447e+01,9.133710374648590147e+00,-1.387595903839469429e+02,1.584695454876867160e+01,-6.735890269214761972e+00,5.291270446772188052e+01,-1.488312568774378519e+01,2.093847217674157335e+01,1.401056522277294221e+02,-3.219443618980439936e+01,-1.187703199639660490e+01,-5.103297037965601390e+01,-1.308773971120970536e+01,-5.480126205755764701e+00,2.748387212034399063e+00,6.159503077557517692e+00,-3.049319900912728443e+01,-4.847496472912715859e+01,8.664513216522598427e+00,1.826518099074055002e+01,1.037304033599811106e+02,2.422395623014837440e+01,6.077945243643164019e+01,3.239966685488333553e+01,3.001562790864384667e+01,-7.851817170189443118e+01,1.612274985465526456e+01,1.442355622740780241e+01,-5.924565351816124803e+01,1.746393357682584835e+01,8.718968443749929520e+01,-2.892150005859058126e+01,-1.284585240456278221e+01,-5.515446189104610042e+00,1.082579888222533100e+02,3.979141001453898241e+01,5.605657534615558291e+01,-7.900296819441879848e+01,-2.806453950159027144e+01,6.301528151730158811e+01,-2.728500198588056946e+01,1.106194397292676825e+02,-3.128106315968091167e+01,3.397835657406309195e+01,-4.529297379492776088e+01,-4.901935372171536187e+00,5.229487505503788469e+01,-6.199084397490028664e+01,-4.297963547300921761e+01,-2.987948614654103352e+01,2.888429590436945205e+01,2.284611669137202483e+01,-2.330754685693796802e+01,5.033455554912822549e+01,3.647847188548870889e+01,-5.738686975331452089e+01,-2.173580301968156903e+01,-3.314673966728734911e+01,-9.044262505092507354e+01,-8.936551220406284912e+00,2.201848764734590702e+01,-1.480862165218313820e+01,1.535492371469168837e+00,4.752401965414581930e+00,9.382089257352842537e+01,-5.666433106362826067e+01,-2.721631347764115105e+01,-1.179900735207198004e+01,5.640450908926612783e+01,1.666791269586549262e+01,2.321481326119231170e+01,7.321468184719955730e+01,1.212794218993180184e+00,8.782407305354759330e+00,-7.452861865193125368e+01,-5.159629432709843400e+01,1.294308002916805833e+01,-1.040721746988057674e+02,2.587411600815320867e+01,-3.864497216055901418e+01,2.126153846829313565e+01,-2.933779940859111424e+00,2.903636173996146752e+01,1.355537974909369048e+01,-1.537504440152943452e+01,2.167647299221438573e+01,8.052219054042293322e+00,-1.025952657947905244e+00,-5.067189899827838673e+01,7.260353345093730582e+01,9.017030943726773273e+00
-4.757429650908637342e+00,-6.906673212707956111e+01,2.750802983944514679e+01,4.469285417631756019e+01,-4.529422015203016372e+01,-4.408941614675067200e+01,5.191921693647431368e+01,6.539149341037171048e+00,7.436054333469057553e+01,-3.876161953785323533e+01,1.374660680187041883e+01,-1.323164251143288652e+02,9.021731416532329462e+00,-3.975499119807225590e+00,5.720543302421874188e+01,-7.805239012864361392e+00,2.275968355895716755e+01,1.272641741050021693e+02,-3.116448720177217879e+01,-1.259742465227659736e+01,-4.482434016096826213e+01,-1.319608836351943459e+01,-6.643263305164409438e+00,5.774235623962256980e+00,-1.919492180267152959e+00,-3.008753156233334991e+01,-5.170870007596950302e+01,1.349174895154928322e+01,1.935811396868675160e+01,1.028438156172238820e+02,4.165737126835875870e+01,6.304427222325483626e+01,3.255189791656838594e+01,2.436097066506484410e+01,-7.334902341791681124e+01,1.326464319211530629e+01,1.805210741810272168e+01,-6.590326439617187759e+01,1.853726215948399414e+01,9.920438716521850608e+01,-2.752134502715662379e+01,-8.501578189703552724e+00,1.055096748831467757e-01,9.754751994751245547e+01,3.584204859593879178e+01,5.138818212122098572e+01,-7.558622543829206109e+01,-2.699190380182294646e+01,5.734568985841093536e+01,-3.045093012541286015e+01,1.030187159607075245e+02,-2.808344350001214451e+01,4.032407387710248514e+01,-4.541992019681510584e+01,-6.019082040360451025e+00,5.502083564415981698e+01,-6.153262078138916280e+01,-4.398228844414837369e+01,-2.898815504959728884e+01,4.063884468814852369e+01,2.638989748215902509e+01,-1.781010995561281618e+01,3.976787547559295177e+01,2.758929739457674302e+01,-5.370832807189193403e+01,-1.742197721436523139e+01,-3.275528893416766607e+01,-8.627738390848553252e+01,-9.904256415725127383e+00,1.655619838931315257e+01,-1.398086299633182250e+01,1.696404765864484299e+00,1.514989871123630261e+00,9.199783513727638251e+01,-5.257867494713948986e+01,-2.497860000117189472e+01,-1.069689804878780670e+01,5.044652606153734808e+01,1.900224285361243659e+01,2.376117121985769742e+01,7.475130613288146719e+01,-2.254559189206227221e-01,1.406805215208430226e+01,-7.247156578129390425e+01,-4.914736220260336808e+01,1.153841315417115787e+01,-1.114723714217883810e+02,2.705064421895793103e+01,-4.380579000662132216e+01,1.397386490742630194e+01,-4.414586880140662473e+00,2.880440676378850284e+01,1.864014489659497542e+01,-1.447575467050138798e+01,1.010770434941604279e+01,1.216189974830564680e+01,7.338971833529654987e-01,-4.898013155604660795e+01,7.281891991097111827e+01,6.617110981272253944e+00
-7.159331493659696122e+00,-6.357228674815485192e+01,2.828581121986548297e+01,5.271694769015103077e+01,-4.050888795601786541e+01,-5.634405569326002450e+01,6.511903692265767063e+01,3.266003521212006433e-01,7.935404501534770816e+01,-3.547930081656477341e+01,8.378686453643098275e+00,-1.442762920572484404e+02,1.782875560718930785e+01,-7.547031981195203798e+00,5.351802239047074750e+01,-1.689263072450398795e+01,2.115081244648095193e+01,1.470823423659111882e+02,-3.337118164151096522e+01,-1.206688596493391152e+01,-5.391410506526681701e+01,-1.344911471461935015e+01,-5.383310763226579532e+00,2.157624225235030835e+00,8.134335924476735258e+00,-3.148126100529892568e+01,-4.918467715335827251e+01,7.848090964807161285e+00,1.856046318343484458e+01,1.069820211623422210e+02,2.106733292393960255e+01,6.206661305763606151e+01,3.332002664694245908e+01,3.215483759128614594e+01,-8.197797883643787031e+01,1.723202132565524636e+01,1.404282817154705221e+01,-5.951249835923531606e+01,1.773997138977095389e+01,8.709025712144811848e+01,-3.008404049352554566e+01,-1.418853208455609050e+01,-6.925657042753317505e+00,1.138237237973196301e+02,4.183995642906430845e+01,5.874373868671424503e+01,-8.208803961463462429e+01,-2.912913758761349925e+01,6.612962899108183024e+01,-2.738573346989749169e+01,1.155643925998926989e+02,-3.291210678308890181e+01,3.357032932152226579e+01,-4.659864761728204030e+01,-4.798301828589464080e+00,5.322980166120778023e+01,-6.391816187164940288e+01,-4.402278648267455452e+01,-3.095728604452814636e+01,2.712555641482851598e+01,2.273224663222916320e+01,-2.521430605830918381e+01,5.416255635591331696e+01,3.952603243788117027e+01,-5.989347456237086220e+01,-2.333352791719350705e+01,-3.420979110988824345e+01,-9.403074591983897790e+01,-8.984909192266028910e+00,2.387948238005765944e+01,-1.542848016739629102e+01,1.544991223591698271e+00,5.611023833695789165e+00,9.698856535231475107e+01,-5.924003194026715846e+01,-2.851456484978372430e+01,-1.239113680839002463e+01,5.938819215091056947e+01,1.664058109487399051e+01,2.377719254223677225e+01,7.502970401429851677e+01,1.567784415217133853e+00,7.867695724472727470e+00,-7.718008819889264771e+01,-5.365941135042884014e+01,1.363606592894371161e+01,-1.054942921068093113e+02,2.637492023077868808e+01,-3.863740756604776294e+01,2.350545456171237646e+01,-2.691457091653981948e+00,2.994295858473016736e+01,1.282582255981112240e+01,-1.602746279919318440e+01,2.488295973897185576e+01,7.377053552961378102e+00,-1.446831691356544880e+00,-5.253971171074197599e+01,7.469385634815640174e+01,9.815330834963354789e+00
-3.867191445069116718e+00,-1.964967544828528645e+01,1.050773485155322184e+01,2.318412193993948733e+01,-1.181765247322094226e+01,-2.679381523935008147e+01,3.043907692176753699e+01,-3.285955795513702427e+00,3.101852010490475919e+01,-1.084812132450041844e+01,4.657967166712495555e-02,-5.797364254328214628e+01,1.117787187027748530e+01,-4.645937744526966284e+00,1.705572313781174643e+01,-1.099775946572314922e+01,6.657567658947638023e+00,6.327746655728611813e+01,-1.310284735882224894e+01,-4.010387103271385811e+00,-2.419444452300583492e+01,-4.932175427028711034e+00,-1.228721894854758911e+00,-1.211641698571376047e+00,8.405361260747071128e+00,-1.198400368690782614e+01,-1.614835069388377775e+01,-2.935483829930110034e-01,6.178574876339807176e+00,4.039741479697612192e+01,-3.767411988209307339e+00,2.158667843863181801e+01,1.229676958034524858e+01,1.572918242834203895e+01,-3.394474864678211645e+01,8.314700345340526155e+00,2.809495699581438188e+00,-1.771178573089486008e+01,5.886328113866500011e+00,2.440673578703136570e+01,-1.212619502114993608e+01,-8.171666976386813275e+00,-6.319167043240612180e+00,4.948346560092542745e+01,1.819762767470648157e+01,2.496609103277861408e+01,-3.281902697336779795e+01,-1.155283525830821567e+01,2.838087620532070332e+01,-8.082279255601697798e+00,4.806082336424316281e+01,-1.437516889705885070e+01,8.266554869028688302e+00,-1.725447280744005951e+01,-1.041663101879413134e+00,1.799156359125295879e+01,-2.408850718830907311e+01,-1.571300839263422056e+01,-1.211237021715348483e+01,2.267544080136111972e+00,6.099195964391243230e+00,-1.304199517300651401e+01,2.718828893208215902e+01,2.062534483995454693e+01,-2.473489909531475206e+01,-1.155417636848490659e+01,-1.298980329127197564e+01,-3.776113076836561788e+01,-2.698958131831028062e+00,1.252191808940964890e+01,-6.291900669280137137e+00,4.677506266443949290e-01,4.243143964251587796e+00,3.730238922602286777e+01,-2.476279712519719567e+01,-1.209981507408664925e+01,-5.344379811881504239e+00,2.606443916103694391e+01,4.637734372845883968e+00,8.483564175281022912e+00,2.689494252331027013e+01,1.540883774139482965e+00,-5.914422036227486856e-01,-3.008759543880451659e+01,-2.159663360597873449e+01,6.009037594384923686e+00,-3.432686646716778966e+01,9.030618498300743369e+00,-1.094082846879809523e+01,1.359800576960029517e+01,-1.561385117570868175e-02,1.129596341389256509e+01,1.387174423733959827e+00,-6.562399607314990391e+00,1.696072909935260142e+01,8.898864961693675468e-03,-1.709985140584530994e+00,-2.067591533090770994e+01,2.764959821597959433e+01,5.249967963376070301e+00
-5.161139620728990351e+00,-5.672790655039148078e+01,2.393107996785905556e+01,4.192948670123904265e+01,-3.666940084760228302e+01,-4.331970154268925199e+01,5.045771928595686973e+01,2.804329190981901476e+00,6.599472507456567882e+01,-3.174722277690191774e+01,9.363525403979181760e+00,-1.188166084942008780e+02,1.170455612202951556e+01,-5.018224367608904224e+00,4.737494893741892810e+01,-1.078817017344784013e+01,1.878460249433873130e+01,1.180289222303892558e+02,-2.770973908025118249e+01,-1.055953189478836940e+01,-4.252269497750243943e+01,-1.142601577465445217e+01,-5.126632882920024059e+00,3.319102407510850394e+00,2.887704052667479537e+00,-2.641999853455890346e+01,-4.318760326745381661e+01,9.020730385782858463e+00,1.623448214831613967e+01,9.002546939102403201e+01,2.642570987974572461e+01,5.360189774077756653e+01,2.825042426308437271e+01,2.439681609520864924e+01,-6.676680596200934303e+01,1.315953061635558008e+01,1.366687171187201955e+01,-5.361198555999554571e+01,1.553099519724852939e+01,7.957773742265968053e+01,-2.474728636226001655e+01,-9.851875891120096540e+00,-3.079808217683346783e+00,9.095823804461106477e+01,3.342883497632756473e+01,4.736741122958905947e+01,-6.772547897809386086e+01,-2.410160498115529748e+01,5.311833387809500095e+01,-2.472104412209701607e+01,9.396620630184672507e+01,-2.625082017200053386e+01,3.152137086360737328e+01,-3.946626287991163196e+01,-4.609235462381308324e+00,4.635732111553071633e+01,-5.382250145886566628e+01,-3.772068704815595197e+01,-2.573703313059234432e+01,2.874341608960829575e+01,2.097272303683676853e+01,-1.860560070867787630e+01,4.058011154495997630e+01,2.903215747906204669e+01,-4.882856178264485436e+01,-1.759987360258328692e+01,-2.873425080902143947e+01,-7.745444188291131127e+01,-8.075590282119840424e+00,1.749424251807781872e+01,-1.263736303941445094e+01,1.385919171859331112e+00,3.145520644330772608e+00,8.111248657171978493e+01,-4.807491887656191665e+01,-2.300643185137350955e+01,-9.933486017710668747e+00,4.727536054743727334e+01,1.522423257993727752e+01,2.037573703193166708e+01,6.420372090695084921e+01,6.152815945657721386e-01,9.263740687168869670e+00,-6.424696565720917363e+01,-4.416444211268363063e+01,1.083674189317921588e+01,-9.286073728121890269e+01,2.288363570254335144e+01,-3.522077922915871540e+01,1.627631234475076738e+01,-3.007330405499502035e+00,2.520502438415206115e+01,1.335708000792179817e+01,-1.310852642205636975e+01,1.532646265305310962e+01,8.267985195503991136e+00,-3.541494566811417277e-01,-4.359163420504954445e+01,6.326710039949195163e+01,7.114341144048491827e+00
-3.794316881775695371e+00,-5.361841886424475945e+01,2.146298563034904916e+01,3.511690933476222654e+01,-3.512022257472388276e+01,-3.480036766054361408e+01,4.093581638878681872e+01,4.869757850524646159e+00,5.812440600230391397e+01,-3.008450138649299177e+01,1.051661348156382658e+01,-1.035376762382894498e+02,7.349790436994257270e+00,-3.227507993893460547e+00,4.444152646392424799e+01,-6.412062349893645319e+00,1.767630057619523143e+01,9.988631463571756797e+01,-2.436406357278734092e+01,-9.796860840318727170e+00,-3.525807427501361246e+01,-1.029181171398046679e+01,-5.130780269664411364e+00,4.368017026154578986e+00,-1.130512643933925920e+00,-2.349535142687038203e+01,-4.020063497485150350e+01,1.030800810266711842e+01,1.505520480938548111e+01,8.028799857501834936e+01,3.171224659182672667e+01,4.908967856003572905e+01,2.539290450673245658e+01,1.926559043335159771e+01,-5.746826408334748493e+01,1.048014861402931075e+01,1.392088467071738123e+01,-5.112083254658761433e+01,1.441559591869645729e+01,7.686175313620729810e+01,-2.153819515725092515e+01,-6.831146540550433244e+00,-1.731807287029812903e-01,7.660192617376691260e+01,2.814661020645353062e+01,4.030974148451160488e+01,-5.913426575598143131e+01,-2.111019116744981261e+01,4.500381852223365087e+01,-2.361655465072455939e+01,8.072967167226681795e+01,-2.205849963327563756e+01,3.117589901044372880e+01,-3.543480499719745325e+01,-4.645830272699685182e+00,4.280813309093890240e+01,-4.803393631677111841e+01,-3.427323306793966395e+01,-2.265959870481010796e+01,3.117564445251887406e+01,2.043060763998242635e+01,-1.414689198276014892e+01,3.151068173255061922e+01,2.193164156488408167e+01,-4.207512621020493526e+01,-1.379023430156937380e+01,-2.557632171480214822e+01,-6.751046231745546322e+01,-7.684174598709480719e+00,1.316688333990861892e+01,-1.094671328901767815e+01,1.316368167539109235e+00,1.329288158595898661e+00,7.186758903036604806e+01,-4.121217847333447537e+01,-1.959219655593115661e+01,-8.396748968635119326e+00,3.963359959872506977e+01,1.472109370848470533e+01,1.851569870811275820e+01,5.825762667439485654e+01,-1.105426235211266206e-01,1.073685238708336698e+01,-5.664213051945815636e+01,-3.846036995313449580e+01,9.067125493198513908e+00,-8.664406132578400843e+01,2.105378660243069433e+01,-3.394649831087764369e+01,1.123489741167183098e+01,-3.377332781882912638e+00,2.248624941546445655e+01,1.431352841862763370e+01,-1.133612240035606256e+01,8.412785676062746631e+00,9.302961478628057890e+00,4.926539847112560988e-01,-3.829546404532538872e+01,5.680986947929407904e+01,5.272337787998452541e+00
-5.907404682621233416e-01,-7.083313212936978687e+00,2.930855652174751302e+00,5.011850580803321797e+00,-4.601545610719940171e+00,-5.104652234035301994e+00,5.965651078323809031e+00,4.601111309490242829e-01,8.029699322613288004e+00,-3.967946024448233633e+00,1.251734070660497355e+00,-1.440167636416131280e+01,1.277512782618864140e+00,-5.515051051797267290e-01,5.898781389282860665e+00,-1.159542380168818942e+00,2.341637465141803265e+00,1.415929977614767665e+01,-3.369458428943829187e+00,-1.309403315009599167e+00,-5.065135534165809972e+00,-1.401541860894858660e+00,-6.542639336216408141e-01,4.754221297101982047e-01,1.693288805458639246e-01,-3.225772871286572308e+00,-5.361904712853407418e+00,1.214648643779113968e+00,2.012775269677129497e+00,1.100304440293383301e+01,3.633331444381151520e+00,6.614995912556254076e+00,3.462625403191924800e+00,2.858327454168714254e+00,-8.057439313303659034e+00,1.546147448461899998e+00,1.756211772927290360e+00,-6.716418322225297999e+00,1.926188935806584457e+00,1.001800278663400334e+01,-2.998274377100434762e+00,-1.107242827534166141e+00,-2.489122380621429653e-01,1.089320319210715304e+01,4.003155671057115228e+00,5.693480470905749158e+00,-8.214792492806571644e+00,-2.926683022928294520e+00,6.374823833867875322e+00,-3.099200618151644715e+00,1.133244161507888137e+01,-3.141381077002963540e+00,4.004395943218431064e+00,-4.835384097426503658e+00,-5.898617403443556784e-01,5.738443295519394916e+00,-6.579903027967855422e+00,-4.641617597132218442e+00,-3.131069820916253743e+00,3.787606513310582734e+00,2.648851185284905263e+00,-2.152801639913846543e+00,4.727878980141829501e+00,3.352136561242286206e+00,-5.894968341100111253e+00,-2.056649144127401740e+00,-3.509468211676841420e+00,-9.388994630043308476e+00,-1.010894927814115274e+00,2.017521815320289846e+00,-1.528516601623225668e+00,1.733703152708945816e-01,3.113203884434450619e-01,9.890326443310884841e+00,-5.793402594744152978e+00,-2.766011233121937085e+00,-1.191180319398650100e+00,5.652797314332226541e+00,1.917386954015817713e+00,2.507389819987042134e+00,7.896539410545456050e+00,4.253637760131945972e-02,1.254859321356284418e+00,-7.819872903198808345e+00,-5.351909146851093091e+00,1.294879965728610083e+00,-1.153921003519589306e+01,2.828844566503871949e+00,-4.430349740551740467e+00,1.826759175292532955e+00,-4.020088276074960110e-01,3.080965953121583389e+00,1.751491136140601146e+00,-1.584577283984880847e+00,1.612814088585700745e+00,1.106112543098935141e+00,-3.226989738804725283e-03,-5.299039863828823194e+00,7.751720195301102123e+00,8.163877005718329638e-01
-5.306760986071354047e+00,-3.910269142393132569e+01,1.836178812608784483e+01,3.618697116385332890e+01,-2.453266261891760891e+01,-3.977655332302425961e+01,4.568330035692729751e+01,-1.648112246344511256e+00,5.235341278228606399e+01,-2.175841969467374071e+01,3.765245909538030844e+00,-9.604689357283885442e+01,1.406013913152095718e+01,-5.904948785148500967e+00,3.319887538349829015e+01,-1.354397278004605276e+01,1.307518200947576581e+01,1.001948682326788997e+02,-2.204837758772004719e+01,-7.575416435295363904e+00,-3.727288269268703402e+01,-8.695601167303950163e+00,-3.073626111386839277e+00,3.015858759542315859e-01,8.219459653720456060e+00,-2.059400746813271255e+01,-3.076933328926435962e+01,3.342730362290826207e+00,1.165748787181979473e+01,6.980531338383397610e+01,7.346649695842838668e+00,3.948809676102231236e+01,2.158548549816472573e+01,2.293924943101595915e+01,-5.512210788974565645e+01,1.223070664143009090e+01,7.801777625538666605e+00,-3.623266454958233851e+01,1.113171711024636856e+01,5.219691452020012434e+01,-2.004798573635710568e+01,-1.079416311199589273e+01,-6.541058814807369615e+00,7.781941406342470202e+01,2.860978018676852486e+01,3.984984615627362814e+01,-5.455667223843830982e+01,-1.930875373232622394e+01,4.501075088541776381e+01,-1.663591930534308005e+01,7.781970161869342917e+01,-2.253806394752684739e+01,1.949700730278890859e+01,-3.021892328265061778e+01,-2.710387733485144501e+00,3.358112838459668126e+01,-4.168034769029347331e+01,-2.822766461953108674e+01,-2.043021053528669739e+01,1.334537229891267174e+01,1.347622346323778331e+01,-1.837434495728857087e+01,3.901819725334641475e+01,2.890231776299323485e+01,-4.023681563545637374e+01,-1.672262232377052982e+01,-2.236097619925043745e+01,-6.258530994289465355e+01,-5.483836067986905149e+00,1.749462418344635850e+01,-1.032139847751183481e+01,9.449624175201808418e-01,4.820918079338196272e+00,6.365509005940391063e+01,-3.996038256033492075e+01,-1.933305062095282167e+01,-8.448407218656168283e+00,4.073711441151930046e+01,9.959365293569817368e+00,1.524432332963037240e+01,4.817207851271071206e+01,1.540987818697144407e+00,3.188852830671629945e+00,-5.087485338916329169e+01,-3.574098696122240426e+01,9.366934079014708203e+00,-6.582719483910449298e+01,1.670246740871863267e+01,-2.321864820079883884e+01,1.791514195113029473e+01,-1.209852718624521151e+00,1.953176866232567477e+01,6.482085907631892852e+00,-1.073642617444805047e+01,2.036578911660708968e+01,3.297597296930949717e+00,-1.579317608388694616e+00,-3.473856595630891775e+01,4.843415974729730067e+01,7.247157335672232747e+00
-4.240492211877352702e+00,-5.980634028794407442e+01,2.394879617905203517e+01,3.920414275905810797e+01,-3.916980664030437964e+01,-3.886353476888339031e+01,4.571172810017311150e+01,5.414796066804214547e+00,6.486485920437088737e+01,-3.355586028842134283e+01,1.171756220710379104e+01,-1.155536234500326742e+02,8.226390369360490951e+00,-3.611570137922919255e+00,4.957294678328389637e+01,-7.180989373575553003e+00,1.971686415754860988e+01,1.115030917864005033e+02,-2.718980305519935214e+01,-1.092888911756149461e+01,-3.936480612798009560e+01,-1.148343769804543690e+01,-5.720726481816976516e+00,4.862706017053747054e+00,-1.231474237305137498e+00,-2.621815766005285298e+01,-4.484479219434642516e+01,1.148400021519697667e+01,1.679488767183186226e+01,8.959048137535803846e+01,3.532056462789704909e+01,5.476698628696922100e+01,2.833342081592368800e+01,2.151797003069714620e+01,-6.414358862095642166e+01,1.170459558927616328e+01,1.551977862365503569e+01,-5.701709474392836086e+01,1.608127013452289233e+01,8.571952686595405169e+01,-2.403800789357711665e+01,-7.638469858130228829e+00,-2.140960111145985278e-01,8.551392943435067195e+01,3.142128810734952538e+01,4.499585718392338407e+01,-6.599604909389546492e+01,-2.355921593288111993e+01,5.023733110570584159e+01,-2.634014632536362299e+01,9.010822366101329806e+01,-2.462524519780699706e+01,3.476323742160762009e+01,-3.953849769111445767e+01,-5.179778795311696271e+00,4.775618257741984962e+01,-5.359906891553553265e+01,-3.823913969637689547e+01,-2.528740768158170482e+01,3.474288350440804152e+01,2.278379147449111741e+01,-1.580582543441260945e+01,3.519955038830310201e+01,2.450481299523847412e+01,-4.696204106241788878e+01,-1.540346672962668784e+01,-2.854009931873329364e+01,-7.534517883182655851e+01,-8.570587645860708648e+00,1.471217887904260202e+01,-1.221766540364334652e+01,1.468236737826163596e+00,1.495262898756640979e+00,8.019826997666277180e+01,-4.600065479946169233e+01,-2.186972581212317124e+01,-9.373374685449199717e+00,4.424618766843910578e+01,1.641747253922930128e+01,2.065821429889567895e+01,6.499949524495170294e+01,-1.180092613551947389e-01,1.196081354936834451e+01,-6.321022216461907561e+01,-4.292405050422453172e+01,1.012251886101661746e+01,-9.665197334413699082e+01,2.348793273291332540e+01,-3.785913237183938662e+01,1.256319786191108889e+01,-3.763010791035547697e+00,2.509153390107919179e+01,1.595249613844614700e+01,-1.265244244943901819e+01,9.430106137615515749e+00,1.036520866559884446e+01,5.431845687400413958e-01,-4.273723519083252853e+01,6.338895708915654126e+01,5.891900600834309110e+00
-3.275078515209684404e+00,-6.587026928521076741e+00,5.633336426699789179e+00,1.601266678057690740e+01,-3.120317817558403206e+00,-2.019931096598419273e+01,2.253723099726786927e+01,-5.152600851687337169e+00,1.816180141085294153e+01,-3.495113680482668350e+00,-3.026307822941220582e+00,-3.543673148766066561e+01,1.052555002937713979e+01,-4.324255064141546256e+00,6.331956169873956597e+00,-1.059582938231428884e+01,2.375331607181353277e+00,4.252118328853384810e+01,-7.727205198965573452e+00,-1.680013212868013639e+00,-1.711720143011016759e+01,-2.580551752786262476e+00,1.086645971925992438e-01,-2.653096105210615896e+00,9.864012960582478229e+00,-6.712607400913575439e+00,-6.544533389567542159e+00,-3.350989856395494293e+00,2.599502803290549835e+00,2.230972488943654497e+01,-1.355780285340235380e+01,1.010985558906247483e+01,6.511753053259558222e+00,1.219865659942860425e+01,-2.167271899887936470e+01,6.361728661539316931e+00,-8.894521121133278641e-01,-5.120415581596295951e+00,2.455318335999500334e+00,5.176922072066552971e+00,-7.446906481793663879e+00,-7.267889578083789104e+00,-7.116232318121936018e+00,3.369398456098380734e+01,1.239801035205517721e+01,1.651330420464170601e+01,-1.990818706958254936e+01,-6.921939950669425912e+00,1.901184342996018373e+01,-2.251946324384152653e+00,3.087192896664836184e+01,-9.845260678380727271e+00,2.476599772533791821e-01,-9.194428347164414816e+00,1.788314698159820804e-01,7.871585370422070405e+00,-1.325643462706277376e+01,-7.786257390575524795e+00,-7.102893637976650076e+00,-6.556095057807231896e+00,9.356219391326217050e-01,-1.064965278253863801e+01,2.160988673061723730e+01,1.697109385965881856e+01,-1.573421270219870749e+01,-9.066655350223815191e+00,-7.244060855374756080e+00,-2.306086799104258134e+01,-8.112136345961864503e-01,1.034673750998474162e+01,-3.930948586411859846e+00,1.450867932861878706e-01,4.423198729251623718e+00,2.126486861030924302e+01,-1.601851409708370966e+01,-7.986752167779092026e+00,-3.602908223203620253e+00,1.795697128278052901e+01,9.497689915143867623e-01,4.200535659012563983e+00,1.344600511737369786e+01,1.779972091574838711e+00,-3.814409081644149158e+00,-1.753997745068252456e+01,-1.323327864727684577e+01,4.160457455595285126e+00,-1.356378251608941277e+01,4.077860738813086527e+00,-2.469512541802910910e+00,1.213285357590753399e+01,9.711333906903960589e-01,6.227713420280807100e+00,-2.617551308001052845e+00,-4.123723025235553230e+00,1.677299509994153937e+01,-2.713701283397911279e+00,-2.083637417980789941e+00,-1.223732055923035134e+01,1.472579005090284809e+01,4.410619819415744658e+00
-5.205105203852082418e+00,-3.092171715214731620e+01,1.559617344500638048e+01,3.281663292691294487e+01,-1.897119128823206324e+01,-3.717247867169896836e+01,4.241226348902748100e+01,-3.368264372208934709e+00,4.535755640567738567e+01,-1.713408301759413632e+01,1.426920826005972920e+00,-8.410925454887964747e+01,1.457372026425505851e+01,-6.079873922769792216e+00,2.656630582392895334e+01,-1.423214536484710635e+01,1.041280037730280483e+01,9.009429258913718286e+01,-1.913533947969798277e+01,-6.161591490311458585e+00,-3.406573235346445472e+01,-7.348938194378985322e+00,-2.165222097656570810e+00,-9.068440261048267281e-01,1.009155785428938046e+01,-1.765925679672458060e+01,-2.490847130318123703e+01,9.854209458742850813e-01,9.487828044910266101e+00,5.966993237327488231e+01,-4.575082509282140109e-01,3.269120762414885206e+01,1.828747426179859659e+01,2.167029929132868205e+01,-4.883660548925780631e+01,1.149384184024938449e+01,5.236053553869314925e+00,-2.823570579961358362e+01,9.048499694713092012e+00,3.974476002740378533e+01,-1.757747227943958634e+01,-1.084418972884916954e+01,-7.720150126536243107e+00,7.025770389143406192e+01,2.583427787449392810e+01,3.566386834771338954e+01,-4.768238536161307906e+01,-1.682328028251061980e+01,4.043510974222710530e+01,-1.292222813962603567e+01,6.906252879907589204e+01,-2.038481095825877532e+01,1.413158651481163020e+01,-2.563494847132749044e+01,-1.874176781579120599e+00,2.749347378751439663e+01,-3.560121842508012691e+01,-2.360590155552606717e+01,-1.770673640462186427e+01,6.823959410600558328e+00,1.009148037905805673e+01,-1.773004628970134178e+01,3.722439604334516616e+01,2.798182951019430931e+01,-3.561225289352892531e+01,-1.587121692920006488e+01,-1.915557852502984559e+01,-5.479383741197333535e+01,-4.288840312673108279e+00,1.696884052618527861e+01,-9.090589914630074375e+00,7.412885267885725993e-01,5.341903634144847146e+00,5.480270715960535455e+01,-3.553380532658847812e+01,-1.729179919728121106e+01,-7.604155520428391490e+00,3.691370995571730873e+01,7.567348726762526567e+00,1.274647014355985242e+01,4.035184679090041016e+01,1.862599319398480446e+00,6.784195461194020282e-01,-4.403044461811660426e+01,-3.131847102269390604e+01,8.501138711587616470e+00,-5.310331008090582827e+01,1.374353562798915540e+01,-1.775018159822728236e+01,1.802794548554318865e+01,-4.590431290124792341e-01,1.668965900857601525e+01,3.554633322510460047e+00,-9.470828679205075318e+00,2.175650510481990096e+01,1.222897211777411286e+00,-2.018803064367205913e+00,-3.017542842930754787e+01,4.108249361617490791e+01,7.082078396628096684e+00
-7.168918487532038863e-01,-6.371947201813128459e+00,2.834384424542874203e+00,5.280989448107519024e+00,-4.060564701481301775e+00,-5.643488709186238239e+00,6.522624312850171080e+00,3.416644997864537459e-02,7.951034835231678422e+00,-3.556194351760755268e+00,8.408828916540015408e-01,-1.445538069966211125e+01,1.784609262019545728e+00,-7.554733023847879370e-01,5.363975930801941239e+00,-1.690733891284856405e+00,2.119927466800554772e+00,1.473476120027817160e+01,-3.343666574430958160e+00,-1.209363829207133145e+00,-5.400711865532750622e+00,-1.347697799784114636e+00,-5.397613003006528354e-01,2.170555569375894334e-01,8.128281903186229673e-01,-3.154462825950739457e+00,-4.929455621676380517e+00,7.877749012163706155e-01,1.860156925160999730e+00,1.071987442905228072e+01,2.115953321450151581e+00,6.220016340722893666e+00,3.338873079469094396e+00,3.220482235202804411e+00,-8.213142158386764535e+00,1.725929303690240779e+00,1.408180855726353542e+00,-5.965316974730963118e+00,1.777934105274111554e+00,8.730250479327638757e+00,-3.014174772213936482e+00,-1.420538756052025953e+00,-6.924039524922197542e-01,1.140268367023150731e+01,4.191458307049547471e+00,5.885098056655180265e+00,-8.224663650592868080e+00,-2.918580927060536290e+00,6.624918942590937831e+00,-2.745075365458679695e+00,1.157798184249075746e+01,-3.297055364996827720e+00,3.365696546626936403e+00,-4.669448984785029566e+00,-4.811275980223971849e-01,5.334654147100167165e+00,-6.404784770201254140e+00,-4.411581343508710340e+00,-3.101821369977684650e+00,2.721419885896129376e+00,2.278879407220661513e+00,-2.525051117004051271e+00,5.424382208651736370e+00,3.958202446005835817e+00,-6.000585630872391718e+00,-2.336920802155305399e+00,-3.427878937399230441e+00,-9.421170944436552119e+00,-9.006041810389613378e-01,2.391305115957152783e+00,-1.545776657434826173e+00,1.548609626099266001e-01,5.613416190516798965e-01,9.718217710097603046e+00,-5.934992971441635845e+00,-2.856670044639210815e+00,-1.241342779340340430e+00,5.949312762392095166e+00,1.668124455049217136e+00,2.382745096470294754e+00,7.518776896687703548e+00,1.566951898664524501e-01,7.898683213773992629e-01,-7.733245232751166931e+00,-5.376247715179318654e+00,1.366005695635045258e+00,-1.057312732096280783e+01,2.643227399776514996e+00,-3.873109413582126681e+00,2.353312305114090730e+00,-2.701136901908475219e-01,3.000366227067532865e+00,1.286640476523823740e+00,-1.605777540000426162e+00,2.490141034533175812e+00,7.403728283958986855e-01,-1.444846835692119580e-01,-5.264261265398162415e+00,7.484751715116007453e+00,9.828693664936889451e-01
-6.145855066385827570e+00,-5.992931874430853156e+01,2.602139605551738200e+01,4.718379700930879750e+01,-3.844400581361735192e+01,-4.969563152007109608e+01,5.762756879554121525e+01,1.542868550053672294e+00,7.243993003950308207e+01,-3.348929774516918201e+01,8.825892234465765540e+00,-1.311301778666656617e+02,1.474065034510018357e+01,-6.271076610423041764e+00,5.026388028762183779e+01,-1.381833816645904989e+01,1.989501413812294928e+01,1.321577278428444231e+02,-3.044223420668314617e+01,-1.127308043915501301e+01,-4.807887963629359263e+01,-1.239577031980420863e+01,-5.233518463403378007e+00,2.718966300161645755e+00,5.520101020507867773e+00,-2.885557888861620768e+01,-4.602132161529775090e+01,8.389923604260193457e+00,1.733581356361275994e+01,9.817866058441225618e+01,2.360822096599978082e+01,5.763392987481750396e+01,3.068216923339068813e+01,2.820084970213455122e+01,-7.414222827807891747e+01,1.515486840413466929e+01,1.379637936313481106e+01,-5.635123487750394133e+01,1.657642879905449718e+01,8.301562576431147988e+01,-2.732910258497204481e+01,-1.199492077389183819e+01,-5.005158906965010424e+00,1.020863115634721936e+02,3.752245574054919075e+01,5.289471213839531316e+01,-7.466886395942317733e+01,-2.653036375989659490e+01,5.944464078234708637e+01,-2.595585851896330354e+01,1.044421607133473913e+02,-2.949379317722565474e+01,3.241589587544417839e+01,-4.288869190274443355e+01,-4.684307418033623271e+00,4.961845167367841469e+01,-5.867580291971280815e+01,-4.073219633679641305e+01,-2.825576810468719557e+01,2.780152258601923521e+01,2.176766367456679063e+01,-2.185564571589654292e+01,4.724943535453058274e+01,3.419510692520582040e+01,-5.419244555297826338e+01,-2.041318060334907969e+01,-3.136852356329875491e+01,-8.547114861458534563e+01,-8.498550810007557743e+00,2.063650927979693961e+01,-1.398899199297741447e+01,1.460027593964163373e+00,4.374683703781765409e+00,8.876010833902536490e+01,-5.349262874719073579e+01,-2.568229495566603759e+01,-1.112887493553027696e+01,5.317437313965834988e+01,1.587141165397836673e+01,2.200107715338495495e+01,6.937961503175688449e+01,1.092781779720366941e+00,8.519236971868902941e+00,-7.048498073512237738e+01,-4.875732802950972200e+01,1.220041736995135473e+01,-9.882204303978598148e+01,2.454324731618132915e+01,-3.678856354294297404e+01,1.984938071908877788e+01,-2.834874033195003307e+00,2.748293595552337365e+01,1.303057797572578735e+01,-1.452252570940816234e+01,2.007703528647262559e+01,7.782507277736272933e+00,-9.034678575154810876e-01,-4.791132154303628710e+01,6.874998716931867193e+01,8.444791744545620205e+00
-1.482478896943431934e+00,-1.216743349309969702e+01,5.533483696924921702e+00,1.055712814348089879e+01,-7.705500360150561612e+00,-1.142014855804440465e+01,1.316292593419746382e+01,-1.672356620257773319e-01,1.562828242131894285e+01,-6.782548815613602677e+00,1.431126499459382195e+00,-2.852134115801561620e+01,3.796761244230205001e+00,-1.601379139393094064e+00,1.027794375604042187e+01,-3.625001255610867723e+00,4.056306602143593842e+00,2.935934865731579890e+01,-6.576211067407554900e+00,-2.328579424806904719e+00,-1.082969151165793953e+01,-2.626678644180164390e+00,-1.000817924270887671e+00,2.855308112775799545e-01,1.956487067459385276e+00,-6.178219747920854488e+00,-9.477868102655952143e+00,1.317625860116552694e+00,3.582345575801203719e+00,2.097307917889291673e+01,3.334917145591923315e+00,1.204221737113979529e+01,6.512813775454047160e+00,6.547064719809808864e+00,-1.627397161817040683e+01,3.500841968123908465e+00,2.583875674277514634e+00,-1.134407619360327857e+01,3.422686300826741856e+00,1.649825329725966938e+01,-5.949738899063890862e+00,-2.972442262416727488e+00,-1.608980038946156599e+00,2.275543822203203348e+01,8.365127969948563447e+00,1.170514208642874010e+01,-1.621636754313781381e+01,-5.748103281699393108e+00,1.319554478730208480e+01,-5.215557827536924762e+00,2.295559506116513759e+01,-6.584277573671527328e+00,6.282089177837486105e+00,-9.112167067396928388e+00,-8.884268974320521650e-01,1.029230400529988643e+01,-1.252748166597449142e+01,-8.568604131586832651e+00,-6.097627031613035875e+00,4.776782791885861634e+00,4.287951765443024144e+00,-5.181919304956213779e+00,1.107511743565235740e+01,8.135449801127659697e+00,-1.188540728710133187e+01,-4.760457276785244218e+00,-6.711465841503566843e+00,-1.858698475927991822e+01,-1.714364061504969339e+00,4.919148712961935566e+00,-3.056253732347495422e+00,2.950396451280178356e-01,1.244105318175962038e+00,1.905996343059665676e+01,-1.177593447000821314e+01,-5.680466100124479389e+00,-2.474330311131456739e+00,1.188948003929855091e+01,3.150622477187864590e+00,4.627780197482951330e+00,1.461157510757874078e+01,3.717185606943853027e-01,1.300759908813458932e+00,-1.519463043734997676e+01,-1.061006601247622960e+01,2.731587715113198644e+00,-2.030774163058093507e+01,5.107615565709659577e+00,-7.327068809019186446e+00,4.928398440996167196e+00,-4.597600962916320033e-01,5.869377062190297423e+00,2.279982315098586731e+00,-3.176686306792009695e+00,5.391269632500232056e+00,1.257863702943867290e+00,-3.625754975502652466e-01,-1.035678181672152043e+01,1.460552798563396237e+01,2.028935320988003443e+00
-3.047439588361447349e+00,-3.222147071803055951e+01,1.371651602380478785e+01,2.429870094205386266e+01,-2.077895393339637309e+01,-2.526270897020938477e+01,2.938247632460666026e+01,1.355552506482365249e+00,3.793981454530841546e+01,-1.802414890622125299e+01,5.140293156656990270e+00,-6.842529146124506667e+01,7.045267329714002713e+00,-3.012431055859547069e+00,2.694498323655285077e+01,-6.532413549731532321e+00,1.067807039341096065e+01,6.828873368443225900e+01,-1.593449203723993435e+01,-6.017479140322874009e+00,-2.468050618241707994e+01,-6.544293694841701203e+00,-2.881435382712145277e+00,1.753628836332492558e+00,2.052983976930858212e+00,-1.516445565883289426e+01,-2.459684006458396510e+01,4.933245041936556774e+00,9.252138842161627963e+00,5.164809311198376918e+01,1.428959165683105681e+01,3.061422317996730058e+01,1.618623049177725548e+01,1.426311005782309849e+01,-3.852656014196908529e+01,7.684005314934196917e+00,7.655514648791412746e+00,-3.040376836102667113e+01,8.849850691246434309e+00,4.502416574365909696e+01,-1.425457679781765741e+01,-5.861146956051840107e+00,-2.042103801825677412e+00,5.266636080606383530e+01,1.935650496930939468e+01,2.738177822174259290e+01,-3.898982818051276666e+01,-1.386833664723065951e+01,3.072760984813972840e+01,-1.401476645141228516e+01,5.423751129191804665e+01,-1.520491440285238305e+01,1.775632685415806122e+01,-2.261662448498045563e+01,-2.587116443501110918e+00,2.643878298809428173e+01,-3.087472093643603799e+01,-2.157291742235356580e+01,-1.479687288339350815e+01,1.589769358381827047e+01,1.184755173511087456e+01,-1.093572705403700240e+01,2.378150462009786992e+01,1.707940381069986557e+01,-2.817061382342398801e+01,-1.030095973942186305e+01,-1.649033282901960717e+01,-4.460351500042807515e+01,-4.581458642076566612e+00,1.029694352415721426e+01,-7.284743213672807194e+00,7.865163759725088966e-01,1.962440367903253158e+00,4.658508626366932504e+01,-2.775865062546447604e+01,-1.329791243070379991e+01,-5.748330350463931815e+00,2.739249358837832915e+01,8.611934609946663599e+00,1.165289673610407029e+01,3.672725203181072828e+01,4.234906537926529935e-01,5.049978123576615019e+00,-3.692894138850859065e+01,-2.543651636075226818e+01,6.280988742840010630e+00,-5.286540581372302938e+01,1.305945537817586732e+01,-1.993523108106291986e+01,9.688656368722384116e+00,-1.650970161686320825e+00,1.445945640623993533e+01,7.406252804464376283e+00,-7.558344907204841867e+00,9.354922064067842769e+00,4.537078029046056393e+00,-2.896352504508693526e-01,-2.507089927396511797e+01,3.625540049638296125e+01,4.196223921073072738e+00
-4.250375202856290890e+00,-4.274530590263133689e+01,1.841794253934944336e+01,3.309954156344403486e+01,-2.747729026206319958e+01,-3.469071867546510646e+01,4.027312973077312819e+01,1.373235162782928676e+00,5.114590806250380695e+01,-2.389616617783785912e+01,6.499991428772221802e+00,-9.245268925379714631e+01,1.005753988644509889e+01,-4.286625315604780440e+00,3.580994177029550940e+01,-9.390892280713151408e+00,1.418069144950229798e+01,9.282830672768912450e+01,-2.148874931438247060e+01,-8.018060816733536100e+00,-3.368640392173707454e+01,-8.779003868583879822e+00,-3.767920103824830669e+00,2.090624714128874739e+00,3.462836075265586011e+00,-2.040010938475402469e+01,-3.274909224392846596e+01,6.203215886911142896e+00,1.232940567167649526e+01,6.943677221386896292e+01,1.766668227636324673e+01,4.091461452945445387e+01,2.172353022697839009e+01,1.964826382472847399e+01,-5.218974495617985099e+01,1.056871804787516922e+01,9.963735068806137463e+00,-4.024820369293516364e+01,1.179087721508303943e+01,5.941420859897255724e+01,-1.926509964394688978e+01,-8.250605674523995958e+00,-3.233472411639663591e+00,7.166251207004451373e+01,2.633930404036688699e+01,3.717943264502095957e+01,-5.265877430515956092e+01,-1.871779509692794008e+01,4.176009256947799031e+01,-1.854412657661334407e+01,7.350075292543324679e+01,-2.069836781846007412e+01,2.329093711263355715e+01,-3.036125097592665156e+01,-3.376691057102982452e+00,3.526703918511115177e+01,-4.150234757436679445e+01,-2.888312656896298947e+01,-1.994890588196592418e+01,2.032238389699408998e+01,1.560071623897892579e+01,-1.516611509420177484e+01,3.285986713757557709e+01,2.371291537222892032e+01,-3.815229587910406650e+01,-1.421026368842647791e+01,-2.217941571913584298e+01,-6.026290705289013516e+01,-6.067991560379343063e+00,1.430520846426041004e+01,-9.855154378977157847e+00,1.042170933640414132e+00,2.918246746334820063e+00,6.271937044889889989e+01,-3.763463033238802069e+01,-1.805355017357682712e+01,-7.815842441439628807e+00,3.730649061145088297e+01,1.136120429621026418e+01,1.560118689764495770e+01,4.918755041199079159e+01,6.943706670636538014e-01,6.319929203548724672e+00,-4.977237343840180728e+01,-3.437319098307072807e+01,8.557594289538936749e+00,-7.034753251343693137e+01,1.743502783882949814e+01,-2.632055510067561954e+01,1.364780584904053207e+01,-2.087748431322722809e+00,1.943817421936169509e+01,9.501770492345904984e+00,-1.022882934500407792e+01,1.357365504886211482e+01,5.733885750731232633e+00,-5.427107448015294766e-01,-3.381604459728291801e+01,4.866932411414330062e+01,5.844872296562659386e+00
-4.975649819746645441e+00,-7.638915511776329481e+01,3.011914026733147765e+01,4.823938448963798464e+01,-5.021795151468192842e+01,-4.714149587462453894e+01,5.564002083305644675e+01,7.818292638265964101e+00,8.112143188694857088e+01,-4.289156184120258786e+01,1.564393824349906481e+01,-1.440302535344161754e+02,8.997909750192757627e+00,-3.996841136738320976e+00,6.318146020775849792e+01,-7.633549750834771608e+00,2.515189297126428514e+01,1.376749415358038675e+02,-3.398624935248275136e+01,-1.388445778432061495e+01,-4.827405324149708576e+01,-1.446104399211185942e+01,-7.422862445793740882e+00,6.711367609107843357e+00,-3.142037049772813173e+00,-3.288760493419717790e+01,-5.702723390747006960e+01,1.539252657804653523e+01,2.133404938290500041e+01,1.124793035257208516e+02,4.785195080163688885e+01,6.931263143870205568e+01,3.565745268146319802e+01,2.594209082504431407e+01,-7.963678591605798829e+01,1.415401813727718938e+01,2.023082018685465400e+01,-7.300845041057196738e+01,2.043285508151463503e+01,1.101565416788801883e+02,-2.995005165057382257e+01,-8.747992025403966920e+00,8.394917543508246816e-01,1.054155976926320193e+02,3.873122690277466518e+01,5.565853563569309870e+01,-8.231178658160953887e+01,-2.941260347277892606e+01,6.205186567549709764e+01,-3.374547585374763514e+01,1.118060031827220513e+02,-3.033392391039471292e+01,4.496415912374116886e+01,-4.974211766492849307e+01,-6.733584698310007610e+00,6.058796128302898865e+01,-6.730694595847276673e+01,-4.828098830211733627e+01,-3.162145307407485362e+01,4.600542850491340374e+01,2.934812134829705954e+01,-1.879045298855892554e+01,4.217691418350005961e+01,2.905985950996202760e+01,-5.832612635723859995e+01,-1.851797416260405527e+01,-3.581009907000658643e+01,-9.392006922927356527e+01,-1.096782880614018651e+01,1.742219656769722747e+01,-1.519964520807321229e+01,1.877950901427557051e+00,1.241633190104204143e+00,1.004844975552003916e+02,-5.703694478343421537e+01,-2.705837463975239388e+01,-1.156902122194389548e+01,5.446151049238882536e+01,2.110433346583494796e+01,2.608412125994529163e+01,8.203571038825549522e+01,-4.320760908042166060e-01,1.608250694735637865e+01,-7.907698275327392423e+01,-5.349115090809575435e+01,1.245134322409794514e+01,-1.229931923629352042e+02,2.976660506597358591e+01,-4.862332971244975965e+01,1.435994601340643939e+01,-5.023821522081563629e+00,3.150521300553895543e+01,2.106216461667251494e+01,-1.573223982094883233e+01,9.575864700790800654e+00,1.384418538775853946e+01,1.030140089836644623e+00,-5.340558954137766534e+01,7.974995675890474445e+01,6.935308756264711327e+00
-5.280448930542345209e-01,-6.782802588294567059e+00,2.766366126002127945e+00,4.642488793473758868e+00,-4.422323896945369093e+00,-4.674741069789899228e+00,5.477987600699091075e+00,5.176388212795489663e-01,7.541379599309205872e+00,-3.802295164231069613e+00,1.256483860997146484e+00,-1.348632672732493631e+01,1.094393370498700779e+00,-4.754846672572676791e-01,5.636837771869920743e+00,-9.789428902699385260e-01,2.239562744772184644e+00,1.315330810028584096e+01,-3.163083058476538589e+00,-1.247468123263603124e+00,-4.678947283626839315e+00,-1.324447205701709374e+00,-6.364073126670521940e-01,4.979869044455461080e-01,2.812962229681992277e-02,-3.037656806442995627e+00,-5.112910029579691873e+00,1.224978425511030755e+00,1.917335134236911154e+00,1.036948672981733743e+01,3.713025030787658665e+00,6.279702169337751272e+00,3.270275003940059211e+00,2.605338286499028211e+00,-7.519824672886085359e+00,1.412568923101537699e+00,1.716533248648954846e+00,-6.447011647857341821e+00,1.835301238786672728e+00,9.650135930018665320e+00,-2.806750785327137176e+00,-9.741385485211503381e-01,-1.432962424057609430e-01,1.010571613134089120e+01,3.713543427407721254e+00,5.297039964996324457e+00,-7.696884806654348488e+00,-2.744525577171665898e+00,5.923728643497580215e+00,-2.976416331084654754e+00,1.057092262692755646e+01,-2.912510187646534465e+00,3.882503321938254093e+00,-4.565380626240017392e+00,-5.748792831126919856e-01,5.459986200794058497e+00,-6.202203643729280458e+00,-4.396789065197284074e+00,-2.940367054092623889e+00,3.766065226732657756e+00,2.557564949874250537e+00,-1.942072657514481548e+00,4.289639548551201997e+00,3.018646017975529006e+00,-5.503323343009594026e+00,-1.870620890451903051e+00,-3.305621171908052602e+00,-8.792819096733747841e+00,-9.697866056062552920e-01,1.814977456741004636e+00,-1.429020765076418398e+00,1.662378452865420631e-01,2.410399211231037397e-01,9.304115443465072133e+00,-5.400837234584886737e+00,-2.573905841265363481e+00,-1.106194003119744806e+00,5.237628165033514804e+00,1.847546347998385574e+00,2.375211127851157400e+00,7.477268943129681489e+00,1.670235333101638409e-02,1.270397731121895468e+00,-7.346346402798887176e+00,-5.010860650334910460e+00,1.199127694180097015e+00,-1.101054212959320111e+01,2.688849115479710505e+00,-4.265178470530247345e+00,1.605198302194424942e+00,-4.035232286345578068e-01,2.903828905313320163e+00,1.735811633406672883e+00,-1.480761267344994803e+00,1.333517881429139962e+00,1.110854596032468500e+00,2.563665280941539171e-02,-4.973306447907630101e+00,7.319064705585448749e+00,7.313380866773797617e-01
-5.029498393848674809e+00,-3.352193133420639981e+01,1.625338010477620543e+01,3.302192951969781376e+01,-2.082722557707052857e+01,-3.682145691021596434e+01,4.215596666672707471e+01,-2.395861828946158845e+00,4.676531207619319019e+01,-1.861872797131132629e+01,2.489762887194288510e+00,-8.622196539285943118e+01,1.369822340950290851e+01,-5.733545869581069709e+00,2.860981208128013265e+01,-1.328742784937163535e+01,1.124391814618205387e+01,9.106552683584041574e+01,-1.971079601111267010e+01,-6.575689079015745619e+00,-3.413868841121608000e+01,-7.679532582374836380e+00,-2.508645282538141785e+00,-2.866601274327056359e-01,8.756127064419811035e+00,-1.830881492106402675e+01,-2.665240199277953081e+01,2.076432809852127193e+00,1.012191327934375806e+01,6.197005734648262631e+01,3.314850319429151426e+00,3.454956956455857409e+01,1.908461209123213109e+01,2.134586781519567467e+01,-4.975274177852986668e+01,1.135245181977000151e+01,6.243958474003052928e+00,-3.086327959919681518e+01,9.659966659539342970e+00,4.401824601664279868e+01,-1.800732931812316551e+01,-1.035244167952680527e+01,-6.820226555027137039e+00,7.086364617514885822e+01,2.605468573395837950e+01,3.613856821491499716e+01,-4.893141817639285307e+01,-1.729285793818107209e+01,4.089140300340135781e+01,-1.415064012252638292e+01,7.029485494437116699e+01,-2.054103731730603144e+01,1.610207446597136283e+01,-2.673355654115654190e+01,-2.195438279299106732e+00,2.923497056270397110e+01,-3.698894158351849626e+01,-2.481018968207354192e+01,-1.825265454848859292e+01,9.665472218491714784e+00,1.128380345500615256e+01,-1.727518822937155463e+01,3.648151543115772455e+01,2.721763391808473642e+01,-3.630007228480885573e+01,-1.559611444802061975e+01,-1.987074318641754189e+01,-5.617719297939915890e+01,-4.678482751212090562e+00,1.648982416102249360e+01,-9.290361058622645274e+00,8.072544521710489640e-01,4.861000027496458209e+00,5.669581861532209643e+01,-3.612980676638710520e+01,-1.752756634711375128e+01,-7.682158480652046428e+00,3.716016284368063793e+01,8.391181369641159904e+00,1.339782697032275394e+01,4.237189143924413059e+01,1.627621562447340464e+00,1.856301460487291166e+00,-4.542261298796408653e+01,-3.209432029695222610e+01,8.550815471028663239e+00,-5.693132433192206321e+01,1.457360009733556261e+01,-1.961415481035456310e+01,1.719618714132830206e+01,-8.002718858817159386e-01,1.733648794824540929e+01,4.808992285160932134e+00,-9.670928973662599404e+00,2.014945606380419463e+01,2.167774489164348672e+00,-1.720408831390990656e+00,-3.106819317208606179e+01,4.284571700057446009e+01,6.856017704572665572e+00
-6.763836056114376660e+00,-7.007896228799212679e+01,2.997725134433615324e+01,5.341365737759444698e+01,-4.513467727429830489e+01,-5.571474965659321299e+01,6.475154593284328541e+01,2.669950724617113913e+00,8.304914724100314061e+01,-3.919127865898936847e+01,1.097075689048340763e+01,-1.499183889252888946e+02,1.578845885641679203e+01,-6.741830200840507104e+00,5.864525781616430322e+01,-1.468202004902504321e+01,2.323375714599950470e+01,1.499858803847900504e+02,-3.488523013491774094e+01,-1.311056047416578707e+01,-5.429665628006347333e+01,-1.429696877335853955e+01,-6.231120866825197169e+00,3.659656508898259997e+00,4.949066250632869313e+00,-3.316653787257416752e+01,-5.357374043381666695e+01,1.050597474830676070e+01,2.015890426860848805e+01,1.129324450121169292e+02,3.023413518230265851e+01,6.678071095269311286e+01,3.536781332428118674e+01,3.149677854713952385e+01,-8.449904870517602262e+01,1.695758137732282478e+01,1.652430822472676653e+01,-6.606949675641268982e+01,1.928078717291616329e+01,9.771734360750440374e+01,-3.123479222478013639e+01,-1.305855528833485657e+01,-4.784699145299170731e+00,1.157198407573819878e+02,4.253133503851251618e+01,6.011244510095257709e+01,-8.541133555514818454e+01,-3.037189580656251664e+01,6.748233646473266845e+01,-3.044950734483674637e+01,1.189758753012524579e+02,-3.341464983630472574e+01,3.844516953120758984e+01,-4.942348680190462318e+01,-5.590489726852075236e+00,5.762852107431928061e+01,-6.750579749125760998e+01,-4.709228142615305757e+01,-3.239092886052120690e+01,3.407359483286876412e+01,2.569124567755515542e+01,-2.421547966642141958e+01,5.258106279582725051e+01,3.783704995651960701e+01,-6.177990454595506975e+01,-2.276043975920130435e+01,-3.606355327491814933e+01,-9.772338332266002681e+01,-9.957858374574174221e+00,2.281734826670224692e+01,-1.596883105002058301e+01,1.709801702017106795e+00,4.474260570753136435e+00,1.019203314941298828e+02,-6.090280535162458619e+01,-2.919181692300487896e+01,-1.262654855520130859e+01,6.020962257409683360e+01,1.868867639685164761e+01,2.543724645634755888e+01,8.018295619741653013e+01,1.007839080214804950e+00,1.073488712202430584e+01,-8.082930736667321980e+01,-5.573395142986212392e+01,1.380802804428136632e+01,-1.151190334343150710e+02,2.847536932119594155e+01,-4.327513872684043150e+01,2.159228259541621497e+01,-3.523654962291026926e+00,3.161576060982159575e+01,1.589623505831700179e+01,-1.657090435035472353e+01,2.110773213086933708e+01,9.681155231499971592e+00,-7.336794627930764978e-01,-5.489155509713015135e+01,7.922724869286359706e+01,9.308503058772160443e+00
-6.373049997574172565e+00,-6.010720443773278987e+01,2.632154645631116097e+01,4.819408482763918755e+01,-3.846928285333387265e+01,-5.102770475387687554e+01,5.910103033106845061e+01,1.119652769413778337e+00,7.347479862330185085e+01,-3.357376773686998206e+01,8.530861116710283909e+00,-1.332092915964935003e+02,1.550021428864563511e+01,-6.581869416161261199e+00,5.047796611674852585e+01,-1.458896192085227028e+01,1.996922774624969321e+01,1.348002594903188651e+02,-3.088475413383203971e+01,-1.134198545364821875e+01,-4.917269857844225811e+01,-1.253047404677379539e+01,-5.194081410156776712e+00,2.489760329217141077e+00,6.280583503367645370e+00,-2.922585392495783907e+01,-4.627738346101656219e+01,8.071352269391709910e+00,1.744305962723746717e+01,9.939594079636952983e+01,2.237995041890995651e+01,5.810844544457415140e+01,3.102558389991365928e+01,2.901593269380591522e+01,-7.544931675329874565e+01,1.557731562971201988e+01,1.364394851307814172e+01,-5.643222575667485330e+01,1.667654031742258880e+01,8.294473100093358653e+01,-2.776735548631413408e+01,-1.250874288527939271e+01,-5.547796545726992434e+00,1.041957307223445639e+02,3.829887718591567136e+01,5.391173774940440921e+01,-7.583103036853788126e+01,-2.693110584175293454e+01,6.062407282075064074e+01,-2.598459829209453531e+01,1.063109232289701112e+02,-3.011212582209344646e+01,3.224563367912123368e+01,-4.337612918356250447e+01,-4.642452339481362600e+00,4.996007885916008462e+01,-5.939712736763736700e+01,-4.111909642475806947e+01,-2.866093304156705202e+01,2.711144702171382903e+01,2.171516789182300755e+01,-2.258344462231141847e+01,4.870924093704729785e+01,3.535863144194488683e+01,-5.513923482625330763e+01,-2.102220093249066224e+01,-3.176677438520616903e+01,-8.682335456039429289e+01,-8.513898857934600883e+00,2.134711205706855708e+01,-1.422289351314370798e+01,1.463124321317818222e+00,4.704554828994381488e+00,8.994865760030297963e+01,-5.446637558064428219e+01,-2.617360154547343143e+01,-1.135318765180439193e+01,5.430579962905845548e+01,1.585464358350191283e+01,2.220964481186879524e+01,7.005338279562901960e+01,1.229444550045365681e+00,8.162657519329464151e+00,-7.148133607955075774e+01,-4.953497829981150602e+01,1.246325948103326198e+01,-9.933255264243061333e+01,2.472704066842397808e+01,-3.677124076508888351e+01,2.070816867972255793e+01,-2.740183735769262885e+00,2.782228802105823107e+01,1.274373564055139774e+01,-1.476879238530789884e+01,2.130746086501628156e+01,7.518724434090135134e+00,-1.065649771236407695e+00,-4.861388013348540937e+01,6.953031739086391383e+01,8.749774344256071146e+00
-5.524685157802768032e+00,-6.363333406990421537e+01,2.656178521924002212e+01,4.593104946371197173e+01,-4.124566941860569358e+01,-4.709228054291877186e+01,5.494990882875344340e+01,3.687656102570819883e+00,7.298955581338022114e+01,-3.563069880964934555e+01,1.091029059239516030e+01,-1.311391711285343433e+02,1.222250496110292595e+01,-5.258936667050410740e+00,5.305964449757509982e+01,-1.117708879922343890e+01,2.105202635135378486e+01,1.295456903590624904e+02,-3.063667758204612213e+01,-1.180003019530476038e+01,-4.649401156951958569e+01,-1.269285390857972473e+01,-5.820333869788266945e+00,4.023730508165553665e+00,2.296550450353565864e+00,-2.927549636950384127e+01,-4.829344613458841451e+01,1.055395036443045598e+01,1.814001135436856416e+01,9.981123358200061091e+01,3.128731187121669777e+01,5.974237808357718649e+01,3.136963499975332326e+01,2.644006055770600128e+01,-7.351715680009318987e+01,1.428323083924012771e+01,1.557551433485597769e+01,-6.024741300304994951e+01,1.735707261468702711e+01,8.966663497267157368e+01,-2.730730783801836026e+01,-1.044529660726671061e+01,-2.786082816983507460e+00,9.974202207784585994e+01,3.665556920201819224e+01,5.204386608948571791e+01,-7.477810506178573746e+01,-2.662754592222725236e+01,5.831372567355932546e+01,-2.779150496711742946e+01,1.034298854013028972e+02,-2.877386860413571057e+01,3.569602900314875171e+01,-4.381420969652007358e+01,-5.240952281277923674e+00,5.175413722556844220e+01,-5.968108003890895930e+01,-4.197540455732651310e+01,-2.846293801462874029e+01,3.322109816722427666e+01,2.367407000486546309e+01,-2.003060344217684374e+01,4.384818494258509247e+01,3.122076952356526292e+01,-5.377674085046992758e+01,-1.904750241756910611e+01,-3.184546819879086854e+01,-8.549123056714564939e+01,-9.071137162006913002e+00,1.880116155612649109e+01,-1.393197812087138310e+01,1.556192759776570789e+00,3.126969907561601758e+00,8.981426375375303905e+01,-5.289457463785252855e+01,-2.528113649468805590e+01,-1.090035362083520631e+01,5.179673137236938629e+01,1.715838760442954580e+01,2.267455919343487025e+01,7.142649255362417193e+01,5.211552018420926302e-01,1.087517946106459377e+01,-7.107048321597960694e+01,-4.873870098923293170e+01,1.186877974782591849e+01,-1.038894377137701639e+02,2.552868691680457403e+01,-3.966845174756455350e+01,1.724428355940951718e+01,-3.504029530532739134e+00,2.794663827173878445e+01,1.539541347923679027e+01,-1.444683703014151099e+01,1.570885116309515439e+01,9.637880582249064076e+00,-1.951945326990197627e-01,-4.818811547842923915e+01,7.023849037324782785e+01,7.625746244909875848e+00
-4.012516813304885410e+00,-1.923267997711428023e+01,1.052732967504786288e+01,2.363915438909199906e+01,-1.147018968157259877e+01,-2.751431451170573439e+01,3.121046256798197760e+01,-3.681772181153577073e+00,3.125246229146129195e+01,-1.060165505389850082e+01,-3.039865815455407017e-01,-5.858237675752828721e+01,1.171964237569047107e+01,-4.865308027037377414e+00,1.676439151442816211e+01,-1.155836735352833777e+01,6.532782103655575767e+00,6.438346725515766877e+01,-1.320802370990661423e+01,-3.963852271743758315e+00,-2.471604803449414689e+01,-4.934057932361557874e+00,-1.142823741093669909e+00,-1.444145583062259153e+00,9.036752527938817892e+00,-1.203942814998893773e+01,-1.593565972951780907e+01,-6.611060308426663923e-01,6.108168668173986404e+00,4.054769107945572415e+01,-5.100389530016467887e+00,2.145879956598420790e+01,1.231042555211938883e+01,1.619130673085992100e+01,-3.440733698672479335e+01,8.549025623063190693e+00,2.539425553813466685e+00,-1.724202715954916343e+01,5.816812609274353285e+00,2.354347882338157305e+01,-1.225750987349108456e+01,-8.518673856833011371e+00,-6.759423722008451207e+00,5.039917188904065171e+01,1.853518359356124279e+01,2.537219237820316309e+01,-3.314609191374218966e+01,-1.165807652842419095e+01,2.887009218369885843e+01,-7.858194372287334417e+00,4.873721524168479391e+01,-1.464773691881146256e+01,7.801127761931377691e+00,-1.728022215593511035e+01,-9.588772628264721209e-01,1.782125406242151300e+01,-2.417276059126876575e+01,-1.566902604383582798e+01,-1.220497707671231424e+01,1.378642340987219939e+00,5.842319066281900675e+00,-1.348665487355937387e+01,2.804732362180015670e+01,2.134339476907247857e+01,-2.506527987779315225e+01,-1.190580823523190190e+01,-1.304621054520248258e+01,-3.815523413181193746e+01,-2.630932621303041952e+00,1.296283894907424639e+01,-6.367733538995680398e+00,4.564780789985620757e-01,4.497949908501842842e+00,3.751750399013213411e+01,-2.512418305019307496e+01,-1.229474507882069645e+01,-5.439124241849953911e+00,2.657082555511758315e+01,4.469798785115640882e+00,8.459436296696626556e+00,2.683330991460957549e+01,1.653377553299397285e+00,-9.944582249991045231e-01,-3.030569602559492282e+01,-2.182710377703565285e+01,6.128145379104838142e+00,-3.383474595857222056e+01,8.959708865546309298e+00,-1.057096128137549051e+01,1.417989587827890929e+01,9.692166573195515333e-02,1.133677105972883936e+01,1.003488174971411517e+00,-6.644225064952689053e+00,1.787495725801988655e+01,-3.034913877461269394e-01,-1.847273123086087931e+00,-2.084693861895634370e+01,2.768995134180184081e+01,5.443175289244996051e+00
-5.398385778758391318e+00,-7.294880990867262938e+01,2.945269977950482598e+01,4.876068458967688457e+01,-4.768128804636250351e+01,-4.868526781377816803e+01,5.716583788184909309e+01,6.141913309384468889e+00,8.000584754017990008e+01,-4.091361888814995496e+01,1.394499839201590063e+01,-1.427746913608376644e+02,1.080850222966301644e+01,-4.721291402330757059e+00,6.053682092132454784e+01,-9.548299928710889617e+00,2.406605381448048675e+01,1.384402562827229417e+02,-3.354573835836674078e+01,-1.336885999508991674e+01,-4.904414313630449840e+01,-1.411284652603214340e+01,-6.918390811995301704e+00,5.674603404471030288e+00,-6.971310263498078363e-01,-3.228751417959332315e+01,-5.482868473267718912e+01,1.363604529481438909e+01,2.054592373304995689e+01,1.102796197007169781e+02,4.167773131519555818e+01,6.713031870896436715e+01,3.483268469182304017e+01,2.703775126002719631e+01,-7.941509716111325190e+01,1.468502361033586467e+01,1.872105722233960634e+01,-6.945329557007804056e+01,1.967020873642450596e+01,1.042131702493828271e+02,-2.970671518202688688e+01,-9.834360508534050638e+00,-8.320941433753386018e-01,1.062598067343723045e+02,3.904557192023266765e+01,5.581408171310627608e+01,-8.151616974401441951e+01,-2.908469427756753234e+01,6.236203005036396263e+01,-3.207615018653018524e+01,1.115957934541884811e+02,-3.061085643925499156e+01,4.211419662660082963e+01,-4.861668928203958728e+01,-6.257717368521492851e+00,5.846086797503895838e+01,-6.596940188244150249e+01,-4.692996085086325309e+01,-3.119190119299954844e+01,4.154185582041210267e+01,2.766385312067452773e+01,-1.999631169105772344e+01,4.436215620474096966e+01,3.103864846139508415e+01,-5.813218702553108130e+01,-1.938167233232108089e+01,-3.514189840491923178e+01,-9.309067190448389795e+01,-1.044329226058454196e+01,1.864764785263766100e+01,-1.511061678086886317e+01,1.789544215784197423e+00,2.166652931574782226e+00,9.882262812517889472e+01,-5.699094538176647973e+01,-2.712463330074814749e+01,-1.164010277540499239e+01,5.502253218930882639e+01,1.995611595271475380e+01,2.535284682881006546e+01,7.978925996025165546e+01,3.901670912307975136e-04,1.417610637860392053e+01,-7.795221731384538089e+01,-5.304132508216378739e+01,1.259211181736169394e+01,-1.181262313947626552e+02,2.876943341406707333e+01,-4.604182399500280098e+01,1.618926068073750457e+01,-4.478395752933045593e+00,3.088426968162416486e+01,1.910591806461724929e+01,-1.565259962674897487e+01,1.276897506470433186e+01,1.233261911988470949e+01,4.900032457343853620e-01,-5.273493984525453016e+01,7.794210574244137035e+01,7.489460146110612726e+00
-1.764915101139934883e+00,-1.716559258760849715e+01,7.458183091029625622e+00,1.353385082942102180e+01,-1.100960476300132562e+01,-1.426016774348394378e+01,1.653468586695816356e+01,4.326013442538316767e-01,2.076688282890146553e+01,-9.592035192936501531e+00,2.521004954084983485e+00,-3.759652933859538138e+01,4.237774300331504485e+00,-1.802596236966934606e+00,1.439852917037951663e+01,-3.973896546116711725e+00,5.698871856659359914e+00,3.790306390879295861e+01,-8.727263397690512292e+00,-3.229728010008003025e+00,-1.379199250330373694e+01,-3.552662184971652426e+00,-1.497841935394477630e+00,7.736239750839920548e-01,1.597343042752111142e+00,-8.271324834582284069e+00,-1.318451970198131740e+01,2.395645346684067256e+00,4.966723894666534633e+00,2.814155412027728786e+01,6.733821192227578578e+00,1.651473621326478636e+01,8.793812695147606107e+00,8.093526938848398800e+00,-2.126029588522506231e+01,4.349045047661386221e+00,3.947491035792565661e+00,-1.613883948991083628e+01,4.749106470732700203e+00,2.377130262646261372e+01,-7.835675537388198997e+00,-3.446135118113813789e+00,-1.445133401369486092e+00,2.928001574110151850e+01,1.076207481782111053e+01,1.516940925467143586e+01,-2.140794794357122655e+01,-7.606126423649974377e+00,1.704862525072349655e+01,-7.433500189284799831e+00,2.994940577354944722e+01,-8.459493891972535096e+00,9.279097767452649137e+00,-1.229248389666790864e+01,-1.340513899042701240e+00,1.421648006315459511e+01,-1.681847217480917323e+01,-1.167274588650396616e+01,-8.100319853742574239e+00,7.946369494088055596e+00,6.232373369220605142e+00,-6.274574344884634947e+00,1.356244430580739824e+01,9.817672056239771905e+00,-1.553950515772100616e+01,-5.858912780053380231e+00,-8.991556309480898790e+00,-2.450549610892574748e+01,-2.434029991746139210e+00,5.925080416881880474e+00,-4.011068546071661522e+00,4.181696654160970139e-01,1.259949696411981623e+00,2.544377538255664817e+01,-1.533968897922010477e+01,-7.365242186169806970e+00,-3.191819455334208744e+00,1.525198791837363110e+01,4.544666273424880387e+00,6.304904714129398791e+00,1.988264293298993479e+01,3.159139405301481518e-01,2.431847933424599262e+00,-2.020621256723495307e+01,-1.397938636507651644e+01,3.499512430207317504e+00,-2.831039342645351908e+01,7.032355726198116663e+00,-1.053461405084392233e+01,5.702903187325095047e+00,-8.097476664804206248e-01,7.877572708407858393e+00,3.725262207740786646e+00,-4.164123919350886993e+00,5.776195254300258597e+00,2.222896071791287120e+00,-2.622570510827403334e-01,-1.373548235742768142e+01,1.970466140405042665e+01,2.424947586140813627e+00
-4.644202181697706600e+00,-4.746751471125599409e+01,2.037184630746594038e+01,3.644077528397958332e+01,-3.054498733587649184e+01,-3.809382016482197031e+01,4.425023044965566754e+01,1.679975916748944975e+00,5.649904094424599776e+01,-2.654146352747001458e+01,7.334480809212555741e+00,-1.020538068299047012e+02,1.090921507485767528e+01,-4.654295385724597445e+00,3.974246269648408258e+01,-1.016392053415903263e+01,1.574178309293016831e+01,1.022678399117875756e+02,-2.373505493367835584e+01,-8.890996360073268434e+00,-3.706316094451428000e+01,-9.713365109180454482e+00,-4.204096059572592026e+00,2.407572800602340912e+00,3.575721995629495442e+00,-2.255062463227840652e+01,-3.632369538583073876e+01,7.012981649430551023e+00,1.367125585146124855e+01,7.677213514915817427e+01,2.008890323928401500e+01,4.532461180449195837e+01,2.403194716243967122e+01,2.155381546084095135e+01,-5.756137116504895346e+01,1.159948301351643707e+01,1.113454291742433000e+01,-4.472581590775202898e+01,1.307500317228742936e+01,6.609287712339522614e+01,-2.126394922868050941e+01,-8.988767559546772645e+00,-3.399413903681092197e+00,7.892464753144928125e+01,2.900807448773829833e+01,4.097508629229145782e+01,-5.813530263369727891e+01,-2.066891711221346739e+01,4.600997512538991430e+01,-2.061026032204777891e+01,8.105571400215249867e+01,-2.279262186979538285e+01,2.596053440811250823e+01,-3.358484037421098378e+01,-3.769932217332553126e+00,3.909266804879074897e+01,-4.588894959301202903e+01,-3.197753830038446665e+01,-2.203628576257676031e+01,2.284745490586780647e+01,1.736661702916886441e+01,-1.660131618747767135e+01,3.601178645767013364e+01,2.594767307972377779e+01,-4.208227477317081622e+01,-1.558136311784474515e+01,-2.451906119358707059e+01,-6.652223680625233726e+01,-6.741921512255419913e+00,1.565022300780726994e+01,-1.087416544672597496e+01,1.157751143821010409e+00,3.125793671963783549e+00,6.931292141110616001e+01,-4.149689872888412623e+01,-1.989755766232478607e+01,-8.609962654372063540e+00,4.107502215433903103e+01,1.263946226555414221e+01,1.727278011096964860e+01,5.445191001902109917e+01,7.227282521312000663e-01,7.156502084452913692e+00,-5.498562204053434499e+01,-3.794113041430478717e+01,9.420847600024675472e+00,-7.804033920356751253e+01,1.932092421649874581e+01,-2.927412159437677985e+01,1.486564529923555433e+01,-2.355754316394386816e+00,2.149215152144275365e+01,1.066943124977297153e+01,-1.128521420099399997e+01,1.464886444125258436e+01,6.471294112797188802e+00,-5.448620712940659416e-01,-3.734873783983547213e+01,5.383713757767736752e+01,6.389130763610546992e+00
-5.026013477887572911e+00,-6.458380985877481351e+01,2.633851122258347743e+01,4.419659032892487716e+01,-4.210883607977615384e+01,-4.450087156160640944e+01,5.214808841248540716e+01,4.932632949820967561e+00,7.179940953040652118e+01,-3.620444676123793926e+01,1.196673914236980529e+01,-1.283976188489595529e+02,1.041407403274380705e+01,-4.524805381596718412e+00,5.367169575031291373e+01,-9.314665645908991820e+00,2.132430829686034812e+01,1.252216965895860028e+02,-3.011477315832573254e+01,-1.187769949814164683e+01,-4.454301278451566759e+01,-1.261011173738803315e+01,-6.060171710116945221e+00,4.743806936373550442e+00,2.611773905292831266e-01,-2.892110691541692802e+01,-4.868252434441259879e+01,1.166695308971133649e+01,1.825578984342580924e+01,9.872684706144529798e+01,3.536593808304468212e+01,5.979072095830150602e+01,3.113631668517904671e+01,2.480069848248266240e+01,-7.159177713984757929e+01,1.344667648071177091e+01,1.634604624788155292e+01,-6.138728204271906463e+01,1.747473143144355134e+01,9.188853900700561894e+01,-2.672183968922162123e+01,-9.271171686915096188e+00,-1.359696785023610133e+00,9.620741615273391290e+01,3.535328920180451462e+01,5.042912154730264263e+01,-7.327900255451035605e+01,-2.612966466612269656e+01,5.639498254805455701e+01,-2.834097532999352254e+01,1.006391907808266524e+02,-2.772729364952144948e+01,3.697041770316049991e+01,-4.346695817984843302e+01,-5.474327341205083464e+00,5.198660871733744671e+01,-5.905062044579130287e+01,-4.186252307178675380e+01,-2.799441466912862353e+01,3.586626209809303134e+01,2.435341446378282981e+01,-1.848589535811890272e+01,4.083284144184046482e+01,2.873312919294471612e+01,-5.239395350494420001e+01,-1.780657856365262148e+01,-3.147239939723056068e+01,-8.371274494349714246e+01,-9.234105371383009242e+00,1.727585461855341364e+01,-1.360498367517794449e+01,1.582877932729716886e+00,2.292271607490495633e+00,8.858270846157945755e+01,-5.141785150270561644e+01,-2.450424108862934247e+01,-1.053113401465095400e+01,4.986240304082877373e+01,1.759235376160284403e+01,2.261476413705217325e+01,7.119211991231048842e+01,1.578398400920464351e-01,1.209976593495927233e+01,-6.994265495520845377e+01,-4.770624197954600021e+01,1.141570412211765984e+01,-1.048371313339541757e+02,2.560142036404371169e+01,-4.061288203981086298e+01,1.527705236027556523e+01,-3.843150482282791991e+00,2.764707828642170284e+01,1.653079272279050826e+01,-1.409754464058853074e+01,1.268687047993673644e+01,1.057979339330605839e+01,2.455330573538712091e-01,-4.734931219836213501e+01,6.968477550606543502e+01,6.961074653408643620e+00
-1.203083613048140821e+00,-1.919725356956210938e+00,1.906983182911725194e+00,5.702066628121060354e+00,-8.036986101486647271e-01,-7.296185959245395480e+00,8.117751118544461519e+00,-2.010629869542705173e+00,6.268466277777315021e+00,-1.000848865803478205e+00,-1.264158348499009987e+00,-1.233817322474799205e+01,3.919178808770324096e+00,-1.607871327259825733e+00,1.922587568474131370e+00,-3.956076090378131571e+00,7.103035913058877160e-01,1.506954569546590861e+01,-2.670988355334785957e+00,-5.317913624279722029e-01,-6.120189841168132361e+00,-8.685616174005048595e-01,9.706958777336260891e-02,-1.055510445736485226e+00,3.760034265265342679e+00,-2.294945961167477400e+00,-2.049462672432754484e+00,-1.385250342846602978e+00,8.239727953496056578e-01,7.603462957050363791e+00,-5.495950701515671888e+00,3.307430295933335263e+00,2.198002366854243661e+00,4.425308283550087651e+00,-7.609541608107571520e+00,2.303138106616894554e+00,-4.892915502679666684e-01,-1.389654112374739903e+00,7.761452326315974037e-01,1.131259885908576734e+00,-2.595215107007203148e+00,-2.687098888686954901e+00,-2.701865568992078082e+00,1.196888612932988494e+01,4.404493716850588214e+00,5.835821213908370275e+00,-6.921010284631818443e+00,-2.400412190224757492e+00,6.734083235810565782e+00,-5.988401584812717005e-01,1.085179335321773131e+01,-3.500791292494543683e+00,-2.448579683850828914e-01,-3.108082018068159424e+00,1.184563313197394274e-01,2.525314595965577613e+00,-4.514423052164813654e+00,-2.585689106696186013e+00,-2.452318271140180084e+00,-2.829880712597549586e+00,1.333531661232305598e-01,-3.892430314193688901e+00,7.867888026811924007e+00,6.209566738935685670e+00,-5.520618590846636309e+00,-3.294862376224736877e+00,-2.474241958265479990e+00,-8.027774400730569582e+00,-2.246685665003023136e-01,3.787995342955162492e+00,-1.374512449495270294e+00,4.081245432124649963e-02,1.666102123810151436e+00,7.298028547017012535e+00,-5.638018586312112390e+00,-2.821482125295661891e+00,-1.277600476464221924e+00,6.391680758073247759e+00,2.008038369449915983e-01,1.394647249682435364e+00,4.475293487410339388e+00,6.774862357567297266e-01,-1.565984837588333844e+00,-6.048325622475071661e+00,-4.609711961059390184e+00,1.482147747256715942e+00,-4.211415732954484348e+00,1.320443130118485797e+00,-5.691920991440628796e-01,4.487619229168604562e+00,4.056928153472567633e-01,2.121686129290430767e+00,-1.150136237882150025e+00,-1.443521585176227751e+00,6.281282137237620411e+00,-1.132191101247433718e+00,-7.970155789536581548e-01,-4.233099554923173358e+00,4.977276728751882651e+00,1.618452808366993123e+00
-3.365943077821417884e+00,-4.174553267367105747e+01,1.714969836009389681e+01,2.905596491375539969e+01,-2.716836758179107747e+01,-2.942901131007796423e+01,3.443812224291274049e+01,2.948314004350972350e+00,4.686954010273655769e+01,-2.339336626708068678e+01,7.554796257869847764e+00,-8.394152421383141416e+01,7.133055472358845961e+00,-3.088670359963658463e+00,3.472859440100700823e+01,-6.430163999660847729e+00,1.379206285126655729e+01,8.220309326617108070e+01,-1.966310856505972282e+01,-7.697366641957025024e+00,-2.932526204343863796e+01,-8.205830483011499865e+00,-3.886315978646028402e+00,2.933158446608095993e+00,5.863214872375452913e-01,-1.885365628739717536e+01,-3.153432329070482609e+01,7.348539255226979705e+00,1.183143727991727623e+01,6.433431652643409393e+01,2.213126971606835269e+01,3.881764459527489208e+01,2.026740536914443425e+01,1.644098198274512512e+01,-4.688523470599901799e+01,8.903420825937475414e+00,1.045721545044521861e+01,-3.963096129832224079e+01,1.132384018674993342e+01,5.921666382178629107e+01,-1.747278271589653897e+01,-6.260999604130119245e+00,-1.175007923572592539e+00,6.319987087533957038e+01,2.322472393682567571e+01,3.307880318754378379e+01,-4.789362878967680359e+01,-1.707029748329174978e+01,3.701521786692391203e+01,-1.829187103239820189e+01,6.592551855103418745e+01,-1.822012066082786674e+01,2.374733394021714972e+01,-2.829813640156782739e+01,-3.507197222005651760e+00,3.371202829873424633e+01,-3.847600584545455149e+01,-2.720824693940106798e+01,-1.827523828027533170e+01,2.274965766426250369e+01,1.567579584545491755e+01,-1.232082800401631317e+01,2.713382131668314301e+01,1.916833975983063354e+01,-3.430725679868217526e+01,-1.181749020809745865e+01,-2.051426641485874214e+01,-5.472640470485770692e+01,-5.963177218384696054e+00,1.153106659569775161e+01,-8.901898507050903575e+00,1.022442884179877387e+00,1.659473285520656205e+00,5.777693740898914143e+01,-3.369261726213631647e+01,-1.607188681977028821e+01,-6.914413952568564170e+00,3.277621191110760890e+01,1.133546336166078738e+01,1.469806126598077434e+01,4.627949001360394021e+01,1.768836762443982968e-01,7.606758646735803708e+00,-4.565102204661211260e+01,-3.119137519292235439e+01,7.506014007132860932e+00,-6.788623759718603878e+01,1.661043481293720703e+01,-2.618027120301946908e+01,1.032354092188940164e+01,-2.426275978980654280e+00,1.801508826124987195e+01,1.050249051406893663e+01,-9.226328254800703732e+00,8.857446516404428039e+00,6.677576148391819899e+00,6.921384487625703574e-02,-3.091993987844901071e+01,4.536601550566332008e+01,4.656540191721173727e+00
-2.376033782881940226e+00,2.581440402844079607e+00,1.696324516454991826e+00,8.965688304910390372e+00,2.778669001030714014e+00,-1.283002568335312432e+01,1.397768877338094740e+01,-5.472986107305777281e+00,7.241003173208886423e+00,1.631291991090899174e+00,-4.439897509636613115e+00,-1.570856693991780872e+01,8.411537520240711885e+00,-3.422461951355933341e+00,-1.345021194352669980e+00,-8.625639912482494509e+00,-6.653780685864874034e-01,2.274629898771564740e+01,-3.139340671360872470e+00,3.764483195008616612e-02,-9.949231353424345059e+00,-7.034515717880336361e-01,9.201684533122908016e-01,-3.115847200824600094e+00,9.166211174783477134e+00,-2.354166745001859518e+00,4.726244368139083107e-01,-4.702267657386207667e+00,-4.166941719837891078e-02,7.472111024953250080e+00,-1.742556169552899803e+01,1.352382606074958638e+00,1.867501166569267568e+00,8.028463910129765679e+00,-1.054416463932669856e+01,4.117636844152993802e+00,-3.038260296452858000e+00,3.517657766546745002e+00,-7.063936570770978918e-02,-7.586034171998514708e+00,-3.336294365917102045e+00,-5.527096778712542680e+00,-6.454561204420979692e+00,1.843215569583898983e+01,6.788645857813492057e+00,8.590610431072905229e+00,-8.670182484402820577e+00,-2.926597046763418142e+00,1.011527622564584661e+01,1.728512550171261264e+00,1.520085644887490695e+01,-5.437714842675807958e+00,-4.764123319568319914e+00,-2.703976981582388639e+00,9.064679488940444729e-01,3.188748372379910379e-01,-4.387619079961745605e+00,-1.607163951228221865e+00,-2.843446818273682286e+00,-1.096172138222620163e+01,-2.417658827659607379e+00,-7.436704542639365201e+00,1.464145564048862092e+01,1.194904299228636013e+01,-7.598373890618159265e+00,-6.051812565237146835e+00,-2.505214899998405187e+00,-1.020139008060179542e+01,4.909102907908740043e-01,7.317625583264106837e+00,-1.828730196889575055e+00,-7.852381696752214202e-02,3.816402330600752624e+00,7.868027675647465635e+00,-7.995463416807295332e+00,-4.139505787580544549e+00,-1.938036728609072057e+00,1.001388453319115257e+01,-1.490961120280233310e+00,8.628805356849276187e-01,2.923994121693979320e+00,1.639094716207962765e+00,-5.193039699745577664e+00,-6.911813774169885960e+00,-5.898780706174946431e+00,2.338622239232183819e+00,1.511985758429787552e+00,3.449117662937997153e-01,3.183641697475835031e+00,9.253839971651396823e+00,1.425163475716599404e+00,2.073977160255200403e+00,-4.675253687640054778e+00,-1.942006069824669057e+00,1.393229254457016530e+01,-3.960894000748361954e+00,-1.976864992035655577e+00,-5.017941372278863277e+00,4.321483078717109017e+00,3.173856683424888026e+00
-4.618630118935182161e+00,-3.317230003204746680e+01,1.570150277823474383e+01,3.118482208851828119e+01,-2.076237509382175261e+01,-3.440555880964510038e+01,3.948229466160924517e+01,-1.637086253327399987e+00,4.487128795796160574e+01,-1.845015344604132324e+01,3.014790406574774373e+00,-8.242405769129474891e+01,1.232754090851986639e+01,-5.172578610721737746e+00,2.820011020534235513e+01,-1.189736345379492377e+01,1.110064120724899439e+01,8.625591594301231169e+01,-1.890116332168494040e+01,-6.446309587500488547e+00,-3.215121159733634926e+01,-7.431493217185221489e+00,-2.576771530426035017e+00,1.233243514392308171e-01,7.388469399530313453e+00,-1.762964640480738865e+01,-2.616951485780456821e+01,2.643929603144087537e+00,9.920649151184257164e+00,5.973560833932344138e+01,5.507297246078451280e+00,3.366873146907804681e+01,1.845272486194108552e+01,1.986872147803884303e+01,-4.736929397364824013e+01,1.058659247148133531e+01,6.510537926961761812e+00,-3.068936173907433229e+01,9.471891993882746164e+00,4.410340705635734082e+01,-1.720693264998463690e+01,-9.424190783836376539e+00,-5.843802308821792302e+00,6.702606910817951302e+01,2.464220180401247262e+01,3.428647373913111807e+01,-4.680779926172758110e+01,-1.656018785424128836e+01,3.874451324730946311e+01,-1.408590449395230593e+01,6.688799725124729889e+01,-1.941634918316814051e+01,1.639121919040324826e+01,-2.583700098957037739e+01,-2.268182590366273566e+00,2.859669366687818837e+01,-3.566462041118165160e+01,-2.409516413326004880e+01,-1.751117213105510828e+01,1.088987974541488590e+01,1.136698637594947492e+01,-1.595790917547850540e+01,3.383761223650681416e+01,2.511209138351897252e+01,-3.457337524364316295e+01,-1.449274183469385946e+01,-1.914009205416338233e+01,-5.370702957203771888e+01,-4.646629741318696993e+00,1.520402540603080688e+01,-8.863481040932921218e+00,8.009566624329570450e-01,4.266753530749546997e+00,5.451770759529011912e+01,-3.435508291134088665e+01,-1.663278736613877129e+01,-7.273937394355966646e+00,3.510260806815835366e+01,8.413231205375138799e+00,1.301235350055860529e+01,4.112749647375859041e+01,1.381795079172864149e+00,2.491946977198025159e+00,-4.359870054226919223e+01,-3.067393665013613102e+01,8.072901465599883863e+00,-5.596501082659796111e+01,1.423130130990150022e+01,-1.962659849653723043e+01,1.564483511430179163e+01,-9.687784591971508874e-01,1.671351349309362888e+01,5.317192047389413645e+00,-9.221586436880855331e+00,1.793099990115362985e+01,2.637248661527874738e+00,-1.428878357826207424e+00,-2.978300752062970602e+01,4.141039044119229828e+01,6.304376459099149344e+00
-5.398977772971578659e+00,-3.853237059809433163e+01,1.827492644897311891e+01,3.636558861660043362e+01,-2.410273717228984225e+01,-4.015797282973687032e+01,4.607422873136105324e+01,-1.971336793988608171e+00,5.225533858250758357e+01,-2.142894526489743612e+01,3.449571909558930116e+00,-9.601779308962127857e+01,1.443612723781992990e+01,-6.055999672389128285e+00,3.276733706025044057e+01,-1.393868936629693778e+01,1.289678395533868205e+01,1.005601468915591283e+02,-2.201266267113573960e+01,-7.493698739159159850e+00,-3.750131154369706366e+01,-8.648252300665442149e+00,-2.984173576451111032e+00,1.045781103395597711e-01,8.703597641372651239e+00,-2.052468312057871813e+01,-3.041752670503020894e+01,3.015160543529631809e+00,1.153274759638890856e+01,6.953875512137767601e+01,6.185566031004110954e+00,3.915847449474907904e+01,2.147549521843548348e+01,2.319836932660605200e+01,-5.520052433670053205e+01,1.235872510503955368e+01,7.531009341208843466e+00,-3.563417069194299813e+01,1.101068357160447420e+01,5.117803837176326454e+01,-2.004548422553877529e+01,-1.102492118939324683e+01,-6.874081980087706434e+00,7.815074619576911630e+01,2.873235050340505836e+01,3.996674887562630829e+01,-5.452442638395452690e+01,-1.928850923967743825e+01,4.516843210825317101e+01,-1.635407031965102931e+01,7.795000033299861286e+01,-2.264020794680240556e+01,1.899632371915851081e+01,-3.007051139052744304e+01,-2.625593588835048120e+00,3.324910157083378692e+01,-4.151658753937773838e+01,-2.803188069121031845e+01,-2.039304228327059576e+01,1.252357171731863517e+01,1.318460776969523884e+01,-1.864448078717339286e+01,3.952025824207783700e+01,2.934286917102160075e+01,-4.028793316619731257e+01,-1.692390604120156894e+01,-2.228253467751621741e+01,-6.256420129755795756e+01,-5.395834853374644524e+00,1.776656946404553850e+01,-1.032702191763254085e+01,9.301758023975631451e-01,5.007835913089119906e+00,6.347760557232862766e+01,-4.003910089932073646e+01,-1.938801083043868090e+01,-8.480456317359090335e+00,4.093326712931160216e+01,9.762252555440323221e+00,1.513827518137626704e+01,4.784924038917277045e+01,1.626815057034146417e+00,2.832362708362150983e+00,-5.077179160417279746e+01,-3.573347443712749083e+01,9.414280619592849675e+00,-6.504338752772498822e+01,1.654891609192649682e+01,-2.277729631312825376e+01,1.830313967613933102e+01,-1.108511412998411494e+00,1.945614294629885066e+01,6.123302361562529939e+00,-1.074474821625694076e+01,2.101917167447772172e+01,3.016623828154271436e+00,-1.685757092677606650e+00,-3.468675677167601634e+01,4.819551818640755414e+01,7.368677877620241290e+00
-2.101220116747284816e+00,-2.100468977637461521e+01,9.063888705766572684e+00,1.631740380441162230e+01,-1.349674748404372870e+01,-1.711828084122665317e+01,1.986854935077646545e+01,6.489572122283338018e-01,2.518219568882922488e+01,-1.174147633631198140e+01,3.174639557143823065e+00,-4.553255727846689638e+01,4.985427410707170104e+00,-2.124060051170702401e+00,1.760062859127608448e+01,-4.658675669495137228e+00,6.969190170939664419e+00,4.575097927166824263e+01,-1.058066440019469034e+01,-3.942149590523219338e+00,-1.661066798571681602e+01,-4.319843726237451165e+00,-1.848204452462541614e+00,1.012983996712280232e+00,1.746553090859058965e+00,-1.004163655685583123e+01,-1.609984846345041021e+01,3.027462825064210161e+00,6.061937665400362718e+00,3.417657828648303564e+01,8.602840411776821128e+00,2.012343139074503995e+01,1.069000474411798507e+01,9.699170010509496009e+00,-2.571126560951546480e+01,5.216179745819679248e+00,4.884416570111861589e+00,-1.977242337628178248e+01,5.797014450116112272e+00,2.917648511991556504e+01,-9.488281750438888551e+00,-4.083164147351573625e+00,-1.620780000397629594e+00,3.532347377253366005e+01,1.298308541660553139e+01,1.832161162291658130e+01,-2.593289492434466936e+01,-9.217218340984302927e+00,2.058114519767013206e+01,-9.109512826583417322e+00,3.621181190017942697e+01,-1.020306674203160391e+01,1.142887819444904451e+01,-1.494101991154266784e+01,-1.655910149465219527e+00,1.734167006807085087e+01,-2.042695921127553405e+01,-1.420899590345010033e+01,-9.822133802861214846e+00,9.939585838165090337e+00,7.658989519545835734e+00,-7.492544767772568726e+00,1.622676924227767259e+01,1.171647763067148418e+01,-1.879519357366938337e+01,-7.015931583314375608e+00,-1.091721219930777309e+01,-2.967904471512872178e+01,-2.981164234880711028e+00,7.068682283345536277e+00,-4.854361172108649924e+00,5.120394605512881281e-01,1.453142481114884976e+00,3.087565585279626745e+01,-1.854257073082101215e+01,-8.896436095267448607e+00,-3.852193758186365891e+00,1.839090662319948066e+01,5.578943509059683947e+00,7.674947392657037959e+00,2.419861282454907681e+01,3.492666249133500878e-01,3.082495878521200439e+00,-2.450527639765333987e+01,-1.692893098812449892e+01,4.218819576252618830e+00,-3.458131349967156609e+01,8.574129501948595689e+00,-1.292606112590404521e+01,6.754731700948943818e+00,-1.019674690025130559e+00,9.567327894817942990e+00,4.649429732605165455e+00,-5.038633170474347445e+00,6.740701008531294391e+00,2.800256047871596543e+00,-2.763175115618276001e-01,-1.665076994054233595e+01,2.395051004956247453e+01,2.889029073347491483e+00
-3.133870531765841960e+00,-2.494202832017378313e+01,1.144436992124119179e+01,2.203644806710217097e+01,-1.575514774403454155e+01,-2.394836781162029737e+01,2.757442988958100472e+01,-5.371826903736334202e-01,3.240891733861198531e+01,-1.389676480979314022e+01,2.787718702114986069e+00,-5.923370134779502649e+01,8.108206698808597679e+00,-3.415417507248214690e+00,2.109824452922233107e+01,-7.762384604229225715e+00,8.321912922346855979e+00,6.120613306847605628e+01,-1.364058004061974572e+01,-4.789459770576958597e+00,-2.263192059481141527e+01,-5.428914687496185110e+00,-2.026601231845642559e+00,4.775046100673909777e-01,4.348679952246914837e+00,-1.279405318195549590e+01,-1.948296212832199359e+01,2.544946280324266397e+00,7.368799421572754582e+00,4.341338512077415857e+01,6.246352950840481810e+00,2.482321527274935136e+01,1.346527045316672400e+01,1.375312742114488351e+01,-3.385390166273396773e+01,7.347876089834579183e+00,5.208826149957069163e+00,-2.321502963416178744e+01,7.039296366772893165e+00,3.367561182070878090e+01,-1.235863411622003127e+01,-6.310486409944163100e+00,-3.538043100523697859e+00,4.746711181637197541e+01,1.744983938798297984e+01,2.438512193091063196e+01,-3.366926436214420448e+01,-1.192933553468493812e+01,2.750525427605995787e+01,-1.066942814689621422e+01,4.776489543675449312e+01,-1.373827408165359465e+01,1.275658393002131596e+01,-1.884266008721678887e+01,-1.795852863290078094e+00,2.118649967518799926e+01,-2.592868982393841293e+01,-1.768563995415335199e+01,-1.264550705319956236e+01,9.440904555239935547e+00,8.736667357163110381e+00,-1.092361533364786830e+01,2.330242170486850384e+01,1.715938718770120985e+01,-2.472098607576809925e+01,-1.000763910587789418e+01,-1.389647627410538178e+01,-3.860056906943544419e+01,-3.509787853386350243e+00,1.037879294263399288e+01,-6.352422160431470566e+00,6.042398951939582652e-01,2.694267324670927888e+00,3.949133636340820175e+01,-2.450976947219582769e+01,-1.183297718260190656e+01,-5.159037601072871126e+00,2.481459658047247174e+01,6.429439861191666772e+00,9.551579626441206727e+00,3.016483171224775361e+01,8.226042273048984610e-01,2.492929609727555285e+00,-3.150511211866166406e+01,-2.203714591177231341e+01,5.702450190058456769e+00,-4.172752477233242985e+01,1.052050995051887838e+01,-1.496227828855584008e+01,1.046614252242959964e+01,-8.956173689930937432e-01,1.214875789591506106e+01,4.525838727544728712e+00,-6.604195461881523066e+00,1.158352667375033640e+01,2.448151785091918775e+00,-8.157116340740411253e-01,-2.148496199472732471e+01,3.020170083440754283e+01,4.286293823712295392e+00
-1.743608421722634416e+00,-1.220427400123709205e+01,5.824024547201549495e+00,1.165793737636837690e+01,-7.619721937256214161e+00,-1.290963876028850521e+01,1.480243232981730017e+01,-6.931715759919532260e-01,1.668256071751456915e+01,-6.784741564403232061e+00,1.040918202676503590e+00,-3.068325970656184154e+01,4.687433560877365402e+00,-1.965089255095747944e+00,1.038876244993405074e+01,-4.532099934869241231e+00,4.087208266066176598e+00,3.221206307004050018e+01,-7.028654056627883229e+00,-2.379162649633850268e+00,-1.203065793416350893e+01,-2.754887176677514482e+00,-9.363307726390264207e-01,-5.033966824861568767e-03,2.876330872439726072e+00,-6.546509086480648776e+00,-9.653287441431887217e+00,8.997506014465197488e-01,3.661713570340665136e+00,2.217374767942493463e+01,1.750352140409829005e+00,1.245137563533631742e+01,6.842466397983431925e+00,7.465182596925168390e+00,-1.765834649151844360e+01,3.975052585320136167e+00,2.354182191349731390e+00,-1.127245958291917560e+01,3.495576527304255166e+00,1.615848237501226592e+01,-6.406393706337810912e+00,-3.568802224924788824e+00,-2.262086226857878302e+00,2.504300572668434910e+01,9.207281734670949902e+00,1.279688256383457734e+01,-1.742065096452260065e+01,-6.160987760336758434e+00,1.446739071159328383e+01,-5.172021333667239595e+00,2.493959908989454277e+01,-7.256140507257622829e+00,5.973811168553437412e+00,-9.582081127696689293e+00,-8.226318212079297698e-01,1.056216885612522027e+01,-1.323744800704818481e+01,-8.921251894245751046e+00,-6.510711769570424856e+00,3.842321181760039117e+00,4.157099898177540886e+00,-6.011831858576476506e+00,1.272936525794756513e+01,9.464488794601916055e+00,-1.288669631940770977e+01,-5.448465546523690861e+00,-7.106568910867593125e+00,-1.999247566481882288e+01,-1.707422577269119390e+00,5.731589510271236421e+00,-3.301791868204682512e+00,2.944136349433225108e-01,1.637079840245889706e+00,2.025388844573627267e+01,-1.281255334117342670e+01,-6.207471291963287285e+00,-2.716756388644337328e+00,1.312126925896622609e+01,3.081704645874307147e+00,4.817751280704150041e+00,1.523041848113106411e+01,5.367129049475152236e-01,8.356795786046165020e-01,-1.620741989632120195e+01,-1.141956737520116683e+01,3.018209015523399597e+00,-2.063597583037199001e+01,5.259343068017086509e+00,-7.193857591866063217e+00,5.925741806442468729e+00,-3.345159670753521386e-01,6.203755117697935084e+00,1.887072866376780844e+00,-3.435831196898403661e+00,6.845639599120733720e+00,9.093146133713718715e-01,-5.595756208126876352e-01,-1.107637099337289399e+01,1.535753128788384458e+01,2.378879044672300935e+00
-8.098688657287312909e-01,-4.489239115567463578e+00,2.322072467451028910e+00,4.990022193499697778e+00,-2.731214918065751895e+00,-5.703922362558982329e+00,6.495198966560856491e+00,-5.999473979747816932e-01,6.797656701463426820e+00,-2.483666528862646494e+00,1.238572933417030342e-01,-1.264928527827257909e+01,2.301455023478873763e+00,-9.584515109855581416e-01,3.873744914247286175e+00,-2.255443008854017606e+00,1.515669973582984387e+00,1.366351793156522731e+01,-2.869409062399198351e+00,-9.037362637764705386e-01,-5.192340546831781367e+00,-1.092315561648565136e+00,-3.000928901347594824e-01,-1.931892319789962897e-01,1.658066971245489851e+00,-2.637596303373760165e+00,-3.647210579717769185e+00,5.399090335626643977e-02,1.391918034333547105e+00,8.903030846481426508e+00,-4.031212935065631164e-01,4.824827016179288108e+00,2.720429677513289235e+00,3.335778576487614888e+00,-7.372032169589603612e+00,1.766572571807321523e+00,7.100246056389227789e-01,-4.076908420861386162e+00,1.326870342059919494e+00,5.687888310353756971e+00,-2.644526472962512642e+00,-1.698384203941206927e+00,-1.257686840889869817e+00,1.066852215916774682e+01,3.923106772379723495e+00,5.400737349938446563e+00,-7.166473581590932618e+00,-2.525919447030737341e+00,6.130504893408820877e+00,-1.863532552939686227e+00,1.043078280790517098e+01,-3.097131873553388814e+00,1.982528323844690021e+00,-3.815095037647411758e+00,-2.576343965870155905e-01,4.041923995467374908e+00,-5.310507593041768892e+00,-3.496104097694562984e+00,-2.653999133375753772e+00,7.903501037317903766e-01,1.434719464792562293e+00,-2.745978459180347109e+00,5.746467562711806920e+00,4.337838652264234263e+00,-5.374030455204581891e+00,-2.446419670263253909e+00,-2.860154061849818685e+00,-8.239887546873971402e+00,-6.200955752358253692e-01,2.631944980034626180e+00,-1.369668480273519062e+00,1.073000548576356628e-01,8.577197487701557765e-01,8.196202490117409312e+00,-5.370170966806394830e+00,-2.618078281929197448e+00,-1.153581705427142445e+00,5.611642629646845570e+00,1.082068005918257247e+00,1.887694840427672993e+00,5.979635324460456758e+00,3.050131919279812642e-01,-5.359813797440882155e-04,-6.596502776513197830e+00,-4.710976766380262859e+00,1.292973423022595991e+00,-7.765901484144837497e+00,2.024068014208703303e+00,-2.544174658898942454e+00,2.824741413748468322e+00,-3.990604920221291207e-02,2.489866689370128228e+00,4.316472653698277817e-01,-1.427667804545089680e+00,3.462258124038160467e+00,1.031437507832491107e-01,-3.344545765920906577e-01,-4.526206650492206940e+00,6.113830694609865724e+00,1.100772346574647287e+00
-3.386765286961190835e+00,1.089714301265222396e+01,7.365413544573062854e-02,1.017962982863410559e+01,8.905364948515394730e+00,-1.649874577788087748e+01,1.759676720814568895e+01,-9.502322155687467742e+00,4.501079406176451414e+00,6.411412158834336239e+00,-8.529410138354975857e+00,-1.258421174758025707e+01,1.275002466576687432e+01,-5.158062171716708555e+00,-7.740850248813618606e+00,-1.321515706404734836e+01,-3.290776933477445709e+00,2.447694652557323280e+01,-2.055920644362999816e+00,1.285780456958730777e+00,-1.176024166493786005e+01,1.433676600920038569e-01,2.136621270340524070e+00,-5.609253829609297526e+00,1.503640723951489377e+01,-8.886020322692244067e-01,5.793094081679040386e+00,-8.929685956085979370e+00,-1.949613404120550841e+00,2.106180593671737267e+00,-3.228056857921296796e+01,-3.938588085132658900e+00,-1.394236676664974972e-01,1.063805504979191952e+01,-9.950734528487451769e+00,5.381141294994950641e+00,-6.677283565575566904e+00,1.210629793896191231e+01,-1.916738459112085735e+00,-2.193502467152349666e+01,-2.729203949958925346e+00,-8.127638947839077588e+00,-1.046701436609621894e+01,2.037701223401749573e+01,7.513223243140233265e+00,8.921024264929521053e+00,-6.697263317656904746e+00,-2.116946305059327571e+00,1.081184655139529127e+01,5.760902225368869978e+00,1.461018277038837176e+01,-6.078974165188734347e+00,-1.163868777060398685e+01,3.538802957830000651e-02,2.053739201040282847e+00,-4.832845025855627696e+00,-1.125638965341447362e+00,1.672512712746597741e+00,-1.788151241593470608e+00,-2.170975280268243779e+01,-6.482521549944665118e+00,-1.031628338394395072e+01,1.985353019922518314e+01,1.667573966685482389e+01,-7.087966795978890566e+00,-8.110416130814192215e+00,-8.739339981471401231e-01,-8.138451091295985762e+00,1.758251047373855069e+00,1.024528115531559713e+01,-1.603347408818349473e+00,-2.921472235146120866e-01,6.035492767401736458e+00,3.802096344131375538e+00,-7.841105743145046603e+00,-4.277672335326990982e+00,-2.099716062910352399e+00,1.131836241659499009e+01,-4.262948534015967184e+00,-9.122814680260871167e-01,-2.530712886546639950e+00,2.677346741778079853e+00,-9.780796060471985243e+00,-4.151431068093794252e+00,-4.777972403392475975e+00,2.666870452102483746e+00,1.328748452317140227e+01,-2.071241705076412032e+00,9.416730047257937386e+00,1.363312777747454163e+01,2.738057245774838222e+00,5.594317084816436969e-01,-9.386478294743543671e+00,-1.738744563420579148e+00,2.158837717541867818e+01,-7.599322936044594634e+00,-3.273987360146847436e+00,-3.367221724287479567e+00,-7.882368199645828355e-02,4.498474887065636807e+00
-5.658755073462290675e+00,-7.429803767721870145e+01,3.016869090975857759e+01,5.033107852991930287e+01,-4.849493396025593484e+01,-5.049574386936212989e+01,5.922369799819200153e+01,5.926866695727622592e+00,8.211542977036530999e+01,-4.165886503006138497e+01,1.395614169356621836e+01,-1.467136048475558425e+02,1.155831689114982375e+01,-5.033074196673267053e+00,6.170633230852497064e+01,-1.028540607665098605e+01,2.452281491748355080e+01,1.427294926230408407e+02,-3.443672394303452933e+01,-1.364335308921132039e+01,-5.068190972852107734e+01,-1.444908843002653676e+01,-7.004119535593606116e+00,5.597275649670502062e+00,-1.383880146441383019e-01,-3.310334569317610942e+01,-5.593454252917757685e+01,1.362438421524326593e+01,2.096879034298598299e+01,1.130305735213635501e+02,4.145115726013145263e+01,6.860504403143126240e+01,3.567079043657899007e+01,2.809969269144783865e+01,-8.171899847021333585e+01,1.524660942302447708e+01,1.891875170516943072e+01,-7.067159365562417861e+01,2.007312918747431496e+01,1.058968853476724519e+02,-3.053051677773390082e+01,-1.038363310055028421e+01,-1.252940608169747838e+00,1.096128678824327807e+02,4.027864753626140981e+01,5.750708561658153428e+01,-8.374639737991735444e+01,-2.986999574358591403e+01,6.428597124667268758e+01,-3.263230751948744768e+01,1.148572952318086493e+02,-3.158478686356008325e+01,4.268840325646862510e+01,-4.979254539735379126e+01,-6.330621349082655946e+00,5.969143616373419547e+01,-6.760988524975894620e+01,-4.800230193101555187e+01,-3.201563991554277067e+01,4.171666341085658303e+01,2.808554550229459679e+01,-2.087543273238651054e+01,4.619637966170752463e+01,3.242860265663930619e+01,-5.981114876424621940e+01,-2.016146545138261814e+01,-3.602628482809844712e+01,-9.565633756224869444e+01,-1.062885816753956547e+01,1.949139406646866846e+01,-1.553788653400806297e+01,1.821692498229174895e+00,2.450167157677157093e+00,1.013610838732234356e+02,-5.867110459655275179e+01,-2.794519046478282576e+01,-1.200233902553399368e+01,5.678814425951405553e+01,2.027614183240266144e+01,2.593182001981978146e+01,8.162440678249328130e+01,1.028937476198338863e-01,1.414494022884274216e+01,-7.999868744406408894e+01,-5.450858486959285898e+01,1.299911193096248496e+01,-1.204778841199921686e+02,2.938676898515017655e+01,-4.679619564486228001e+01,1.710317266255846747e+01,-4.482017959079291458e+00,3.165352155880237817e+01,1.920921828098007467e+01,-1.609817629411959317e+01,1.390461049969048091e+01,1.234032563914818503e+01,3.765335312059301387e-01,-5.414077445217895246e+01,7.982638850430764421e+01,7.843021431661959753e+00
-5.491194559871802383e+00,-3.796204977225734467e+01,1.818806477185839654e+01,3.654420606934754545e+01,-2.367281172566207559e+01,-4.053939233644948104e+01,4.646515710579481606e+01,-2.294561341632705975e+00,5.215726438272911025e+01,-2.109947083512113508e+01,3.133897909579830277e+00,-9.598869260640370271e+01,1.481211534411890263e+01,-6.207050559629755604e+00,3.233579873700258389e+01,-1.433340595254782102e+01,1.271838590120159651e+01,1.009254255504393711e+02,-2.197694775455143201e+01,-7.411981043022954907e+00,-3.772974039470710039e+01,-8.600903434026935912e+00,-2.894721041515383675e+00,-9.242965527511337598e-02,9.187735629024846418e+00,-2.045535877302472727e+01,-3.006572012079605827e+01,2.687590724768437411e+00,1.140800732095802417e+01,6.927219685892136170e+01,5.024482366165383240e+00,3.882885222847583861e+01,2.136550493870623768e+01,2.345748922219614485e+01,-5.527894078365541475e+01,1.248674356864902002e+01,7.260241056879019439e+00,-3.503567683430367197e+01,1.088965003296257805e+01,5.015916222332643315e+01,-2.004298271472044846e+01,-1.125567926679059738e+01,-7.207105145368044141e+00,7.848207832811351636e+01,2.885492082004159187e+01,4.008365159497898844e+01,-5.449218052947073687e+01,-1.926826474702865610e+01,4.532611333108857821e+01,-1.607222133395898211e+01,7.808029904730381077e+01,-2.274235194607795663e+01,1.849564013552811659e+01,-2.992209949840427186e+01,-2.540799444184952627e+00,3.291707475707089969e+01,-4.135282738846200346e+01,-2.783609676288955015e+01,-2.035587403125449413e+01,1.170177113572459859e+01,1.289299207615269438e+01,-1.891461661705821484e+01,4.002231923080925213e+01,2.978342057904996665e+01,-4.033905069693826562e+01,-1.712518975863261161e+01,-2.220409315578199028e+01,-6.254309265222124736e+01,-5.307833638762382122e+00,1.803851474464471849e+01,-1.033264535775324866e+01,9.153891872749451153e-01,5.194753746840043540e+00,6.330012108525335179e+01,-4.011781923830655217e+01,-1.944297103992454012e+01,-8.512505416062014163e+00,4.112941984710391097e+01,9.565139817310827297e+00,1.503222703312216346e+01,4.752640226563482173e+01,1.712642295371148649e+00,2.475872586052669355e+00,-5.066872981918231034e+01,-3.572596191303257740e+01,9.461627160170991147e+00,-6.425958021634548345e+01,1.639536477513436452e+01,-2.233594442545766867e+01,1.869113740114836730e+01,-1.007170107372302059e+00,1.938051723027201945e+01,5.764518815493168802e+00,-1.075307025806582928e+01,2.167255423234835021e+01,2.735650359377590490e+00,-1.792196576966518018e+00,-3.463494758704310073e+01,4.795687662551781472e+01,7.490198419568249832e+00
-2.917931053153742571e+00,-1.368244354826403253e+01,7.556908653423496602e+00,1.708116363171696150e+01,-8.133143371019432522e+00,-1.993333052372682346e+01,2.259856483082964473e+01,-2.748993888530415486e+00,2.248211698438466755e+01,-7.537662327078372471e+00,-3.136675345132529102e-01,-4.218888811319182253e+01,8.554601330629234113e+00,-3.549857454397548739e+00,1.194613926576217899e+01,-8.444051460213646720e+00,4.652125192798282072e+00,4.648579985489482169e+01,-9.503190103566815594e+00,-2.830697030649564461e+00,-1.787180700514957721e+01,-3.539858944412632713e+00,-7.963544655258156801e-01,-1.099338444983935181e+00,6.654527201576588169e+00,-8.651353285022709727e+00,-1.137311292364805126e+01,-5.744738834697162844e-01,4.362368161164807745e+00,2.912704125193355864e+01,-4.022199432791605744e+00,1.535815488249102678e+01,8.834356321592222727e+00,1.174053659824956597e+01,-2.480755985733666691e+01,6.196375558195544642e+00,1.747949483932315751e+00,-1.224009953107095683e+01,4.153612771025363415e+00,1.665299924543598564e+01,-8.828487127503546361e+00,-6.205334685719234855e+00,-4.968804349343313831e+00,3.640255314102791573e+01,1.338789552722804110e+01,1.831097813823027209e+01,-2.386587057527228595e+01,-8.391384901585915657e+00,2.084279264292121070e+01,-5.575800938080607061e+00,3.514511496806763091e+01,-1.058159119911404744e+01,5.469044765927075780e+00,-1.240263645406005821e+01,-6.652530349846643709e-01,1.273726402270912672e+01,-1.736281356812355980e+01,-1.122786014370426244e+01,-8.780247074964506737e+00,7.465131367641451021e-01,4.120810744368418099e+00,-9.795646837576182264e+00,2.035345609294735070e+01,1.550607946700602824e+01,-1.807016967119516337e+01,-8.636287609669791365e+00,-9.373816076820896015e+00,-2.747735949196977856e+01,-1.868693289398668966e+00,9.418878514684797310e+00,-4.588445096844037785e+00,3.243708817418663459e-01,3.296004893593011076e+00,2.697108174676946746e+01,-1.812087860503794445e+01,-8.872546627433790078e+00,-3.927483910068421125e+00,1.919814359800832548e+01,3.160518115964761510e+00,6.061623262988057093e+00,1.923151711080582160e+01,1.216696690362072619e+00,-8.232677268875114862e-01,-2.179865313293919726e+01,-1.572008193216751870e+01,4.428383680559896618e+00,-2.413644825487020285e+01,6.407724897176186651e+00,-7.481989981689609159e+00,1.033035556732548699e+01,1.002162790353817723e-01,8.143330189152882426e+00,6.151900122132856197e-01,-4.788414979641401281e+00,1.307156991727864082e+01,-3.029006808688858854e-01,-1.362545766759621024e+00,-1.500076771857712110e+01,1.987382560762471684e+01,3.957243363118688073e+00
-2.369043713650916594e+00,-1.783415476847854109e+01,8.319820368882021810e+00,1.629072466437386169e+01,-1.121078774857749849e+01,-1.785072210942226434e+01,2.051577454751063456e+01,-6.466698786785398667e-01,2.367636581853494704e+01,-9.927356952818485070e+00,1.796123495976407636e+00,-4.339074595126955813e+01,6.236912371758292828e+00,-2.621438991600052226e+00,1.512558401067705027e+01,-5.998109771221489694e+00,5.959674347923330728e+00,4.514502368384525255e+01,-9.969492952195695423e+00,-3.446334305682729138e+00,-1.676614077897522392e+01,-3.941900471603092537e+00,-1.415328732645242393e+00,1.957923324254871034e-01,3.566121868380824012e+00,-9.322754084962394217e+00,-1.400411118961796220e+01,1.608881142325174096e+00,5.303112155535983696e+00,3.160989505081897732e+01,3.669398176580726201e+00,1.793544718406208105e+01,9.782876634955208317e+00,1.028272138223259624e+01,-2.487354576719828003e+01,5.485588229908527680e+00,3.605743365648300891e+00,-1.654635571905922475e+01,5.064513946647966058e+00,2.388412298223970964e+01,-9.055923200936980777e+00,-4.805670274071290216e+00,-2.853726737187073148e+00,3.504886362116328513e+01,1.288524787377760639e+01,1.796381447506765738e+01,-2.465161625508110887e+01,-8.727396192665066721e+00,2.028253315933128675e+01,-7.599251857991024650e+00,3.510978446918933571e+01,-1.014898438225990240e+01,8.957706659658917658e+00,-1.369399994959044342e+01,-1.249854507095137235e+00,1.526814647911838208e+01,-1.887547590192142621e+01,-1.280892384858185373e+01,-9.239047406978382782e+00,6.276272448679900862e+00,6.175050750055194548e+00,-8.217538657987180528e+00,1.747171084319653644e+01,1.292122463080942119e+01,-1.815849171313039889e+01,-7.492317781924861642e+00,-1.012360601618585676e+01,-2.827458050236619869e+01,-2.503520581729468120e+00,7.819643929107502167e+00,-4.660213468236785950e+00,4.312869200461938446e-01,2.120963921514197992e+00,2.880505991000424615e+01,-1.802528763000820078e+01,-8.715629154920765842e+00,-3.806239896665634781e+00,1.834060645302846027e+01,4.557998128051554687e+00,6.917542417640031971e+00,2.185573005266741120e+01,6.700716202014923573e-01,1.548123841843832782e+00,-2.301004624281537403e+01,-1.614556918977126188e+01,4.216489357389712644e+00,-2.996949193727583349e+01,7.590513715810055295e+00,-1.062073602610617939e+01,7.974487770172865808e+00,-5.771046275297843087e-01,8.844873239121719521e+00,3.036287223885331787e+00,-4.846854917825713649e+00,9.001132607417634546e+00,1.574405301707979987e+00,-6.811512288269547799e-01,-1.570619601313091707e+01,2.194864510427318649e+01,3.236610307350931137e+00
-5.222778968754982820e+00,-7.554902409073172009e+01,3.010990643927465626e+01,4.896598118246176057e+01,-4.953732233520096173e+01,-4.833424605229517113e+01,5.690954105954868680e+01,7.114315852647244753e+00,8.141360321069569750e+01,-4.239826384186714847e+01,1.500784045320421356e+01,-1.448874022048174197e+02,9.933005374910866436e+00,-4.374963349142034552e+00,6.258032717867572359e+01,-8.603582413235420390e+00,2.489717158335973579e+01,1.394114905294261746e+02,-3.412119488978142812e+01,-1.378295758379420199e+01,-4.911709919405613078e+01,-1.444344091402799535e+01,-7.261813996876872679e+00,6.294787303143150936e+00,-2.032561816219376816e+00,-3.293707230393277285e+01,-5.657261542227547579e+01,1.472705715879223121e+01,2.118000896748344530e+01,1.125797446739247221e+02,4.545008988555292007e+01,6.898868064937408917e+01,3.562982252125657823e+01,2.671331978389418538e+01,-8.033123345038532648e+01,1.454363358985648347e+01,1.972896214247334257e+01,-7.208086936966127212e+01,2.028167570125075514e+01,1.084866562386218334e+02,-3.013657222071046249e+01,-9.342612459211686371e+00,6.782942813376791058e-02,1.068657490180870866e+02,3.926597977969712616e+01,5.628878158030789081e+01,-8.276520255879418642e+01,-2.955427193323798107e+01,6.281832331153821514e+01,-3.330456216943052539e+01,1.128281195994837560e+02,-3.076708279830225123e+01,4.408468457776056226e+01,-4.971529735186864229e+01,-6.578978866241478762e+00,6.020236475022853995e+01,-6.735712504087986474e+01,-4.813424897741072783e+01,-3.173781933686628065e+01,4.438336862830325913e+01,2.885617619662262356e+01,-1.954145363072793273e+01,4.361927559255352804e+01,3.027445286928551482e+01,-5.882000641681101172e+01,-1.910656985114163575e+01,-3.585706306630692808e+01,-9.447402747190972150e+01,-1.083293469912352336e+01,1.816863148747487244e+01,-1.531038792486143407e+01,1.855510141166673677e+00,1.685749324926392623e+00,1.007157395808956437e+02,-5.758694682156510680e+01,-2.736040045058068770e+01,-1.171810573562864732e+01,5.526898507727214849e+01,2.077994859559338892e+01,2.600420365557296520e+01,8.180930460859538300e+01,-2.345875898599094345e-01,1.535398829297180612e+01,-7.934438568369287736e+01,-5.381717435642210035e+01,1.264178857680274248e+01,-1.219542456457788973e+02,2.959949788341347698e+01,-4.790579720713008527e+01,1.535750233652261976e+01,-4.819624509802282297e+00,3.153109862129355889e+01,2.036027702726772048e+01,-1.585269992120649896e+01,1.116192602368862197e+01,1.327749639727164777e+01,7.883974787106010629e-01,-5.362770458803304763e+01,7.970532912684090832e+01,7.263399454055180726e+00
-3.395592050758232450e+00,9.437570482267130245e+00,5.571374409861125088e-01,1.074216132691319281e+01,7.909181552932464498e+00,-1.691056302982310555e+01,1.812232713471280476e+01,-9.176368707712885708e+00,5.712686677135300428e+00,5.585716064669750125e+00,-8.097916077124862611e+00,-1.463872162512489083e+01,1.262650402361267155e+01,-5.113835893009240685e+00,-6.560420637958151779e+00,-1.305987272107364738e+01,-2.816455272872365967e+00,2.617873809003694419e+01,-2.559947342609070198e+00,1.035118260526852962e+00,-1.229005542470954992e+01,-9.252899462683428222e-02,1.972103155330410029e+00,-5.383085462166521395e+00,1.466925242494971471e+01,-1.399511461500683618e+00,4.752776560549051510e+00,-8.493813729630524278e+00,-1.565008720548829668e+00,3.873189041966861534e+00,-3.083037733853305795e+01,-2.739470677269417287e+00,4.377336023085478534e-01,1.083186336483909784e+01,-1.102370371166927931e+01,5.495788201734496781e+00,-6.210915214101476067e+00,1.067571185465734729e+01,-1.547338571569626398e+00,-1.969929097915817806e+01,-3.154057967005842400e+00,-8.097407053311419745e+00,-1.023313712514778828e+01,2.164561878242109927e+01,7.978771735877755233e+00,9.629529570836497854e+00,-7.881804423469096932e+00,-2.546034975432208469e+00,1.158350225824036883e+01,5.096188213852624216e+00,1.610310634429402299e+01,-6.439488522787101488e+00,-1.066956698670504267e+01,-7.663962560044097483e-01,1.902065992620488810e+00,-3.755401878191837461e+00,-2.185841821948342201e+00,8.597924428406629183e-01,-2.259732881427998663e+00,-2.051184115797935092e+01,-5.873429861081661763e+00,-1.040169698338380400e+01,2.011477156450057535e+01,1.679264689080197925e+01,-7.878021248740708415e+00,-8.237881084496830653e+00,-1.432215616066387698e+00,-9.479589368048404907e+00,1.544611038059396924e+00,1.031015535135117211e+01,-1.814365433052335774e+00,-2.557545283773714484e-01,5.928424828255193901e+00,5.340238825697560365e+00,-8.594543860915297984e+00,-4.623359904131249642e+00,-2.241817220539852329e+00,1.195712074014292980e+01,-3.833341367396323474e+00,-4.730209377713940899e-01,-1.156344485278812506e+00,2.614023461500943668e+00,-9.315894390723057583e+00,-5.337475867960301379e+00,-5.538796629460961185e+00,2.811240292699814791e+00,1.102708489491418042e+01,-1.548279869314271417e+00,8.435460610471832155e+00,1.357736488327772939e+01,2.599511100157820831e+00,1.055009216097382074e+00,-8.849686424231794746e+00,-1.955488941495882260e+00,2.128809325014422882e+01,-7.216392596211016475e+00,-3.188472095748455359e+00,-4.156368097800175576e+00,1.207116580623614599e+00,4.515455278906221892e+00
-3.710166628597209471e+00,-5.696069948087551893e+01,2.245878089298127378e+01,3.597040808764913322e+01,-3.744575575372235932e+01,-3.515175125911309806e+01,4.148880166164324379e+01,5.829825146452654927e+00,6.048939140703101458e+01,-3.198272530355568932e+01,1.166513314110623867e+01,-1.073982815372236246e+02,6.709424033380726016e+00,-2.980303506585221918e+00,4.711218709133436988e+01,-5.692068889350783145e+00,1.875487973001787623e+01,1.026593494688942059e+02,-2.534234778306517555e+01,-1.035315060218126781e+01,-3.599625935348626626e+01,-1.078309060683485576e+01,-5.534966794840419979e+00,5.004430182513941006e+00,-2.342906239425970316e+00,-2.452312737867881864e+01,-4.252319753794010637e+01,1.147766432698267636e+01,1.590804838378465291e+01,8.387185060588433316e+01,3.568151244746334783e+01,5.168398529244257844e+01,2.658850517866331131e+01,1.934410240711396867e+01,-5.938234325532647517e+01,1.055415225265177703e+01,1.508540927227890371e+01,-5.443982718476175364e+01,1.523605956945310957e+01,8.213984899754649405e+01,-2.233269747354926693e+01,-6.523069198133593538e+00,6.259794006431005364e-01,7.860469423323428373e+01,2.888051023386087479e+01,4.150260749713531538e+01,-6.137699693079555630e+01,-2.193194131785249468e+01,4.626988827826084361e+01,-2.516281147475979907e+01,8.336979428075807164e+01,-2.261893748231744539e+01,3.352818801712491847e+01,-3.709094322991777659e+01,-5.020996682554860868e+00,4.517830639023548400e+01,-5.018841635053749428e+01,-3.600143058365974724e+01,-2.357900258124656645e+01,3.430462587938629326e+01,2.188385927127352915e+01,-1.401137824002370635e+01,3.144983774376594354e+01,2.166891258257284036e+01,-4.349173583863456116e+01,-1.380820038714406373e+01,-2.670232820827080644e+01,-7.003288399177046131e+01,-8.178323213827075833e+00,1.299111767186671784e+01,-1.133383949041297356e+01,1.400321770428640811e+00,9.258420897308805575e-01,7.492774673191243551e+01,-4.253043859573996599e+01,-2.017647588744542730e+01,-8.626611200177817906e+00,4.061002805501826174e+01,1.573675732423530960e+01,1.945000949441007521e+01,6.117113664788993077e+01,-3.221839058597915639e-01,1.199215835958943899e+01,-5.896491777556263969e+01,-3.988646512800203681e+01,9.284527606408294886e+00,-9.171168679085920417e+01,2.219590782376064908e+01,-3.625670250234693270e+01,1.070770540884064026e+01,-3.746086568488564694e+00,2.349232646077760123e+01,1.570531350029337858e+01,-1.173097651388670215e+01,7.140384661283314394e+00,1.032312089607428618e+01,7.681391421325268754e-01,-3.982266503374403754e+01,5.946673076242029765e+01,5.171415199758079062e+00
-3.020051068341723433e+00,-3.775925021492852096e+01,1.548595971979369246e+01,2.617946514784064149e+01,-2.458446580195352382e+01,-2.648006681373289695e+01,3.099705255325039843e+01,2.716893988711217567e+00,4.229792390583973116e+01,-2.116128242266243120e+01,6.871019191914091273e+00,-7.572798133458722702e+01,6.368065348977029139e+00,-2.759505503107215318e+00,3.140475806256177194e+01,-5.730676687937847014e+00,1.247328231546165789e+01,7.408990826642526883e+01,-1.774422345975692750e+01,-6.958192734304389226e+00,-2.641357297096487144e+01,-7.410785658523903585e+00,-3.521651221798014930e+00,2.680867080838944982e+00,4.431654604211039405e-01,-1.701997731091515575e+01,-2.850911546583020240e+01,6.687063729490292374e+00,1.069511744100829453e+01,5.808256923204777422e+01,2.017005020595718889e+01,3.507539906820176157e+01,1.830250917242557307e+01,1.478535415034212974e+01,-4.228082223427882980e+01,8.009014416532020064e+00,9.481309530409440356e+00,-3.585670602387697414e+01,1.023656254439636015e+01,5.359923365650505644e+01,-1.576246927423202671e+01,-5.607115098928188601e+00,-1.000978842375568334e+00,5.695329993891198939e+01,2.092908669661009213e+01,2.981935893946107541e+01,-4.321008491760931491e+01,-1.540253388296555315e+01,3.336313748514972843e+01,-1.655083821041028003e+01,5.944768659938932842e+01,-1.641810094388942431e+01,2.151091736847365965e+01,-2.555375815612480750e+01,-3.178826819948624927e+00,3.047009848402410270e+01,-3.473783297862504327e+01,-2.457896997004237249e+01,-1.649249667590799007e+01,2.066779887605268584e+01,1.419263225515223681e+01,-1.106665246939705050e+01,2.438823064960881837e+01,1.721354216322173158e+01,-3.093918663638073951e+01,-1.062479130047691811e+01,-1.851961226092780777e+01,-4.937189257412818932e+01,-5.394910357126540212e+00,1.035389594972022920e+01,-8.029319474061944462e+00,9.249546865371187643e-01,1.463888143996743274e+00,5.215144519008824631e+01,-3.037983773638621088e+01,-1.448855731406426273e+01,-6.231748664703027352e+00,2.953235773327137181e+01,1.026052267040780563e+01,1.327776016498695810e+01,4.180545516946627060e+01,1.443635084138055746e-01,6.925123212337938483e+00,-4.119959408757469532e+01,-2.813876476851002550e+01,6.762715833680819522e+00,-6.137833642114923549e+01,1.501130727020026967e+01,-2.369513755818584144e+01,9.244043918837023810e+00,-2.206669145181451963e+00,1.626462938889462606e+01,9.537740783777442388e+00,-8.321506402866166496e+00,7.874490155813487213e+00,6.073541441313902389e+00,8.128944969091927986e-02,-2.790175135209470270e+01,4.096650605714760474e+01,4.179095874540959876e+00
-2.621958706155083973e+00,-2.370314531346674514e+01,1.049587096627407412e+01,1.945819168489643758e+01,-1.512403931183060202e+01,-2.073923295239458753e+01,2.398426958346229299e+01,2.188639849146412075e-01,2.940136014920003049e+01,-1.323196862013485209e+01,3.196926160244461190e+00,-5.341038425190328098e+01,6.485056733680782060e+00,-2.747625639855724611e+00,1.993965136567694074e+01,-6.132887965375330097e+00,7.882712376945800514e+00,5.432945195230400515e+01,-1.236263556953025322e+01,-4.491135778766028430e+00,-1.988620117014996325e+01,-4.992327534226236985e+00,-2.019661899659149107e+00,8.583284871112233372e-01,2.864039114270398034e+00,-1.167329958402139312e+01,-1.831156405645119278e+01,3.004140665921966047e+00,6.907670885272418460e+00,3.967848592777615835e+01,8.149692301648606474e+00,2.307288203567881624e+01,1.236621623362987599e+01,1.182305287335077892e+01,-3.031906822771563270e+01,6.339351371196903173e+00,5.279805535771511238e+00,-2.220901954737406570e+01,6.602855352215732054e+00,3.254391531649483227e+01,-1.113588494185291822e+01,-5.181709331384039885e+00,-2.462472929986447845e+00,4.202959606865462661e+01,1.544923664866301571e+01,2.170761942986709414e+01,-3.039335019615053213e+01,-1.078782127302106097e+01,2.442902759028758197e+01,-1.022182749249794043e+01,4.273481545541978477e+01,-1.215092759064178374e+01,1.257729145418465322e+01,-1.729273214217107935e+01,-1.801718110587545940e+00,1.980280644546132152e+01,-2.370792594591041791e+01,-1.635367806375469613e+01,-1.146961124794765219e+01,1.028920101905405460e+01,8.502374282785975623e+00,-9.250786850430145591e+00,1.989521615621078610e+01,1.449638602115992470e+01,-2.215311705109964890e+01,-8.575517821437454558e+00,-1.268598504566620022e+01,-3.481037603065828989e+01,-3.352296048790759819e+00,8.756174711007551181e+00,-5.708900678387053063e+00,5.763360254412435157e-01,2.020170933319635598e+00,3.595256734888533146e+01,-2.190288916039354561e+01,-1.053755042333680692e+01,-4.576666258444368474e+00,2.192213076360994606e+01,6.218995268435497437e+00,8.832893774676469079e+00,2.786890646903233204e+01,5.542737859705562098e-01,3.020163578998841913e+00,-2.859821665809075597e+01,-1.986345056298264922e+01,5.032819803454203544e+00,-3.928461895013060712e+01,9.808800644114807454e+00,-1.443480442562299260e+01,8.582555664590865163e+00,-1.026919102317620514e+00,1.110583164917437315e+01,4.856030165330821546e+00,-5.929786505215586701e+00,9.011971878503590716e+00,2.815669086398546739e+00,-5.032569406187383798e-01,-1.946243915439117700e+01,2.771907557329504712e+01,3.596151644450186424e+00
-2.442698744328458904e+00,-2.426118596992460752e+01,1.048588569329658604e+01,1.891263782118683778e+01,-1.558255756608981812e+01,-1.986131671160061174e+01,2.304683907715525493e+01,7.174005038807971246e-01,2.914800825024662956e+01,-1.356071213364794659e+01,3.642669592484521601e+00,-5.271884521893877462e+01,5.812177855166089202e+00,-2.475338047380879480e+00,2.033425012429358958e+01,-5.435805152704988430e+00,8.050809876442023949e+00,5.301326848918220236e+01,-1.224753615637445137e+01,-4.555992399959917449e+00,-1.925745017830473671e+01,-4.996940223365627709e+00,-2.130610151805498287e+00,1.152191178760043400e+00,2.073286524958088961e+00,-1.161986081872212218e+01,-1.860489752776003414e+01,3.471002237573169946e+00,7.005955162523484603e+00,3.954482135672179766e+01,9.838964301548031699e+00,2.326611821388654988e+01,1.236632230584932479e+01,1.125789368538889867e+01,-2.977919348964473301e+01,6.053262701855361527e+00,5.627138314410594866e+00,-2.283138560857477017e+01,6.699592148698456207e+00,3.367604843901415279e+01,-1.098616818357993985e+01,-4.752164599817333190e+00,-1.911747702068870014e+00,4.093574143475944993e+01,1.504594841045235576e+01,2.122680321804579862e+01,-3.002416824350605751e+01,-1.067043760612405734e+01,2.384739772602177155e+01,-1.051818864281321630e+01,4.194318206487146483e+01,-1.182482928017086365e+01,1.318073437424306427e+01,-1.728450601419433141e+01,-1.908443947312349565e+00,2.004487830894910161e+01,-2.363503064980159252e+01,-1.643191273785582496e+01,-1.136908458731129024e+01,1.142248880402336297e+01,8.837607265417016578e+00,-8.704013502671902103e+00,1.884173922671429580e+01,1.361282161530680845e+01,-2.176823650958991152e+01,-8.144898014093596927e+00,-1.263272554427908290e+01,-3.436298770748202713e+01,-3.442611091481638130e+00,8.213415831305271197e+00,-5.621431192980617553e+00,5.913313106254265428e-01,1.702261592212069186e+00,3.573207683091407461e+01,-2.147863119768599560e+01,-1.030692181657134654e+01,-4.463808467237152300e+00,2.131538163926174789e+01,6.439080617002845841e+00,8.875618228523507014e+00,2.798546346805283491e+01,4.134484328825108745e-01,3.531680478044602722e+00,-2.836368195675750314e+01,-1.960112929950258831e+01,4.889932829405994497e+00,-3.995901486157976024e+01,9.911776126804463516e+00,-1.492056005234461935e+01,7.862110151099727773e+00,-1.170008451015823514e+00,1.106999801336532130e+01,5.345783527640785238e+00,-5.835082833371232347e+00,7.873799331759460784e+00,3.212825585032724085e+00,-3.311507485756858826e-01,-1.927438528014029373e+01,2.770704936676815677e+01,3.357983194607412347e+00
-2.985800240335454880e+00,-1.340035317769032019e+01,7.537689552389188030e+00,1.726220646083114119e+01,-7.911032445797688162e+00,-2.024816446060346919e+01,2.293065455101484673e+01,-2.954434155182978028e+00,2.252093640917840034e+01,-7.373107841256024031e+00,-5.040218925680424178e-01,-4.235449775062855338e+01,8.816818076832650064e+00,-3.655692074326417185e+00,1.173960499529605173e+01,-8.717001309943952947e+00,4.565501304389954385e+00,4.690616538539534019e+01,-9.523036227709688717e+00,-2.794053451317041414e+00,-1.808610196586338859e+01,-3.526868555468158473e+00,-7.462542687552962128e-01,-1.222056059299808206e+00,6.973249845817714565e+00,-8.647381889459028415e+00,-1.121182790976230237e+01,-7.730817310728150815e-01,4.306612022994320554e+00,2.909381782908307201e+01,-4.734788348976145755e+00,1.522744027137078326e+01,8.806832233605049964e+00,1.194660636913755880e+01,-2.496213265359310896e+01,6.299902341433295305e+00,1.593424218190089281e+00,-1.193488455136095006e+01,4.099170187244208563e+00,1.611524692769694411e+01,-8.865290939367209688e+00,-6.370410387960248499e+00,-5.189741447642791883e+00,3.675884983258781347e+01,1.351936016593984036e+01,1.846040787102376868e+01,-2.395010459981245532e+01,-8.415669695147970586e+00,2.102762041469651422e+01,-5.431248404078775849e+00,3.537559799428100860e+01,-1.068865177655066567e+01,5.193013140004874018e+00,-1.236759001302345240e+01,-6.173730396409395915e-01,1.259373935339645811e+01,-1.734009735442183242e+01,-1.115935549309878816e+01,-8.796086677119571817e+00,2.577410451233106414e-01,3.964098575325021301e+00,-9.999874131986949521e+00,2.074234057250432528e+01,1.583710842047639744e+01,-1.817916918925783420e+01,-8.794263490863515997e+00,-9.367520571734120338e+00,-2.758392941142966848e+01,-1.824114225072883899e+00,9.622554554760162304e+00,-4.611718328225824060e+00,3.169254066651661095e-01,3.422211687307633365e+00,2.698183325449346270e+01,-1.824662268046128233e+01,-8.943943831496619978e+00,-3.963710632545955903e+00,1.939886905854345045e+01,3.056218594290550428e+00,6.024430112462771270e+00,1.912166833016620870e+01,1.273359838218334650e+00,-1.040269482226322317e+00,-2.183152136202489046e+01,-1.578378411701380379e+01,4.475942059216484026e+00,-2.377189744916303482e+01,6.343593197305739118e+00,-7.250213103091555311e+00,1.060746637695052996e+01,1.613239426164598811e-01,8.133382169098437586e+00,4.030557851184548568e-01,-4.814171408054712664e+00,1.351945869343233042e+01,-4.724331727216002363e-01,-1.432182185842612254e+00,-1.503482889098161479e+01,1.981717176903400457e+01,4.047165611066383839e+00
-3.238250999870913471e+00,-3.373511327798043524e+00,4.550303764492507064e+00,1.470171020217042113e+01,-9.344329088022442775e-01,-1.919401366489501726e+01,2.127169873244555731e+01,-5.834636042967005665e+00,1.542598019499709849e+01,-1.678436090067937592e+00,-3.949580871195276455e+00,-3.077268185382605736e+01,1.073791728767324294e+01,-4.397305536251132629e+00,3.727623113065688720e+00,-1.087698169157254036e+01,1.329763842922006667e+00,3.858706088586536964e+01,-6.588183596876196368e+00,-1.125184165729419705e+00,-1.587154673044541120e+01,-2.053031876904995112e+00,4.663053067727271905e-01,-3.131295528377894044e+00,1.061043063229384664e+01,-5.564054034033711460e+00,-4.244140220496505300e+00,-4.282050404019492440e+00,1.748081299796799382e+00,1.834226173648513480e+01,-1.664258591588600211e+01,7.444520074150242195e+00,5.220030217812499096e+00,1.171107044785045304e+01,-1.921989513765613822e+01,6.077891425565899119e+00,-1.900149586494475074e+00,-1.977900636838523241e+00,1.637779234974255038e+00,2.809593436793313970e-01,-6.481783990472185231e+00,-7.294642415210767616e+00,-7.587221835681038584e+00,3.075054565418572849e+01,1.131766008371780075e+01,1.488180983315263717e+01,-1.722191107537007682e+01,-5.950419243939929714e+00,1.722941114661494311e+01,-7.924779319730568261e-01,2.745523016880729728e+01,-9.007338229425247533e+00,-1.863853880038695010e+00,-7.399175314862469932e+00,5.081261899245883562e-01,5.483219455506710638e+00,-1.087665725312269238e+01,-5.974762945938539183e+00,-6.037875047810196349e+00,-9.129203235478964729e+00,-3.956563185482879774e-01,-1.040641536019627722e+01,2.092487253885835941e+01,1.662529536741012492e+01,-1.392934030396895295e+01,-8.740365234139446216e+00,-5.989501091328143012e+00,-2.001666438848467067e+01,-3.416683797201014450e-01,1.014985155888585844e+01,-3.450339724039944933e+00,6.506459799657160481e-02,4.632549893902687899e+00,1.780136014985433235e+01,-1.429184231324481047e+01,-7.191105836953802566e+00,-3.274123937917861937e+00,1.646958368966388520e+01,9.227747038741185293e-03,3.221497753570826461e+00,1.038113840968098600e+01,1.908283685234329674e+00,-4.806187399744534794e+00,-1.486315959371146178e+01,-1.150549859241118256e+01,3.823735719587143755e+00,-8.569021053937451171e+00,2.917229533315881529e+00,-3.196005286836900439e-01,1.218904238544410212e+01,1.267585302433415606e+00,5.115151033159007099e+00,-3.772299459878779349e+00,-3.629609067462793881e+00,1.733666173777062625e+01,-3.532911425060283328e+00,-2.258637658106424695e+00,-1.045322592572566300e+01,1.184658791965535940e+01,4.349933375787503387e+00
-3.307028415681225297e+00,6.825076130828918508e+00,1.311191050848148354e+00,1.131439433066055500e+01,6.081740071725448615e+00,-1.705603800242147372e+01,1.841253244428567371e+01,-8.379278135772167957e+00,7.471868446382975648e+00,4.100340194689347406e+00,-7.165143448197507148e+00,-1.747207198528673899e+01,1.204789794107624346e+01,-4.888744545054736435e+00,-4.479974815975763747e+00,-1.241752143201763481e+01,-1.975036949352256377e+00,2.810087714098174416e+01,-3.286218203763866086e+00,6.041595968802513372e-01,-1.276333362329636500e+01,-4.658595601218028515e-01,1.650175687659459101e+00,-4.859756489528547441e+00,1.364043623674026051e+01,-2.171832698693393127e+00,2.950372758025446629e+00,-7.542093618542692113e+00,-9.044674879355165675e-01,6.573536848685277434e+00,-2.758620710323639003e+01,-7.447226487941902562e-01,1.344755639251875134e+00,1.081347118107787963e+01,-1.240129829205735490e+01,5.512468386987189106e+00,-5.279574788277000330e+00,8.072010258635486935e+00,-9.115748645842045583e-01,-1.553906196400163253e+01,-3.736133274780724989e+00,-7.804445658158408961e+00,-9.550915616275922559e+00,2.301408356768666152e+01,8.479897516916340194e+00,1.046814293050671907e+01,-9.532265045377126711e+00,-3.153240790648448311e+00,1.246374416084502101e+01,3.882288395575508311e+00,1.799676716583243419e+01,-6.819669193029724852e+00,-8.801838371973325081e+00,-2.021642345933382767e+00,1.602736186975209698e+00,-1.923950152727149643e+00,-3.810220427411275423e+00,-4.620449379264526257e-01,-2.943345937947193569e+00,-1.798181555346346983e+01,-4.724724074222059755e+00,-1.022347644092743479e+01,1.992330689307820180e+01,1.647146429651715849e+01,-8.899603650789426723e+00,-8.192114693230200473e+00,-2.279081300575422908e+00,-1.133144190398719431e+01,1.157282427599031660e+00,1.010195258529148532e+01,-2.095982622330635703e+00,-1.899972730564602752e-01,5.578512728963446854e+00,7.631325286460845625e+00,-9.536084924435662913e+00,-5.034795451243393671e+00,-2.400628873267800500e+00,1.261417003466214837e+01,-3.032481334955542618e+00,2.416595833985741848e-01,1.069981287582348450e+00,2.434043819300847122e+00,-8.293039253091450291e+00,-7.067240724131524487e+00,-6.584479691294258252e+00,2.956457485610929581e+00,7.089659243967595614e+00,-6.676395658653890841e-01,6.615891137395596644e+00,1.307805432754494390e+01,2.300030386360677692e+00,1.813297507602656289e+00,-7.726297277821924325e+00,-2.241970865988870187e+00,2.016583419800202037e+01,-6.387698348681578153e+00,-2.955744570526380954e+00,-5.288995899462478611e+00,3.221007732439792104e+00,4.406042494745555871e+00
-3.656593814292956157e+00,-4.091154173132905214e+01,1.718888800708318243e+01,2.996602981206042671e+01,-2.647344199849439050e+01,-3.087000985478927362e+01,3.598089353534162171e+01,2.156681233071223502e+00,4.733742447584962321e+01,-2.290043372587685155e+01,6.853663751444516450e+00,-8.515899264232369603e+01,8.216596483184815725e+00,-3.527410924984480722e+00,3.414593115423983960e+01,-7.551379775271225725e+00,1.354249174068243633e+01,8.441509466191416777e+01,-1.987346126722844986e+01,-7.604296978901770032e+00,-3.036846906641526900e+01,-8.209595493677193545e+00,-3.714519671123850397e+00,2.468150677626329781e+00,1.849104021621038152e+00,-1.896450521355939856e+01,-3.110894136197289583e+01,6.613423959527668927e+00,1.169062486358563291e+01,6.463486909139329839e+01,1.946531463245403160e+01,3.856188684997966476e+01,2.029471731269270762e+01,1.736523058778088924e+01,-4.781041138588436468e+01,9.372071381382806265e+00,9.917075158909277377e+00,-3.869144415563084749e+01,1.118480917756563997e+01,5.749014989448671287e+01,-1.773541242057883238e+01,-6.955013365022516325e+00,-2.055521281108269704e+00,6.503128345157001888e+01,2.389983577453519814e+01,3.389100587839287471e+01,-4.854775867042557991e+01,-1.728078002352369680e+01,3.799364982368022226e+01,-1.784370126576947868e+01,6.727830230591744964e+01,-1.876525670433308690e+01,2.281647972602252850e+01,-2.834963509855793262e+01,-3.341625543899769735e+00,3.337140924107135476e+01,-3.864451265137393676e+01,-2.712028224180428282e+01,-1.846045199939299053e+01,2.097185418596471962e+01,1.516204204923623600e+01,-1.321014740512203112e+01,2.885189069611913837e+01,2.060443961806649682e+01,-3.496801836363898275e+01,-1.252075394159144928e+01,-2.062708092271975602e+01,-5.551461143175034607e+01,-5.827126197328724722e+00,1.241290831502694658e+01,-9.053564246481990097e+00,9.998977888882115694e-01,2.169085174021166296e+00,5.820716693720766699e+01,-3.441538911212807506e+01,-1.646174682923837906e+01,-7.103902812505461739e+00,3.378898469926887316e+01,1.099959218620030299e+01,1.464980550881198340e+01,4.615622479620254381e+01,4.018712345642270756e-01,6.800726603983092033e+00,-4.608722322019292506e+01,-3.165231553503619111e+01,7.744229576572690732e+00,-6.690199657999490057e+01,1.646861554742833889e+01,-2.544053682817427031e+01,1.148732113924663167e+01,-2.201204945165326610e+00,1.809670355292242050e+01,9.735118016543840014e+00,-9.389979170076101056e+00,1.068590283373900007e+01,6.052795642976177781e+00,-2.053621201268568397e-01,-3.126198645454628533e+01,4.544672175730781305e+01,5.042954843459026115e+00
-3.562096337166822835e+00,-4.541902433839206310e+01,1.855210052412926913e+01,3.119616648137810344e+01,-2.960164045548550504e+01,-3.145154790809626633e+01,3.684502632307708581e+01,3.412573681643309875e+00,5.060141047759742605e+01,-2.545906833501857136e+01,8.373392546423209737e+00,-9.051907794005714436e+01,7.418035411404779289e+00,-3.220578073663423968e+00,3.775354755740809054e+01,-6.646685595065511265e+00,1.499846811206097819e+01,8.835938178581348268e+01,-2.122480397015511855e+01,-8.357744282921350631e+00,-3.145044072453824313e+01,-8.881044474806827793e+00,-4.254619831750074077e+00,3.304869513146742044e+00,2.816636541448289677e-01,-2.037645608618235116e+01,-3.425206331938041870e+01,8.159636315585593991e+00,1.284586098520622066e+01,6.955228331419324661e+01,2.470037114764671671e+01,4.208821029106400857e+01,2.193006695910163728e+01,1.753758135510664573e+01,-5.049057424618561640e+01,9.506178504250494044e+00,1.147000734051192339e+01,-4.315968210196091803e+01,1.229593338992442675e+01,6.457948410453467147e+01,-1.883935429669644535e+01,-6.582993176149678938e+00,-1.025718946475994153e+00,6.789643224945012889e+01,2.495003101181773886e+01,3.557789343724844855e+01,-5.165783716846380003e+01,-1.841827547831552891e+01,3.979225441689739284e+01,-1.992463173194235893e+01,7.098049683828459422e+01,-1.956931517721451286e+01,2.596461722710847653e+01,-3.061587315572444368e+01,-3.842516858905722810e+00,3.658554606844394641e+01,-4.159982388102091733e+01,-2.947514612260518518e+01,-1.972958220516657946e+01,2.512146236926966836e+01,1.711129048943544007e+01,-1.308763703836278758e+01,2.888975661140176499e+01,2.034663381534803150e+01,-3.694991895212429966e+01,-1.259482477212968554e+01,-2.217337250589954323e+01,-5.901624433376468915e+01,-6.492649585513609267e+00,1.223487928399288904e+01,-9.593135658207327054e+00,1.113007281899848655e+00,1.653786452367585813e+00,6.241824362299767870e+01,-3.626729180400542418e+01,-1.728744253634014072e+01,-7.431284231650901795e+00,3.519430053308924045e+01,1.236353605733419236e+01,1.592285998043163708e+01,5.012797326580839297e+01,1.285717050536446249e-01,8.458959267635561829e+00,-4.929132701892586255e+01,-3.363310333324352541e+01,8.058019475566322143e+00,-7.375605946768980914e+01,1.801899107054751070e+01,-2.854463731688264616e+01,1.084902926336157236e+01,-2.689145256879011292e+00,1.947695073396097598e+01,1.158253055786710384e+01,-9.940952460059891749e+00,9.076316680965307526e+00,7.402535938260768056e+00,1.516685903639558020e-01,-3.337253192999833118e+01,4.908220169704676294e+01,4.932286987112168397e+00
-2.609162556119413168e+00,4.298542965044624076e+00,1.387316010064719496e+00,9.318072457670467656e+00,4.054148937098290162e+00,-1.372603583645027925e+01,1.487722283074559293e+01,-6.355003764577038972e+00,6.771067524507521362e+00,2.620080738551413990e+00,-5.321884793443436124e+00,-1.526094573217406136e+01,9.391056453029770879e+00,-3.814996260460705280e+00,-2.658105946411842169e+00,-9.658606558025416788e+00,-1.205722508318171959e+00,2.336668256223558160e+01,-2.956788756737894541e+00,2.912284578298566240e-01,-1.043435683603684794e+01,-5.400368831229546140e-01,1.177778199514165403e+00,-3.658443034651543524e+00,1.046531783691000861e+01,-2.084812145913249815e+00,1.557280745979022107e+00,-5.615331237224784111e+00,-4.291182425809467738e-01,6.472324820828984748e+00,-2.064471852251483952e+01,2.953227632224875165e-01,1.482588223626639001e+00,8.652803950714153203e+00,-1.054868483463334172e+01,4.422657132115350720e+00,-3.812282902287696729e+00,5.301203237684052993e+00,-4.458883527129817725e-01,-1.058603413026781226e+01,-3.252680698916460500e+00,-6.119977683819923797e+00,-7.344779668943370865e+00,1.904489084209682659e+01,7.015997846936025795e+00,8.759361842896650430e+00,-8.372731017387323504e+00,-2.797049489044168613e+00,1.037634557343687547e+01,2.566803424935795164e+00,1.526108525366890234e+01,-5.632169684904789975e+00,-6.214794402245496840e+00,-2.180422295162913748e+00,1.149884536806978774e+00,-7.221830791882437595e-01,-3.778010903702253565e+00,-9.610375391560905811e-01,-2.663094605899145595e+00,-1.327137952532066834e+01,-3.270697263742996963e+00,-8.108793273357120412e+00,1.587193063630034118e+01,1.304919071745907644e+01,-7.584844977456597803e+00,-6.540995672573863828e+00,-2.204039823235065310e+00,-9.903815660335204996e+00,7.537570205883504793e-01,7.998054625510097715e+00,-1.804677494608832866e+00,-1.227793273045931777e-01,4.311660078175202138e+00,7.136586711898353919e+00,-8.058848621903861087e+00,-4.216552217398319868e+00,-1.993779678465693816e+00,1.039704448329012365e+01,-2.070813029449792619e+00,5.130742437190807248e-01,1.852339188821421345e+00,1.869077373843447187e+00,-6.184996678305877182e+00,-6.433830176036554604e+00,-5.741326240102704759e+00,2.432891644231574446e+00,3.918113392533472350e+00,-1.410301011338366273e-01,4.485495490962074783e+00,1.025160925243745424e+01,1.708313371058881369e+00,1.791370336256776108e+00,-5.686119417727839576e+00,-1.923781380233606342e+00,1.565004522374530715e+01,-4.745722892149649930e+00,-2.263350091025320587e+00,-4.742582288938243629e+00,3.480224512339578968e+00,3.480094355321530220e+00
-2.238330952708018629e+00,-2.641984434205441801e+01,1.096899327637663646e+01,1.883909404119923536e+01,-1.714831467854283531e+01,-1.923780075431053405e+01,2.246892363732272457e+01,1.644610604147817012e+00,3.008685390985521479e+01,-1.479742898423679875e+01,4.615084264982090012e+00,-5.399901124480053483e+01,4.884669961395483817e+00,-2.105906866234132035e+00,2.201254562899876177e+01,-4.446963072195791788e+00,8.736540980747491858e+00,5.318869382527385881e+01,-1.262654037939328333e+01,-4.889833007251946029e+00,-1.905136546587429791e+01,-5.243944761696093693e+00,-2.431126617347220797e+00,1.733581045009575439e+00,7.560177989600387338e-01,-1.207931718043614921e+01,-2.001919102714174059e+01,4.473039959481379668e+00,7.516722192431514848e+00,4.119477694538780099e+01,1.333472200021963516e+01,2.472382910551764468e+01,1.295734769203740555e+01,1.078350792703020211e+01,-3.023500153662744339e+01,5.830057547634491577e+00,6.518102077394883231e+00,-2.503694524393503329e+01,7.192950124614218232e+00,3.731279141276829847e+01,-1.124290353642204821e+01,-4.209850122602460942e+00,-1.016676684053120505e+00,4.093234500348792437e+01,1.504247634562331548e+01,2.137977744573473160e+01,-3.079741038440369039e+01,-1.097000021281890803e+01,2.394500968271338337e+01,-1.155154007164565577e+01,4.252923073512210550e+01,-1.180571503858000248e+01,1.489131389116151993e+01,-1.809558739231859548e+01,-2.190782990128809615e+00,2.143615565475700535e+01,-2.463369631715052321e+01,-1.735712000716562642e+01,-1.173221976543192646e+01,1.399807427951617811e+01,9.860288021432758399e+00,-8.140540107148130033e+00,1.785506142271471575e+01,1.268064995666566475e+01,-2.211891066181065568e+01,-7.762755219835516307e+00,-1.314089541335460076e+01,-3.520345270132823146e+01,-3.768855675649867010e+00,7.633693127600882811e+00,-5.733343116117273652e+00,6.464420284852001597e-01,1.214180915100649738e+00,3.704435304064699608e+01,-2.174493931503702626e+01,-1.038628217657872810e+01,-4.474938472420668667e+00,2.124702810819392340e+01,7.140922893026941942e+00,9.376199787887882664e+00,2.953131325866097256e+01,1.809682255891984781e-01,4.616599924508696162e+00,-2.929875794074790818e+01,-2.006778116966787096e+01,4.867636506626823234e+00,-4.307608580413972277e+01,1.056977929519148596e+01,-1.650347355515138048e+01,6.947346338599256654e+00,-1.482197777121582849e+00,1.153471589519923057e+01,6.478395874009914124e+00,-5.944245325395526081e+00,6.211398471664035803e+00,4.077678669426837210e+00,-3.871108259274569363e-02,-1.985844719319986140e+01,2.900929034215669589e+01,3.091834012631375472e+00
-6.373049997574172565e+00,-6.010720443773278987e+01,2.632154645631116097e+01,4.819408482763918755e+01,-3.846928285333387265e+01,-5.102770475387687554e+01,5.910103033106845061e+01,1.119652769413778337e+00,7.347479862330185085e+01,-3.357376773686998206e+01,8.530861116710283909e+00,-1.332092915964935003e+02,1.550021428864563511e+01,-6.581869416161261199e+00,5.047796611674852585e+01,-1.458896192085227028e+01,1.996922774624969321e+01,1.348002594903188651e+02,-3.088475413383203971e+01,-1.134198545364821875e+01,-4.917269857844225811e+01,-1.253047404677379539e+01,-5.194081410156776712e+00,2.489760329217141077e+00,6.280583503367645370e+00,-2.922585392495783907e+01,-4.627738346101656219e+01,8.071352269391709910e+00,1.744305962723746717e+01,9.939594079636952983e+01,2.237995041890995651e+01,5.810844544457415140e+01,3.102558389991365928e+01,2.901593269380591522e+01,-7.544931675329874565e+01,1.557731562971201988e+01,1.364394851307814172e+01,-5.643222575667485330e+01,1.667654031742258880e+01,8.294473100093358653e+01,-2.776735548631413408e+01,-1.250874288527939271e+01,-5.547796545726992434e+00,1.041957307223445639e+02,3.829887718591567136e+01,5.391173774940440921e+01,-7.583103036853788126e+01,-2.693110584175293454e+01,6.062407282075064074e+01,-2.598459829209453531e+01,1.063109232289701112e+02,-3.011212582209344646e+01,3.224563367912123368e+01,-4.337612918356250447e+01,-4.642452339481362600e+00,4.996007885916008462e+01,-5.939712736763736700e+01,-4.111909642475806947e+01,-2.866093304156705202e+01,2.711144702171382903e+01,2.171516789182300755e+01,-2.258344462231141847e+01,4.870924093704729785e+01,3.535863144194488683e+01,-5.513923482625330763e+01,-2.102220093249066224e+01,-3.176677438520616903e+01,-8.682335456039429289e+01,-8.513898857934600883e+00,2.134711205706855708e+01,-1.422289351314370798e+01,1.463124321317818222e+00,4.704554828994381488e+00,8.994865760030297963e+01,-5.446637558064428219e+01,-2.617360154547343143e+01,-1.135318765180439193e+01,5.430579962905845548e+01,1.585464358350191283e+01,2.220964481186879524e+01,7.005338279562901960e+01,1.229444550045365681e+00,8.162657519329464151e+00,-7.148133607955075774e+01,-4.953497829981150602e+01,1.246325948103326198e+01,-9.933255264243061333e+01,2.472704066842397808e+01,-3.677124076508888351e+01,2.070816867972255793e+01,-2.740183735769262885e+00,2.782228802105823107e+01,1.274373564055139774e+01,-1.476879238530789884e+01,2.130746086501628156e+01,7.518724434090135134e+00,-1.065649771236407695e+00,-4.861388013348540937e+01,6.953031739086391383e+01,8.749774344256071146e+00
-3.669833959988517691e+00,-4.310090052690669182e+01,1.791411296539375186e+01,3.080982705947905487e+01,-2.796771709186878851e+01,-3.148773573270261750e+01,3.676923342519229720e+01,2.645611405033096553e+00,4.915483538228789229e+01,-2.413897786712373161e+01,7.500904843289685431e+00,-8.824075745864064402e+01,8.031315519953512450e+00,-3.461071506923278474e+00,3.591657557052304384e+01,-7.318453260810674266e+00,1.425397423159005683e+01,8.696778200860974550e+01,-2.062950131459755809e+01,-7.980290273549587532e+00,-3.116318970607280292e+01,-8.563440475755450976e+00,-3.961296843639022125e+00,2.807403228790494421e+00,1.298371799773271995e+00,-1.973086935740658632e+01,-3.266941764366787737e+01,7.267232299210851565e+00,1.226753188894321411e+01,6.728538176383598568e+01,2.164060149347389483e+01,4.036056296177453362e+01,2.116045321765527731e+01,1.765594306035166028e+01,-4.941986516065711044e+01,9.544041741492124586e+00,1.061662768612041319e+01,-4.083732328208770213e+01,1.173890900887933064e+01,6.084375043303469965e+01,-1.837269344614920641e+01,-6.909665523231028672e+00,-1.704705419685622392e+00,6.693419327417542775e+01,2.459815851364148287e+01,3.495376383725334080e+01,-5.032457032914386730e+01,-1.792441302908301992e+01,3.915113338394783682e+01,-1.884077228304384732e+01,6.951768766677594158e+01,-1.930602824073063672e+01,2.427016090187094477e+01,-2.955231152693199448e+01,-3.569135356529461234e+00,3.498757396256704055e+01,-4.023481693628427536e+01,-2.833936264666318294e+01,-1.916782445914478217e+01,2.276872165301934814e+01,1.607567958253074281e+01,-1.333826780428181102e+01,2.924375274403223202e+01,2.077980045398723519e+01,-3.615310004278170908e+01,-1.271195137211540604e+01,-2.146450334959862616e+01,-5.752631884687897212e+01,-6.147586211300412273e+00,1.251021960908030906e+01,-9.370091282832969881e+00,1.054486831594072527e+00,2.008483265301352905e+00,6.051438065955694157e+01,-3.554554628878344857e+01,-1.698027818244476705e+01,-7.317054548949712078e+00,3.474712218459078628e+01,1.164400293612976789e+01,1.530869630419402228e+01,4.821777739810428187e+01,3.068863141485230206e-01,7.498079108606485299e+00,-4.786629041999268708e+01,-3.279355187413892025e+01,7.960784337468686189e+00,-7.029259602238073512e+01,1.725305830107155103e+01,-2.691244098335342372e+01,1.140367679795141242e+01,-2.409024163590852474e+00,1.884006981434602324e+01,1.054030582231146340e+01,-9.715095737189056280e+00,1.023547694582732603e+01,6.627191152726544132e+00,-7.708922352926872446e-02,-3.244570601481532890e+01,4.737563215123792304e+01,5.068425431219903743e+00
-4.390378960564939703e+00,-5.151502125432104151e+01,2.141568932268394221e+01,3.684166696408104968e+01,-3.342579782792933685e+01,-3.765811892119983639e+01,4.397299142204909828e+01,3.153643879308362319e+00,5.876697778698877528e+01,-2.885107365908858412e+01,8.958886363891940263e+00,-1.055003880352470276e+02,9.613306805735602367e+00,-4.142504348594188812e+00,4.292945900005951643e+01,-8.761552449290402222e+00,1.703692196777363677e+01,1.039899609187129670e+02,-2.466372383359900411e+01,-9.538895070267118470e+00,-3.726560862120240358e+01,-1.023711997439602683e+01,-4.733533076674897089e+00,3.350779992751384828e+00,1.566521789534634834e+00,-2.358832907299604642e+01,-3.904947048363371209e+01,8.679157492753859060e+00,1.466348977128664188e+01,8.043904573715037998e+01,2.583964138538198085e+01,4.824570506469941478e+01,2.529635805433845519e+01,2.111715300738333312e+01,-5.908901834638682971e+01,1.141466969404452314e+01,1.268538068334141933e+01,-4.880784799520119321e+01,1.403157328249696789e+01,7.271535377908203657e+01,-2.196644201531969642e+01,-8.268000961527397052e+00,-2.047911028586312909e+00,8.003667386201691158e+01,2.941331291836614525e+01,4.179437797293143575e+01,-6.016744874716097513e+01,-2.142995527871101302e+01,4.681397545197883403e+01,-2.251789848108759529e+01,8.311962904511030104e+01,-2.308540827524564421e+01,2.900290247959920009e+01,-3.532859470952282521e+01,-4.264798615547041649e+00,4.182165302136900209e+01,-4.810022016103273046e+01,-3.387699744261823298e+01,-2.291609063362556142e+01,2.719836656183732515e+01,1.921164908306845831e+01,-1.595523420871431597e+01,3.497873126999301263e+01,2.485737171373661170e+01,-4.322638560644376327e+01,-1.520438950043512349e+01,-2.566080644977267156e+01,-6.877823368191761233e+01,-7.347517788187476917e+00,1.496526723957695815e+01,-1.120310856966680291e+01,1.260318434402292409e+00,2.406830618812209277e+00,7.234620034334254512e+01,-4.250079866273126328e+01,-2.030334398368198023e+01,-8.749258079720924286e+00,4.154963695929440348e+01,1.391587468549027129e+01,1.830007377358018061e+01,5.764004194411519677e+01,3.694291001518805184e-01,8.954312445306010559e+00,-5.722623872392459532e+01,-3.920797012705661899e+01,9.519353766592988819e+00,-8.401934168291063543e+01,2.062337468750481762e+01,-3.216376798234119860e+01,1.364567627234175617e+01,-2.877277261952733589e+00,2.252309861689200687e+01,1.259155189917579420e+01,-1.161567724349136022e+01,1.225674148608892366e+01,7.915284759875202525e+00,-9.528586616531753428e-02,-3.879078589724288406e+01,5.663563345728036325e+01,6.063402555500935875e+00
-5.049600847530781422e+00,-6.560796666392020882e+01,2.669631892648018479e+01,4.466374965991272461e+01,-4.280044589515791387e+01,-4.488844298478224459e+01,5.262528078745704363e+01,5.125737969138763006e+00,7.271781983982410225e+01,-3.678258021040578996e+01,1.224277109877869307e+01,-1.299799036664771847e+02,1.038698773767900896e+01,-4.518094327548333844e+00,5.450538439083797471e+01,-9.266439851111293535e+00,2.165839357021207690e+01,1.266031316455589177e+02,-3.049775471304600671e+01,-1.205653525063242526e+01,-4.499394684452288828e+01,-1.278378663119104353e+01,-6.171035247181901440e+00,4.882753808376664395e+00,6.549194066568153616e-02,-2.930329613844960335e+01,-4.942244123178865323e+01,1.194420529765215200e+01,1.853030432156197804e+01,1.000437975419540209e+02,3.627543428450847074e+01,6.065738036141888045e+01,3.156230361566353437e+01,2.499757216149004790e+01,-7.243514722629807068e+01,1.355854335657586773e+01,1.665719119505156698e+01,-6.238391786102000225e+01,1.773817070115510930e+01,9.343090119684484307e+01,-2.704968115497272763e+01,-9.289766691579607993e+00,-1.239523128887155767e+00,9.724794523692658288e+01,3.573531673103560280e+01,5.099785795993125248e+01,-7.418846689000453409e+01,-2.645755236729286963e+01,5.701993127113219373e+01,-2.880337270513025061e+01,1.018165042178092534e+02,-2.802444456207938117e+01,3.762825038460415783e+01,-4.405953478377631427e+01,-5.576112248683997130e+00,5.275880991075712245e+01,-5.984009353482104387e+01,-4.245493711156483840e+01,-2.835206079954328828e+01,3.664250280871013388e+01,2.477105518816923535e+01,-1.860101238130148360e+01,4.112599358568625263e+01,2.890356684927267139e+01,-5.301374422403122821e+01,-1.794167124921303369e+01,-3.188953673439830183e+01,-8.474524113092641642e+01,-9.383190612287407362e+00,1.737542927559893613e+01,-1.376906550119888095e+01,1.608311085313472333e+00,2.243522351559244399e+00,8.973900319968508654e+01,-5.201436610988914566e+01,-2.478135606624824305e+01,-1.064676656349246286e+01,5.039165314862350442e+01,1.788848425614902382e+01,2.293491124711187013e+01,7.219543401810146577e+01,1.245131668482596932e-01,1.239419174843626514e+01,-7.084040561237975453e+01,-4.829278569530892895e+01,1.153587109722980664e+01,-1.064412933537203116e+02,2.597760881589770676e+01,-4.129088989775092955e+01,1.530450789203421635e+01,-3.931783175600285674e+00,2.801627441211989478e+01,1.688035306890061094e+01,-1.426654203124833309e+01,1.257362973001932360e+01,1.082460802521806542e+01,2.922604008819176258e-01,-4.794968727159778155e+01,7.063506724338280662e+01,6.996290509276006375e+00
-4.204868922273775844e+00,-2.946810794387863908e+01,1.405698323896884894e+01,2.812727949348934686e+01,-1.840058423920594421e+01,-3.114178037642338026e+01,3.570913525176169401e+01,-1.663066002314590452e+00,4.026085233627103577e+01,-1.638262408744541432e+01,2.521367698673810942e+00,-7.404490517461383092e+01,1.130033403893463273e+01,-4.737579133936427489e+00,2.508280813736324433e+01,-1.092492629234161683e+01,9.868484559852422677e+00,7.772236541276598132e+01,-1.696243209223927195e+01,-5.743779259180374908e+00,-2.902522756414876781e+01,-6.649438781642100338e+00,-2.262206970348540569e+00,-6.249400014046724294e-03,6.926590728472746150e+00,-1.579993882388905035e+01,-2.330559204681569696e+01,2.181061925010500779e+00,8.840085450445762660e+00,5.351708446778760475e+01,4.258666652151823939e+00,3.005720055312515981e+01,1.651535275320939533e+01,1.800702387474785837e+01,-4.261030870567160633e+01,9.588659278838129296e+00,5.689157272668209586e+00,-2.722032144433907064e+01,8.439056935310327745e+00,3.902372920881513352e+01,-1.545981539645646308e+01,-8.605230576393431363e+00,-5.448836129325289157e+00,6.042320148019203430e+01,2.221509992508509157e+01,3.087759975825492020e+01,-4.204002136511991949e+01,-1.486813946035304035e+01,3.490760509375998311e+01,-1.248942420596621616e+01,6.017968227338906217e+01,-1.750726888879307808e+01,1.443083424458195907e+01,-2.312766918516395975e+01,-1.987692183652971289e+00,2.549828852148070979e+01,-3.194916375805387432e+01,-2.153439181450683293e+01,-1.571259092453270512e+01,9.296793048845904295e+00,1.004053495469019097e+01,-1.449950634644847725e+01,3.070313708987551848e+01,2.282626483343970136e+01,-3.109630556327905637e+01,-1.314206704587959429e+01,-1.715173340531922719e+01,-4.824594752184832203e+01,-4.122941944386325552e+00,1.382317871997791769e+01,-7.967628776562176718e+00,7.109139398668985477e-01,3.944961595511011332e+00,4.888146386866523585e+01,-3.091655931016743963e+01,-1.497806065636991235e+01,-6.555045384012895049e+00,3.165802842978699516e+01,7.442590035796365910e+00,1.162924555009007577e+01,3.676331041026053015e+01,1.292611763486009702e+00,2.027313298138968989e+00,-3.911440435414608885e+01,-2.755762404087751349e+01,7.282044913491254157e+00,-4.982166045626831874e+01,1.269630546703500684e+01,-1.737324173030165753e+01,1.428822730162437082e+01,-8.102792889790269015e-01,1.497300264079282606e+01,4.564576544192749274e+00,-8.291008156533006712e+00,1.650015476440899675e+01,2.202746446302672467e+00,-1.347166333928554227e+00,-2.673075782187090255e+01,3.706753483126728810e+01,5.737009893971240615e+00
-6.614857536055390064e+00,-6.845378423356190467e+01,2.929046458809419917e+01,5.220777447194746657e+01,-4.408462403136739738e+01,-5.446735590492657764e+01,6.329902660262221303e+01,2.591901085960366835e+00,8.115409748497741305e+01,-3.828184348938718529e+01,1.070422451474781766e+01,-1.465054048340984991e+02,1.544930632724126518e+01,-6.596500379043973794e+00,5.728768194081334997e+01,-1.436904686402498044e+01,2.269552243190854313e+01,1.465924619770934783e+02,-3.408949783926288291e+01,-1.280785433818301655e+01,-5.307334571897830955e+01,-1.396910456916923060e+01,-6.084544087851063487e+00,3.565839186365840963e+00,4.862353183998383344e+00,-3.240811651985433883e+01,-5.233583417989317610e+01,1.024938210382977921e+01,1.969350951959188123e+01,1.103483791853752081e+02,2.948402615365188240e+01,6.524346406313874525e+01,3.455712559529296612e+01,3.079392653279276715e+01,-8.258044933789038566e+01,1.657855745073799980e+01,1.613380622900008277e+01,-6.453404758937587360e+01,1.883557250916478409e+01,9.543924770443449290e+01,-3.052390357548243927e+01,-1.277375172564431693e+01,-4.693640810122860607e+00,1.131043375516567835e+02,4.157008302198264005e+01,5.875082767650511784e+01,-8.346605584734955130e+01,-2.967969321387908721e+01,6.595519736091443974e+01,-2.974154139556603837e+01,1.162755238879672248e+02,-3.265975714503393590e+01,3.754355160720357532e+01,-4.829090325560377295e+01,-5.458739904909833740e+00,5.629940569144893203e+01,-6.596092563375071904e+01,-4.601021032250510956e+01,-3.165187719645928155e+01,3.325427154909581162e+01,2.509103248234744044e+01,-2.367890467844010871e+01,5.141143178880020059e+01,3.699963121365813379e+01,-6.037682383068700176e+01,-2.225329056628989832e+01,-3.523872185821283409e+01,-9.549853606861159960e+01,-9.726556489254056359e+00,2.231268489249815445e+01,-1.560575755090603245e+01,1.670103609464646421e+00,4.382448892043704802e+00,9.959161475633261773e+01,-5.952116002412252982e+01,-2.853049116167283117e+01,-1.234094337380198780e+01,5.885003416770467766e+01,1.825286469027060576e+01,2.485274196201608987e+01,7.834110115679401076e+01,9.894977049179853879e-01,1.047153812807853512e+01,-7.898450370870207848e+01,-5.446531072106682103e+01,1.349635652607219605e+01,-1.124575356033435583e+02,2.781918996729362803e+01,-4.226678832885738046e+01,2.112170531746134827e+01,-3.438051071027656391e+00,3.089229038850687203e+01,1.551531570673904170e+01,-1.619427492641514732e+01,2.066238046647362836e+01,9.445824705455033055e+00,-7.226795212246825972e-01,-5.363971319205211330e+01,7.741164597611491160e+01,9.103187975115890396e+00
-2.667464986737599464e+00,-3.698034327221945006e+01,1.485683026665466500e+01,2.443045375485112913e+01,-2.420074533468785560e+01,-2.428817125143631372e+01,2.854826406247372717e+01,3.255165150012161224e+00,4.028641587543280167e+01,-2.074551071052729867e+01,7.175549890342873383e+00,-7.181816833108661058e+01,5.242262581191249993e+00,-2.296671821524077117e+00,3.066678499860920226e+01,-4.598853953746866452e+00,1.219491926659567582e+01,6.943539326722714122e+01,-1.688895279167345009e+01,-6.765417336319189623e+00,-2.454737752773826642e+01,-7.121892621168018245e+00,-3.525375033135439651e+00,2.955202601254145467e+00,-5.997155389367616607e-01,-1.627347014488636745e+01,-2.775506425356396178e+01,7.026294627822607275e+00,1.039699110650315106e+01,5.559817367385751652e+01,2.155770792586002216e+01,3.393029601200811385e+01,1.757439370739886897e+01,1.346429282333139632e+01,-3.989850447822387025e+01,7.319410140233943984e+00,9.554383331909440003e+00,-3.523690179597016225e+01,9.954675631988445517e+00,5.293439470665226310e+01,-1.494116918934334137e+01,-4.827084429514604480e+00,-2.471092123008219454e-01,5.326890665850709894e+01,1.957344076394481647e+01,2.800945231663313706e+01,-4.101210313619017001e+01,-1.463747690959595893e+01,3.128151506600559628e+01,-1.627652986314506833e+01,5.605588610746396228e+01,-1.534202652030877978e+01,2.143739432223625130e+01,-2.452631393293377116e+01,-3.190716984037557324e+00,2.957155710909176349e+01,-3.326110976222333449e+01,-2.370241281821084911e+01,-1.570592620538087480e+01,2.131479186720223851e+01,1.406255556707471222e+01,-9.917395598183441408e+00,2.205194620391084470e+01,1.538303655994914720e+01,-2.920910736692466259e+01,-9.643714463984338181e+00,-1.771366735948281956e+01,-4.682733556170011013e+01,-5.297345664783777330e+00,9.238204455290039974e+00,-7.596426280802035080e+00,9.075930192147588782e-01,9.934560841434443290e-01,4.979047392911900261e+01,-2.862096018261413377e+01,-1.361303994054372168e+01,-5.837463315871103120e+00,2.757059294527383386e+01,1.013760952884939570e+01,1.280483512223134746e+01,4.029314647076259348e+01,-4.396731045179955166e-02,7.312779484408597597e+00,-3.925618574234648150e+01,-2.667901750517586734e+01,6.308369179501885249e+00,-5.981049100729921975e+01,1.454752301590929520e+01,-2.338211779599695461e+01,7.942134212007028182e+00,-2.304388244661316865e+00,1.557100322774324042e+01,9.793224113483976367e+00,-7.867607693686657910e+00,6.085472162956707898e+00,6.346808390827106905e+00,3.011986485082863707e-01,-2.654772592980319601e+01,3.932086485617105609e+01,3.704014047041604751e+00
-3.619302065985475991e+00,-2.180219373572553465e+01,1.094241895958716704e+01,2.292710995447063738e+01,-1.339770598948968683e+01,-2.592205091501932657e+01,2.958791041599837257e+01,-2.271089709585653704e+00,3.178165271514739842e+01,-1.208447271695766645e+01,1.084029060295172542e+00,-5.889348881105286893e+01,1.010191859039901985e+01,-4.215888210763109711e+00,1.871554886020131647e+01,-9.857734272004224252e+00,7.338148485932673992e+00,6.297743949125697327e+01,-1.340644441697102529e+01,-4.335797173092255541e+00,-2.378819874015779945e+01,-5.157811876609618373e+00,-1.539986219001792112e+00,-5.818243693047704390e-01,6.934785233918963065e+00,-1.238207849219521961e+01,-1.753340763680282421e+01,7.781352153602032473e-01,6.676113907157926519e+00,4.184725896888678420e+01,-7.560122007358671681e-03,2.297619628623015942e+01,1.283285286277843440e+01,1.510177702379744957e+01,-3.416982754820681834e+01,8.012460088253618551e+00,3.738741709720356798e+00,-1.992928146803581058e+01,6.367537718702676486e+00,2.810010724782675595e+01,-1.230682123944639272e+01,-7.529959172087263397e+00,-5.315244993906242499e+00,4.909880791887851359e+01,1.805379664909037629e+01,2.493710851423323760e+01,-3.339155521070129851e+01,-1.178358378523017258e+01,2.826651384129711175e+01,-9.122886766745748943e+00,4.831620469637223181e+01,-1.424407749987030414e+01,1.002851405416115149e+01,-1.798723517551436402e+01,-1.334967990733227028e+00,1.933786346192330896e+01,-2.496884513214572010e+01,-1.657944103483420761e+01,-1.240665793894788749e+01,4.998873157316561233e+00,7.143685364951233296e+00,-1.234020301854603119e+01,2.592590315770004139e+01,1.947166668240102894e+01,-2.491869174215109695e+01,-1.105736552927041849e+01,-1.343212264878682127e+01,-3.836734727795533928e+01,-3.026359630038565562e+00,1.180678858615370785e+01,-6.362889569773928500e+00,5.229656795349511000e-01,3.689567533461846960e+00,3.841567793323252999e+01,-2.485633543068735563e+01,-1.209134123545423201e+01,-5.315105470812873989e+00,2.579078742669117830e+01,5.351062954088906309e+00,8.952483887441863075e+00,2.833765175165969197e+01,1.280904509470649044e+00,5.709906312094856773e-01,-3.085387317963305520e+01,-2.192836858235652286e+01,5.938971054870718191e+00,-3.738923170976256927e+01,9.663333749636526804e+00,-1.254594384113037009e+01,1.251701806285877083e+01,-3.486771988175145776e-01,1.170495161980853638e+01,2.585271678223389102e+00,-6.628371284321550760e+00,1.505593324482042838e+01,9.318434642845554450e-01,-1.384712120724520323e+00,-2.114004571452538173e+01,2.882650530765982566e+01,4.925494827452649993e+00
-1.211910376845182213e+00,-3.379297887341305096e+00,2.390466488452107185e+00,6.264598126400146683e+00,-1.799882005731595402e+00,-7.708003211187622661e+00,8.643311045111577329e+00,-1.684676421568122695e+00,7.480073548736163147e+00,-1.826544959968064319e+00,-8.326642872688971853e-01,-1.439268310229262759e+01,3.795658166616120877e+00,-1.563645048552357419e+00,3.103017179329598640e+00,-3.800791747404430598e+00,1.184625251910966792e+00,1.677133725992961999e+01,-3.175015053580856783e+00,-7.824535588598499070e-01,-6.650003600939822235e+00,-1.104458272119342999e+00,-6.744852723675187622e-02,-8.293420782937089841e-01,3.392879450700165833e+00,-2.805855390398936500e+00,-3.089780193562742916e+00,-9.493781163911485521e-01,1.208577478921326609e+00,9.370471405345488947e+00,-4.045759460835767207e+00,4.506547703796577764e+00,2.775159636829288345e+00,4.619116598597267753e+00,-8.682510791289400842e+00,2.417785013356441137e+00,-2.292319879387627601e-02,-2.820240196679305811e+00,1.145545120174056963e+00,3.366993578273899779e+00,-3.020069124054120646e+00,-2.656866994159295725e+00,-2.467988328043646096e+00,1.323749267773348848e+01,4.870042209588110182e+00,6.544326519815347076e+00,-8.105551390444011517e+00,-2.829500860597637946e+00,7.505738942655640678e+00,-1.263554169997517906e+00,1.234471692712338431e+01,-3.861305650092910824e+00,7.242628155138608470e-01,-3.909866303650869401e+00,-3.321687710005494232e-02,3.602757743629367404e+00,-5.574625908771707827e+00,-3.398409376602121057e+00,-2.923899910974708583e+00,-1.631969067894465386e+00,7.424448549862348035e-01,-3.977843913633542172e+00,8.129129392087317996e+00,6.326473962882841917e+00,-6.310673043608453270e+00,-3.422327329907375315e+00,-3.032523576184727787e+00,-9.368912677482988727e+00,-4.383085758147605704e-01,3.852869538990737475e+00,-1.585530473729256595e+00,7.720514945848711008e-02,1.559034184663609102e+00,8.836171028583198250e+00,-6.391456704082363771e+00,-3.167169694099920996e+00,-1.419701634093722076e+00,7.030439081621186581e+00,6.304110035646353083e-01,1.833907779937128391e+00,5.849661888678168609e+00,6.141629554795936530e-01,-1.101083167839405963e+00,-7.234370422341578788e+00,-5.370536187127875394e+00,1.626517587854046543e+00,-6.471815361211708861e+00,1.843404965880626190e+00,-1.550461535930166335e+00,4.431856334971792322e+00,2.671466697302393167e-01,2.617263636906169477e+00,-6.133443673704011001e-01,-1.660265963251530863e+00,5.980998211963172828e+00,-7.492607614138557803e-01,-7.115003145552659669e-01,-5.022245928435868478e+00,6.263216991371955977e+00,1.635433200207578430e+00
-6.809026102281480419e+00,-5.885621802421977833e+01,2.638033092679508584e+01,4.955918217509672274e+01,-3.742689447838884576e+01,-5.318920257094383430e+01,6.141518726971177244e+01,-6.779638750584382478e-02,7.417662518297144914e+01,-3.283436892506422566e+01,7.479162357072288714e+00,-1.350354942392319515e+02,1.712552580488459242e+01,-7.239980263692494589e+00,4.960397124659778001e+01,-1.627078558426783417e+01,1.959487108037351533e+01,1.381182615839335313e+02,-3.120028318708513382e+01,-1.120238095906533715e+01,-5.073750911290720467e+01,-1.253612156277233680e+01,-4.936386948873508373e+00,1.792248675744491315e+00,8.174757304942884772e+00,-2.939212731420117564e+01,-4.563931056791865615e+01,6.968679325842746408e+00,1.723184100274000130e+01,9.984676964380832942e+01,1.838101779348847842e+01,5.772480882663131041e+01,3.106655181523607112e+01,3.040230560135956495e+01,-7.683708177312676924e+01,1.628029146288001527e+01,1.283373807577422809e+01,-5.502295004263777400e+01,1.646799380364614862e+01,8.035496010998420502e+01,-2.816130004333757597e+01,-1.354976352661799055e+01,-6.868566582030508627e+00,1.069428495866902438e+02,3.931154494247996212e+01,5.513004178567805269e+01,-7.681222518966104928e+01,-2.724682965210086039e+01,6.209172075588510609e+01,-2.531234364215145050e+01,1.083400988612950044e+02,-3.092982988735127492e+01,3.084935235782930718e+01,-4.345337722904766053e+01,-4.394094822322539784e+00,4.944915027266574015e+01,-5.964988757651644846e+01,-4.098714937836289351e+01,-2.893875362024353848e+01,2.444474180426716003e+01,2.094453719749497722e+01,-2.391742372396999627e+01,5.128634500620130154e+01,3.751278122929868175e+01,-5.613037717368851531e+01,-2.207709653273165173e+01,-3.193599614699768807e+01,-8.800566465073326583e+01,-8.309822326350642996e+00,2.266987463606235309e+01,-1.445039212229033687e+01,1.429306678380319440e+00,5.468972661745146624e+00,9.059400189263075731e+01,-5.555053335563192007e+01,-2.675839155967556948e+01,-1.163742094170973829e+01,5.582495881130036253e+01,1.535083682031118357e+01,2.213726117611560795e+01,6.986848496952693210e+01,1.566925887525108863e+00,6.953609455200397527e+00,-7.213563783992198353e+01,-5.022638881298226465e+01,1.282058283519300623e+01,-9.785619111664389891e+01,2.451431177016067764e+01,-3.566163920282108535e+01,2.245383900575840386e+01,-2.402577185046271602e+00,2.794471095856705034e+01,1.159267689426375370e+01,-1.501426875822099660e+01,2.405014534101814050e+01,6.581553675966673289e+00,-1.477513718741078730e+00,-4.912694999763132131e+01,6.965137676833064972e+01,9.329396321862848396e+00
-2.663051604839078657e+00,-3.625055700702689876e+01,1.461508861388447222e+01,2.414918800571158286e+01,-2.370265363689638960e+01,-2.408226262546520147e+01,2.828548409919016748e+01,3.092188426024870207e+00,3.968061223995337627e+01,-2.033266266344500650e+01,6.959802859727816760e+00,-7.079091339231429458e+01,5.304022902268350492e+00,-2.318784960877811496e+00,3.007657019318146752e+01,-4.676496125233716938e+00,1.195775843629313684e+01,6.858449748499529619e+01,-1.663693944255041401e+01,-6.640086238103251048e+00,-2.428247064785242060e+01,-7.003944293808598509e+00,-3.443115975630382408e+00,2.842118417532757402e+00,-4.161381316541727937e-01,-1.601801543027063701e+01,-2.723490549299896912e+01,6.808358514594880617e+00,1.020468876471729125e+01,5.471466944970995172e+01,2.083261230552007248e+01,3.333073730807649326e+01,1.728581507241134574e+01,1.336738866580780716e+01,-3.936201988663295737e+01,7.262086686864170026e+00,9.321199156172392364e+00,-3.452160875381787974e+01,9.769975688217215293e+00,5.181652786046960557e+01,-1.472874218081988218e+01,-4.842200376778432513e+00,-3.640478327750378273e-01,5.263460338430530072e+01,1.934066651757605371e+01,2.765519966367964599e+01,-4.041983258328407658e+01,-1.442293257440951848e+01,3.089568721258305928e+01,-1.594417285738694723e+01,5.530942432051114110e+01,-1.516176934150959532e+01,2.095283393028677921e+01,-2.412542179014241839e+01,-3.114880379827660306e+00,2.903283553525986704e+01,-3.273100833391988829e+01,-2.329605268325788003e+01,-1.547013538546361033e+01,2.071583604485069685e+01,1.375800972264321054e+01,-9.874688798463516548e+00,2.192132552127315037e+01,1.532458294797556952e+01,-2.881408014054375144e+01,-9.579981987143018074e+00,-1.743452655052319500e+01,-4.615676642332389434e+01,-5.190525660126548146e+00,9.205767357272254259e+00,-7.490917268685041819e+00,8.893966716461386701e-01,1.046990053716715385e+00,4.902140268833590397e+01,-2.824424112372900808e+01,-1.344019615614159235e+01,-5.766412737056353599e+00,2.725121378349986401e+01,9.922805945539572292e+00,1.258520485710400294e+01,3.960596227012867132e+01,-1.230567031323151483e-02,7.080328649534133767e+00,-3.866316334241322039e+01,-2.629860539214162785e+01,6.236184259203220392e+00,-5.868029119317060349e+01,1.428604209802822567e+01,-2.289148307760390111e+01,7.970015659105434302e+00,-2.235115171852807503e+00,1.532321447393537106e+01,9.524828178228101905e+00,-7.759235504649006465e+00,6.235614125593931689e+00,6.155343220910317825e+00,2.584410163090902213e-01,-2.615315274304684579e+01,3.867789472486101943e+01,3.695523851121312209e+00
-4.724699283052975041e+00,-4.208306056902401338e+01,1.870885911208639740e+01,3.483642607459820084e+01,-2.682193812229876428e+01,-3.721554208694151100e+01,4.301611149279261070e+01,2.460425965243153712e-01,5.247294797004970235e+01,-2.348733817020322334e+01,5.568862520721888032e+00,-9.538895165402625764e+01,1.175219945470866101e+01,-4.975540333746712562e+00,3.542289457033942313e+01,-1.113154869750702147e+01,1.400018366972449435e+01,9.720738736878587360e+01,-2.206621477883004090e+01,-7.985465630700330664e+00,-3.562326881644477083e+01,-8.896104517469604289e+00,-3.567434601661361171e+00,1.444838437219677640e+00,5.332793791678799522e+00,-2.081985179083125104e+01,-3.255053560445268346e+01,5.219175132788355320e+00,1.228261131987964738e+01,7.075449357403009287e+01,1.403655081318945363e+01,4.106517930988312770e+01,2.203931473329473789e+01,2.123457577524970930e+01,-5.419128096572700315e+01,1.138078072603181390e+01,9.309446174368156690e+00,-3.940161353119535903e+01,1.173980935318725116e+01,5.767342839533632315e+01,-1.988987311542561542e+01,-9.359048219719269923e+00,-4.547772376618702594e+00,7.522208255437195135e+01,2.765047836265583214e+01,3.882670420064484063e+01,-5.427435669145891239e+01,-1.926020563924333473e+01,4.370598224392265507e+01,-1.813195266542746964e+01,7.639163185781767140e+01,-2.174985935123540060e+01,2.224120037032999875e+01,-3.082186794368485749e+01,-3.180230146482194264e+00,3.522306983779237299e+01,-4.227385110469845131e+01,-2.912328733221803745e+01,-2.047043708163721121e+01,1.801024845607853564e+01,1.505627530456070495e+01,-1.664491464278566113e+01,3.576203412914576063e+01,2.609103324829147752e+01,-3.959296521195152252e+01,-1.540787970610564273e+01,-2.262463053734359875e+01,-6.216907124133525286e+01,-5.948445501289722159e+00,1.576224616130967249e+01,-1.019979861593167492e+01,1.022826900733185385e+00,3.692234006369624844e+00,6.413916173587176672e+01,-3.915837920397245142e+01,-1.884688257421251123e+01,-8.189239671398492959e+00,3.924539168573431880e+01,1.102005135549225301e+01,1.572983695175647334e+01,4.963491239620280027e+01,1.028521938332959795e+00,5.234831096624716018e+00,-5.103613171324913367e+01,-3.547686470169887230e+01,9.010881753325641341e+00,-6.981909539892524208e+01,1.745171400851204524e+01,-2.558569981750184041e+01,1.550415013279049248e+01,-1.788861121617700833e+00,1.980341190065115953e+01,8.513040567766719136e+00,-1.059555612116148282e+01,1.639014195030359389e+01,4.903413916598202249e+00,-9.466352696484998663e-01,-3.474071823438742257e+01,4.940502670362472060e+01,6.477945594063578838e+00
-6.550641500696896102e+00,-7.077804812973684534e+01,2.997687562187581989e+01,5.277758209932775912e+01,-4.570425099116839363e+01,-5.467941644736091433e+01,6.364807056644364991e+01,3.271207376909551101e+00,8.277638562965287861e+01,-3.960229941541362564e+01,1.151167750175086013e+01,-1.491440450736060370e+02,1.498447160480039386e+01,-6.416625298401227084e+00,5.914312371001400948e+01,-1.384846231148954665e+01,2.344516658969989464e+01,1.484595141564180096e+02,-3.476020765969049364e+01,-1.319373888502593672e+01,-5.356075780786134288e+01,-1.430807665697016695e+01,-6.367119217356805194e+00,4.014878007705015683e+00,3.998952339199997486e+00,-3.311508480505673901e+01,-5.394771641206838098e+01,1.107214024375951666e+01,2.028506661494479602e+01,1.128153921524878029e+02,3.227970164029436262e+01,6.703930443646096649e+01,3.538168144049421926e+01,3.082858447373364896e+01,-8.388188756897690723e+01,1.661972931636240602e+01,1.694890363623696317e+01,-6.684447030746839857e+01,1.940474526128946309e+01,9.911835288889324147e+01,-3.106667356057533169e+01,-1.254647270564764483e+01,-4.123505368231853652e+00,1.144478377777068658e+02,4.206231448094595748e+01,5.955691402273453150e+01,-8.500003659023363412e+01,-3.024236974288448820e+01,6.680829271457919560e+01,-3.081814476215293652e+01,1.180690003975974491e+02,-3.303502123711550098e+01,3.918662826422710310e+01,-4.943278389444618171e+01,-5.721155561248741250e+00,5.794235527246339501e+01,-6.744426030199964828e+01,-4.720476842555693509e+01,-3.228248239880731063e+01,3.545126866365849594e+01,2.610483474470789389e+01,-2.356659267145779779e+01,5.133314362655227114e+01,3.678797107393130972e+01,-6.134052424541399517e+01,-2.225083201126058441e+01,-3.601344152607441629e+01,-9.722271003975380665e+01,-1.007046294942794518e+01,2.217275136696228088e+01,-1.586972494892325258e+01,1.728519724739639774e+00,4.093247832788259544e+00,1.016944652222966283e+02,-6.041567535120536547e+01,-2.892548971420800186e+01,-1.249557740275532502e+01,5.950251071948108006e+01,1.896091150625610311e+01,2.549856748545724017e+01,8.035443758675683057e+01,8.386821531986285994e-01,1.135490489873947340e+01,-8.057833855079711327e+01,-5.543977907395892402e+01,1.364136188090486357e+01,-1.159757047486178010e+02,2.861041065382082138e+01,-4.387678279286109273e+01,2.073328167711255787e+01,-3.697298142779768426e+00,3.158490098403976631e+01,1.649205553417438352e+01,-1.646332246430371526e+01,1.974561519604835524e+01,1.016307797606050656e+01,-5.267550612085283301e-01,-5.468647063667702213e+01,7.924354940563205218e+01,9.025373484955537151e+00
-5.019615402869736620e+00,-5.058296571951913023e+01,2.178423374447880079e+01,3.912653071531188687e+01,-3.251974195531170864e+01,-4.099427300363425530e+01,4.759456503612705092e+01,1.645699075075127027e+00,6.048426321806027772e+01,-2.827842208189480644e+01,7.707333665525858635e+00,-1.093228995890949449e+02,1.186707389241830235e+01,-5.058490691899208969e+00,4.237281709426851251e+01,-1.107752494223403517e+01,1.678009085422836577e+01,1.097403118945517946e+02,-2.541184975192955520e+01,-9.486517379843705911e+00,-3.981709061745910816e+01,-1.038396641183639346e+01,-4.461451660530287633e+00,2.485421175492167123e+00,4.061816751849088192e+00,-2.412686319636285859e+01,-3.874810194319749002e+01,7.357217138137962742e+00,1.458739527949912684e+01,8.212376650797170896e+01,2.096873267096295734e+01,4.840194132207334832e+01,2.569450268017742545e+01,2.321557402116435043e+01,-6.170658544330644446e+01,1.248832936117099379e+01,1.180000202885195115e+01,-4.763217065019000529e+01,1.395035957897919587e+01,7.032356428362429313e+01,-2.278023756775339237e+01,-9.740305863133038144e+00,-3.800850154502072087e+00,8.471506353945501644e+01,3.113666980094102144e+01,4.395499275381742166e+01,-6.226869296512874996e+01,-2.213427877413425193e+01,4.936864153962920199e+01,-2.194665987127665829e+01,8.690232567995123247e+01,-2.446791469665295438e+01,2.757437477494542932e+01,-3.591080325634434445e+01,-3.998526017507820107e+00,4.172411395501266185e+01,-4.908566292468722736e+01,-3.416620280948745147e+01,-2.359115634810437001e+01,2.408597182590566632e+01,1.846687869051834596e+01,-1.791489856958238747e+01,3.882119868188524947e+01,2.800953154109429022e+01,-4.510981746812267090e+01,-1.678931748922082789e+01,-2.623142678601499256e+01,-7.125946475833559646e+01,-7.181078836693454370e+00,1.689679457580468736e+01,-1.165287208328883573e+01,1.233320256356798428e+00,3.438016179918278681e+00,7.417471814308595413e+01,-4.449583123346077684e+01,-2.134374198566009895e+01,-9.239690724661615562e+00,4.409985990066885364e+01,1.344744961266019700e+01,1.845485437157347874e+01,5.818383627220504906e+01,8.152416340284918128e-01,7.497185806306911005e+00,-5.886046171418135486e+01,-4.064517981810602976e+01,1.011574004250634573e+01,-8.323576516262212976e+01,2.062650499141939164e+01,-3.115273208151833018e+01,1.611157915419886066e+01,-2.475534245594540828e+00,2.298984762996290598e+01,1.125971793126117504e+01,-1.209454207809753967e+01,1.600590715255759378e+01,6.799097404031959613e+00,-6.345135178494198946e-01,-3.998938376563567232e+01,5.756534997558769362e+01,6.903046008844316184e+00
-3.512324673239083594e+00,-2.280793028680223244e+01,1.115495623834556227e+01,2.284386466901475643e+01,-1.413220501631862192e+01,-2.556487723707310522e+01,2.924534959316008553e+01,-1.815016733284770645e+00,3.217292387646715923e+01,-1.266150979173070290e+01,1.555165165095498736e+00,-5.939481435429741651e+01,9.629496137010642443e+00,-4.027322098863398203e+00,1.949382815377957456e+01,-9.355959137577338325e+00,7.656782927323109611e+00,6.293251734086753402e+01,-1.356320447708113264e+01,-4.489341313169560976e+00,-2.363864958891223722e+01,-5.267382504163952817e+00,-1.683093331882678623e+00,-2.975951082504355583e-01,6.279177881565192187e+00,-1.258012304594799780e+01,-1.818561485479091289e+01,1.264325052636035451e+00,6.910944388024365281e+00,4.256387519912949813e+01,1.694218582047483324e+00,2.363827655724927013e+01,1.309401348199823190e+01,1.483959176424715309e+01,-3.432101019798328423e+01,7.887221655519601526e+00,4.164733398354258931e+00,-2.096172559167878191e+01,6.594531875175475122e+00,2.981235489878968536e+01,-1.240633530156053510e+01,-7.250374195497743202e+00,-4.868518243813928059e+00,4.899555325074503997e+01,1.801474729596027657e+01,2.495997468815892617e+01,-3.369887783550309734e+01,-1.190502924708166255e+01,2.825553960222914895e+01,-9.607052388817319155e+00,4.850151611899011073e+01,-1.420529694563518852e+01,1.084048574024683376e+01,-1.834485474929236659e+01,-1.469650436324202669e+00,1.997513222993031690e+01,-2.540333505063860997e+01,-1.699553119328282591e+01,-1.255776170038385509e+01,6.242344672996573252e+00,7.626752022970379130e+00,-1.204036376491848159e+01,2.539193139039822711e+01,1.897758484199185958e+01,-2.503783794508493799e+01,-1.084845407996160560e+01,-1.365170845127254928e+01,-3.869709801261517867e+01,-3.178915613060888212e+00,1.150014284454458036e+01,-6.404202327866271638e+00,5.487118372110543207e-01,3.444331016495632447e+00,3.897501016376835992e+01,-2.493454060228827629e+01,-1.210495361715372908e+01,-5.309524980897942115e+00,2.570414292465207851e+01,5.681652364291865709e+00,9.177645455890964143e+00,2.903154417067449344e+01,1.165080664100297314e+00,1.097956609790900373e+00,-3.124522910731874248e+01,-2.211016161675699010e+01,5.915827379777762296e+00,-3.882927662963317772e+01,9.963658450336808414e+00,-1.329055730764699916e+01,1.204580191189427296e+01,-4.999319567431481648e-01,1.190695871775291081e+01,3.131286748694395605e+00,-6.667796229928159235e+00,1.421550751159276160e+01,1.350932640982808408e+00,-1.239484715565262629e+00,-2.138062619943534060e+01,2.940079539385225971e+01,4.785738821477863780e+00
-3.882880516852702524e+00,-5.100592451280655126e+01,2.070893202048701198e+01,3.454467633101486257e+01,-3.329278109351686510e+01,-3.465489268794524236e+01,4.064561107921394267e+01,4.072667278583927519e+00,5.636522423305624585e+01,-2.859912551651258994e+01,9.583840852636473784e+00,-1.007043258781276052e+02,7.928396519530686248e+00,-3.452599341847964798e+00,4.236108064194186085e+01,-7.054413638949657894e+00,1.683488225267512206e+01,9.796417558477276089e+01,-2.363779271163254947e+01,-9.365902176672125989e+00,-3.478479607642679383e+01,-9.918481148485499332e+00,-4.808852801993460879e+00,3.844688053516605919e+00,-1.016964557244706135e-01,-2.272303018967767230e+01,-3.839823117232790395e+01,9.356287991579286256e+00,1.439466357677216735e+01,7.758765076829993745e+01,2.846807635653006230e+01,4.709493053156050024e+01,2.448588246978913219e+01,1.928398261711282302e+01,-5.609066950295940757e+01,1.046346842877662020e+01,1.298954424489290638e+01,-4.851713095056575753e+01,1.377983221171103700e+01,7.270152412105075257e+01,-2.095611984947604256e+01,-7.124107935703444028e+00,-8.554022375748473461e-01,7.523346138850135389e+01,2.764548442541494566e+01,3.947112812484138544e+01,-5.748380513407339976e+01,-2.050298535223357632e+01,4.412357661962899869e+01,-2.240265483244744260e+01,7.883601085072841386e+01,-2.167831896303301775e+01,2.930817039571201121e+01,-3.417955890726847912e+01,-4.346500467054406514e+00,4.097668136547421369e+01,-4.640955771130818164e+01,-3.295139568717254974e+01,-2.197598564829091217e+01,2.864561884800298941e+01,1.928190185312282168e+01,-1.432511252521651635e+01,3.170214640397299277e+01,2.225282415916890599e+01,-4.105354380815622051e+01,-1.383600069283600220e+01,-2.472945603029311101e+01,-6.565860978151667382e+01,-7.296845988249115678e+00,1.337508610596830394e+01,-1.066509609973937955e+01,1.250610912218198090e+00,1.679200257887645709e+00,6.957650256960276636e+01,-4.027063740981410689e+01,-1.918076100881901169e+01,-8.237937315907171154e+00,3.897655030420585121e+01,1.392023367604392448e+01,1.780101818694279103e+01,5.603130090153369736e+01,6.943701867897034141e-02,9.713997249451761462e+00,-5.491236566328694124e+01,-3.741468689130119429e+01,8.921908300287400451e+00,-8.270663567483741474e+01,2.017314629898181266e+01,-3.212692883780140818e+01,1.173420796740461469e+01,-3.077852068085769499e+00,2.172796112395918300e+01,1.319013927221776328e+01,-1.104964047586307352e+01,9.535044728204955078e+00,8.474267231098620456e+00,2.599264594891813052e-01,-3.716283624366308658e+01,5.479597832747790420e+01,5.381750572159118562e+00
-4.323418002011827355e+00,-4.188061453684150592e+01,1.821501481110820109e+01,3.309226543434282775e+01,-2.685384669784513889e+01,-3.489047538497300138e+01,4.044964569351881067e+01,1.019882319808327331e+00,5.073522718878719218e+01,-2.340140634597599600e+01,6.124032502999291694e+00,-9.186855889183424040e+01,1.039885396673176743e+01,-4.422274117540056615e+00,3.513492961195031228e+01,-9.756192490274884221e+00,1.390536895231602621e+01,9.266304611282829740e+01,-2.132206619220092847e+01,-7.882838466322493076e+00,-3.372880559262573286e+01,-8.675928435501784719e+00,-3.649863089329203447e+00,1.867754260232476593e+00,3.959082105498794135e+00,-2.020405052878308538e+01,-3.217752753288325351e+01,5.816329973436858758e+00,1.212245325989530187e+01,6.873676769505148343e+01,1.632119803040067652e+01,4.031789156399547380e+01,2.147613165175217631e+01,1.980741419883477406e+01,-5.196127590827515519e+01,1.064219308899031091e+01,9.615006013043348787e+00,-3.936836705914719658e+01,1.159110435050081911e+01,5.797083710687914504e+01,-1.914718367590091219e+01,-8.447652799993008443e+00,-3.569730612582239004e+00,7.158761839239804203e+01,2.631262107414108797e+01,3.708185160469852804e+01,-5.230933466808768628e+01,-1.858420723829541998e+01,4.167865292265830846e+01,-1.813223722154269524e+01,7.320019998970867903e+01,-2.068361808397688151e+01,2.261698123950897354e+01,-3.002115462266695545e+01,-3.265948609183869422e+00,3.470153275176047458e+01,-4.107921576272476472e+01,-2.850128873581710209e+01,-1.978988231945242759e+01,1.932329842713448897e+01,1.519600566548147746e+01,-1.536384070062394080e+01,3.319939666509890230e+01,2.404148273590290330e+01,-3.797864991713888827e+01,-1.434018719713842849e+01,-2.196297766919350281e+01,-5.987987135850035258e+01,-5.937725109519913502e+00,1.451001618583185504e+01,-9.802205005193922460e+00,1.020147513502661196e+00,3.100379866443723653e+00,6.215466246450107235e+01,-3.749355312307543642e+01,-1.800423918984591154e+01,-7.803309570115792404e+00,3.729277238322242027e+01,1.108276464684441009e+01,1.539462190445849998e+01,4.854858238329579478e+01,7.818629385058744052e-01,5.901464102636715836e+00,-4.936458339617327340e+01,-3.415954685624712539e+01,8.556958775303598941e+00,-6.908976299641990693e+01,1.716676898806444029e+01,-2.569183007345802139e+01,1.398046659519251023e+01,-1.967047505187628387e+00,1.924114113144454308e+01,9.061822535422312086e+00,-1.017652618519081464e+01,1.419013639401293503e+01,5.399562819959337290e+00,-6.531199404192914448e-01,-3.355843352617071673e+01,4.812336094724622626e+01,5.939667178563596828e+00
-3.618077602941463411e+00,-7.218748601253727415e+00,6.204432854275558462e+00,1.766873138264226739e+01,-3.407279226028924413e+00,-2.230037512967841451e+01,2.487881328220050392e+01,-5.705936160653532596e+00,2.001700610429079674e+01,-3.828242691575021617e+00,-3.360980984266916938e+00,-3.906902955178861703e+01,1.163401578415676774e+01,-4.779387703072009330e+00,6.948192316277860492e+00,-1.171294392816069418e+01,2.605232434522742224e+00,4.691042865086143365e+01,-8.516991764250429142e+00,-1.846036283715794424e+00,-1.889038328327608696e+01,-2.841581506920353384e+00,1.266906483099734526e-01,-2.940362969766679768e+00,1.091294798123085208e+01,-7.395747312733890411e+00,-7.188705538428252773e+00,-3.719878802084354952e+00,2.856523069620538369e+00,2.457739731944621653e+01,-1.503766086386711365e+01,1.112140829566324740e+01,7.171164370537775667e+00,1.346973316569744306e+01,-2.390159400750454566e+01,7.024061226590230689e+00,-1.001506299329808947e+00,-5.599548421428787393e+00,2.697835585437251993e+00,5.629513350091052359e+00,-8.210499338068526498e+00,-8.031064771533205970e+00,-7.871719466027800927e+00,3.717526493639325480e+01,1.367902964328928661e+01,1.821596894763208851e+01,-2.194757195970764840e+01,-7.630325241047152929e+00,2.097390541427677135e+01,-2.461234486960061751e+00,3.404830363355884515e+01,-1.086288823508199997e+01,2.345468787436946201e-01,-1.012603033978718692e+01,2.036957855394239125e-01,8.653386935560522630e+00,-1.460347201310133514e+01,-8.569787589994492194e+00,-7.828536453255068750e+00,-7.291730493089563225e+00,1.009151187232696145e+00,-1.176270454202091997e+01,2.386490544571116601e+01,1.874560744075421326e+01,-1.735191022530172589e+01,-1.001205208235684907e+01,-7.981007492715687768e+00,-2.542446147894412789e+01,-8.876457088153650865e-01,1.142886022490106157e+01,-4.334555372719797184e+00,1.588300581009801093e-01,4.891238432283911308e+00,2.343222812261722510e+01,-1.766749387670658678e+01,-8.810133944691244778e+00,-3.974902587022165257e+00,1.981380059776768121e+01,1.032018677454618949e+00,4.623202279301999340e+00,1.480024886349884916e+01,1.969135426993052995e+00,-4.233052843016073652e+00,-1.933102166729172211e+01,-1.458996010924665576e+01,4.590813082367478870e+00,-1.489464682712067756e+01,4.484291226117598228e+00,-2.688845734218292094e+00,1.340709479330900322e+01,1.078532300424752899e+00,6.860635895487030567e+00,-2.913616843134700929e+00,-4.547309133603986808e+00,1.854356248643841454e+01,-3.013642963908723438e+00,-2.305531472462582165e+00,-1.348844503828221342e+01,1.621777044887572572e+01,4.872338816941564232e+00
-4.115249060014872562e+00,-5.060120921101467673e+01,2.082537379407386169e+01,3.536664519112986937e+01,-3.291672549423707750e+01,-3.587188869438226391e+01,4.196349885730165852e+01,3.501538921621995648e+00,5.695059251834464931e+01,-2.835339016217388419e+01,9.103205167162847999e+00,-1.020336996085558070e+02,8.767057797159392152e+00,-3.793206329592594184e+00,4.210668858318948793e+01,-7.917387753174303100e+00,1.672039725202391836e+01,1.000210810868858715e+02,-2.389378339245702065e+01,-9.336228420086813529e+00,-3.570672172875030270e+01,-9.963099831317462574e+00,-4.701458931021751830e+00,3.515329242991575676e+00,8.363094131273896004e-01,-2.290121776561204925e+01,-3.824401332088724814e+01,8.849438590839620034e+00,1.435071336678616660e+01,7.813814988429022890e+01,2.660691047966220069e+01,4.710343774697839336e+01,2.460942264907306409e+01,2.005214621200249070e+01,-5.701471613401809435e+01,1.085586391223136005e+01,1.264290960481567438e+01,-4.802350017565868967e+01,1.373461344927806138e+01,7.172501018331848854e+01,-2.123965297090849447e+01,-7.669901470318995607e+00,-1.513360978979926497e+00,7.691169017816736186e+01,2.826375826584383688e+01,4.024114296273454272e+01,-5.821229788157604901e+01,-2.074585478189533916e+01,4.503674123943755347e+01,-2.216405778450985053e+01,8.017373740441317409e+01,-2.217484129598099329e+01,2.873998395218668733e+01,-3.436194627586345263e+01,-4.241782935926758036e+00,4.089632678691788215e+01,-4.673046656129243814e+01,-3.302496259259379485e+01,-2.220628742050220694e+01,2.744522990547882557e+01,1.898140766592498707e+01,-1.504640974364279771e+01,3.311259703445606561e+01,2.341388708611158975e+01,-4.171768760140341215e+01,-1.441696864949581247e+01,-2.491756430734496064e+01,-6.652121011347595925e+01,-7.226506649642513658e+00,1.408682056473600142e+01,-1.082277501474065140e+01,1.239129694510800128e+00,2.064997709494543088e+00,7.018959233875857251e+01,-4.097756295853172048e+01,-1.955135941083266005e+01,-8.413490438379914949e+00,3.989353310484237625e+01,1.372932547787582891e+01,1.784021400276546032e+01,5.617594941735043790e+01,2.369289125899280424e-01,9.155954451339123779e+00,-5.546806273640108742e+01,-3.791499084993309765e+01,9.136556518477380706e+00,-8.232392656617219018e+01,2.015281250032985483e+01,-3.171265791132776357e+01,1.264854586456532992e+01,-2.923568508106012764e+00,2.188022812163133679e+01,1.267548320721461330e+01,-1.121784756353623891e+01,1.093406287574574165e+01,8.045693948533299888e+00,5.697176923348346023e-02,-3.757372259059550856e+01,5.508699922071677690e+01,5.691605805922810291e+00
-6.016958762700128638e+00,-4.868201414177791975e+01,2.223078173779189370e+01,4.259544898488608311e+01,-3.079340863297079522e+01,-4.617709096625898724e+01,5.319820586866313761e+01,-8.442546194251683289e-01,6.286455578400764210e+01,-2.713092617871761902e+01,5.594436565576568654e+00,-1.148060041482445399e+02,1.548393574913654014e+01,-6.526753262806593625e+00,4.114871458879289889e+01,-1.480237124886292932e+01,1.623552696321523925e+01,1.183882994335047556e+02,-2.645565859937032727e+01,-9.331178774169931245e+00,-4.371908818746695147e+01,-1.054945075421977307e+01,-3.981775979872930193e+00,1.045268319076172681e+00,8.132562871497652779e+00,-2.483564210453668153e+01,-3.796994552354912145e+01,5.131211687576199054e+00,1.435583830138463313e+01,8.429253954908233482e+01,1.281148024730699220e+01,4.830525557262468794e+01,2.616113930932598564e+01,2.649429817161102108e+01,-6.555734476379763009e+01,1.416143807822770917e+01,1.025893820280079716e+01,-4.535243257085175372e+01,1.371504194546614031e+01,6.587975621495621681e+01,-2.395117386534687043e+01,-1.208855570383626343e+01,-6.653622218421866741e+00,9.178427538967889632e+01,3.374122980136838379e+01,4.718448183818356512e+01,-6.526689797967952700e+01,-2.313004128634336354e+01,5.320612779063873887e+01,-2.084771914552446859e+01,9.248371492090367951e+01,-2.656106460588147300e+01,2.502559737492192937e+01,-3.660530628968763267e+01,-3.531775897653501417e+00,4.125917097147465284e+01,-5.034658211092253310e+01,-3.439196578056697007e+01,-2.452820303910460709e+01,1.879564396416817118e+01,1.710818977268360186e+01,-2.100431473769827662e+01,4.485188568337449766e+01,3.298481220233539091e+01,-4.787539215917412605e+01,-1.927116519705379361e+01,-2.697756438913561183e+01,-7.481643600563263874e+01,-6.855142417941260113e+00,1.994740845095084225e+01,-1.230686097467570939e+01,1.179949910450506234e+00,5.107412780060490931e+00,7.663782872743315977e+01,-4.744927750375458686e+01,-2.289753279777752226e+01,-9.978129937030120189e+00,4.796851656375009298e+01,1.257951729831360765e+01,1.857444448433887274e+01,5.865258155483240898e+01,1.541872357528584425e+00,5.048012858517555657e+00,-6.111611823572365410e+01,-4.271009783747989275e+01,1.102189129392286127e+01,-8.134037792225409191e+01,2.048103809694111277e+01,-2.926387149702570767e+01,2.004604155246676811e+01,-1.797292342094434670e+00,2.358896760059707276e+01,8.988959444153742595e+00,-1.279312685720350373e+01,2.204986851887442967e+01,4.915271781917969207e+00,-1.515968697955201616e+00,-4.166699032576987349e+01,5.867277970995247216e+01,8.232389191846779752e+00
-5.810922512375785942e+00,-6.206955686236965164e+01,2.635923321345911674e+01,4.655984861287745247e+01,-4.005265213751754771e+01,-4.832737046165897254e+01,5.622990015789876850e+01,2.733046607303780462e+00,7.285163655101385416e+01,-3.472491822136321815e+01,9.993411055354775030e+00,-1.313293846182542950e+02,1.336780629300599799e+01,-5.719790371424966935e+00,5.188676644538019644e+01,-1.237594674632066827e+01,2.056529441046712492e+01,1.309067959725737467e+02,-3.059501693509181308e+01,-1.158162943403356770e+01,-4.727231171261036735e+01,-1.257867059188600045e+01,-5.566278504761031698e+00,3.445638555462398944e+00,3.742910392019647148e+00,-2.913089058105033757e+01,-4.734790544529148804e+01,9.600898955503417653e+00,1.780689659625105747e+01,9.922828192281225768e+01,2.789626116726243055e+01,5.888706163435033858e+01,3.110836830831407696e+01,2.726740500521817623e+01,-7.390584888838762367e+01,1.469455794131568638e+01,1.480218986758299060e+01,-5.859260281820626659e+01,1.703334166173150166e+01,8.682225419918931664e+01,-2.735751053417719447e+01,-1.115442631542293661e+01,-3.783534794993400396e+00,1.009391313798745244e+02,3.709790679335895902e+01,5.250181612738132486e+01,-7.483996438962842035e+01,-2.662348412727276425e+01,5.890632977689310223e+01,-2.701097819473058337e+01,1.040362073692333240e+02,-2.913874746884174982e+01,3.428061439700465485e+01,-4.346481625071882604e+01,-4.999543998962144187e+00,5.087479659407365062e+01,-5.931948541652489837e+01,-4.148107972477675531e+01,-2.841236091382913642e+01,3.084433886657495449e+01,2.285577036421527453e+01,-2.087721604356263683e+01,4.543563363938339705e+01,3.259841576982754674e+01,-5.404247518904581682e+01,-1.968703367422178019e+01,-3.167914189769225786e+01,-8.560886815566207986e+01,-8.828266136293711597e+00,1.965056617743790213e+01,-1.397813484818547813e+01,1.515451316916284874e+00,3.690115765635382239e+00,8.947542204118848019e+01,-5.324062742895915790e+01,-2.549815271975401387e+01,-1.101879190195735525e+01,5.249012499875668425e+01,1.660771284565924333e+01,2.240667317113872770e+01,7.061604313558886759e+01,7.778044003004895846e-01,9.836696583437417374e+00,-7.091366198962715828e+01,-4.881922921831252893e+01,1.203481039696708343e+01,-1.017749968824504094e+02,2.512538673341463280e+01,-3.843808265432629412e+01,1.843594522386515422e+01,-3.209685423908902102e+00,2.778046480960346187e+01,1.435964504645582096e+01,-1.450211575637925776e+01,1.768744944306695288e+01,8.821634906916633767e+00,-5.125281299013297875e-01,-4.813558886777015999e+01,6.967622649358226283e+01,8.003670700727434806e+00
-2.741416014521735001e+00,-2.619915481837636406e+01,1.143400892580337391e+01,2.085481892512587621e+01,-1.678323971516384461e+01,-2.203511836159401582e+01,2.553352401687432405e+01,5.626104808849605732e-01,3.188280382830832238e+01,-1.463652907973049899e+01,3.774382745622501645e+00,-5.776781846314764834e+01,6.631340568677502212e+00,-2.817925012334090429e+00,2.199070918168868616e+01,-6.231744054023387491e+00,8.701419865543467580e+00,5.836358337698219145e+01,-1.340045815223670544e+01,-4.937494802630999047e+00,-2.126727113076406184e+01,-5.444635260247202346e+00,-2.273547834523599320e+00,1.126588800522966505e+00,2.607813451501733049e+00,-1.268916134913879112e+01,-2.015027157788254897e+01,3.577973347428225814e+00,7.593246045160128688e+00,4.316266769009067872e+01,9.981191408731607595e+00,2.527504493472493863e+01,1.347924464159920710e+01,1.251977415977712838e+01,-3.269686578846395264e+01,6.723935359532622336e+00,5.980754340106351208e+00,-2.461236924641818646e+01,7.259991251628918896e+00,3.620875422461691784e+01,-1.204079869374224465e+01,-5.368859095690243777e+00,-2.326124095538802283e+00,4.510125420280166963e+01,1.657753059220575764e+01,2.334877464087129084e+01,-3.288878344458517233e+01,-1.168242580410990250e+01,2.624958066164068882e+01,-1.133442671452768202e+01,4.606638714255115730e+01,-1.303254717199344626e+01,1.410148558309924027e+01,-1.884373105178159236e+01,-2.033244534411547288e+00,2.174240573681989730e+01,-2.579425733857161873e+01,-1.787636162765835124e+01,-1.243653393084930592e+01,1.195186617099897042e+01,9.485489406946888025e+00,-9.727954990926001244e+00,2.100102560609703772e+01,1.522674389925979277e+01,-2.389672523371728374e+01,-9.067411550593316605e+00,-1.379310502387453319e+01,-3.765250746335296128e+01,-3.712707470930999065e+00,9.191437163191748638e+00,-6.165846573927704632e+00,6.379532031006743820e-01,1.995345245598484807e+00,3.904497957360369043e+01,-2.359838150906905696e+01,-1.133602136703957086e+01,-4.915208657419671390e+00,2.350073560150851293e+01,6.921760319163468012e+00,9.655625109397925954e+00,3.045287010060856758e+01,5.126219472006767752e-01,3.624464285488482318e+00,-3.101960860145230825e+01,-2.148065229238904550e+01,5.392897052633745858e+00,-4.325859199808431299e+01,1.075852676583341605e+01,-1.604967798129812095e+01,8.886696090634803369e+00,-1.212349898180038466e+00,1.208206463432418154e+01,5.611412565712071476e+00,-6.401909903986158668e+00,9.083237192185229958e+00,3.327231028286631531e+00,-4.366810404464405715e-01,-2.109182366002330866e+01,3.020597534064912182e+01,3.764995800052899799e+00
-1.673458544315013174e+00,-1.642352615303682128e+01,7.119594488167225954e+00,1.288564866931898578e+01,-1.054010587284130906e+01,-1.355776238343146112e+01,1.572540377180132687e+01,4.449365915885992173e-01,1.980965309469016589e+01,-9.178456229591001048e+00,2.435327355730886545e+00,-3.584863488364099737e+01,4.002643849192885739e+00,-1.703472671086450507e+00,1.377137480032057226e+01,-3.749172491184104228e+00,5.451410471715959716e+00,3.610126332231953228e+01,-8.324435718827368547e+00,-3.087535836849748527e+00,-1.312676348258270131e+01,-3.391977680113116733e+00,-1.437078595100040879e+00,7.573947173967513491e-01,1.474305848374586336e+00,-7.893107007113289164e+00,-1.260588782849101008e+01,2.317000986346350544e+00,4.747965554700853019e+00,2.685782706261905162e+01,6.536913906948323749e+00,1.577879142126766077e+01,8.395349852650287659e+00,7.690583488953022240e+00,-2.026235300251813243e+01,4.133651388559536954e+00,3.790871354364781176e+00,-1.544741865131992320e+01,4.540109784802300652e+00,2.276669275436241691e+01,-7.471030259773432824e+00,-3.262464411208289228e+00,-1.344369959206461296e+00,2.788318996534895078e+01,1.024858264987822132e+01,1.445124310924933475e+01,-2.041424958353686847e+01,-7.253953928917745486e+00,1.623884875587055987e+01,-7.115655348149903858e+00,2.854160931035348270e+01,-8.055282401977985174e+00,8.897296711931192092e+00,-1.173495373377663320e+01,-1.286608986907511465e+00,1.358780353904758798e+01,-1.605171529948115960e+01,-1.114883649733135762e+01,-7.726834121172847070e+00,7.658900875111787521e+00,5.971444813877596403e+00,-5.955230027291287698e+00,1.288040768240463230e+01,9.316205446441440330e+00,-1.481071492057130534e+01,-5.565844213299245169e+00,-8.580714477399935092e+00,-2.336643000203656939e+01,-2.329523815167526823e+00,5.621829719760992994e+00,-3.823713488668940119e+00,4.001819879090418586e-01,1.182492158628610568e+00,2.427672913672701682e+01,-1.461743029661324300e+01,-7.016730004488074712e+00,-3.039960184015165101e+00,1.452201235004376656e+01,4.352835300552911235e+00,6.021950754594986854e+00,1.898917760783858455e+01,2.925774659176728631e-01,2.354423875286416390e+00,-1.927559368097795911e+01,-1.332914046446729550e+01,3.331787076438585071e+00,-2.707078221239455473e+01,6.720298974214570897e+00,-1.008838307150191049e+01,5.398336845941400952e+00,-7.822226367440054950e-01,7.518324602764109521e+00,3.587836088725514294e+00,-3.969370100277771041e+00,5.441547228063981834e+00,2.147613931731997106e+00,-2.393479755277955756e-01,-1.310104611178754119e+01,1.881102350532376377e+01,2.299809482325755106e+00
-5.661183762241495998e+00,-6.175676606834811366e+01,2.609789673719428293e+01,4.582355041458539802e+01,-3.990202323137442164e+01,-4.740096256333220026e+01,5.519573454840077176e+01,2.965886268956363647e+00,7.201189072897788890e+01,-3.455853644488284715e+01,1.012823027795238318e+01,-1.296933954652358523e+02,1.288779610867011627e+01,-5.522533228268290628e+00,5.158788326333604601e+01,-1.189298103000232842e+01,2.045291913545664642e+01,1.289498994924703368e+02,-3.023782723488441349e+01,-1.150283316734525663e+01,-4.648580132123620245e+01,-1.245883975919373299e+01,-5.569917601017063014e+00,3.565058256231894429e+00,3.295096532110489917e+00,-2.882001140335349376e+01,-4.704043764909246050e+01,9.750520490125346385e+00,1.768500046263102377e+01,9.819450141618507644e+01,2.850414308872963431e+01,5.841538180306632455e+01,3.080613370155241526e+01,2.670837654517670146e+01,-7.290677595685403389e+01,1.440290921022324611e+01,1.483907583761391713e+01,-5.834706834739968428e+01,1.691815722255241639e+01,8.656764431665645532e+01,-2.701376867331259035e+01,-1.082253538224056655e+01,-3.460216736699778028e+00,9.938912181755748065e+01,3.652757662813544215e+01,5.174146212900329544e+01,-7.392062889634793521e+01,-2.630369852197034675e+01,5.803128594509240656e+01,-2.690270607228682209e+01,1.026133537048388717e+02,-2.868592226828995351e+01,3.426148111215250225e+01,-4.303817475943241533e+01,-5.006493233805187515e+00,5.050638454907320352e+01,-5.870513058526175598e+01,-4.111870193862218059e+01,-2.808396323435304254e+01,3.113428478337230842e+01,2.280810141789311274e+01,-2.038984954328985211e+01,4.444597826702769794e+01,3.182191222873603920e+01,-5.331706718018650548e+01,-1.927166933063346121e+01,-3.134359383480212813e+01,-8.454419565383955160e+01,-8.789471642164468079e+00,1.917720821975551360e+01,-1.379679296635294072e+01,1.508527516993497297e+00,3.488843790958398472e+00,8.849123603629611523e+01,-5.250252244507815647e+01,-2.513037893061784089e+01,-1.085299689317415428e+01,5.166435944290208226e+01,1.656084485007966123e+01,2.221117078459577954e+01,6.999049154365566494e+01,6.969722612791433569e-01,1.000726176993930849e+01,-7.010253900290349804e+01,-4.820834693422136752e+01,1.184351769194850235e+01,-1.011369175769173694e+02,2.493481544828799912e+01,-3.831731512335584711e+01,1.788193656228494888e+01,-3.252947868008058130e+00,2.749186840995932357e+01,1.447493535996249392e+01,-1.431191810970390677e+01,1.692336324703688888e+01,8.942559989707666190e+00,-4.179977795989688882e-01,-4.756999239296518311e+01,6.899290323644999035e+01,7.801973178938216513e+00
-3.795352871648774329e+00,6.610349929267273161e+00,1.901882301918558893e+00,1.342549138187842672e+01,6.142241454903270004e+00,-1.987760143847135197e+01,2.152550037543274897e+01,-9.328429830378237142e+00,9.561015326377365398e+00,4.013677454198912642e+00,-7.850382862735868272e+00,-2.171310426366082424e+01,1.369813420126885362e+01,-5.563247466495611526e+00,-4.155070292955444167e+00,-1.409524386566922871e+01,-1.869921677302928575e+00,3.359612320118088746e+01,-4.181181120133087070e+00,4.846713575600982704e-01,-1.505811898795059633e+01,-7.287718195887404882e-01,1.754099892537922312e+00,-5.379527238575493975e+00,1.532076252458037757e+01,-2.910397073594821027e+00,2.518891573530702921e+00,-8.278540212081205496e+00,-7.178534297713499157e-01,8.991485561174558327e+00,-3.039904265550831042e+01,1.389511851589730895e-01,2.017822928304231045e+00,1.254667204986460050e+01,-1.509276164062521097e+01,6.409126229760768290e+00,-5.661699121261452028e+00,8.062635990148688592e+00,-7.385731197385998481e-01,-1.594972764962692047e+01,-4.631040983396735200e+00,-8.914627732054023923e+00,-1.074665944294962472e+01,2.741107023121133679e+01,1.009847272700521259e+01,1.257690901892165058e+01,-1.189871487587661392e+01,-3.966867351142150611e+00,1.491502212353976731e+01,3.897085116313959485e+00,2.184953371018455570e+01,-8.109864771483605850e+00,-9.280378577580318478e+00,-2.978993687051207040e+00,1.710386341751592099e+00,-1.312458116420145871e+00,-5.241511216409528551e+00,-1.201592788547028778e+00,-3.761595612784440767e+00,-1.960635272789469497e+01,-4.908071724231328758e+00,-1.178118790096257662e+01,2.303736029789012818e+01,1.896402780673048483e+01,-1.084768195637084531e+01,-9.489143292110231442e+00,-3.072435191846861535e+00,-1.408913875533506044e+01,1.148875863907839134e+00,1.162499615987240453e+01,-2.575422278354116301e+00,-1.875265558875009453e-01,6.301358376245990378e+00,1.001379956287808604e+01,-1.154645062905442110e+01,-6.053107232889590961e+00,-2.867367667054794289e+00,1.497738574372993803e+01,-3.118167236745552628e+00,6.401983251036125200e-01,2.362592425006803332e+00,2.735700933878975949e+00,-9.114699035839731067e+00,-9.076385527531130037e+00,-8.171631324320987488e+00,3.505920897103038669e+00,6.250915441531907035e+00,-3.321187113153114545e-01,6.766425132402817511e+00,1.493418565362502726e+01,2.519964813002697923e+00,2.487027628645153587e+00,-8.406049061718119830e+00,-2.747382431995001539e+00,2.285062974316617712e+01,-7.000030281900211371e+00,-3.314926607509729894e+00,-6.711143666562978005e+00,4.753341256234913104e+00,5.060968818140302972e+00
-3.382816138031379261e+00,-4.268903117035710792e+00,4.995348867964271022e+00,1.562632735867786238e+01,-1.486394453941684901e+00,-2.023549879059054035e+01,2.246143809938307356e+01,-5.919563128297550492e+00,1.671522631554341132e+01,-2.175023212587824162e+00,-3.898795526074744000e+00,-3.315841100624415816e+01,1.113883013792587384e+01,-4.564748497401400762e+00,4.494984182988903676e+00,-1.126759704805945184e+01,1.630837726710431479e+00,4.112958351133009671e+01,-7.131902543408013884e+00,-1.302559203496250984e+00,-1.682995041164473093e+01,-2.262947753734885215e+00,4.019875853036511959e-01,-3.150562389566863075e+00,1.088072110621092214e+01,-6.067020672137810600e+00,-4.961887713854996385e+00,-4.243393872770237607e+00,2.021173707027544619e+00,2.004282333907929115e+01,-1.661757250757517568e+01,8.382208259772998105e+00,5.742139311813199143e+00,1.231701830467361880e+01,-2.060200991335085519e+01,6.399591898780948362e+00,-1.742831766504838509e+00,-2.798056761723074715e+00,1.898293954954404450e+00,1.441188400566577599e+00,-6.980245631246426719e+00,-7.594561925165138838e+00,-7.795218791331564034e+00,3.273174558570912041e+01,1.204613785387892122e+01,1.588917460464660358e+01,-1.857492023026260952e+01,-6.428077501436920471e+00,1.837072239701062415e+01,-1.168086875485639275e+00,2.940911979513970920e+01,-9.581973741896851138e+00,-1.446796347984152575e+00,-8.130866718371967394e+00,4.522129721922436563e-01,6.273613264545164547e+00,-1.189142768232613356e+01,-6.650473914633524330e+00,-6.541135891954854564e+00,-8.908835774057550339e+00,-9.998896777207644249e-02,-1.090028354845766145e+01,2.196388286324770434e+01,1.740426049829802224e+01,-1.493739379285610980e+01,-9.183781950209533917e+00,-6.535191699073837235e+00,-2.157094250415686787e+01,-4.661502603829901226e-01,1.062207783507216163e+01,-3.707904211037502673e+00,8.656634298041171460e-02,4.777895542185390809e+00,1.936100564686850589e+01,-1.529676858186174115e+01,-7.679587813883721026e+00,-3.488678540502431424e+00,1.750979293428207484e+01,2.302358703099631754e-01,3.586371982774947398e+00,1.153580924966958854e+01,1.958286700669716884e+00,-4.775289240673227020e+00,-1.611494085174935265e+01,-1.239372718817224062e+01,4.063222317497649172e+00,-1.010031907078034763e+01,3.311927969337127298e+00,-8.373162082736875789e-01,1.268750111049737583e+01,1.251254483978554433e+00,5.590832500665856131e+00,-3.659776043556693281e+00,-3.897866302364718649e+00,1.793215536480355965e+01,-3.489046068932133871e+00,-2.312395231874014634e+00,-1.131049464404734550e+01,1.301922050509400819e+01,4.546758263523479116e+00
-3.699947165894041490e+00,-7.813629765848981279e+00,6.484988431574699064e+00,1.822398675182014571e+01,-3.780019057393792181e+00,-2.291194909112853395e+01,2.558088917151329866e+01,-5.733335555653551907e+00,2.081793250153302210e+01,-4.159178953877743723e+00,-3.305445848809735576e+00,-4.053940906737033600e+01,1.185180922228923528e+01,-4.870810226299818524e+00,7.453609768788136414e+00,-1.192295979474872603e+01,2.804231597941548415e+00,4.844695960046433214e+01,-8.854335340314955616e+00,-1.961476129736629215e+00,-1.946259871393643337e+01,-2.974402728557093312e+00,8.022954779548574500e-02,-2.937065056220301340e+00,1.104203919689888203e+01,-7.710597885994412870e+00,-7.657458348513028312e+00,-3.670892489103183109e+00,3.034175341411065041e+00,2.564440124892387018e+01,-1.493295386914977740e+01,1.172380273806750139e+01,7.500923065286609237e+00,1.382269185485092322e+01,-2.474609414278168984e+01,7.212183174444917633e+00,-8.838670036185085621e-01,-6.150297871945381800e+00,2.867462608397489898e+00,6.421875550362965868e+00,-8.517437387069470844e+00,-8.197880002474560612e+00,-7.974100426021944799e+00,3.836897780715038664e+01,1.411789516980101133e+01,1.882689321321662845e+01,-2.278267342844796417e+01,-7.925826052787513731e+00,2.166412147430216351e+01,-2.714059143405655128e+00,3.524067427173993394e+01,-1.120865285819717450e+01,5.297117895180587510e-01,-1.058771827211019989e+01,1.627650250387426833e-01,9.165323649873638345e+00,-1.524054305806620313e+01,-9.000670026754544750e+00,-8.141094530576095778e+00,-7.092904318246079143e+00,1.213532302598252066e+00,-1.204584374788294099e+01,2.446567633850988699e+01,1.919108202837535160e+01,-1.796831871609836639e+01,-1.026944054475143986e+01,-8.322851060692595837e+00,-2.638256406130676623e+01,-9.710192672703936712e-01,1.169854214250808155e+01,-4.492624023170548320e+00,1.731993331004677561e-01,4.966303613246273230e+00,2.440566261978558060e+01,-1.827985478516425388e+01,-9.106510529764591411e+00,-4.104470873327829672e+00,2.043884069308715823e+01,1.183186194708408578e+00,4.855897816370235098e+00,1.553564923607167714e+01,1.993304418158137414e+00,-4.186616274179155717e+00,-2.010927642492969269e+01,-1.513714020849153030e+01,4.734547408729471663e+00,-1.589727693836088029e+01,4.738994211114681221e+00,-3.041390143786797395e+00,1.368399264526416914e+01,1.060687080942829930e+00,7.159180315185618149e+00,-2.816772929546544013e+00,-4.711750351866025532e+00,1.885975990631478538e+01,-2.965035554847041066e+00,-2.330425403681951835e+00,-1.401998034068270549e+01,1.695774754459871758e+01,4.984114090783087647e+00
-5.901470840572106802e+00,-7.272812038499458254e+01,2.991771542893156521e+01,5.077640947360352897e+01,-4.731621308298350925e+01,-5.148258542106164271e+01,6.023043826140069257e+01,5.059913186121611339e+00,8.180179745863301832e+01,-4.075271898364365342e+01,1.310429687265631138e+01,-1.465434985791847566e+02,1.255517283694503305e+01,-5.433309548430715452e+00,6.051498447401446867e+01,-1.133308091053848443e+01,2.403093269927646247e+01,1.436151458344313028e+02,-3.431965613121016645e+01,-1.341652179046896975e+01,-5.126004880119426588e+01,-1.431353702458325294e+01,-6.760812029171680670e+00,5.067611159984421576e+00,1.154664626191886700e+00,-3.289735834829596683e+01,-5.495976528341799394e+01,1.274097868276123435e+01,2.062244758577856985e+01,1.122475104454198629e+02,3.832420072370752706e+01,6.768153453817166110e+01,3.535458164138484705e+01,2.877401749277412080e+01,-8.187696141294976826e+01,1.557890142223399721e+01,1.818370948505107165e+01,-6.902871957256118662e+01,1.973724986343920662e+01,1.031091330612314465e+02,-3.050461033934708155e+01,-1.099336948162183347e+01,-2.141541554861020380e+00,1.104287159336860498e+02,4.058062616681510804e+01,5.778307890824284243e+01,-8.360754280419590145e+01,-2.979711986885852681e+01,6.466660102929125742e+01,-3.185903682941221149e+01,1.151329498616175329e+02,-3.183768857266843710e+01,4.132436831853854642e+01,-4.936483294150258416e+01,-6.100178912804230080e+00,5.876711805710185388e+01,-6.712996290386259091e+01,-4.744920247135597435e+01,-3.189621535841693145e+01,3.949564771189489676e+01,2.728905450618865558e+01,-2.158372657483559465e+01,4.750812038812329519e+01,3.358474240398921751e+01,-5.991000159743772002e+01,-2.068632866307888207e+01,-3.579410801543917131e+01,-9.553972666650862777e+01,-1.038714405586567402e+01,2.020539188822852594e+01,-1.554312023867929504e+01,1.781055390399671534e+00,2.947817262072616629e+00,1.008232546581355820e+02,-5.884438757579851398e+01,-2.807437249120898670e+01,-1.208037296040399511e+01,5.727623968262341236e+01,1.973695337885128254e+01,2.563227215032010875e+01,8.071081680219924692e+01,3.320438887027090669e-01,1.318397073958370491e+01,-7.967306797454979517e+01,-5.445419620488495838e+01,1.311737236336861656e+01,-1.183087375887072454e+02,2.895818088470900165e+01,-4.558802842114954501e+01,1.812861043277305129e+01,-4.208547873991501653e+00,3.143161842074911760e+01,1.823893475631940575e+01,-1.611026420533960746e+01,1.564081378522552512e+01,1.158217147874450603e+01,9.203328788069053967e-02,-5.396831631207798097e+01,7.913879074093378563e+01,8.162621933532136609e+00
-5.739548171924152342e+00,-5.170536387969757186e+01,2.291681704911318462e+01,4.252918133399968781e+01,-3.298260930964188020e+01,-4.535381829946101817e+01,5.244377446608492477e+01,4.363083238164540134e-01,6.421408231733285277e+01,-2.886240286116834142e+01,6.942810163847068061e+00,-1.166703005360692060e+02,1.421511377507926710e+01,-6.021673279724568673e+00,4.350202225184326466e+01,-1.344822895879200075e+01,1.719658056470697716e+01,1.187289853844572320e+02,-2.700134594457070136e+01,-9.800241731873002848e+00,-4.347060180414784725e+01,-1.089953072563233683e+01,-4.400349459910280814e+00,1.849528639222103532e+00,6.319048115266394205e+00,-2.549115732222164610e+01,-3.995580373397603324e+01,6.520135322958692470e+00,1.507355774307385943e+01,8.664249965656580343e+01,1.765272219194116943e+01,5.035968942971476991e+01,2.699956327074027840e+01,2.586076203914602445e+01,-6.624162185868503627e+01,1.386475788289170019e+01,1.149863102154787597e+01,-4.843782883999998745e+01,1.440817278596412265e+01,7.095987068080377469e+01,-2.432582518623495460e+01,-1.134919410115237781e+01,-5.422292999463541818e+00,9.185577263605384246e+01,3.376444070276514253e+01,4.743503710619493319e+01,-6.638957975764904518e+01,-2.356319175167073254e+01,5.338517939415003610e+01,-2.229295992942756044e+01,9.337031652687888084e+01,-2.655670009877380267e+01,2.741013276496495621e+01,-3.775648402107159285e+01,-3.924857388389074941e+00,4.321595475063323022e+01,-5.176837958991348643e+01,-3.569901088302265180e+01,-2.505036177973873635e+01,2.237031490952058022e+01,1.853558110219679378e+01,-2.024311573575233680e+01,4.352567835185159595e+01,3.172407318002026244e+01,-4.839971227336004489e+01,-1.875909889408376330e+01,-2.770217230815346809e+01,-7.603993669386862564e+01,-7.311653452968918998e+00,1.916287802567500975e+01,-1.247172227159560265e+01,1.257084048448033009e+00,4.437198982840167893e+00,7.851481292156391589e+01,-4.785666283041820890e+01,-2.302620414151581940e+01,-1.000179281353747385e+01,4.791388126091072763e+01,1.355979922370355872e+01,1.928159103688970077e+01,6.083739937413554344e+01,1.221899878793051508e+00,6.551397405893657044e+00,-6.245898426194258946e+01,-4.339039383446878873e+01,1.100023048537902781e+01,-8.571521838183107889e+01,2.140730011609318950e+01,-3.147551002705006695e+01,1.879861699381431706e+01,-2.230182594335288648e+00,2.425071857034813405e+01,1.056151974744646438e+01,-1.295459250904105986e+01,1.977098631362818537e+01,6.114447797083978564e+00,-1.113119836354499625e+00,-4.250866330994164599e+01,6.052098385223808918e+01,7.871445127869804992e+00
-1.407155407561987204e+00,-1.696928664011555199e+01,7.012762265097530090e+00,1.197315839464689091e+01,-1.102721693473197284e+01,-1.218334940855611670e+01,1.424147113362100825e+01,1.118785081876813914e+00,1.920487509700489070e+01,-9.506468826840883679e+00,3.011140220231906195e+00,-3.443645633449440879e+01,3.032874198462471860e+00,-1.309948373377387343e+00,1.412903399430601148e+01,-2.749723452094304577e+00,5.609207416571322824e+00,3.383417505495616240e+01,-8.058521975931455472e+00,-3.135531383101322955e+00,-1.209769034990228853e+01,-3.353854191753390168e+00,-1.569522564457010105e+00,1.148112335079717994e+00,3.769386574021633685e-01,-7.716905128960752869e+00,-1.284074818687454034e+01,2.923154310887566609e+00,4.819793833772098246e+00,2.632393965805401592e+01,8.754374241908449150e+00,1.583564151140988230e+01,8.285571717359943023e+00,6.819385008619356370e+00,-1.926101997333122640e+01,3.689492513485920000e+00,4.214768627313127070e+00,-1.609365691608198645e+01,4.612549839125852813e+00,2.401208285096419814e+01,-7.169095232409149254e+00,-2.634133025472229495e+00,-5.759426686516428973e-01,2.602681282990299749e+01,9.564576490093431360e+00,1.360651340495942563e+01,-1.964363982376413276e+01,-6.998942102474953408e+00,1.523327025017434977e+01,-7.426528663088409310e+00,2.708864124356202652e+01,-7.505229780311701404e+00,9.603498968417618187e+00,-1.157008958569996437e+01,-1.415266515707022554e+00,1.373992045226025738e+01,-1.574216455634776679e+01,-1.110952191721285054e+01,-7.488612547884022419e+00,9.103675863456370365e+00,6.350295085597131184e+00,-5.131819161659624484e+00,1.127551481214307394e+01,7.989628042763573745e+00,-1.409207136829277651e+01,-4.905888316042572583e+00,-8.395753952891473304e+00,-2.245054471034733723e+01,-2.422152685937021488e+00,4.808257240955612133e+00,-3.654397957976774691e+00,4.153859431547899939e-01,7.335913101644018219e-01,2.365826361370921660e+01,-1.384763271018395514e+01,-6.610433000443012297e+00,-2.846293700303655250e+00,1.350466681913967903e+01,4.595893259558111232e+00,6.001351514034959145e+00,1.889945348234164513e+01,9.675399807858424406e-02,3.020967551068457713e+00,-1.870346249332095923e+01,-1.279698541341225493e+01,3.093359668920309336e+00,-2.763576672391335620e+01,6.772698622801752499e+00,-1.061854243727457892e+01,4.345443543968163347e+00,-9.670600285143013952e-01,7.371031615119179925e+00,4.208559267276079652e+00,-3.788284798397951736e+00,3.818584692446350903e+00,2.660953460223673073e+00,-1.575075730602309987e-03,-1.267312917865286792e+01,1.854832953138025076e+01,1.944993124588215272e+00
-2.359456719778572520e+00,-1.768696949850211908e+01,8.261787343318763632e+00,1.619777787344970221e+01,-1.111402868978235148e+01,-1.775989071081990289e+01,2.040856834166659795e+01,-6.617340263437925252e-01,2.352006248156587631e+01,-9.844714251775705804e+00,1.765981033079492502e+00,-4.311323101189689311e+01,6.219575358752140737e+00,-2.613737948947377099e+00,1.500384709312838361e+01,-5.983401582876914482e+00,5.911212126398736721e+00,4.487975404697472470e+01,-9.904008849397078151e+00,-3.419581978545309653e+00,-1.667312718891453471e+01,-3.914037188381297216e+00,-1.401026492865292905e+00,1.828609882846241597e-01,3.572175889671330040e+00,-9.259386830753921771e+00,-1.389423212621243309e+01,1.579223094968630114e+00,5.262006087360829198e+00,3.139317192263839829e+01,3.577197886018804951e+00,1.780189683446920768e+01,9.714172487206724327e+00,1.023273662149069985e+01,-2.472010301976849789e+01,5.458316518661365357e+00,3.566762979931818567e+00,-1.640568433098490431e+01,5.025144283677803081e+00,2.367187531041142634e+01,-8.998215972323158951e+00,-4.788814798107120296e+00,-2.855344255018192445e+00,3.484575071616784214e+01,1.281062123234644190e+01,1.785657259523009799e+01,-2.449301936378706301e+01,-8.670724509673199520e+00,2.016297272450373868e+01,-7.534231673301723831e+00,3.489435864417445998e+01,-1.009053751538052879e+01,8.871070514911824745e+00,-1.359815771902218096e+01,-1.236880355460628689e+00,1.515140666932449065e+01,-1.874579007155827881e+01,-1.271589689616929597e+01,-9.178119751729683529e+00,6.187630004547118645e+00,6.118503310077742618e+00,-8.181333546255853406e+00,1.739044511259248793e+01,1.286523260863222973e+01,-1.804610996677734036e+01,-7.456637677565316480e+00,-1.005460775208179847e+01,-2.809361697783965894e+01,-2.482387963605883652e+00,7.786075149593634670e+00,-4.630927061284814350e+00,4.276685175386263360e-01,2.118571564693187970e+00,2.861144816134297386e+01,-1.791538985585900079e+01,-8.663493558312380216e+00,-3.783948911652255109e+00,1.823567098001807807e+01,4.517334672433375609e+00,6.867283995173855793e+00,2.169766510008888716e+01,6.709041367541016543e-01,1.517136352542567845e+00,-2.285768211419634710e+01,-1.604250338840691725e+01,4.192498329982973004e+00,-2.973251083445707366e+01,7.533159948823592522e+00,-1.052704945633267286e+01,7.946819280744335856e+00,-5.674248172752919261e-01,8.784169553176559120e+00,2.995705018458216795e+00,-4.816542317014636865e+00,8.982682001057728627e+00,1.547730570710371900e+00,-6.831360844913799690e-01,-1.560329506989126891e+01,2.179498430126951902e+01,3.223247477377396475e+00
-3.959260233416044272e+00,-2.768346445009287748e+01,1.321531650707142624e+01,2.646151338595571190e+01,-1.728236474511134091e+01,-2.930705849207301483e+01,3.360290758382330267e+01,-1.580867817314531187e+00,3.785807314454435613e+01,-1.538981530053724356e+01,2.354762292302265969e+00,-6.963376662786866689e+01,1.064695372453723010e+01,-4.463311564253000796e+00,2.356655577983242011e+01,-1.029487869257752131e+01,9.271487069596002328e+00,7.311277256395729296e+01,-1.595040136404569253e+01,-5.397459721117870757e+00,-2.730858127216772502e+01,-6.250975116731879666e+00,-2.122823668805078334e+00,-1.614314065318112057e-02,6.539317081468651871e+00,-1.485538710410748386e+01,-2.189933361656136768e+01,2.034102986066984364e+00,8.307128635074182199e+00,5.031607267935463312e+01,3.944545667999825866e+00,2.825001722591240139e+01,1.552607666896289551e+01,1.694814780728741965e+01,-4.007680829984018089e+01,9.024293435274067576e+00,5.336239385534305768e+00,-2.556807309278928386e+01,7.930175866429612697e+00,3.664664260799941076e+01,-1.453900124945363537e+01,-8.104784883569367437e+00,-5.141693249342857541e+00,5.684206286792063167e+01,2.089850334554991562e+01,2.904482696150128973e+01,-3.953471695889898285e+01,-1.398163702513195261e+01,3.283695691368381375e+01,-1.173095023662943603e+01,5.660257035884581711e+01,-1.646997501944755271e+01,1.354533951225887201e+01,-2.174260538819492439e+01,-1.864899902150928268e+00,2.396247837854135909e+01,-3.003795062315927566e+01,-2.024174450422668770e+01,-1.477491669256962048e+01,8.700314524315441389e+00,9.427391608593520544e+00,-1.365008872886241775e+01,2.890082441147935910e+01,2.148984107057628279e+01,-2.924708009088913840e+01,-1.236990165869582725e+01,-1.612620270138850387e+01,-4.537163977476040344e+01,-3.872821269021240909e+00,1.301413296715685775e+01,-7.493422825209925087e+00,6.678061148684356629e-01,3.719766052623927344e+00,4.596116037716016223e+01,-2.907947658479444186e+01,-1.408893090114987423e+01,-6.166340525095902692e+00,2.978290814382855700e+01,6.989087484034996578e+00,1.093115893888536583e+01,3.455710929254205155e+01,1.220104789990756000e+00,1.888003591628213407e+00,-3.677964008123218065e+01,-2.591608374314288810e+01,6.850841934405275779e+00,-4.681377012254770165e+01,1.193219651204375431e+01,-1.631560850159614162e+01,1.345753374575887307e+01,-7.567436305332579938e-01,1.407736938169706775e+01,4.274044803428277639e+00,-7.797684501746888763e+00,1.555156250477988422e+01,2.056924219117624020e+00,-1.272484540270444775e+00,-2.513615191466943344e+01,3.484760354409831251e+01,5.401684072446670370e+00
-3.881508055255393330e+00,-4.502658920597932024e+01,1.876538924780833284e+01,3.238507175245560177e+01,-2.919699204857426622e+01,-3.316504064861465650e+01,3.870941623303808399e+01,2.666133353359318559e+00,5.153820486161771441e+01,-2.521406389694307393e+01,7.762687428688625602e+00,-9.256909118666743552e+01,8.553587461249206214e+00,-3.682421766642271166e+00,3.753609506328692902e+01,-7.812025935709614899e+00,1.489428366605063836e+01,9.136719209216816751e+01,-2.163160898071970095e+01,-8.344931601278354094e+00,-3.277268851769693470e+01,-8.968399335137908324e+00,-4.125730243567743649e+00,2.878655776587564219e+00,1.526284124656802632e+00,-2.067740677496999524e+01,-3.415631858086507577e+01,7.513495161955917823e+00,1.282836677340003817e+01,7.050300526369419174e+01,2.231101693571816469e+01,4.223310359454741558e+01,2.216349134589536263e+01,1.861178424236809903e+01,-5.187607916836032018e+01,1.005664419343731097e+01,1.104680820612543179e+01,-4.264217912349248962e+01,1.227501136965062223e+01,6.348971319271993963e+01,-1.927510568722020423e+01,-7.327573364934585776e+00,-1.901379750518313871e+00,7.033718354066688505e+01,2.584902277382075653e+01,3.671182176761022475e+01,-5.278775772309471392e+01,-1.879877306752307931e+01,4.112936767813635441e+01,-1.967152251938154350e+01,7.297955806821249780e+01,-2.028979182135785564e+01,2.529367144715513405e+01,-3.095489854441933630e+01,-3.715867635703366645e+00,3.659514644016272200e+01,-4.215738817802974125e+01,-2.966626228224606621e+01,-2.009757889003033426e+01,2.360958622337022916e+01,1.676717901314911074e+01,-1.408557177466248689e+01,3.085162318264990233e+01,2.195070974011546383e+01,-3.794782575614028985e+01,-1.340512881870231077e+01,-2.249318180607273376e+01,-6.034734163423694042e+01,-6.419996418828390006e+00,1.321742734186368651e+01,-9.832660618494328375e+00,1.101317394130885363e+00,2.170575411331125526e+00,6.342930839720002467e+01,-3.731975697644477208e+01,-1.783370933563339022e+01,-7.687646046627937935e+00,3.652187974028165485e+01,1.214965524872824432e+01,1.602537949066137557e+01,5.047890290614257935e+01,3.510617137156455958e-01,7.745889692786644076e+00,-5.018462057836375578e+01,-3.440324107945039600e+01,8.368208127226370863e+00,-7.348276175895493623e+01,1.804923310599803088e+01,-2.808596265135796699e+01,1.209581494900438869e+01,-2.493113653827160991e+00,1.974067708346900929e+01,1.093690467662335308e+01,-1.019554117776851854e+01,1.096012481737959376e+01,6.857779625837950199e+00,-1.169528076458826726e-01,-3.402328133581455205e+01,4.962389035770225831e+01,5.358790128770626104e+00
-6.279164751970045977e+00,-7.190640961203169468e+01,3.005375202601305773e+01,5.205341078287104750e+01,-4.659269469205537462e+01,-5.342008069985432428e+01,6.231971168570284902e+01,4.092968443519804822e+00,8.262110793047794743e+01,-4.026051735870302650e+01,1.227309493397002171e+01,-1.484816065238590852e+02,1.393560461998672650e+01,-5.993286818685755080e+00,5.996926079187851144e+01,-1.275666291256831997e+01,2.379166214333320184e+01,1.467780520344159640e+02,-3.468082316311900115e+01,-1.334031320235603069e+01,-5.270357796500609027e+01,-1.436003821274806391e+01,-6.567520004438882175e+00,4.505748464968506894e+00,2.724061762235491901e+00,-3.313097038731145716e+01,-5.459285646761137656e+01,1.186657163417191541e+01,2.050809116762674833e+01,1.129482858438897495e+02,3.513005730503251556e+01,6.756216288094194056e+01,3.549177779244291742e+01,3.000430539018167408e+01,-8.326359638395113905e+01,1.620562218341139982e+01,1.756700469920587082e+01,-6.806533022630841856e+01,1.962251559641408249e+01,1.012693621598493934e+02,-3.091945831312068194e+01,-1.188616989668358492e+01,-3.239756975033937891e+00,1.130226510114672749e+02,4.153645592609876047e+01,5.895919509156054517e+01,-8.466310049207294242e+01,-3.014523056863626849e+01,6.606898162747798153e+01,-3.139635489816026492e+01,1.171470682927439384e+02,-3.260677892736902805e+01,4.029075476791591370e+01,-4.957296965859260496e+01,-5.912675542623641256e+00,5.851645394971406944e+01,-6.753512515680654360e+01,-4.747878702797883221e+01,-3.221912399018705031e+01,3.740635703022184089e+01,2.673168342088148108e+01,-2.274968349381473232e+01,4.977760570832435860e+01,3.546385526004982580e+01,-6.090452617316331185e+01,-2.161892848648568588e+01,-3.603862354642152610e+01,-9.679643036191424699e+01,-1.024877920673108456e+01,2.135804720666082090e+01,-1.577663202339610926e+01,1.758301625046440719e+00,3.588420657929769053e+00,1.016514591914006473e+02,-5.991269904951200687e+01,-2.863990089795668226e+01,-1.235067051284518591e+01,5.869960887734057309e+01,1.937810959295294566e+01,2.564734008755838346e+01,8.079383270931528216e+01,6.120295617735811433e-01,1.222291192009471317e+01,-8.044686563445434047e+01,-5.518497033457377654e+01,1.345112836627851394e+01,-1.174339079714464589e+02,2.886693745330261152e+01,-4.480389030725330457e+01,1.962483843861238242e+01,-3.941728797104080861e+00,3.162469306425754567e+01,1.734059244255370658e+01,-1.636029675065046973e+01,1.795406009143359682e+01,1.084120794347136396e+01,-2.482093848765640764e-01,-5.455022594705904737e+01,7.947016475999490126e+01,8.665684493164755864e+00
-3.703896314823852620e+00,7.352416363838951696e+00,1.563293699056158559e+00,1.277728922177638893e+01,6.611740345063287450e+00,-1.917519607841887108e+01,2.071621828027591050e+01,-9.316094583043469157e+00,8.603785592166065754e+00,4.427256417544415790e+00,-7.936060461089965656e+00,-1.996520980870643314e+01,1.346300375013023753e+01,-5.464123900615126317e+00,-4.782224663014387644e+00,-1.387051981073662077e+01,-2.117383062246328773e+00,3.179432261470746468e+01,-3.778353441269941992e+00,6.268635307183523242e-01,-1.439288996722956071e+01,-5.680873147302045734e-01,1.814863232832359063e+00,-5.395756496262735347e+00,1.519772533020285188e+01,-2.532179246125826566e+00,3.097523447021008458e+00,-8.357184572418923096e+00,-9.366117697370308637e-01,7.707758503516321191e+00,-3.059594994078756258e+01,-5.969936068381542782e-01,1.619360085806913263e+00,1.214372859996922394e+01,-1.409481875791828287e+01,6.193732570658919911e+00,-5.818318802689237401e+00,8.754056828739605223e+00,-9.475698056690007309e-01,-1.695433752172711195e+01,-4.266395705781969028e+00,-8.730957025148500250e+00,-1.064589600078660148e+01,2.601424445545876551e+01,9.584980559062323380e+00,1.185874287349954770e+01,-1.090501651584225584e+01,-3.614694856409922163e+00,1.410524562868683063e+01,4.214929957448855902e+00,2.044173724698859473e+01,-7.705653281489057704e+00,-9.662179633101775522e+00,-2.421463524159932490e+00,1.764291253886781874e+00,-1.941134640527153010e+00,-4.474754341081515818e+00,-6.776833993744215690e-01,-3.388109880214712710e+00,-1.989382134687096482e+01,-5.169000279574336609e+00,-1.146184358336922848e+01,2.235532367448736224e+01,1.846256119693215680e+01,-1.011889171922114450e+01,-9.196074725356096380e+00,-2.661593359765896505e+00,-1.295007264844588235e+01,1.253382040486451521e+00,1.132174546275151705e+01,-2.388067220951394454e+00,-2.055142333945561006e-01,6.223900838462618879e+00,8.846753317048452914e+00,-1.082419194644755578e+01,-5.704595051207860479e+00,-2.715508395735750646e+00,1.424741017540007526e+01,-3.309998209617521781e+00,3.572443655692001396e-01,1.469127099855447760e+00,2.712364459266500827e+00,-9.192123093977913939e+00,-8.145766641274134301e+00,-7.521385423711766549e+00,3.338195543334306237e+00,7.490526655590869609e+00,-6.441754632988576645e-01,7.212656111744827570e+00,1.462961931224133316e+01,2.547489842739113275e+00,2.127779523001405160e+00,-8.543475180733393515e+00,-2.552628612921886031e+00,2.251598171692990036e+01,-7.075312421959500497e+00,-3.292017531954785081e+00,-6.076707420922839553e+00,3.859703357508250221e+00,4.935830714325244450e+00
-4.149331652159025552e+00,-4.185605419808324257e+01,1.802132091092378019e+01,3.235839261241783760e+01,-2.691103231310803423e+01,-3.389748191681026412e+01,3.935664142977225310e+01,1.370506262452444002e+00,5.003237499132343657e+01,-2.339994451344957938e+01,6.384171367521211060e+00,-9.042727985947010438e+01,9.805072422300327162e+00,-4.179800707071620991e+00,3.506105048268789659e+01,-9.151460037435969141e+00,1.388476784303430556e+01,9.076123650434517742e+01,-2.102043753272070958e+01,-7.849116316437863006e+00,-3.292816131095534615e+01,-8.590456080503550140e+00,-3.692854523750443985e+00,2.061464112300770868e+00,3.345852902178567234e+00,-1.995852430307655467e+01,-3.206058130703263487e+01,6.094913479216882202e+00,1.206954126353566004e+01,6.793632202803014764e+01,1.737757470052206799e+01,4.004511938786446024e+01,2.125636323673258588e+01,1.919533561409120281e+01,-5.103835932604313541e+01,1.032605267752615852e+01,9.768135001661869765e+00,-3.941611146626992479e+01,1.154251086618247513e+01,5.819735105504408068e+01,-1.884274713771830179e+01,-8.050079491654301478e+00,-3.134326487307757869e+00,7.006257338929650302e+01,2.575118523099283507e+01,3.635402461976129729e+01,-5.150647905383116409e+01,-1.830895091920384132e+01,4.083075563979750910e+01,-1.816126155078914906e+01,7.187753063722240654e+01,-2.023570946158615413e+01,2.282249991236500719e+01,-2.970787858246711011e+01,-3.309811993333283908e+00,3.452162285121025320e+01,-4.060590486867563698e+01,-2.826619022737782316e+01,-1.951449249414750042e+01,1.994627283388503614e+01,1.528324024365846512e+01,-1.481056566487709958e+01,3.209656478356876619e+01,2.315545674025339906e+01,-3.731112389560130538e+01,-1.388151501731279858e+01,-2.169957562295081743e+01,-5.894287742147442088e+01,-5.942352765677146209e+00,1.396838898762565329e+01,-9.638512914622463512e+00,1.020564853625791413e+00,2.838396851730438986e+00,6.135871245440799981e+01,-3.680247387563196071e+01,-1.765290239528670924e+01,-7.641692185107205937e+00,3.647157957011063445e+01,1.112870986772011506e+01,1.526797451564436869e+01,4.813602013426091020e+01,6.718667090037878653e-01,6.211517656109276864e+00,-4.868939042352578639e+01,-3.361987928109716961e+01,8.365877908363463789e+00,-6.887094019655920363e+01,1.706561731985948782e+01,-2.578063755156010117e+01,1.331557101822830980e+01,-2.050543591331814852e+00,1.901822242777278404e+01,9.323762167903517195e+00,-1.000376292511988474e+01,1.322055641626593392e+01,5.631928879674333643e+00,-5.217865249110099635e-01,-3.307870740840312607e+01,4.762202541241297382e+01,5.706371362774065759e+00
-4.604017511642311433e+00,-2.500360592964259610e+01,1.303273504724549170e+01,2.818142026254039578e+01,-1.517231095550475573e+01,-3.229798089240117065e+01,3.675775992558271099e+01,-3.532550350513882442e+00,3.822685768008479812e+01,-1.382654768522492716e+01,5.463958907817580979e-01,-7.120705818351763128e+01,1.313801281346968963e+01,-5.468740453577247251e+00,2.160448021040422617e+01,-1.288790226501543401e+01,8.448560129716895517e+00,7.710624510371215479e+01,-1.613893954340299075e+01,-5.049345717458898264e+00,-2.934438339894895620e+01,-6.127566421759373938e+00,-1.646871799485145615e+00,-1.181960476653974634e+00,9.567182201759353077e+00,-1.481765884625252205e+01,-2.036712598464675850e+01,1.473284338375373537e-01,7.777445322454548560e+00,5.000045016227501549e+01,-2.825049035753298909e+00,2.700822842027009685e+01,1.526459783308475160e+01,1.890581063072335510e+01,-4.154524986427639988e+01,1.000779787603270599e+01,3.868249360983150531e+00,-2.266853078554421685e+01,7.412971320508641604e+00,3.153799558947854109e+01,-1.488863746215842454e+01,-9.673004054859006828e+00,-7.240595683187906140e+00,6.022688143773964242e+01,2.214741741331200231e+01,3.046440942303949129e+01,-4.033494019203060788e+01,-1.421234256397147178e+01,3.459282074554921138e+01,-1.035770116361203463e+01,5.879215910787290511e+01,-1.748705050509543213e+01,1.092303906599795837e+01,-2.140966419834716916e+01,-1.410039946385542198e+00,2.259899402007100733e+01,-2.982214659299286907e+01,-1.959095032347467225e+01,-1.492539291304273696e+01,4.056979653727498913e+00,7.938626002681253624e+00,-1.559024802576469426e+01,3.259522696727063362e+01,2.463461612854479910e+01,-3.028257551248450952e+01,-1.387067253003621126e+01,-1.606639540306413494e+01,-4.638405400962936653e+01,-3.449320157926283770e+00,1.494905534787282875e+01,-7.714518523336891143e+00,5.970741016397835832e-01,4.918730592912839761e+00,4.606329970053810996e+01,-3.027404530131617477e+01,-1.476720433974676006e+01,-6.510494388632483087e+00,3.168980001891225129e+01,5.998242028129993741e+00,1.057782400889515095e+01,3.351354587646572725e+01,1.758404694625243625e+00,-1.735130840904837157e-01,-3.709188825754625185e+01,-2.652125449918260358e+01,7.302646531642857930e+00,-4.335053746832964094e+01,1.132294536327450274e+01,-1.411372815491463228e+01,1.609008643719678133e+01,-1.762208265130160711e-01,1.398286319117984711e+01,2.258769646027379174e+00,-8.042370571673343349e+00,1.980650587823994258e+01,4.463655465168381298e-01,-1.934030521558859572e+00,-2.545973305251212437e+01,3.430939207748654241e+01,6.255945427949779258e+00
-6.867308295590849099e+00,-5.842694238366964044e+01,2.630307880019751821e+01,4.964727821328674651e+01,-3.710802449437196060e+01,-5.341320510921812570e+01,6.164007078405293782e+01,-2.883008018236603576e-01,7.405914127079610410e+01,-3.258717173819909618e+01,7.258665536120582296e+00,-1.349235889372959889e+02,1.737040553808185450e+01,-7.338113840968688351e+00,4.927570005858298430e+01,-1.652902724565356962e+01,1.945978497044059452e+01,1.382733574775635077e+02,-3.115464520842938967e+01,-1.113898505259539462e+01,-5.085879048356032683e+01,-1.249526789060606724e+01,-4.871984512323040306e+00,1.656599717287756235e+00,8.499533970474516309e+00,-2.932478866442902543e+01,-4.536814649062738170e+01,6.740413430883101853e+00,1.713497879639436050e+01,9.959682309277727086e+01,1.757622858674201893e+01,5.746054386591819707e+01,3.097032357950041614e+01,3.055839061150566138e+01,-7.683821182195343624e+01,1.635654653487060628e+01,1.264023242431552063e+01,-5.457706367485343435e+01,1.637418155689483257e+01,7.960496012041689085e+01,-2.814039662658741392e+01,-1.369798375289483516e+01,-7.091121198161106420e+00,1.070960333732546985e+02,3.936838293976059333e+01,5.517222963863399343e+01,-7.673786232290717635e+01,-2.721444276267104811e+01,6.215698809283286153e+01,-2.510277092346031580e+01,1.083551560624935064e+02,-3.097844359790851954e+01,3.048668458716000984e+01,-4.332248855744278870e+01,-4.333240675344306680e+00,4.918888579355918012e+01,-5.949748553245157723e+01,-4.082561777534485969e+01,-2.889366556714990608e+01,2.386732726849354336e+01,2.073127758847412849e+01,-2.408544590664943641e+01,5.159396375515423472e+01,3.778781816059186127e+01,-5.612699494539811695e+01,-2.219939230956583032e+01,-3.186070237780685588e+01,-8.793127104566660535e+01,-8.244110643901274571e+00,2.283998189662384704e+01,-1.444437894672015155e+01,1.418242800796051473e+00,5.592787098638758891e+00,9.041114165169348382e+01,-5.556637965690606507e+01,-2.677765316713001198e+01,-1.165135667917389384e+01,5.592074879882510885e+01,1.520587384301879652e+01,2.204980960312414595e+01,6.960057123630878095e+01,1.624421551933980190e+00,6.705620210560323535e+00,-7.201614194038864980e+01,-5.018702519646420512e+01,1.284415018644285489e+01,-9.725465920811797105e+01,2.439282630330376733e+01,-3.533617575444952053e+01,2.270328132595491866e+01,-2.331789711210701554e+00,2.787405925256744510e+01,1.133996046174180528e+01,-1.500971258582323031e+01,2.447958351081192419e+01,6.385346453116349963e+00,-1.549134993488495038e+00,-4.905811022679616684e+01,6.944106212673625578e+01,9.405955739837009943e+00
-4.364954896355712322e+00,-2.861569674746793623e+01,1.395090246081981888e+01,2.848693977535063127e+01,-1.774854786735643231e+01,-3.183803382001264026e+01,3.643215334638065883e+01,-2.191730816611251242e+00,4.020159756128629880e+01,-1.588859517184676307e+01,2.015339340639919818e+00,-7.418141432883300013e+01,1.193853889143702141e+01,-4.994464641105922809e+00,2.444473554364926215e+01,-1.159259272832280629e+01,9.603462617307009452e+00,7.850800960214672841e+01,-1.694656329979783749e+01,-5.625417983711646919e+00,-2.946795137587261237e+01,-6.589099526059118972e+00,-2.122654238642293301e+00,-3.259747799445920080e-01,7.729451360366068613e+00,-1.572664308077137640e+01,-2.279250044869579384e+01,1.654884258646206696e+00,8.659589036844389298e+00,5.321730278248080026e+01,2.384994071128556214e+00,2.959686367573167942e+01,1.637783838549297855e+01,1.847221354122594406e+01,-4.284329794888293463e+01,9.820204525685344521e+00,5.263863722596159533e+00,-2.631661260698973592e+01,8.263580812887276750e+00,3.746710074263924639e+01,-1.549411769750179602e+01,-9.001064356031799107e+00,-6.002796392905104916e+00,6.111083030409633920e+01,2.246913488043341900e+01,3.114393221040109694e+01,-4.209200953517630239e+01,-1.487217976126630958e+01,3.525011408837069382e+01,-1.206302268627233332e+01,6.054046401390762355e+01,-1.771647346550525270e+01,1.365411903502936397e+01,-2.294421085200418275e+01,-1.855018043659150351e+00,2.502273703840514685e+01,-3.176268739343641201e+01,-2.127010323558058502e+01,-1.569126227467166856e+01,7.986220375611033262e+00,9.592207092104246158e+00,-1.497386947074406471e+01,3.159408255816391531e+01,2.359784519493843291e+01,-3.125642261208267314e+01,-1.350132664450435982e+01,-1.706699637849822793e+01,-4.833140879597151240e+01,-3.990361665448279194e+00,1.429880004065246446e+01,-7.996525448064669916e+00,6.886818496675803924e-01,4.258086222976556812e+00,4.871473088931394813e+01,-3.112102172457658966e+01,-1.510441806991859970e+01,-6.623321205193352768e+00,3.205490660811442183e+01,7.141177775992661125e+00,1.148600425131068548e+01,3.633062350608297919e+01,1.435102149679273520e+00,1.453821420490679195e+00,-3.904421079824129492e+01,-2.761381370162888160e+01,7.376949832725983036e+00,-4.867330233918165305e+01,1.247862245037242701e+01,-1.670011296403301770e+01,1.495333583625845009e+01,-6.478303197718395801e-01,1.488742890471155356e+01,3.993658771028556487e+00,-8.325086626755206609e+00,1.760142609843331840e+01,1.752240485673278947e+00,-1.523242237300457047e+00,-2.671300980964248950e+01,3.677223943178684351e+01,5.948452683866944035e+00
-5.150940395334640876e+00,-4.928899871317915427e+01,2.150405388963999087e+01,3.920735062440070351e+01,-3.157742840707675214e+01,-4.141803225141643452e+01,4.799596451321389878e+01,1.071841817782709150e+00,5.995609843216831081e+01,-2.753646506316781384e+01,7.110877918801220332e+00,-1.086268639251960906e+02,1.245326770590223830e+01,-5.292273071110678906e+00,4.136953374790853388e+01,-1.170106681318149811e+01,1.636968224710917141e+01,1.097301471733209581e+02,-2.519952865109226892e+01,-9.287899122962718579e+00,-3.998077365900088864e+01,-1.024003730658802525e+01,-4.278992209484192344e+00,2.126901763139033008e+00,4.882839447613929629e+00,-2.386346569061976552e+01,-3.790537315486099601e+01,6.742065329704035825e+00,1.428358066137229088e+01,8.117381543812315670e+01,1.881845921825392409e+01,4.754095339590124070e+01,2.535087586921555669e+01,2.353080940541674693e+01,-6.147924644422842277e+01,1.263805947427672471e+01,1.125776732163045146e+01,-4.630644764861771279e+01,1.365677446764565772e+01,6.813019280196355965e+01,-2.264141818295726338e+01,-1.008557321487889880e+01,-4.359662971575245294e+00,8.479335364837299949e+01,3.116682483199585718e+01,4.389959956645092376e+01,-6.184489046130299528e+01,-2.196830402607191957e+01,4.935246922975728268e+01,-2.132519779751487121e+01,8.661682994542515246e+01,-2.450177867272700638e+01,2.653775113115155548e+01,-3.543981823147978361e+01,-3.826929422610473974e+00,4.089834304255543174e+01,-4.851012906898032639e+01,-3.362283337332353028e+01,-2.338704473249723748e+01,2.250947182027244864e+01,1.784890850800005069e+01,-1.828064635868399535e+01,3.946834695836150075e+01,2.861313583606145272e+01,-4.493278927786710852e+01,-1.704153677476696060e+01,-2.593969496688181664e+01,-7.080203545887916050e+01,-6.985100703384654608e+00,1.727170955793762985e+01,-1.159390953393541324e+01,1.200232958634777969e+00,3.743963736920795426e+00,7.342714991775085309e+01,-4.437060032542233046e+01,-2.131369260938362586e+01,-9.241093590801936486e+00,4.418193165996514438e+01,1.302404698600195410e+01,1.816083780539555903e+01,5.727695451029190821e+01,9.602295698795835222e-01,6.830731460754827289e+00,-5.833317577241948015e+01,-4.039217207476436045e+01,1.013867187952085658e+01,-8.137646373707919167e+01,2.023676067379742349e+01,-3.019854360592917430e+01,1.669368222054735185e+01,-2.284045845623876136e+00,2.272216283604614873e+01,1.056705354181563905e+01,-1.203768274588651011e+01,1.705182666750219767e+01,6.268567250409741831e+00,-8.165439882145979489e-01,-3.966293292368831658e+01,5.680907216709623242e+01,7.074400308819415173e+00
-6.039785902268034690e+00,-5.101855820733198499e+01,2.301403972166572842e+01,4.353219302322887074e+01,-3.238444278514034380e+01,-4.688564824277468546e+01,5.409375196435784261e+01,-3.402602997980430644e-01,6.483827002741499257e+01,-2.845211302100728190e+01,6.271820120318652769e+00,-1.181652839039341529e+02,1.531599179891138718e+01,-6.468114887398066060e+00,4.304109592262476269e+01,-1.458415292274695219e+01,1.699547167564744754e+01,1.212062564170708470e+02,-2.727718274953805278e+01,-9.733924395955169118e+00,-4.460682241718517105e+01,-1.093115901951982494e+01,-4.242855392168051409e+00,1.397452214381199820e+00,7.575776628359381704e+00,-2.566537350259234174e+01,-3.964030086864963209e+01,5.814678074615926562e+00,1.497385139491736972e+01,8.715977534970559759e+01,1.507896739888877491e+01,5.023748203401243018e+01,2.709557936203703576e+01,2.683499540492368851e+01,-6.732024128600016866e+01,1.436068014958419070e+01,1.099747111572841618e+01,-4.763898308538291815e+01,1.430851143974999218e+01,6.944560442533247624e+01,-2.464616211953106628e+01,-1.206006333800894481e+01,-6.301188839168100131e+00,9.389029811727975527e+01,3.451417918190583123e+01,4.835448167688159060e+01,-6.720230652969185314e+01,-2.383034597489454853e+01,5.448317178573390152e+01,-2.190981034748813983e+01,9.493852610677703296e+01,-2.716028300915839822e+01,2.656591469551743501e+01,-3.790382494862996055e+01,-3.772259861917701684e+00,4.299207550276423007e+01,-5.206657222619601555e+01,-3.570407313783842085e+01,-2.529650315410509620e+01,2.068115387535557659e+01,1.807837474595556060e+01,-2.116864024858938365e+01,4.532501346189162916e+01,3.321616506043331896e+01,-4.917285558466990381e+01,-1.949804273193729642e+01,-2.788398508011854204e+01,-7.700910694528779743e+01,-7.196735050036531689e+00,2.007828852451807222e+01,-1.265267441797866255e+01,1.238157355663934700e+00,4.949203228161687562e+00,7.913865419844371729e+01,-4.868933245455916392e+01,-2.346819974759229765e+01,-1.021357265848775064e+01,4.903158952208238475e+01,1.326459150386125074e+01,1.928359370218708690e+01,6.087219910931268174e+01,1.446054920560271073e+00,5.776352852442210306e+00,-6.304754956414243594e+01,-4.395439997794697717e+01,1.126243708222559725e+01,-8.496795846745868630e+01,2.132283461757078413e+01,-3.082946222197836761e+01,1.999006570060007704e+01,-2.014791370774453583e+00,2.439303754796583945e+01,9.834729455348480087e+00,-1.314855602512753663e+01,2.161789323732266155e+01,5.516342022665944533e+00,-1.385710945693188201e+00,-4.295361082927856700e+01,6.075535090688624962e+01,8.271222609581192486e+00
-1.153628183535813978e+00,-3.808573527891441213e+00,2.467718615049675268e+00,6.176502088210128250e+00,-2.118751989748489883e+00,-7.484000672913333929e+00,8.418427530770415501e+00,-1.464172007250307050e+00,7.597557460911504634e+00,-2.073742146833192912e+00,-6.121674663171914332e-01,-1.450458840422856355e+01,3.550778433418855684e+00,-1.465511471276164546e+00,3.431288367344391688e+00,-3.542550086018699584e+00,1.319711361843888042e+00,1.661624136629963644e+01,-3.220653032236601376e+00,-8.458494653297925492e-01,-6.528722230286696515e+00,-1.145311944285612782e+00,-1.318509637872206097e-01,-6.936931198369730156e-01,3.068102785168532964e+00,-2.873194040171089370e+00,-3.360944270854021365e+00,-7.211122214315046630e-01,1.305439685266968741e+00,9.620417956376556390e+00,-3.240970254089306835e+00,4.770812664509695544e+00,2.871387872564945543e+00,4.463031588451170428e+00,-8.681380742462740940e+00,2.341529941365851908e+00,1.705824526648336281e-01,-3.266126564463633475e+00,1.239357366925375015e+00,4.116993567841225499e+00,-3.040972540804280921e+00,-2.508646767882450668e+00,-2.245433711913047858e+00,1.308430889116903018e+01,4.813204212307476304e+00,6.502138666859410776e+00,-8.179914257197884453e+00,-2.861887750027450661e+00,7.440471605707882574e+00,-1.473126888688651270e+00,1.232965972592488590e+01,-3.812691939535665320e+00,1.086930586183155079e+00,-4.040754975255737236e+00,-9.407102407828860091e-02,3.863022222735926547e+00,-5.727027952836581726e+00,-3.559940979620154433e+00,-2.968987964068342311e+00,-1.054554532120848265e+00,9.557044640070824215e-01,-3.809821730954103813e+00,7.821510643134388374e+00,6.051437031589662396e+00,-6.314055271898842747e+00,-3.300031553073196289e+00,-3.107817345375562645e+00,-9.443306282549635000e+00,-5.040202582641297724e-01,3.682762278429239977e+00,-1.591543649299442142e+00,8.826902704275486899e-02,1.435219747769996834e+00,9.019031269520475291e+00,-6.375610402808221444e+00,-3.147908086645476722e+00,-1.405765896629566525e+00,6.934649094096443811e+00,7.753739808570250247e-01,1.921359352928589947e+00,6.117575621896307325e+00,5.566672910707225475e-01,-8.530939231993313054e-01,-7.353866321874911627e+00,-5.409899803645934924e+00,1.602950236604198997e+00,-7.073347269737628729e+00,1.964890432737535164e+00,-1.875924984301726717e+00,4.182414014775277522e+00,1.963591958946688254e-01,2.687915342905775606e+00,-3.606279348484551228e-01,-1.664822135649296486e+00,5.551560042169387366e+00,-5.530535385635335643e-01,-6.398790398078498809e-01,-5.091085699271022946e+00,6.473531632966338378e+00,1.558873782233417771e+00
-3.492074221003680368e+00,6.739952152670003471e-01,3.506460749274507460e+00,1.430081852206895832e+01,1.946377583250600729e+00,-1.962971490851715473e+01,2.154893776005213013e+01,-7.308304005526423452e+00,1.315804335225432631e+01,6.311740415506310597e-01,-5.573986425874663198e+00,-2.732610064848372389e+01,1.203382555679531585e+01,-4.909096573381541262e+00,5.406268094902522137e-01,-1.227934977644116898e+01,3.462496807853954195e-02,3.686493987893999247e+01,-5.659514696955548985e+00,-4.772854555355710016e-01,-1.566909905375728762e+01,-1.529277011689421650e+00,9.957423238750333638e-01,-4.074502720526938404e+00,1.261963083838870681e+01,-4.526349593316072450e+00,-1.518365122693534630e+00,-5.948226247342800477e+00,7.558473799714060526e-01,1.467535114849294153e+01,-2.239332406198397507e+01,4.523426813942786673e+00,3.955619325913716011e+00,1.214773290130806771e+01,-1.769224795631825842e+01,6.262704745037812160e+00,-3.450987352411563958e+00,2.104131450610637444e+00,6.812091247647162895e-01,-6.341517312007471929e+00,-5.779291203832998214e+00,-8.015409013230144097e+00,-8.938724710775817428e+00,2.963851932361810526e+01,1.091242165308995027e+01,1.406251815251266279e+01,-1.518976496190637704e+01,-5.189381077442387635e+00,1.642541082002601271e+01,1.115160227066762211e+00,2.539131512584950201e+01,-8.714551823974986178e+00,-4.906221951525388647e+00,-5.655420979550627614e+00,1.002992588139076435e+00,2.754234482928457517e+00,-8.665386685101994502e+00,-4.075303803704768413e+00,-5.158070176761399672e+00,-1.348011489144847985e+01,-2.240688372447882770e+00,-1.105249733895963438e+01,2.195792772653547686e+01,1.771559673339729102e+01,-1.278522947069600235e+01,-9.117338851549067869e+00,-4.847755835142542935e+00,-1.776066751281939560e+01,2.639278962119548932e-01,1.083480732711617023e+01,-3.121396601099116097e+00,-3.750269258471050637e-02,5.351512947054261282e+00,1.476808121761794013e+01,-1.328794237939766987e+01,-6.785319515596604845e+00,-3.134828512569000303e+00,1.599496888470850919e+01,-1.267184672897388786e+00,2.194204090960297115e+00,7.193006484586876859e+00,2.261582837213649277e+00,-6.603997760597630773e+00,-1.262254291032121678e+01,-1.023865887965935784e+01,3.725229553018832185e+00,-2.590018574594346035e+00,1.614779062309810165e+00,2.570045859280731371e+00,1.340901141233790028e+01,1.789108247991763045e+00,4.084203937709752097e+00,-5.694420109281601583e+00,-3.299146024965431856e+00,1.972878469293428694e+01,-4.976902072138297051e+00,-2.708213863235173324e+00,-9.011177868318245743e+00,9.048092040052363672e+00,4.675661583897115392e+00
-3.517646283766204363e+00,-1.362121946394152872e+01,8.176804278505702683e+00,1.955677171753025689e+01,-7.836234658804142050e+00,-2.331797626369402821e+01,2.631687354809855961e+01,-3.991241835450078490e+00,2.478579633853872721e+01,-7.460136039878062064e+00,-1.254296023236884494e+00,-4.695584978709367618e+01,1.061549972313312473e+01,-4.390813348384400072e+00,1.208297930063197967e+01,-1.054590685680527606e+01,4.675766853759713015e+00,5.287686384771525638e+01,-1.049340630894896442e+01,-2.921972228108351999e+00,-2.058104840093522014e+01,-3.811148903684654421e+00,-6.315822052715232005e-01,-1.790254271363828753e+00,8.806883434487890128e+00,-9.447327820787087660e+00,-1.167254565071970340e+01,-1.579174201056336990e+00,4.506454080248397887e+00,3.171187795832768686e+01,-7.811718068778411350e+00,1.617930714935670267e+01,9.534841626412301707e+00,1.383282688411017247e+01,-2.788432514771897175e+01,7.275595287072913031e+00,1.173017638051005562e+00,-1.193232271806706457e+01,4.284320303169399935e+00,1.564795275503042760e+01,-9.836307782528871613e+00,-7.579985788940540203e+00,-6.494336305635116879e+00,4.153709774688788059e+01,1.527829433681577598e+01,2.075113070567300255e+01,-2.651726833387607485e+01,-9.298110335414566663e+00,2.369087269810646035e+01,-5.409195601028709000e+00,3.955903187675470178e+01,-1.209082451060223029e+01,4.663093266183873098e+00,-1.340326036419123845e+01,-4.987570388272033473e-01,1.325020886484102078e+01,-1.888971586693237015e+01,-1.195767797082918449e+01,-9.683183808283052585e+00,-1.522539730995552176e+00,3.758942280771504940e+00,-1.169590435095880032e+01,2.413210194769878925e+01,1.855117842960209984e+01,-2.029412900022364852e+01,-1.020596013469995356e+01,-1.022672497456622942e+01,-3.057587474703401753e+01,-1.831363874724768692e+00,1.128100492889263151e+01,-5.132081006892169839e+00,3.192917888033428575e-01,4.210553088268498279e+00,2.956329503343397391e+01,-2.042975819694090944e+01,-1.005008981178261962e+01,-4.470853772585097197e+00,2.196738297088918657e+01,2.959046387281613733e+00,6.454630701371343093e+00,2.051742002984938651e+01,1.602516010171985084e+00,-1.939442653342742240e+00,-2.400946440858636777e+01,-1.750585264382802109e+01,5.073175687443626458e+00,-2.466534695156390455e+01,6.704401968907054865e+00,-7.077477238558815387e+00,1.262982159727166476e+01,4.021323907945271170e-01,8.862841966058875087e+00,-3.421809068980428137e-01,-5.362773789078575604e+00,1.644664923303323789e+01,-1.142856620868982986e+00,-1.824197576703031620e+00,-1.657690818752401185e+01,2.147483917653744001e+01,4.760415888408513929e+00
-5.543246914025450778e+00,-5.663598204262115132e+01,2.430885821771073552e+01,4.348775375964609680e+01,-3.644397415446560728e+01,-4.546310544745304583e+01,5.280977267354258942e+01,2.000361172367385088e+00,6.741983918189005465e+01,-3.166786919904357944e+01,8.748070495907947830e+00,-1.217819713776475652e+02,1.302322758399410318e+01,-5.556088498510209917e+00,4.741944006071070561e+01,-1.213411000399082518e+01,1.878249276869800966e+01,1.220427242126057763e+02,-2.832291946128306037e+01,-1.060865440489136802e+01,-4.423113102120009898e+01,-1.159046529017868288e+01,-5.015599915692282806e+00,2.870323896216325554e+00,4.273523781428496982e+00,-2.690906528819012067e+01,-4.334085321221218834e+01,8.364259450421265285e+00,1.631242807195017619e+01,9.160974901364149048e+01,2.395666208141066278e+01,5.408208478747947368e+01,2.867619904912996276e+01,2.572400815013978814e+01,-6.868992552460161960e+01,1.384357483090275842e+01,1.328335110176385925e+01,-5.336388925589506727e+01,1.560096087399464082e+01,7.885583336746029204e+01,-2.537456134455707257e+01,-1.072956035891801818e+01,-4.061085017382048967e+00,9.418647639659410231e+01,3.461743898197997993e+01,4.889778006586025327e+01,-6.937330721887700236e+01,-2.466426001611947427e+01,5.490654232970424431e+01,-2.459071919660318883e+01,9.672678651992595178e+01,-2.720016770550030216e+01,3.097231770493420910e+01,-4.007529173979301618e+01,-4.497568696410615630e+00,4.664537858197482478e+01,-5.475776514011305807e+01,-3.815663173973176470e+01,-2.629573258227973298e+01,2.725308123028678153e+01,2.071989779596109216e+01,-1.981426442737694416e+01,4.298021754779875181e+01,3.096972394709624155e+01,-5.021811358475135734e+01,-1.859620590283141439e+01,-2.925790714896342237e+01,-7.938171471669313917e+01,-8.044045437642481033e+00,1.867933493452790117e+01,-1.297638383624826020e+01,1.381361754074720283e+00,3.732590070614653754e+00,8.270976234576794184e+01,-4.951994940916053878e+01,-2.374480404252333088e+01,-1.027483414896661174e+01,4.901810890392840747e+01,1.508019237734876050e+01,2.061043523429728808e+01,6.497392101470082082e+01,8.636056274980762337e-01,8.535132702554342643e+00,-6.561378571704698004e+01,-4.527562835540668829e+01,1.124268281638777722e+01,-9.311610747808671817e+01,2.305387318901803084e+01,-3.492727583365552846e+01,1.774465890349168973e+01,-2.809784401420589717e+00,2.564588778146835679e+01,1.272713362941197346e+01,-1.346693115640488259e+01,1.748956699662395664e+01,7.718486830147639033e+00,-6.516344972392004165e-01,-4.456811702678695042e+01,6.424144454986311814e+01,7.625893899601403625e+00
-7.044287567191565458e+00,-6.180606350843778785e+01,2.758941491310637062e+01,5.160158619906113131e+01,-3.934777925047608704e+01,-5.525407891003170846e+01,6.383256245252919570e+01,1.458305801381722944e-01,7.747840497171883101e+01,-3.448758840405142223e+01,8.016976898880116664e+00,-1.409461127847763748e+02,1.762071145111548631e+01,-7.454619469363104045e+00,5.205717937988674038e+01,-1.671613246436908184e+01,2.056926578818582385e+01,1.438991067234648540e+02,-3.258537240792755085e+01,-1.174585803928488126e+01,-5.279794198453856069e+01,-1.311475531595780453e+01,-5.211683885867186561e+00,2.002448095544676399e+00,8.206984179962812931e+00,-3.072085395479725634e+01,-4.786612839249191609e+01,7.492194396528628175e+00,1.806719036533299416e+01,1.043813436241752726e+02,1.996092943719654755e+01,6.046400886252156681e+01,3.249557687396065120e+01,3.155502046238338920e+01,-8.013666586728045615e+01,1.690476079068929849e+01,1.357506354294925721e+01,-5.782444170234347069e+01,1.726753543412899461e+01,8.454328505950869044e+01,-2.939155375015967664e+01,-1.398626637298605679e+01,-6.945067256726746407e+00,1.113863689373743711e+02,4.094443673189032751e+01,5.745683612866353940e+01,-8.018487691910607396e+01,-2.844907739171109640e+01,6.469490377315125329e+01,-2.660549125362587475e+01,1.129792826997141617e+02,-3.221074438053642552e+01,3.253069558455715082e+01,-4.544854085046288361e+01,-4.642612008975359750e+00,5.182892394368109734e+01,-6.236193190729164826e+01,-4.290646305372386138e+01,-3.022615418154375533e+01,2.606184708523514360e+01,2.205367735249975070e+01,-2.477984471753325835e+01,5.318736758866476322e+01,3.885412817175487987e+01,-5.854489360613413140e+01,-2.290536666487896511e+01,-3.338181194063953683e+01,-9.185918362552051519e+01,-8.731317774783018848e+00,2.347665702589124948e+01,-1.507704328397263183e+01,1.501570393500887723e+00,5.582315551843668011e+00,9.466522436837948362e+01,-5.792125865047675859e+01,-2.788893769048308968e+01,-1.212364498822947212e+01,5.812896647478596890e+01,1.615261962745584157e+01,2.317409147264266167e+01,7.313292458335618562e+01,1.577774613848445195e+00,7.495845852857551783e+00,-7.535171865546435299e+01,-5.242262173405668335e+01,1.334817360006283593e+01,-1.026505188729842217e+02,2.568667502694114901e+01,-3.751316872876568453e+01,2.317343268857003125e+01,-2.575299368600073358e+00,2.921451435338822478e+01,1.233883609468574605e+01,-1.566371158946026299e+01,2.466155246265299184e+01,7.056956780990082834e+00,-1.470649959329646261e+00,-5.130490039186619100e+01,7.284992671211236370e+01,9.654976875280933513e+00
-2.950345186593993141e+00,-1.616617288379452333e+01,8.398199662860589498e+00,1.811085446098390861e+01,-9.820936581984126335e+00,-2.073271919884488312e+01,2.360131713236839701e+01,-2.229935421238037119e+00,2.461213456476108519e+01,-8.941491870410811060e+00,3.938584831257472274e-01,-4.582568280825411478e+01,8.403994393410233243e+00,-3.498920121641696745e+00,1.396025751714271479e+01,-8.240541322442245686e+00,5.460532126755088811e+00,4.956902647533144091e+01,-1.039019835653315660e+01,-3.260194979572219598e+00,-1.885255482492848955e+01,-3.949430492934480785e+00,-1.071736117600886384e+00,-7.342232055380453204e-01,6.091686937147809289e+00,-9.544451937286842380e+00,-1.315334733215409457e+01,1.386505509265543168e-01,5.021487322872697945e+00,3.221100018073740756e+01,-1.662511990647905336e+00,1.742393169347164061e+01,9.837500522051758622e+00,1.213121859230412802e+01,-2.672389912696897696e+01,6.422889340799188496e+00,2.525462782576417542e+00,-1.466732143367644703e+01,4.786451928279380041e+00,2.043109512764054614e+01,-9.581182610301567593e+00,-6.193697795856085264e+00,-4.614753452258427480e+00,3.871168877362419636e+01,1.423547154919665658e+01,1.958821985676585342e+01,-2.595987601657866506e+01,-9.148361273128969628e+00,2.223939707284391432e+01,-6.702912324733578231e+00,3.781535197895587430e+01,-1.123925646927034450e+01,7.095998231269678769e+00,-1.379699734357064855e+01,-9.187111508833731843e-01,1.458690836379259181e+01,-1.921248951376019320e+01,-1.263299445338828164e+01,-9.609474845213696881e+00,2.720665492084334502e+00,5.147543157617826992e+00,-9.996177460198616416e+00,2.090784960206853427e+01,1.579342434728114419e+01,-1.948001484304401032e+01,-8.898845248912840233e+00,-1.034923503190788630e+01,-2.985099395615148410e+01,-2.231418539617525010e+00,9.583327367765893001e+00,-4.963544947098960769e+00,3.861967294628623759e-01,3.140187698515217729e+00,2.966551896644129016e+01,-1.947083132999171440e+01,-9.495349173856951097e+00,-4.185217616539430807e+00,2.036615202935099944e+01,3.886255777130584566e+00,6.821030903302448323e+00,2.160919961786462196e+01,1.120046736841149970e+00,-6.394024366159012374e-02,-2.388244858997700959e+01,-1.706744987399893887e+01,4.692920496269372244e+00,-2.800100990289354996e+01,7.306875184792320788e+00,-9.141267276415778298e+00,1.030204820488732587e+01,-1.269625598991293014e-01,9.008103822466811295e+00,1.501542228835138992e+00,-5.174156748376509185e+00,1.265804524208677684e+01,3.248442908766970838e-01,-1.230303158833182753e+00,-1.639028916532546276e+01,2.211005760756216532e+01,4.009439610826635914e+00
-3.767816353075753355e+00,-7.531539395275267168e+00,6.465769330540390492e+00,1.840502958093432184e+01,-3.557908132172046933e+00,-2.322678302800518324e+01,2.591297889169850066e+01,-5.938775822306116225e+00,2.085675192632675135e+01,-3.994624468055394395e+00,-3.495800206864525972e+00,-4.070501870480707396e+01,1.211402596849265301e+01,-4.976644846228686525e+00,7.247075498322010922e+00,-1.219590964447903225e+01,2.717607709533221172e+00,4.886732513096484354e+01,-8.874181464457828739e+00,-1.924832550404105946e+00,-1.967689367465024475e+01,-2.961412339612619071e+00,1.303297445660049902e-01,-3.059782670536173921e+00,1.136076184114000931e+01,-7.706626490430732446e+00,-7.496173334627279417e+00,-3.869500336706282795e+00,2.978419203240577406e+00,2.561117782607338711e+01,-1.564554278533431741e+01,1.159308812694725788e+01,7.473398977299436474e+00,1.402876162573891605e+01,-2.490066693903813189e+01,7.315709957682669184e+00,-1.038392269360735476e+00,-5.845082892235375027e+00,2.813020024616335046e+00,5.884123232623924338e+00,-8.554241198933132395e+00,-8.362955704715574257e+00,-8.195037524321424627e+00,3.872527449871028438e+01,1.424935980851281059e+01,1.897632294601012504e+01,-2.286690745298813354e+01,-7.950110846349568661e+00,2.184894924607746702e+01,-2.569506609403823028e+00,3.547115729795331163e+01,-1.131571343563379273e+01,2.536801635958561008e-01,-1.055267183107359408e+01,2.106450203824674627e-01,9.021798980560969738e+00,-1.521782684436447575e+01,-8.932165376149068692e+00,-8.156934132731160858e+00,-7.581676409886915380e+00,1.056820133554855268e+00,-1.225007104229370469e+01,2.485456081806686512e+01,1.952211098184572435e+01,-1.807731823416103367e+01,-1.042741642594516449e+01,-8.316555555605818384e+00,-2.648913398076665615e+01,-9.264402029446088260e-01,1.190221818258344832e+01,-4.515897254552333706e+00,1.657538580237675196e-01,5.092510406960895963e+00,2.441641412750957585e+01,-1.840559886058759176e+01,-9.177907733827421310e+00,-4.140697595805365339e+00,2.063956615362228675e+01,1.078886673034197941e+00,4.818704665844949275e+00,1.542580045543206424e+01,2.049967566014399889e+00,-4.403618029517965660e+00,-2.014214465401538234e+01,-1.520084239333781717e+01,4.782105787386059070e+00,-1.553272613265371582e+01,4.674862511244233687e+00,-2.809613265188744435e+00,1.396110345488921212e+01,1.121794744523907816e+00,7.149232295131173309e+00,-3.028907156641374776e+00,-4.737506780279336027e+00,1.930764868246847499e+01,-3.134568046699755417e+00,-2.400061822764943287e+00,-1.405404151308719918e+01,1.690109370600800531e+01,5.074036338730783413e+00
-2.107449955903005545e+00,-1.901481865460666221e+00,2.865843133316663405e+00,9.461952152303080510e+00,-4.067150712232994181e-01,-1.241857026849738510e+01,1.374881729736985392e+01,-3.866469716089572906e+00,9.802136977492937220e+00,-9.258807855244031160e-01,-2.660029850136000906e+00,-1.962737320528711393e+01,7.019194904029234294e+00,-2.873155689566440518e+00,2.188716079553164384e+00,-7.116213279437864081e+00,7.699971935103315790e-01,2.478877650313182812e+01,-4.189054714807318724e+00,-6.820803221848630304e-01,-1.023055872987693959e+01,-1.289428197919435082e+00,3.370768582648265843e-01,-2.085418513235893556e+00,6.985541603987042159e+00,-3.520591391918284074e+00,-2.553551294742995914e+00,-2.877471795548261824e+00,1.060654708062566565e+00,1.158907958073184652e+01,-1.113412851021492145e+01,4.605933871028284443e+00,3.283082397958605458e+00,7.588736092711947379e+00,-1.230141091739592341e+01,3.935603555556529187e+00,-1.332199126231690123e+00,-9.983245869060599631e-01,9.918913623327321183e-01,-2.701860137856222366e-01,-4.135799703852102382e+00,-4.757503281500998327e+00,-4.989354744514223228e+00,1.977225949061754307e+01,7.277405251947773657e+00,9.549671004991248324e+00,-1.097740536818452384e+01,-3.788836182463668045e+00,1.106598353600221607e+01,-3.814422452480759063e-01,1.758038162875577015e+01,-5.793864693166504765e+00,-1.410467145626340901e+00,-4.656938998549059683e+00,3.617132497386766898e-01,3.353101764060359979e+00,-6.869619415559599318e+00,-3.726929323589845300e+00,-3.837187198742344929e+00,-6.189138792170707504e+00,-3.811758092834129918e-01,-6.760919140133280436e+00,1.357648967424110609e+01,1.080521119391838880e+01,-8.912748457565895066e+00,-5.667211215949753189e+00,-3.788104436935510133e+00,-1.276602904559019969e+01,-1.792407535512434702e-01,6.597969354023847544e+00,-2.204609518043453065e+00,3.500301616724513232e-02,3.039120594233887473e+00,1.128315435134440392e+01,-9.156286861241163422e+00,-4.613864700123099460e+00,-2.103800762745924757e+00,1.059800755389973048e+01,-8.107202827063941797e-02,2.009287618490451788e+00,6.483180342264947882e+00,1.255798957195293442e+00,-3.224753482620546841e+00,-9.440724600255336441e+00,-7.339900929232320514e+00,2.461331271285680522e+00,-5.123254329404415941e+00,1.794135621208018616e+00,-9.266269334625931720e-03,7.950652518802134416e+00,8.537270778587283671e-01,3.231305637622000848e+00,-2.565901513835586290e+00,-2.320216099737528737e+00,1.135312641404947342e+01,-2.378787645748774882e+00,-1.488500866036561510e+00,-6.648760729963330895e+00,7.455627483622802032e+00,2.829893011288498794e+00
-3.272333592015066461e+00,5.371643685133388857e+00,1.746250881342425565e+00,1.169345762345839645e+01,5.071260272326792773e+00,-1.721960688732301747e+01,1.866484130491615190e+01,-7.965668702136555979e+00,8.507762667975885762e+00,3.275009558656366782e+00,-6.668614670836914726e+00,-1.916626210474033343e+01,1.177593191281417973e+01,-4.783899913730158993e+00,-3.318014987435902619e+00,-1.211105397583420462e+01,-1.505865566067607908e+00,2.932721630332467200e+01,-3.714837737139881746e+00,3.619279379195312618e-01,-1.309298631265045998e+01,-6.803881260910827899e-01,1.474909714044034370e+00,-4.585160659068697520e+00,1.311997412134502561e+01,-2.621360571498219993e+00,1.939291793358114191e+00,-7.036575515642232048e+00,-5.330908034537058526e-01,8.140433880225065977e+00,-2.587192169502613837e+01,3.862017150362975215e-01,1.866970805472022876e+00,1.085425984993916337e+01,-1.324353832968117750e+01,5.548080190860697591e+00,-4.774924189648279693e+00,6.629488072550237199e+00,-5.543233481213307723e-01,-1.324669978459507469e+01,-4.084878157281988997e+00,-7.674820436546074376e+00,-9.208187344008868180e+00,2.390142886531487676e+01,8.805087048866798938e+00,1.099469149017938996e+01,-1.051609224762518835e+01,-3.513515381248434544e+00,1.302342554697489518e+01,3.210318301747647318e+00,1.915902340161651907e+01,-7.068206395030408373e+00,-7.781337919860374264e+00,-2.745107621466131853e+00,1.440097132518061596e+00,-8.914844802009156410e-01,-4.752095560505887661e+00,-1.215990580722567937e+00,-3.346080121455489831e+00,-1.662816030707275061e+01,-4.093823740814808154e+00,-1.017057128143057732e+01,1.990884028797105998e+01,1.636686502155193779e+01,-9.522776598166846185e+00,-8.204911601956432321e+00,-2.771512406933999362e+00,-1.243833169648312875e+01,9.424855042452652265e-01,1.003141998177551031e+01,-2.266077623921757045e+00,-1.535002428884371384e-01,5.405949036138583352e+00,8.970480265503759654e+00,-1.011675323034504359e+01,-5.292648821407850868e+00,-2.502325684645153814e+00,1.304763015493213985e+01,-2.591387863116972667e+00,6.492582664497339451e-01,2.341209126591456524e+00,2.343221481648189553e+00,-7.750624194974383485e+00,-8.084487280836160750e+00,-7.210387023575253629e+00,3.053057109473226838e+00,4.883965315675547814e+00,-1.699656471544863656e-01,5.612419831083972355e+00,1.285606753910708022e+01,2.140610219207613518e+00,2.253145339300455241e+00,-7.124020499189875011e+00,-2.415524429046440602e+00,1.962315527829082029e+01,-5.946676493919250461e+00,-2.837395952250918008e+00,-5.958210743533278730e+00,4.381614111351550989e+00,4.364698932638758855e+00
-4.314739236768082797e+00,-3.181693217881183600e+01,1.493708817293489055e+01,2.943095994279462602e+01,-1.996302558374404157e+01,-3.234683438702044356e+01,3.715118347932968845e+01,-1.334383654009524633e+00,4.258599267841025693e+01,-1.770454184599828196e+01,3.068681821154936706e+00,-7.812482444648551905e+01,1.142928086092519990e+01,-4.800177463762118180e+00,2.701212903582632308e+01,-1.100907419264509812e+01,1.063872982692549662e+01,8.149122720057364688e+01,-1.793477057214710513e+01,-6.163385955907926039e+00,-3.031328393470218074e+01,-7.073883224441269491e+00,-2.501790665433041294e+00,2.490795692568328334e-01,6.676419086994586749e+00,-1.675243333479797769e+01,-2.503442050484152048e+01,2.725236559160216565e+00,9.484554542158319279e+00,5.678454310192154253e+01,5.997965468672909140e+00,3.212581310257840528e+01,1.755967701343024245e+01,1.865376040043230788e+01,-4.483466351899015478e+01,9.945971555926686136e+00,6.351125691286568120e+00,-2.948299975530887096e+01,9.056823171753350721e+00,4.247632044510893223e+01,-1.630702191973196946e+01,-8.775524864735466224e+00,-5.314104812708762893e+00,6.329174670934364855e+01,2.326876722719666546e+01,3.241151308942155396e+01,-4.437685772226051739e+01,-1.570607230845001467e+01,3.660859773028553832e+01,-1.353700324330665872e+01,6.329582813550555187e+01,-1.833044160326537053e+01,1.586839222874945321e+01,-2.458282586420620675e+01,-2.206244455842464092e+00,2.732114800304539415e+01,-3.390580932035192774e+01,-2.296404842599793383e+01,-1.661858595218566137e+01,1.087081575665803967e+01,1.096710263887365322e+01,-1.494046937521300578e+01,3.172768080915772515e+01,2.350063068936237443e+01,-3.272753199954363623e+01,-1.359828067067591206e+01,-1.818985511942349831e+01,-5.090711543001644657e+01,-4.462220748402980774e+00,1.422487239264824765e+01,-8.395288265150856688e+00,7.689127150187617943e-01,3.917743550968850297e+00,5.178026434472232609e+01,-3.250215388469374744e+01,-1.572439600346428890e+01,-6.871296797974818737e+00,3.313169779467517628e+01,8.104691630906158295e+00,1.240171846234535735e+01,3.918920908925824165e+01,1.251792441268739564e+00,2.600626515327345345e+00,-4.138343216888861775e+01,-2.907175996891956515e+01,7.618131135264057718e+00,-5.355865240140326478e+01,1.358867782176715622e+01,-1.889442871620327935e+01,1.456469923823977908e+01,-9.860302745869522489e-01,1.588853193999747582e+01,5.279376739146885100e+00,-8.732818954492502783e+00,1.655296947173073363e+01,2.687633657193149617e+00,-1.282575289420681663e+00,-2.825724138426338428e+01,3.940077379561770243e+01,5.892491219600419328e+00
-3.469859312957780162e+00,-4.281183286414842470e+00,5.092195818056480583e+00,1.599326376964035390e+01,-1.457801646310235455e+00,-2.073199552467190898e+01,2.300794023125635235e+01,-6.094875099619608605e+00,1.706665241427528557e+01,-2.175754128851034253e+00,-4.028864958335703683e+00,-3.387905052242623327e+01,1.143572091014159398e+01,-4.685985202635618130e+00,4.531923747620113296e+00,-1.156996327447891026e+01,1.641138281351292250e+00,4.208048831557166380e+01,-7.282716873148123327e+00,-1.319420278438566019e+00,-1.723027255247992073e+01,-2.305683931234001172e+00,4.234833025142716867e-01,-3.247417315601010657e+00,1.118733570787103559e+01,-6.189783784991075066e+00,-5.020360826780308372e+00,-4.382685625660247553e+00,2.047629705207365092e+00,2.044304617258995904e+01,-1.714576084263587674e+01,8.518594347838504888e+00,5.852023519322993472e+00,1.262305759704540620e+01,-2.106346820446686863e+01,6.557662104513024559e+00,-1.819396260814099442e+00,-2.774184558161705283e+00,1.922590697113575775e+00,1.327931426484109778e+00,-7.132463900337732809e+00,-7.793348579334492321e+00,-8.012920853968804380e+00,3.349426808725989702e+01,1.232685577545304945e+01,1.625308809711521718e+01,-1.897634803739087062e+01,-6.565705660982708025e+00,1.879467103844102382e+01,-1.153574710862411479e+00,3.007045447138283834e+01,-9.805928053092216601e+00,-1.549555684412167622e+00,-8.287504738471888288e+00,4.741446642669513434e-01,6.363568214820275237e+00,-1.212808312935069743e+01,-6.768023168853162908e+00,-6.678830804607317262e+00,-9.220322977432825695e+00,-1.436062568605711576e-01,-1.117692106633108295e+01,2.251529880401277239e+01,1.784727349612277436e+01,-1.527115680362490302e+01,-9.413118040122348873e+00,-6.666892722195179921e+00,-2.203943947266984082e+01,-4.638364323043735471e-01,1.089289143417526162e+01,-3.789750256323231703e+00,8.635767291884666186e-02,4.908887049542032699e+00,1.975898065191504216e+01,-1.564230820558348078e+01,-7.855256211163323066e+00,-3.569487233006724658e+00,1.792038934083796420e+01,2.072632598721106945e-01,3.649695677182013931e+00,1.174209037418702906e+01,2.013284815420760321e+00,-4.930316017409507978e+00,-1.645253733807309615e+01,-1.266356097574721851e+01,4.158762750967716748e+00,-1.020973047071070106e+01,3.362503803439602645e+00,-7.929124692226459103e-01,1.301994889897947871e+01,1.293002527050647776e+00,5.702291852501735647e+00,-3.790745859797295836e+00,-3.984247932400183601e+00,1.841694535367706109e+01,-3.605229098789632491e+00,-2.378061939628155042e+00,-1.155035770293113728e+01,1.326988827251063618e+01,4.663406171418245094e+00
-5.110311729619355425e+00,-5.263741941449948314e+01,2.254827262731832249e+01,4.024431758276885063e+01,-3.388866518225950841e+01,-4.201766421702659926e+01,4.882220085200696502e+01,1.944253128049689749e+00,6.249679688626135032e+01,-2.943505443836211555e+01,8.194362862213152354e+00,-1.128477889822212887e+02,1.196134668839656712e+01,-5.105686936419550292e+00,4.405866415763426147e+01,-1.113225646584836603e+01,1.745341167825224815e+01,1.129786344086183902e+02,-2.625322002624015028e+01,-9.852619422296417184e+00,-4.091911980789114267e+01,-1.075268428819197020e+01,-4.672430876054889382e+00,2.714887456481321237e+00,3.823753152951941736e+00,-2.495262319885483393e+01,-4.025717227441225532e+01,7.842075677574588788e+00,1.514965223486137269e+01,8.495777888574447445e+01,2.252363090636019294e+01,5.020345317234083637e+01,2.660141864490130814e+01,2.376234102536501069e+01,-6.362405476176541441e+01,1.279109821576522776e+01,1.238400967603734415e+01,-4.961350618501116827e+01,1.448938648948189467e+01,7.335166017626151813e+01,-2.351202963380125510e+01,-9.876889199546734943e+00,-3.669353873547783529e+00,8.717738295861573761e+01,3.204108382019026635e+01,4.527442232530894017e+01,-6.428833553968125614e+01,-2.285886825624749363e+01,5.083051330649966815e+01,-2.286419853923849743e+01,8.958761989203794940e+01,-2.517419367736649605e+01,2.883866046961873408e+01,-3.717427547425007361e+01,-4.191129986428295595e+00,4.331349381698957046e+01,-5.078293682625898953e+01,-3.540980551615344041e+01,-2.437529606525992776e+01,2.548270964545223904e+01,1.928035149474690613e+01,-1.828345137488426175e+01,3.968321093995935911e+01,2.857191335266258392e+01,-4.651628041168113015e+01,-1.717417090529805535e+01,-2.713155197191114354e+01,-7.355870561745064151e+01,-7.478092404462941545e+00,1.723135068944727877e+01,-1.202195875797357161e+01,1.284082226493526768e+00,3.406013421734098490e+00,7.668629512182050689e+01,-4.586163025968869533e+01,-2.198580613953770069e+01,-9.511360168596780795e+00,4.536365831953627747e+01,1.402822429653363301e+01,1.912681043889640620e+01,6.029360504604570536e+01,7.760873449164402693e-01,8.008524044892757487e+00,-6.082476127168582991e+01,-4.195318414341938507e+01,1.040384420946566912e+01,-8.649879490211955613e+01,2.140416981217861547e+01,-3.248654592787293893e+01,1.633271411195721257e+01,-2.631925610693481410e+00,2.378396955727723139e+01,1.189335371536108177e+01,-1.247572767443488218e+01,1.602182064715951526e+01,7.230635152927221476e+00,-5.738921846703975982e-01,-4.131006544154885773e+01,5.959126733393076591e+01,7.031801674526423795e+00
-6.844481156022942159e+00,-5.609039831811557519e+01,2.551982081632368704e+01,4.871053417494395887e+01,-3.551699034220241202e+01,-5.270464783270242037e+01,6.074452468835822572e+01,-7.922951214507847340e-01,7.208542702738876073e+01,-3.126598489590944041e+01,6.581281981378498180e+00,-1.315643091816063759e+02,1.753834948830700924e+01,-7.396752216377215916e+00,4.738331872475112050e+01,-1.674724557176954320e+01,1.869984025800837912e+01,1.354554004939974163e+02,-3.033312105826166416e+01,-1.073623943081015852e+01,-4.997105625384210725e+01,-1.211355962530601360e+01,-4.610905100027919090e+00,1.304415821982728652e+00,9.056320213612789161e+00,-2.849505726637336167e+01,-4.369779114552686394e+01,6.056947043843374345e+00,1.651696570286162569e+01,9.672958729215400808e+01,1.530874143516024333e+01,5.552831740453045484e+01,3.003588352678936246e+01,3.021769337819299395e+01,-7.507531529975088347e+01,1.615730446351412297e+01,1.190169951138789983e+01,-5.229051316032226993e+01,1.578071206261097714e+01,7.603911191004061720e+01,-2.744540837240321451e+01,-1.372647611872215379e+01,-7.443554577414873030e+00,1.049900106456538680e+02,3.859543355922314589e+01,5.400222979993596795e+01,-7.480245377289483599e+01,-2.651413807411985957e+01,6.087994409773771309e+01,-2.404067972149664456e+01,1.059003448766201529e+02,-3.037922519463159432e+01,2.894636726656450421e+01,-4.202396989850046793e+01,-4.092756711080106413e+00,4.745598126226961000e+01,-5.777749541717808768e+01,-3.951351041807339470e+01,-2.812536545214941697e+01,2.198181735730612729e+01,1.976109261520217331e+01,-2.392112039575832938e+01,5.112083597663709611e+01,3.755646530249393322e+01,-5.482953151990233209e+01,-2.197251477468232395e+01,-3.095428168682392212e+01,-8.573860010601144666e+01,-7.902518011806002107e+00,2.270910182305662062e+01,-1.409856550341720194e+01,1.360035355582623229e+00,5.750996650537562260e+00,8.791031618068292630e+01,-5.432632470610148090e+01,-2.620698621731524014e+01,-1.141591395771626338e+01,5.485767584049281709e+01,1.452079963747115166e+01,2.134066038527593179e+01,6.738095368182851530e+01,1.720238988902293542e+00,5.977280216635666221e+00,-7.008471061196986795e+01,-4.894272305599712780e+01,1.260360439814011890e+01,-9.362707866291337666e+01,2.355102978267409597e+01,-3.377058502949685703e+01,2.275925717782160973e+01,-2.114290682530682641e+00,2.706998930519867486e+01,1.049419045054706778e+01,-1.465428341789919919e+01,2.491155879236369231e+01,5.784276212368375525e+00,-1.679392745750508009e+00,-4.777148972328747334e+01,6.735849092980248543e+01,9.367122322102597209e+00
-6.629766140454854906e+00,-5.941425868067764071e+01,2.637034565381760132e+01,4.901362831138712295e+01,-3.788541273264806364e+01,-5.231128633014985496e+01,6.047775676340473439e+01,4.307401314603112041e-01,7.392327328401805175e+01,-3.316311243857731483e+01,7.924905789312347792e+00,-1.343439552062674238e+02,1.645264692636989778e+01,-6.967692671217649902e+00,4.999857000521442529e+01,-1.557370277159749605e+01,1.976296857986973876e+01,1.368020781208117285e+02,-3.108518377392933374e+01,-1.126723758025922706e+01,-5.010875812106198168e+01,-1.254073425191172753e+01,-5.047335201019857109e+00,2.086111367393311600e+00,7.384004715630574367e+00,-2.933868854890190647e+01,-4.593264403922749750e+01,7.435540897493950752e+00,1.733012527999106567e+01,9.971310507275397583e+01,2.007028979338790720e+01,5.791804500483904405e+01,3.106665788745551993e+01,2.983714641339768292e+01,-7.629720703505587664e+01,1.599420279353847540e+01,1.318107085441331350e+01,-5.564531610383846782e+01,1.656473060012887544e+01,8.148709323250352554e+01,-2.801158328506459583e+01,-1.312021879505128297e+01,-6.317841354112930574e+00,1.058489949527950671e+02,3.890825670426930571e+01,5.464922557385675361e+01,-7.644304323701656756e+01,-2.712944598520385497e+01,6.151009089161929921e+01,-2.560870479246672460e+01,1.075484654707466916e+02,-3.060373157688035306e+01,3.145279527788771645e+01,-4.344515110107090550e+01,-4.500820659047342964e+00,4.969122213615352024e+01,-5.957699228040762307e+01,-4.106538405246402590e+01,-2.883822695960718008e+01,2.557802958923646841e+01,2.127977018012601818e+01,-2.337065037621175634e+01,5.023286807670481835e+01,3.662921682344556729e+01,-5.574549663217877082e+01,-2.164647672538779233e+01,-3.188273664561057430e+01,-8.755827632755699597e+01,-8.400137369041521751e+00,2.212711575636006955e+01,-1.436292263688390136e+01,1.444301963564502245e+00,5.151063320637580212e+00,9.037351137465951467e+01,-5.512627539292437007e+01,-2.652776295291010555e+01,-1.152456315050252122e+01,5.521820968695217147e+01,1.557092216887853553e+01,2.217998562996264766e+01,6.998504196854743498e+01,1.426100534437063860e+00,7.465126354246159224e+00,-7.190110313858872360e+01,-4.996406754950220375e+01,1.267769586114479807e+01,-9.853058702809303782e+01,2.461728725285033548e+01,-3.614739482954270500e+01,2.173339349226726824e+01,-2.545666533744475046e+00,2.790887732275799848e+01,1.208243025657371561e+01,-1.491956508637664136e+01,2.291197279427400701e+01,6.978710174600849747e+00,-1.305407526698026288e+00,-4.893889612338043804e+01,6.963935056180375227e+01,9.091227872020075651e+00
-5.260810709828947829e+00,-5.163782294811235118e+01,2.238415882360603248e+01,4.051103107370597911e+01,-3.313986975161484594e+01,-4.262308626201350137e+01,4.943801274078189323e+01,1.400524166087776301e+00,6.228123877430753197e+01,-2.885838282172068148e+01,7.658192041282346096e+00,-1.127067831970677787e+02,1.258221452789280548e+01,-5.354871400936369596e+00,4.329885464637160908e+01,-1.178521471348498117e+01,1.713992751418224358e+01,1.134990089611286095e+02,-2.617186713100010209e+01,-9.707505819690270599e+00,-4.126883002955430157e+01,-1.066448174938719440e+01,-4.518575904568692181e+00,2.382230732409913010e+00,4.632667806135771116e+00,-2.481596020152868931e+01,-3.963420161288681953e+01,7.286239963853751611e+00,1.492804975308484572e+01,8.444127407225710158e+01,2.055775803477500574e+01,4.960956594535448261e+01,2.639520012943640381e+01,2.417754593110119998e+01,-6.370360125754696412e+01,1.299537175136528333e+01,1.191973574024880911e+01,-4.856912595958751666e+01,1.427454070408867892e+01,7.158278403825735836e+01,-2.348862470623276621e+01,-1.025586750322093366e+01,-4.224931654958719029e+00,8.766189887752460663e+01,3.222049213410743107e+01,4.543351289761756107e+01,-6.418172681844359317e+01,-2.280623687416889567e+01,5.105346186628283078e+01,-2.237277683485531199e+01,8.973297580754164926e+01,-2.532495138719929528e+01,2.797530911531904607e+01,-3.689497491052203060e+01,-4.045481694799966554e+00,4.272120252412011610e+01,-5.046677463127837626e+01,-3.505248998481463474e+01,-2.429303976015019018e+01,2.408349452808458580e+01,1.877547619218351116e+01,-1.872160938744852388e+01,4.049289067764370742e+01,2.928750169198412578e+01,-4.656401571413167773e+01,-1.749775039956328015e+01,-2.697781668098608776e+01,-7.346320336704729925e+01,-7.324379507401310718e+00,1.767340323060795981e+01,-1.202156902252409232e+01,1.258231733786641326e+00,3.716745692378633947e+00,7.632595039380794333e+01,-4.595619489994864892e+01,-2.206002795647800596e+01,-9.557345004763858398e+00,4.565560102485332550e+01,1.368614858111174648e+01,1.893331071765084062e+01,5.970285318928961971e+01,9.194102476623133846e-01,7.404044677943201869e+00,-6.060220358716200906e+01,-4.190630800280640500e+01,1.047475810129365925e+01,-8.511345568221415192e+01,2.112913302852957287e+01,-3.171973059183079258e+01,1.697015415716276365e+01,-2.459796831231801484e+00,2.363769213525079493e+01,1.128185373676977576e+01,-1.247949354384600618e+01,1.710464137482393099e+01,6.753454461300218981e+00,-7.519529437067253852e-01,-4.118941648608079475e+01,5.914231113144663965e+01,7.229881634448592109e+00
-4.269697189154276096e+00,-3.443556661493961002e+01,1.573956525784303118e+01,3.018666115202323397e+01,-2.177617066113533184e+01,-3.274055772665950315e+01,3.771463985483919856e+01,-6.249490677298359387e-01,4.452088749702387815e+01,-1.919028317411029150e+01,3.936419733951810329e+00,-8.131849456473840121e+01,1.099912016449663099e+01,-4.635704468424722613e+00,2.911104464012431947e+01,-1.051790601679881476e+01,1.148529842776603616e+01,8.388881865363923396e+01,-1.873644859817195751e+01,-6.602775157025685182e+00,-3.098672320370658895e+01,-7.468581878685796482e+00,-2.812970274498681977e+00,7.239810788777334416e-01,5.800910199615188390e+00,-1.758613612841731921e+01,-2.686606086382778358e+01,3.607310793803041982e+00,1.015832377386154306e+01,5.968500232539529549e+01,8.978041536439228310e+00,3.418875417508638748e+01,1.852164115412846712e+01,1.878838786285697893e+01,-4.644298724493623354e+01,1.004168684404541523e+01,7.244183869956413169e+00,-3.207476524955004038e+01,9.704735249818357445e+00,4.657992097322424740e+01,-1.696520636205250554e+01,-8.581956796667132181e+00,-4.740734335155517343e+00,6.504147274538459556e+01,2.391025196902231542e+01,3.343208319532608641e+01,-4.622803224773267772e+01,-1.638209220343915007e+01,3.770081395360539034e+01,-1.474364697927216028e+01,6.552015629516553474e+01,-1.882259942910567219e+01,1.768474117526716327e+01,-2.591639096418514043e+01,-2.494608415450389138e+00,2.919757720364763998e+01,-3.564851564932714467e+01,-2.434466043387486778e+01,-1.737104646503108896e+01,1.324509775948628132e+01,1.209399978118900698e+01,-1.490056759169334732e+01,3.181192410811788562e+01,2.340095459398993327e+01,-3.391599590697674671e+01,-1.366718232436569025e+01,-1.910257131549320775e+01,-5.299321645021172600e+01,-4.848392444824037639e+00,1.415207642614011263e+01,-8.717828477072020021e+00,8.345656353088904966e-01,3.633327205355424638e+00,5.427033830800888126e+01,-3.361646476007498308e+01,-1.622366574921623084e+01,-7.070512796954913526e+00,3.399404529247234308e+01,8.894065358128013798e+00,1.314806083071885823e+01,4.151867542437812375e+01,1.099311856444164182e+00,3.545968264590810826e+00,-4.328199526822170640e+01,-3.025235992454035028e+01,7.811118544910205408e+00,-5.755078375231502008e+01,1.449460604226727511e+01,-2.069179631975399403e+01,1.423161257674804681e+01,-1.264636966848048827e+00,1.670254990742068912e+01,6.337280977436454243e+00,-9.062491694003222520e+00,1.567310541402527235e+01,3.458236389793838406e+00,-1.082681118075677240e+00,-2.950980071536758587e+01,4.153999883114218505e+01,5.841402389387136296e+00
-4.458396146299948626e+00,-4.262882105610275119e+01,1.860202688901670598e+01,3.392393579992611308e+01,-2.730904918418942984e+01,-3.584112911206616303e+01,4.153217885461229031e+01,9.198910868125302898e-01,5.186816997236442717e+01,-2.381535076745310420e+01,6.144675385222909014e+00,-9.397677310487966906e+01,1.078242980397824802e+01,-4.582016036037650508e+00,3.578055376432486412e+01,-1.013209965841722138e+01,1.415798061457985568e+01,9.494029910142251083e+01,-2.180030103593412605e+01,-8.033461176951906424e+00,-3.459419568376435450e+01,-8.857981029109877724e+00,-3.699878571018329954e+00,1.835556054902643730e+00,4.235426600706375666e+00,-2.064364991267871119e+01,-3.278539596283621904e+01,5.825328457329571386e+00,1.235443959895089172e+01,7.022060616946505718e+01,1.625401114814957992e+01,4.112202940002534746e+01,2.192953659800439326e+01,2.036337729491604165e+01,-5.318994793654009356e+01,1.093662185095819694e+01,9.733343447316503472e+00,-4.004785179595742761e+01,1.181224940751080510e+01,5.891881849193811149e+01,-1.958793808806133185e+01,-8.730716833983210634e+00,-3.779345086063884196e+00,7.336570541892599806e+01,2.696647220287104574e+01,3.798197449635493683e+01,-5.350374693168617313e+01,-1.900519381280054532e+01,4.270040373822644852e+01,-1.844282598036597420e+01,7.493866379102620101e+01,-2.119980672956911505e+01,2.294740262681642307e+01,-3.065700379560819044e+01,-3.308887675281705576e+00,3.537518675100503884e+01,-4.196430036156505849e+01,-2.908397275209952682e+01,-2.023221550834838567e+01,1.945502344442312292e+01,1.543512557628023885e+01,-1.582150377715399792e+01,3.415714125888420938e+01,2.476445584461360738e+01,-3.887432165967299369e+01,-1.474792380884897014e+01,-2.243967001283513696e+01,-6.125318594964601715e+01,-6.041074372059217268e+00,1.494867368250429251e+01,-1.003048308523950993e+01,1.038030855978933520e+00,3.243333157905416542e+00,6.352069621285397716e+01,-3.838858161754316711e+01,-1.844058557016744615e+01,-7.995573187686984440e+00,3.822804615483022417e+01,1.126310931449745212e+01,1.570923771119644385e+01,4.954518827070587150e+01,8.326984704938713566e-01,5.901374772406757785e+00,-5.046400052559214089e+01,-3.494470965064382995e+01,8.772454345807364717e+00,-7.038407991044404355e+01,1.750411365709922507e+01,-2.611585918327450884e+01,1.445125683081725398e+01,-1.973698513387997178e+00,1.965611891300623171e+01,9.133763746317285381e+00,-1.041447081928166263e+01,1.476717941468596251e+01,5.416753445089878660e+00,-7.088623698513066840e-01,-3.431280130125274752e+01,4.914233272968120758e+01,6.123129236326038338e+00
-3.989225440768270126e+00,-1.000303516679739602e+00,4.580635305885299324e+00,1.697444707156591193e+01,1.010695570845491886e+00,-2.286309559650925749e+01,2.518746561776632120e+01,-7.931502252157911492e+00,1.645879750320756330e+01,-2.811847931043889304e-01,-5.827731779182913741e+00,-3.362164280440244113e+01,1.356054117483372501e+01,-5.539373216114947596e+00,2.045960943366040397e+00,-1.380178786711906191e+01,6.140619007329468637e-01,4.406197750360284715e+01,-7.058504311570840350e+00,-8.474358912876016614e-01,-1.849369817818320882e+01,-2.028085925875197315e+00,9.351484137433814237e-01,-4.368105102131108808e+00,1.393280231166364835e+01,-5.775823397448959895e+00,-2.990163828318266326e+00,-6.248800614425862321e+00,1.327066121707293878e+00,1.886030830927734669e+01,-2.375596837357598545e+01,6.606218055759191188e+00,5.205843884941116606e+00,1.407474208514196867e+01,-2.145668048806794204e+01,7.274009494550938371e+00,-3.366743333921925263e+00,6.641710978192740811e-01,1.223610757152780781e+00,-4.516449305267432379e+00,-7.099052929495925923e+00,-9.095359192598099440e+00,-9.900591296501088934e+00,3.530411253554638051e+01,1.299654535591634641e+01,1.687978954683456934e+01,-1.874075589821805465e+01,-6.432096308308970833e+00,1.964834448956583302e+01,4.652429362889680675e-01,3.073700524410727652e+01,-1.036526176002723609e+01,-4.415641373233437861e+00,-7.414556606251162307e+00,9.589695344956645773e-01,4.443169666899250636e+00,-1.115688033070714269e+01,-5.627571924231277833e+00,-6.447901491433174037e+00,-1.390674042117661813e+01,-1.814944333594147530e+00,-1.269562239843462770e+01,2.533322249662279901e+01,2.032506746755777627e+01,-1.552336222903923968e+01,-1.054183240411173728e+01,-6.199391344333230691e+00,-2.185950264091967910e+01,4.188132320630377770e-02,1.242272509773266265e+01,-3.811854281356583662e+00,1.360719721489433987e-03,5.967290655190263138e+00,1.868869797560136448e+01,-1.605174620178667766e+01,-8.149318866047060794e+00,-3.743668463985494466e+00,1.899694291732423679e+01,-9.232634080677555311e-01,3.032003362920029144e+00,9.859986023279159184e+00,2.499916671514641919e+00,-6.960755873596983001e+00,-1.581773251358732857e+01,-1.258663473875457228e+01,4.419062805108271874e+00,-5.689162005287258239e+00,2.473261752622028631e+00,1.739310417501846118e+00,1.520937984422117140e+01,1.870496529016766107e+00,5.253511566367988550e+00,-5.837380022666051715e+00,-4.021301969046866986e+00,2.211329631282399788e+01,-5.206303665523352109e+00,-2.981880635820130188e+00,-1.122247200893144026e+01,1.186636582646755755e+01,5.347568299132447578e+00
-3.594026000329546111e+00,9.701240598772145063e+00,6.831887650901173892e-01,1.147360877247110800e+01,8.174181689601383027e+00,-1.797014206782180423e+01,1.927417005270792316e+01,-9.644776931348536309e+00,6.278645250026843705e+00,5.749174176097283429e+00,-8.483374583571091421e+00,-1.588529053683473791e+01,1.333405692813966859e+01,-5.401525570789436514e+00,-6.711545561477464616e+00,-1.378637191043313948e+01,-2.887628329319402276e+00,2.802546082689980622e+01,-2.806014961362108373e+00,1.046470227445903678e+00,-1.310483359667614778e+01,-1.436428719310350877e-01,2.054446927916859789e+00,-5.651085465533615348e+00,1.544789697168101128e+01,-1.579684735216900560e+00,4.826351905046832869e+00,-8.901359206568638882e+00,-1.581080861449587038e+00,4.440299869382383413e+00,-3.233524875730864778e+01,-2.665606156291399742e+00,5.750358255860668066e-01,1.149699207428477266e+01,-1.187046394459974330e+01,5.836420293570362183e+00,-6.480287221307594159e+00,1.101673513970940377e+01,-1.565336042112024373e+00,-2.040692875802091777e+01,-3.419189182506464419e+00,-8.560662736806463613e+00,-1.078062731740312685e+01,2.314569922630715126e+01,8.531313256950745938e+00,1.032482954233291217e+01,-8.568180158701661497e+00,-2.776762008312945618e+00,1.240425299216127186e+01,5.262508994789297567e+00,1.732559138487210149e+01,-6.882480567016767914e+00,-1.109973761726926966e+01,-9.663068451176841656e-01,1.982843526076274454e+00,-3.763994122091839145e+00,-2.518108778783462842e+00,7.519732121166788907e-01,-2.482114852561758234e+00,-2.146784405468309842e+01,-6.095567963757799745e+00,-1.102088055460470173e+01,2.133077995520515557e+01,1.778819534100947664e+01,-8.487665282956566415e+00,-8.739861100559778606e+00,-1.623471645661624274e+00,-1.028890474027774715e+01,1.592660844503106743e+00,1.092005179008118709e+01,-1.960407732362714928e+00,-2.635130085464194583e-01,6.251118883004779470e+00,5.947952840991363566e+00,-9.238597371921244417e+00,-4.958259704113483046e+00,-2.399256981773827846e+00,1.277374081051189236e+01,-3.972099804727313721e+00,-4.152285466860812235e-01,-9.567715791422628513e-01,2.753183781483770964e+00,-9.765436311166290295e+00,-5.876738826531606286e+00,-6.007249495669714889e+00,3.002109321561503119e+00,1.122751860072581742e+01,-1.536547818031005708e+00,8.733843097646449394e+00,1.435314737562592313e+01,2.723240828347038622e+00,1.212250223796756732e+00,-9.258275375687528452e+00,-2.110817814962389960e+00,2.246316700960816704e+01,-7.560199632849979423e+00,-3.356608576462657645e+00,-4.550223858530355159e+00,1.526464393157842547e+00,4.780349388696065738e+00
-4.099411989677989254e+00,-2.784906997413799346e+01,1.341861995777300010e+01,2.710486479332360688e+01,-1.733623459245931642e+01,-3.014263499179742567e+01,3.452986698747726280e+01,-1.828771626632366143e+00,3.854151562961124000e+01,-1.547355437597484062e+01,2.189800606807741801e+00,-7.099224084151444458e+01,1.110962689586696328e+01,-4.652867664757001975e+00,2.374370204432790032e+01,-1.076313622055128505e+01,9.335400123081887713e+00,7.480439940719017500e+01,-1.624210696145447486e+01,-5.449503660668762350e+00,-2.800207807348119715e+01,-6.342942666202350033e+00,-2.104882332769097086e+00,-1.484941855635386609e-01,6.993184962668316018e+00,-1.510289902759585345e+01,-2.209692234935486610e+01,1.854823404088512540e+00,8.387918700519067627e+00,5.113313005780123177e+01,3.244463455970695520e+00,2.858814670760353849e+01,1.575960712797607144e+01,1.745719150658699448e+01,-4.092243848394397787e+01,9.288670455119344638e+00,5.260373029786896026e+00,-2.567293617552155638e+01,8.005990642638533217e+00,3.668900481870399233e+01,-1.482503588170441766e+01,-8.419820340787566693e+00,-5.466628825467599206e+00,5.818895952524222537e+01,2.139420686934226978e+01,2.969793908004177041e+01,-4.029545556088542213e+01,-1.424475094744250470e+01,3.359244031065695424e+01,-1.177420217438389471e+01,5.780999819822539365e+01,-1.686435335311997363e+01,1.347783665236393702e+01,-2.207340464891306908e+01,-1.844976515673375728e+00,2.421415061374791833e+01,-3.052261962405927065e+01,-2.051109533796870110e+01,-1.504238671679701511e+01,8.321726163385312347e+00,9.418513114938228625e+00,-1.410125011740387535e+01,2.980921405323100970e+01,2.221035258949060065e+01,-2.986010635339538410e+01,-1.274958589792459485e+01,-1.639275250017457708e+01,-4.625534875205639196e+01,-3.890483145026899514e+00,1.345392214532537523e+01,-7.645478300090490009e+00,6.711115122836555091e-01,3.918645670479901089e+00,4.675173463339124424e+01,-2.970768379452625041e+01,-1.440456909367766514e+01,-6.309844548865721769e+00,3.050373822667278034e+01,6.995292023996396935e+00,1.107640290296214047e+01,3.502459593189673370e+01,1.301769445564711747e+00,1.686450915825057351e+00,-3.743839893933682106e+01,-2.642390022586970133e+01,7.018143612017117228e+00,-4.721486832526198896e+01,1.206541403018392877e+01,-1.634268946279308921e+01,1.398387391791055379e+01,-7.038013761796104717e-01,1.430526209539604743e+01,4.118172284494488800e+00,-7.957569547611162974e+00,1.629719809445004230e+01,1.909324405328984398e+00,-1.368999746237230752e+00,-2.559884744623477104e+01,3.537726599822691753e+01,5.590018764262354445e+00
-2.978958169657728750e+00,-2.521183852136836379e+01,1.136674207218329258e+01,2.148846882702549621e+01,-1.600585147688773446e+01,-2.313703714066228301e+01,2.669583803752252393e+01,-1.564304523990109885e-01,3.201867181508637827e+01,-1.406058837935227679e+01,3.108142492430736148e+00,-5.834745219417621342e+01,7.549099180389461594e+00,-3.188346182085128877e+00,2.126783923505724516e+01,-7.187068528079461061e+00,8.398236256114323339e+00,5.983486273373397779e+01,-1.346991958673676315e+01,-4.809242274967167496e+00,-2.201730349326241054e+01,-5.399168898941542061e+00,-2.098197145826782073e+00,6.970771504174111399e-01,3.723342706345675879e+00,-1.267526146466591008e+01,-1.958577402928242606e+01,2.882845880817376916e+00,7.398099561563420856e+00,4.304638571011397374e+01,7.487130202085721109e+00,2.481754379580408809e+01,1.338291033364410154e+01,1.324101835788510328e+01,-3.323787057536151224e+01,7.086279100864752323e+00,5.439915910008557454e+00,-2.354411681743316009e+01,7.069442208394876914e+00,3.432662111253028314e+01,-1.216961203526506097e+01,-5.946624053533795973e+00,-3.099403939586978129e+00,4.634829262326130817e+01,1.703765682769705236e+01,2.387177870564852356e+01,-3.318360253047577402e+01,-1.176742258157709387e+01,2.689647786285425468e+01,-1.082849284552127145e+01,4.687307773429797919e+01,-1.340725919302161273e+01,1.313537489237153721e+01,-1.872106850815347201e+01,-1.865664550708510117e+00,2.124006939422555718e+01,-2.571475059061557289e+01,-1.763659535053918503e+01,-1.249197253839203370e+01,1.024116385025604359e+01,8.936996815295000118e+00,-1.044275052136368132e+01,2.236212128454645764e+01,1.638534523640608853e+01,-2.427822354693663343e+01,-9.620327134771354594e+00,-1.377107075607081654e+01,-3.802550218146257777e+01,-3.556680745790751885e+00,9.904303303455526120e+00,-6.247302883763955705e+00,6.118940403322236099e-01,2.437069023599663264e+00,3.908260985063767379e+01,-2.403848577305074841e+01,-1.158591158125947551e+01,-5.042002186091043114e+00,2.420327471338145386e+01,6.556711993303730779e+00,9.525449082559426017e+00,3.006839936836992422e+01,7.109429646975933270e-01,2.864958141802646630e+00,-3.113464740325223090e+01,-2.170360993935104688e+01,5.559351377931801785e+00,-4.198266417810923912e+01,1.053406581628684968e+01,-1.523845890620493293e+01,9.856583924322455559e+00,-9.984730756462651957e-01,1.204724656413362638e+01,4.868942770880162030e+00,-6.492057403432747620e+00,1.065084790872314535e+01,2.733867306802131303e+00,-6.804085072369092657e-01,-2.121103776343903746e+01,3.000768690558162888e+01,4.079723667869834536e+00
-4.895892711157862287e+00,-3.875306012177238557e+01,1.780991079954638323e+01,3.434986373267378923e+01,-2.446781213566883295e+01,-3.736065522245338855e+01,4.300962835180945376e+01,-8.893366707257523984e-01,5.045938866405447953e+01,-2.158984516940373766e+01,4.290273428918518483e+00,-9.224898587127417215e+01,1.268945663053791151e+01,-5.343981526289169892e+00,3.278917350756051974e+01,-1.215390838446934119e+01,1.293190507054270455e+01,9.538525733985079569e+01,-2.123874489829231749e+01,-7.446036943780106832e+00,-3.528540587880730328e+01,-8.447561802114332608e+00,-3.141752359274732509e+00,7.115703548261680389e-01,6.851801988830956702e+00,-1.991483895187607445e+01,-3.028644615428940057e+01,3.910227155582786551e+00,1.145622374366029383e+01,6.757086437667479117e+01,9.539096622492138522e+00,3.860725866554178509e+01,2.095359826887368371e+01,2.146210309385912751e+01,-5.273866008486402279e+01,1.146484729314142470e+01,8.068357078497374602e+00,-3.605874668945984496e+01,1.094364244458977176e+01,5.228207555991464517e+01,-1.924758906821858417e+01,-9.865912216305464000e+00,-5.564634568602024878e+00,7.398183699645535683e+01,2.719729625682261798e+01,3.799775168048974194e+01,-5.243305332377304495e+01,-1.857608364838644377e+01,4.286386112932586911e+01,-1.657118367676900306e+01,7.441284392556956107e+01,-2.141337581338896001e+01,1.978615202722079047e+01,-2.932236773106444971e+01,-2.783132044552310447e+00,3.294285148877089853e+01,-4.035602651795663576e+01,-2.751263907071759363e+01,-1.968872811785321275e+01,1.456977982583583930e+01,1.355940638418110566e+01,-1.705706590339552520e+01,3.637429405869551147e+01,2.679677522842747095e+01,-3.851011859429068807e+01,-1.561924971044376953e+01,-2.163032506699628144e+01,-6.011514653553322773e+01,-5.451983058093512469e+00,1.620882542845467356e+01,-9.894518459822108980e+00,9.386646277820889228e-01,4.226671582591285059e+00,6.147697903937194042e+01,-3.818565870528870931e+01,-1.843827163997784169e+01,-8.040186132360089388e+00,3.867955963599701619e+01,9.981415129303796263e+00,1.485884985986622375e+01,4.692768354722517188e+01,1.295161335422668092e+00,3.824498347382363939e+00,-4.905094094346839739e+01,-3.432060331440631273e+01,8.889020073585927051e+00,-6.486088133378041221e+01,1.636016862128456495e+01,-2.323109188698151328e+01,1.636378992410378430e+01,-1.378359291939955655e+00,1.890879420717389792e+01,6.990285669860371698e+00,-1.028708363766630640e+01,1.814733295395652846e+01,3.767071469294475783e+00,-1.287787134823911384e+00,-3.345338030485255842e+01,4.699883318791513176e+01,6.695516090198717407e+00
-3.053837663379282752e+00,-4.622231485728624278e+01,1.827079350190946272e+01,2.936876055566684585e+01,-3.036804805786081474e+01,-2.876930752818153891e+01,3.393599970096500584e+01,4.642486381228205339e+00,4.925496085765466603e+01,-2.595017358556438580e+01,9.399698633500939593e+00,-8.750001072110968892e+01,5.592267470039508304e+00,-2.478745745557056512e+00,3.824386189259723778e+01,-4.769554253406488087e+00,1.522228783604294655e+01,8.377011837946646722e+01,-2.063741544363611169e+01,-8.408661258620817591e+00,-2.940642834947363582e+01,-8.770439020393343554e+00,-4.480155432298802864e+00,4.012014597213876321e+00,-1.747655384388947519e+00,-1.995869937788696546e+01,-3.453126246579907388e+01,9.242980993509931409e+00,1.292053340608831213e+01,6.825117366545735820e+01,2.868679706891278158e+01,4.200300281619546183e+01,2.162804449677887320e+01,1.584823451914141401e+01,-4.841175183851023434e+01,8.642352434474972256e+00,1.220155886782101717e+01,-4.415887975355573047e+01,1.237422254371078978e+01,6.658914046704042278e+01,-1.819617891928588449e+01,-5.392012779833898151e+00,3.990495676527842650e-01,6.415871341934273175e+01,2.357312437017289142e+01,3.385590701522781387e+01,-5.000013776989437275e+01,-1.786372253921910414e+01,3.775395085656508343e+01,-2.040908191012915296e+01,6.797437639279347366e+01,-1.846429335572087993e+01,2.715236978237313537e+01,-3.017277940848454065e+01,-4.062917767198372943e+00,3.670127775041905949e+01,-4.083967845754012416e+01,-2.926923768465286813e+01,-1.920013120441776167e+01,2.767798385600563549e+01,1.773408750837536019e+01,-1.150672384257351588e+01,2.579314738005309238e+01,1.780300146255029148e+01,-3.545474986024552067e+01,-1.131822081385365841e+01,-2.173130544023517530e+01,-5.705679518558962116e+01,-6.634485176766122372e+00,1.067600356690594232e+01,-9.236854805561916848e+00,1.136074052345427132e+00,8.166957954754698878e-01,6.099307658216281425e+01,-3.468067089470931563e+01,-1.645841153367304344e+01,-7.039773640453270254e+00,3.315503672853823502e+01,1.275683875888930885e+01,1.581280650158276480e+01,4.973553567191618896e+01,-2.339111401437924120e-01,9.652558252228976343e+00,-4.801113462953568956e+01,-3.249757852219224219e+01,7.580952822451323847e+00,-7.446677198505507533e+01,1.803437075080018559e+01,-2.939538103935545266e+01,8.854129574799088687e+00,-3.018586398374571989e+00,1.911668706269873397e+01,1.267732759599370596e+01,-9.561347469695830270e+00,6.035885391446984549e+00,8.317774018320156060e+00,5.904113247524217511e-01,-3.243082770669158066e+01,4.837482602686069555e+01,4.254252565637401062e+00
-2.772141451949264646e+00,1.796393375445441087e+00,2.373877444640124512e+00,1.089816790338115204e+01,2.409244937580769630e+00,-1.527016961269038831e+01,1.669972833009425983e+01,-6.098913254267749551e+00,9.428224252981753040e+00,1.215154820824161597e+00,-4.809462924195875289e+00,-1.997869970150946628e+01,9.685785674134351098e+00,-3.945913985556180226e+00,-5.885783480844928306e-01,-9.908645759883203397e+00,-3.818647424000740642e-01,2.787626638903454790e+01,-4.070018504314401042e+00,-1.635611035062713992e-01,-1.201558786706854498e+01,-1.013712697893478065e+00,9.346401232550255456e-01,-3.438610184256874369e+00,1.036239947497140079e+01,-3.162055467457280500e+00,-3.106633319149878503e-01,-5.111144432163529316e+00,2.696849163966739127e-01,1.015661799989883995e+01,-1.907731358296218716e+01,2.565678706301360634e+00,2.650558735350867501e+00,9.502544883326393688e+00,-1.315721154093967193e+01,4.886276223317108425e+00,-3.149616345107486559e+00,2.909789640420616941e+00,2.233959177797903983e-01,-6.977823709186958823e+00,-4.233703585351441312e+00,-6.406520775210805319e+00,-7.317281865814345920e+00,2.249781022701926503e+01,8.284650751265832724e+00,1.058247380013515304e+01,-1.106887816938609426e+01,-3.760468099905906136e+00,1.240887296550518215e+01,1.461460285217664801e+00,1.892332427892183944e+01,-6.625766421854136112e+00,-4.741979941544919086e+00,-3.809740214823384541e+00,9.293239590203311584e-01,1.262393687307888257e+00,-5.982670019875735434e+00,-2.542495730169568091e+00,-3.698864745127031117e+00,-1.176445797506339019e+01,-2.309390784126330143e+00,-8.724280172789685039e+00,1.725344805656913039e+01,1.400105509447132057e+01,-9.495334665458631918e+00,-7.147557446686135130e+00,-3.377010313004067399e+00,-1.298019557728636286e+01,3.945025124874195210e-01,8.568723877245844278e+00,-2.302546412792348285e+00,-6.126648467594489333e-02,4.352330144132372070e+00,1.042798643913998546e+01,-9.927110782440241366e+00,-5.102857359740884391e+00,-2.372726423693142905e+00,1.218094752446663520e+01,-1.379534283940747841e+00,1.367467425644071310e+00,4.539443382656378922e+00,1.854924592449089360e+00,-5.658209360184377701e+00,-9.024020362559976860e+00,-7.493444863296593539e+00,2.840739110146150992e+00,-1.105653553854075710e-01,8.339839376360109746e-01,2.892823804812468147e+00,1.072197357272244389e+01,1.543756596732510200e+00,2.823332997324525806e+00,-4.996221925466889147e+00,-2.439095594021910784e+00,1.596370553186369534e+01,-4.292252465190314226e+00,-2.229607544730093149e+00,-6.491898324012271182e+00,6.092458163401969884e+00,3.707262464871626584e+00
-3.167509128250104222e+00,-4.200920279017607584e+01,1.702364703598989237e+01,2.832451746819748450e+01,-2.743336771845999777e+01,-2.836943227207926910e+01,3.328627932491762209e+01,3.416722227986622951e+00,4.630358152984501174e+01,-2.355682437850822097e+01,7.940254764316075686e+00,-8.269495530212157064e+01,6.425502567831848921e+00,-2.800980682183463077e+00,3.487971932452632018e+01,-5.703664810301354748e+00,1.386323590771359271e+01,8.035637052930822222e+01,-1.941704094630668465e+01,-7.708718608876075962e+00,-2.851048387147204011e+01,-8.154716605707298172e+00,-3.968659751232477717e+00,3.201158449975189946e+00,-1.923230594937512805e-01,-1.867348301368096131e+01,-3.160789863520260923e+01,7.756084732165094309e+00,1.184750942081803338e+01,6.376720569901856805e+01,2.363614113484393542e+01,3.874378007429687187e+01,2.013010314586691507e+01,1.577585327329945208e+01,-4.603847447306855400e+01,8.562788734101610899e+00,1.072658745765133759e+01,-3.997198458337430083e+01,1.134183765729233251e+01,5.992430160064903788e+01,-1.720765150039591518e+01,-5.797743920635073600e+00,-6.275177313172530802e-01,6.169979043145351483e+01,2.267218241575268323e+01,3.238350321604736592e+01,-4.720725305444423725e+01,-1.683957045041100997e+01,3.619446713300300900e+01,-1.845819181333487435e+01,6.470303351045610896e+01,-1.777712861659819765e+01,2.417750457078137316e+01,-2.809822581245455453e+01,-3.587974755461437848e+00,3.372062054263425068e+01,-3.814373888861943129e+01,-2.710042770867708128e+01,-1.805285630914157124e+01,2.370566056096624763e+01,1.589793394813105820e+01,-1.170164443279541366e+01,2.591781292597855924e+01,1.817279130962313616e+01,-3.369761276446631371e+01,-1.131551019203451069e+01,-2.032301038526350467e+01,-5.391708933262835757e+01,-6.011227024828406762e+00,1.092117015696773663e+01,-8.755856207740523089e+00,1.030201364348925397e+00,1.336779230771070193e+00,5.716922339369534001e+01,-3.304856375113036648e+01,-1.573698701978805481e+01,-6.756974191334588653e+00,3.195959184073864279e+01,1.147422179899177941e+01,1.464026887489545992e+01,4.607991710746738789e+01,3.772335626157150013e-02,8.056300567179034644e+00,-4.511175908804080592e+01,-3.072292232671360068e+01,7.315144978271172604e+00,-6.808667130299767223e+01,1.659870276165394287e+01,-2.647865369019408632e+01,9.547758429541207903e+00,-2.550005707169872071e+00,1.785784725355049929e+01,1.091107946552467034e+01,-9.070999381334196698e+00,7.682372756940487157e+00,7.021383185030781071e+00,2.373503255904593212e-01,-3.052608411771883112e+01,4.504666769312909480e+01,4.391646081931328993e+00
-3.788658799524344811e+00,3.402974413233804896e+00,2.936491489079736006e+00,1.455297975480366901e+01,3.942060142331387240e+00,-2.063465037251983958e+01,2.251778157431841976e+01,-8.558738653437538701e+00,1.212112349286726776e+01,2.197365321915787817e+00,-6.862075098351333224e+00,-2.601683413940439493e+01,1.333732155686489307e+01,-5.429578641768915581e+00,-1.569207018462778436e+00,-1.366290844320124975e+01,-8.295041903640121284e-01,3.705479320172857882e+01,-5.244795557352409432e+00,-6.172715210733814573e-02,-1.610361261719776138e+01,-1.234923606720449651e+00,1.385711324352484342e+00,-4.852900352391142036e+00,1.442103755203895332e+01,-3.997568884048052329e+00,2.477349609223216120e-01,-7.277833788012204153e+00,1.203400746324900794e-01,1.275883729737062922e+01,-2.705016542549430625e+01,2.736093656038453226e+00,3.254603659996392118e+00,1.288123855525685713e+01,-1.731485635629043074e+01,6.613928362868147559e+00,-4.612719399725675018e+00,4.908184943610235607e+00,6.681761020705945242e-02,-1.099713643419847031e+01,-5.520054340172560359e+00,-8.788481567842369557e+00,-1.016681889407190376e+01,2.997324788723403088e+01,1.103846403455552228e+01,1.402644664417641351e+01,-1.438427696652495591e+01,-4.869573978098752143e+00,1.648548008616981164e+01,2.430360641591250648e+00,2.493556516990405214e+01,-8.835810064841403744e+00,-7.117485052074237650e+00,-4.695927709303192366e+00,1.370125775605632645e+00,1.030930323357658551e+00,-7.502960866837327103e+00,-2.954312606074193770e+00,-4.757766746624663590e+00,-1.687750094853532445e+01,-3.554984822006171274e+00,-1.188610656436822666e+01,2.344666651926647560e+01,1.908831980006680240e+01,-1.248567284921620413e+01,-9.700765363238190275e+00,-4.261144444332803261e+00,-1.689909387363648818e+01,6.781736949924459523e-01,1.168647531141973950e+01,-3.015108118083167366e+00,-1.074000255671020421e-01,6.026511457916604364e+00,1.327832052080973035e+01,-1.310035260103245136e+01,-6.760919365075080734e+00,-3.155747606088406876e+00,1.625947513356863539e+01,-2.166139687050980811e+00,1.587574383341817885e+00,5.324318570440792264e+00,2.579890282843963156e+00,-8.045407329371204952e+00,-1.158440514134032284e+01,-9.764494485399161761e+00,3.794872416376145807e+00,1.310859679345117712e+00,8.032245771306554261e-01,4.594311249758075810e+00,1.471177294984740946e+01,2.202638879723631593e+00,3.543860339849014274e+00,-7.185816001720093382e+00,-3.198305574750029301e+00,2.204456811090034307e+01,-6.122728625309089345e+00,-3.107093013507025159e+00,-8.375306770625771335e+00,7.507209503774085135e+00,5.063331307821161253e+00
-3.419051659156962852e+00,-4.189885802833704531e+01,1.725615486070326199e+01,2.933237991016080670e+01,-2.725083023677050065e+01,-2.976809107572100999e+01,3.481857951469341828e+01,2.875722166355195064e+00,4.720155648907156376e+01,-2.347637442625507376e+01,7.519904004636282835e+00,-8.457935891129513095e+01,7.298837871472858119e+00,-3.156989755233442274e+00,3.486880110087128060e+01,-6.596055301215153044e+00,1.384567535011158235e+01,8.294381530516238854e+01,-1.980399983272839393e+01,-7.732549506565601583e+00,-2.961843670391692029e+01,-8.255061854982853831e+00,-3.889870359820667645e+00,2.897662327731885146e+00,7.335747667770957658e-01,-1.897840509803227960e+01,-3.167343891057301519e+01,7.308551426138517826e+00,1.188577134718233985e+01,6.475115107137000336e+01,2.195937583909991986e+01,3.901938798890051885e+01,2.039105162064781496e+01,1.664398638967291433e+01,-4.726940659898681218e+01,9.009727640050675390e+00,1.045791358900707202e+01,-3.975969658461587386e+01,1.137535822079968284e+01,5.937228300657334756e+01,-1.760659907905601429e+01,-6.377248407178965017e+00,-1.282241437060093858e+00,6.378424503111038746e+01,2.343970953904390342e+01,3.336800181361564199e+01,-4.825293958453497822e+01,-1.719578324605650721e+01,3.734675262246665994e+01,-1.834963513477588748e+01,6.647161171417063485e+01,-1.839054468330492043e+01,2.378259041675023511e+01,-2.847229764218605297e+01,-3.509205527602806907e+00,3.387374558366569488e+01,-3.872401939932997550e+01,-2.736004851892344547e+01,-1.840501339185026453e+01,2.268255650670764467e+01,1.571053464088812390e+01,-1.249535187468434927e+01,2.749079501766972200e+01,1.944583828092020283e+01,-3.458652005041963662e+01,-1.196783835741341306e+01,-2.064911519052347089e+01,-5.514161671364072248e+01,-5.983152922468971902e+00,1.170004217476316910e+01,-8.972107936645739912e+00,1.025956951656662453e+00,1.727361396019987616e+00,5.816953666017368363e+01,-3.397528484814638716e+01,-1.621185661501847619e+01,-6.977109283834090014e+00,3.308644558739593577e+01,1.136464051206004022e+01,1.477998153565048334e+01,4.654069552844118363e+01,2.035502170673106348e-01,7.560232747668928610e+00,-4.597218441839300596e+01,-3.142935788807418973e+01,7.577775251274633916e+00,-6.817792439996996734e+01,1.669307649697490703e+01,-2.625175590326745834e+01,1.051743330555898126e+01,-2.415081767699099657e+00,1.813152162311297388e+01,1.047758781137575035e+01,-9.299831670629512104e+00,9.118292117201082903e+00,6.646159364460677565e+00,3.836534666361179902e-02,-3.114277235113055653e+01,4.564501019237530954e+01,4.728226975642090935e+00
-4.212787457442217054e+00,-4.084417756231697894e+01,1.776036015711928329e+01,3.225816969239247101e+01,-2.619082969009482298e+01,-3.400640722771579760e+01,3.942595118667389897e+01,1.002089271812589999e+00,4.946539078063774042e+01,-2.282254198054493699e+01,5.978069978851364041e+00,-8.956563455813451924e+01,1.012904948958084717e+01,-4.307748466354222927e+00,3.426430140679403991e+01,-9.502052058653127631e+00,1.356098312432343889e+01,9.033070625261382247e+01,-2.078827030774054663e+01,-7.687141638889400497e+00,-3.287754939178331881e+01,-8.459517364199657052e+00,-3.560495269474868163e+00,1.825662314263510666e+00,3.848152953702282719e+00,-1.969909819289714648e+01,-3.137913753258188621e+01,5.678369518386054970e+00,1.182148278357931304e+01,6.701959438103209266e+01,1.593989016399758007e+01,3.931484607281259258e+01,2.094026051375789166e+01,1.930450122745560293e+01,-5.065644753070866813e+01,1.037225600739413700e+01,9.380425560182597877e+00,-3.839560344440764084e+01,1.130336833863009005e+01,5.654173189112238163e+01,-1.866712394105850237e+01,-8.230271141159146708e+00,-3.472202206081453024e+00,6.978456680665459544e+01,2.564987562333586979e+01,3.614920169960129925e+01,-5.099844252546523649e+01,-1.811869137757945580e+01,4.062975555815027917e+01,-1.768435201102919763e+01,7.136155187648296305e+01,-2.016251286022358613e+01,2.206190789449333067e+01,-2.927193999863915153e+01,-3.186095393779662555e+00,3.383937660806569170e+01,-4.005308722667046339e+01,-2.779132544181938158e+01,-1.929454127638529926e+01,1.885854491989265824e+01,1.482198223018357197e+01,-1.497208615956793842e+01,3.235482858048804644e+01,2.342803208175019591e+01,-3.702509618728307572e+01,-1.397575842166520310e+01,-2.141413930890441719e+01,-5.837887820255809856e+01,-5.790953696694131736e+00,1.413962792968323257e+01,-9.556277133887258302e+00,9.949230309804707462e-01,3.018137615018332554e+00,6.060039272134889643e+01,-3.655149889217017289e+01,-1.755145581494740981e+01,-7.606868328769990306e+00,3.635292586887179311e+01,1.080960676273608279e+01,1.501115109999173569e+01,4.733898715298738580e+01,7.601914969986176551e-01,5.762065065896003091e+00,-4.812923625267822558e+01,-3.330316935290920810e+01,8.341251366721387228e+00,-6.737618957672341935e+01,1.674000470210797076e+01,-2.505822595456899649e+01,1.362056327495175800e+01,-1.920162854942228048e+00,1.876048565391047163e+01,8.843232005552811970e+00,-9.921147164495545567e+00,1.381858715505684998e+01,5.270931217904829325e+00,-6.341805761931970098e-01,-3.271819539405127841e+01,4.692240144251221778e+01,5.787803414801468094e+00
-5.936461661344860197e+00,-5.406646828400990046e+01,2.389376893317143313e+01,4.419979819426745848e+01,-3.451645784654852633e+01,-4.705536904413945365e+01,5.443232482552619445e+01,5.896787007994621632e-01,6.689064875820393752e+01,-3.018505153598441382e+01,7.360054854067233698e+00,-1.214708593241229835e+02,1.464095136928555263e+01,-6.205508314784477619e+00,4.546828271493755125e+01,-1.383474308551493870e+01,1.797712638642091321e+01,1.234487519765064576e+02,-2.812449875421864576e+01,-1.023670950354287079e+01,-4.515898031553645353e+01,-1.136671134593062327e+01,-4.618437437784161048e+00,2.008002682458835952e+00,6.375491075448350031e+00,-2.656641494598383701e+01,-4.174310530492717675e+01,6.925018204218396534e+00,1.574448283296623430e+01,9.031018112421041621e+01,1.886383267340155001e+01,5.256468806723352571e+01,2.815377173847091896e+01,2.681353785720226313e+01,-6.892743496311958040e+01,1.438014036571233234e+01,1.208403494585697047e+01,-5.067663494740842367e+01,1.505023576456631851e+01,7.429920494301511269e+01,-2.532524997860176086e+01,-1.171827504366376616e+01,-5.505263745484255899e+00,9.548684036675624043e+01,3.509882592645084287e+01,4.933286392983018231e+01,-6.912784392191790062e+01,-2.453875275931349620e+01,5.551012067210599810e+01,-2.332602680214477431e+01,9.714779706523852099e+01,-2.760382712444145881e+01,2.874493141270443886e+01,-3.936827872021375896e+01,-4.121477968503860723e+00,4.512876918247302882e+01,-5.396168059923610372e+01,-3.724621674873339572e+01,-2.609405172004415618e+01,2.363285041395743846e+01,1.941853149729175954e+01,-2.096071628239028684e+01,4.510163801189886357e+01,3.284145203376769473e+01,-5.036470172039341264e+01,-1.944464860879289603e+01,-2.887199504537908012e+01,-7.916960157054971603e+01,-7.648618428906956979e+00,1.983538529744843970e+01,-1.298122780547001121e+01,1.314874153538331258e+00,4.540972445654649192e+00,8.181158840266753884e+01,-4.978779702866626167e+01,-2.394820788588979710e+01,-1.039885292000369077e+01,4.979814703235480522e+01,1.419892820837549507e+01,2.011738764355204978e+01,6.346957917765069368e+01,1.236078671326824585e+00,6.969683846345753331e+00,-6.506560856300886542e+01,-4.517436355008582183e+01,1.143185714062189717e+01,-8.956162172689636236e+01,2.235024830492781334e+01,-3.295229327390065066e+01,1.940753671891182819e+01,-2.364185536871120874e+00,2.527770722138865978e+01,1.114535012615999676e+01,-1.348278493703602088e+01,2.030859100982341658e+01,6.483151978116956649e+00,-1.114195499600767914e+00,-4.427500993121791595e+01,6.310489058400512619e+01,8.143574361393749683e+00
-1.685178229859969345e+00,-2.123765946943180438e+01,8.695720006432043903e+00,1.466861533144747121e+01,-1.383322963979127174e+01,-1.481745996802454002e+01,1.735045110309814831e+01,1.555645364169131462e+00,2.373767186910799154e+01,-1.190310715708149125e+01,3.885271644242451305e+00,-4.248438957630186508e+01,3.535647575640872287e+00,-1.533278610304962042e+00,1.765940460321737149e+01,-3.176260914086999065e+00,7.014611840784549024e+00,4.152699452420146287e+01,-9.957560957091379450e+00,-3.911348870086482243e+00,-1.479508446166224189e+01,-4.161889405185458912e+00,-1.984287518075543044e+00,1.523121315164742029e+00,2.013720399774783232e-01,-9.554555501006451124e+00,-1.602724102563491115e+01,3.783237684227352737e+00,6.011869810851568907e+00,3.260891037529082581e+01,1.142818266820415118e+01,1.970860164960325633e+01,1.027799200206597874e+01,8.268943070134357143e+00,-2.371085964879496544e+01,4.480372139653624686e+00,5.345199813091132235e+00,-2.017312717023726165e+01,5.754270065260582712e+00,3.016726533398448140e+01,-8.842604862209997307e+00,-3.122941828433144718e+00,-5.290346515491883839e-01,3.191708707477068430e+01,1.172874909159721746e+01,1.671652792024863388e+01,-2.424294967129144851e+01,-8.642420909239094229e+00,1.870052286017322274e+01,-9.312114019078162386e+00,3.333599016899351142e+01,-9.200188919813523825e+00,1.211594716608331090e+01,-1.434951427217959186e+01,-1.791516913107774389e+00,1.712537493628307317e+01,-1.950305363687899884e+01,-1.380730353717701675e+01,-9.255514550096298976e+00,1.167430674330702267e+01,7.990170844943209616e+00,-6.181767401868119016e+00,1.363222099966041867e+01,9.613396685902108274e+00,-1.735114201253153965e+01,-5.940611342469389378e+00,-1.039670361190918157e+01,-2.769848692161695780e+01,-3.034998611520962619e+00,5.781751846857769550e+00,-4.503703759583948418e+00,5.203196158742487976e-01,8.029696579736926854e-01,2.927300432488611648e+01,-1.703466816051072286e+01,-8.122365302086208771e+00,-3.492732265691657290e+00,1.654779553644078760e+01,5.775133472485304509e+00,7.458845765554060314e+00,2.348333710711892763e+01,7.261101805291511613e-02,3.919604740805134213e+00,-2.312202222327268331e+01,-1.578589365297829872e+01,3.789099463715762894e+00,-3.450821870565732752e+01,8.435957865409140055e+00,-1.333545296070626129e+01,5.147829737395498206e+00,-1.247774525894581377e+00,9.131438507528871540e+00,5.385443224662405548e+00,-4.667350221919178033e+00,4.353652276883601679e+00,3.434520659154304045e+00,5.598573853772656483e-02,-1.565725653260268047e+01,2.300449281848668193e+01,2.332515193820733135e+00
-4.700203684781166125e+00,-5.097540085193187309e+01,2.157094502079974063e+01,3.793762544423439209e+01,-3.292439036222295101e+01,-3.928078026311585802e+01,4.573017512616605273e+01,2.392139403359118788e+00,5.954746883403998936e+01,-2.852342651997030742e+01,8.318038783260440994e+00,-1.072728863424846537e+02,1.073152184257387631e+01,-4.596646998920361327e+00,4.259026958838968824e+01,-9.912184601589931532e+00,1.688427530023870204e+01,1.067325015881971098e+02,-2.500504474136497279e+01,-9.499330061486700671e+00,-3.849484282430041304e+01,-1.029661155150531293e+01,-4.590341248712618061e+00,2.911634912051344948e+00,2.817196281337114971e+00,-2.382591250757521451e+01,-3.884384668171283295e+01,8.003358291767639798e+00,1.460488949130530578e+01,8.117304455847074962e+01,2.335808688289150936e+01,4.825704801858994841e+01,2.546107829338369655e+01,2.214137113390289713e+01,-6.032108052113174779e+01,1.193786367198417864e+01,1.222320116323844452e+01,-4.814967362865844080e+01,1.397128159925300039e+01,7.141333519543901787e+01,-2.234448617722963348e+01,-8.995725674348133083e+00,-2.925189350459751925e+00,8.227431224823823186e+01,3.023767803893800021e+01,4.282106442345564545e+01,-6.113877241049783606e+01,-2.175378118492669799e+01,4.803152827839024752e+01,-2.219976908383747372e+01,8.490326445002332889e+01,-2.374743805250961159e+01,2.824532055489876825e+01,-3.557177786764945182e+01,-4.125175240710176716e+00,4.171451358329388626e+01,-4.852809862767840343e+01,-3.397508664984656690e+01,-2.322315966324061520e+01,2.559784797180510196e+01,1.881099016680467884e+01,-1.691696383328268638e+01,3.685933211063710502e+01,2.640545561632685434e+01,-4.411191066410668782e+01,-1.597901344264820445e+01,-2.591161748584179847e+01,-6.992836745786333097e+01,-7.253732003378673632e+00,1.591424651793388811e+01,-1.141334712300183263e+01,1.245010144125761720e+00,2.921227220954738968e+00,7.316365336888361526e+01,-4.344336606102142184e+01,-2.079747518636684944e+01,-8.983328909684580310e+00,4.277228069347643924e+01,1.366133042126614505e+01,1.835233486134374203e+01,5.783290663187086267e+01,5.927516253664908419e-01,8.210255381155828758e+00,-5.796716815474345452e+01,-3.987504207189914496e+01,9.805551390846297011e+00,-8.350906287135700268e+01,2.059626295596887502e+01,-3.161140674704300935e+01,1.486479346855604433e+01,-2.671565848646391128e+00,2.272612128045487268e+01,1.190534381250492935e+01,-1.183995336038891111e+01,1.412209901614330576e+01,7.343853716454777469e+00,-3.658921198395812535e-01,-3.933863435981945145e+01,5.702366131493219115e+01,6.476542867185858476e+00
-4.503586192467052385e+00,-3.140607679233039562e+01,1.500510647147563503e+01,3.006946059742838528e+01,-1.960126638827997425e+01,-3.331558202641678434e+01,3.819582019148076313e+01,-1.817856025310427448e+00,4.299564791433273570e+01,-1.745844103352796850e+01,2.653080851811790986e+00,-7.909387841882269754e+01,1.211949675244604485e+01,-5.080166098889637993e+00,2.673926719475834091e+01,-1.172086519366001589e+01,1.051909454895386631e+01,8.307268030056597752e+01,-1.811535408810152603e+01,-6.125281661851456505e+00,-3.103504851660808939e+01,-7.097133818523674975e+00,-2.405144653066642046e+00,-3.185177825112361916e-02,7.461117655016390238e+00,-1.686923935430571930e+01,-2.485096609693820824e+01,2.288033034865555315e+00,9.427376333082408522e+00,5.713493080115648581e+01,4.400893759335399835e+00,3.206612727396355211e+01,1.762827508895927764e+01,1.926890434913608630e+01,-4.552798100449082597e+01,1.025933193651538922e+01,6.042773298363965040e+00,-2.900130508218249403e+01,8.999456038240790434e+00,4.155643499441791278e+01,-1.651444590661876788e+01,-9.221925072266341061e+00,-5.863212522795222092e+00,6.458871424823426821e+01,2.374668210683849168e+01,3.299957118108041243e+01,-4.490463656619903787e+01,-1.588012765833888551e+01,3.730978802937889327e+01,-1.330566227768068188e+01,6.430288735106876175e+01,-1.871498678061566068e+01,1.535158545343813685e+01,-2.468689422275122070e+01,-2.112492770752169235e+00,2.719581594935150548e+01,-3.410839044682390409e+01,-2.297884070430935921e+01,-1.678004026807072080e+01,9.826170415821509962e+00,1.068841709622006420e+01,-1.552344783470257639e+01,3.286242346925826041e+01,2.444018711739268213e+01,-3.322479428740643215e+01,-1.406458058237931574e+01,-1.831211288491467570e+01,-5.153546727771925617e+01,-4.393038323835686931e+00,1.480120005186439691e+01,-8.512044157509263798e+00,7.575358323421463869e-01,4.238045248897426731e+00,5.219436661135485167e+01,-3.303630962155050099e+01,-1.600716020683813667e+01,-7.006445574195414139e+00,3.384338239203376020e+01,7.925269737956989857e+00,1.240925243096449471e+01,3.923071704281626637e+01,1.391785277804175491e+00,2.120097105582847696e+00,-4.177033099884089751e+01,-2.943714703376397424e+01,7.785009136719005518e+00,-5.312123759277287149e+01,1.354305610606395938e+01,-1.850235965925515558e+01,1.531281324115944642e+01,-8.526207361432418530e-01,1.598506926175168985e+01,4.830205582264037290e+00,-8.857835227147933921e+00,1.770959262483476948e+01,2.317151889556578581e+00,-1.452696625799308805e+00,-2.854819620175392103e+01,3.956646080514825314e+01,6.144022499416728067e+00
-5.198875364696362134e+00,-5.002492506306126785e+01,2.179421901745628531e+01,3.967208457902148666e+01,-3.206122370105249786e+01,-4.187218924442823464e+01,4.853199554243409608e+01,1.147162556108971110e+00,6.073761511701366800e+01,-2.794967856838171016e+01,7.261590233285797780e+00,-1.100144386220594441e+02,1.253995277093299521e+01,-5.330778284374053655e+00,4.197821833565187433e+01,-1.177460775490437683e+01,1.661199335473214234e+01,1.110564953576735974e+02,-2.552694916508535883e+01,-9.421660758649816003e+00,-4.044584160930433114e+01,-1.037935372269700274e+01,-4.350503408383938897e+00,2.191558483843347283e+00,4.852569341161397709e+00,-2.418030196166212775e+01,-3.845476847188864866e+01,6.890355566486756622e+00,1.448911100224806070e+01,8.225743107902606255e+01,1.927946067106352857e+01,4.820870514386561467e+01,2.569439660795797664e+01,2.378073320912623245e+01,-6.224646018137734416e+01,1.277441803051253544e+01,1.145266925021286752e+01,-4.700980458898931147e+01,1.385362278249647261e+01,6.919143116110498681e+01,-2.292995432602637251e+01,-1.016985059469974573e+01,-4.351575382419650140e+00,8.580891817335017890e+01,3.153995803915168139e+01,4.443580896563872074e+01,-6.263787491777322458e+01,-2.225166244103125379e+01,4.995027140389501596e+01,-2.165029872096138064e+01,8.769395907049954531e+01,-2.479401300712387268e+01,2.697093185488701650e+01,-3.591902938432109949e+01,-3.891800180783017371e+00,4.148204209152488176e+01,-4.915855822079605275e+01,-3.408796813538631909e+01,-2.369168300874073552e+01,2.295268404093635795e+01,1.813164570788730501e+01,-1.846167191734063096e+01,3.987467561138173266e+01,2.889309594694740468e+01,-4.549469800963240829e+01,-1.721993729656468730e+01,-2.628468628740210988e+01,-7.170685308151185211e+01,-7.090763794002576503e+00,1.743955345550696734e+01,-1.174034156869527123e+01,1.218324971172615623e+00,3.755925521025845093e+00,7.439520866105721097e+01,-4.492008919616833396e+01,-2.157437059242555932e+01,-9.352548515868832624e+00,4.470660902501705891e+01,1.322736426409284860e+01,1.841212991772643903e+01,5.806727927318454618e+01,9.560669871165371481e-01,6.985668907261151084e+00,-5.909499641551460769e+01,-4.090750108158609066e+01,1.025862701655455389e+01,-8.256136925117297665e+01,2.052352950872973381e+01,-3.066697645479670342e+01,1.683202466768999983e+01,-2.332444896896338271e+00,2.302568126577195784e+01,1.076996456895121312e+01,-1.218924574994189314e+01,1.714407969930172371e+01,6.401940905397783155e+00,-8.066197098924722253e-01,-4.017743763988655559e+01,5.757737618211458397e+01,7.141214458687089817e+00
-1.633125875706321395e+00,-2.563727199067991513e+00,2.574926560579703594e+00,7.725067641148911868e+00,-1.062067210987736043e+00,-9.893746857020982333e+00,1.100583553535037495e+01,-2.739277149830959601e+00,8.475097069947047146e+00,-1.334708793159040674e+00,-1.728900942085666692e+00,-1.669111080505801681e+01,5.324535335765672173e+00,-2.184240671424507063e+00,2.575763279509245329e+00,-5.375556862643994904e+00,9.505049732881369895e-01,2.040969586203506481e+01,-3.611589250359751091e+00,-7.146755082180680230e-01,-8.293693835169239748e+00,-1.172327549033712168e+00,1.365913561013569755e-01,-1.439632236326695569e+00,5.115583887573828648e+00,-3.100848985841057726e+00,-2.752107934218776641e+00,-1.893431041425474470e+00,1.107449059859414220e+00,1.027135822057071124e+01,-7.503997047041130131e+00,4.455369090599615944e+00,2.967297891642256324e+00,6.002424142190712963e+00,-1.029987490784876769e+01,3.123540877399884952e+00,-6.779102317937093503e-01,-1.844914748645863689e+00,1.042959224228520387e+00,1.470594189850611855e+00,-3.511026232373373634e+00,-3.649060736305723918e+00,-3.675054779535184224e+00,1.621268900629010190e+01,5.966230929658826732e+00,7.902399449367365492e+00,-9.361822981885179473e+00,-3.246425640148272507e+00,9.120093861557554860e+00,-7.936161564339530017e-01,1.468950269637135264e+01,-4.742373160391180065e+00,-3.607304033227825002e-01,-4.196322030790852864e+00,1.652523391178883916e-01,3.397071111379140529e+00,-6.098115885227939792e+00,-3.486768560334794209e+00,-3.315655999071061455e+00,-3.877003351255158492e+00,1.632651251348091748e-01,-5.282119591549392368e+00,1.067432268267092255e+01,8.427093317855831600e+00,-7.472079124718446153e+00,-4.469595198270587488e+00,-3.342889618727753920e+00,-1.085986485714508376e+01,-2.987868126408642633e-01,5.140931656974583319e+00,-1.859965281088936884e+00,5.434704907447365785e-02,2.265133334199082693e+00,9.863363064371529987e+00,-7.632537989656730026e+00,-3.820532299487416239e+00,-1.730403532787060161e+00,8.659106479616294649e+00,2.600809124473715261e-01,1.880637564378935700e+00,6.035818358052933874e+00,9.216476859259873367e-01,-2.139655375696539075e+00,-8.176966325408010050e+00,-6.236227210604180726e+00,2.008043807498976818e+00,-5.651691443916096347e+00,1.777449451525472623e+00,-7.441215525084037274e-01,6.094308235052173117e+00,5.548397681537066140e-01,2.866067956332534195e+00,-1.577171589256400885e+00,-1.953489323580125170e+00,8.536639512607994362e+00,-1.548315811615744719e+00,-1.084576341189591009e+00,-5.724087092858828107e+00,6.719924894141387384e+00,2.196819713787579342e+00
-2.029845776295651660e+00,-1.064049679370253365e+01,5.621472541420640567e+00,1.228673652553385942e+01,-6.426704656168061192e+00,-1.414472867902870235e+01,1.608242365896262527e+01,-1.647781071258992869e+00,1.654464145514821638e+01,-5.878960976117102888e+00,1.240386656361169848e-01,-3.087347319628180031e+01,5.832734892780438329e+00,-2.425942959470304583e+00,9.215884397739149136e+00,-5.730957881966469714e+00,3.600476325179515769e+00,3.357316868355174222e+01,-6.986993409673577737e+00,-2.160761888362656258e+00,-1.280895807725429592e+01,-2.640703859983788870e+00,-6.822754076117910627e-01,-5.831259195280158458e-01,4.322690814105807355e+00,-6.401903298027143308e+00,-8.707746752134958967e+00,-5.330080748051724271e-02,3.328598812223161119e+00,2.159079602023658140e+01,-1.640698563544438215e+00,1.159605918610947484e+01,6.581199706544184735e+00,8.292527044437344230e+00,-1.804703857981287740e+01,4.386379687395693061e+00,1.580857724076744741e+00,-9.617649398075503342e+00,3.171845574348732377e+00,1.331410160153001954e+01,-6.456596402496645126e+00,-4.277931933081015714e+00,-3.259538204867771238e+00,2.624011502871300650e+01,9.649619326011711351e+00,1.325483260173018607e+01,-1.748251029236528353e+01,-6.156925965382270327e+00,1.505999481492706238e+01,-4.391494561280394393e+00,2.554592105782498024e+01,-7.621019371963660305e+00,4.558396562409344988e+00,-9.232687681895436427e+00,-5.812235388921506152e-01,9.682828224630432246e+00,-1.287585338466412210e+01,-8.426927061695996812e+00,-6.460134668770819211e+00,1.465561881110714282e+00,3.338800257527354987e+00,-6.858444459962267814e+00,1.431681395474586793e+01,1.084213504086419988e+01,-1.315243065798360433e+01,-6.087996803176361382e+00,-6.940242609768982440e+00,-2.011011325333525690e+01,-1.464551551555918429e+00,6.580994131582645679e+00,-3.347948595518776216e+00,2.536721920830364296e-01,2.200225698319670631e+00,1.991504673317170315e+01,-1.315860613228005960e+01,-6.424487517029250583e+00,-2.835194669766485376e+00,1.381466288535352760e+01,2.531029887104000675e+00,4.549865258408011037e+00,1.441996906309575621e+01,7.933621034059120669e-01,-2.028032990225590027e-01,-1.605059866996876750e+01,-1.150009560428076227e+01,3.184239664664564096e+00,-1.852153499905223555e+01,4.856042884627148837e+00,-5.963488498627810941e+00,7.117403470898105766e+00,-4.017186045151599494e-02,6.037581655562612504e+00,8.513044335958093178e-01,-3.491109923136149540e+00,8.824237879092530434e+00,9.306893803894134010e-02,-8.769092180149975491e-01,-1.102384438271381839e+01,1.479526740821829733e+01,2.756803500489860781e+00
-2.744604933376243672e+00,-1.234549594909710102e+01,6.937764473261955445e+00,1.587770610243704894e+01,-7.290904649494548195e+00,-1.861935120222421958e+01,2.108720684636001153e+01,-2.709259246195627746e+00,2.072396085293114254e+01,-6.793147101430147217e+00,-4.548802683245312117e-01,-3.897061414265570534e+01,8.101677441358148712e+00,-3.359311365289255669e+00,1.081356744319296048e+01,-8.009311538693006938e+00,4.205664644436074795e+00,4.314746831881851108e+01,-8.763018848639143599e+00,-2.573065011470475394e+00,-1.663436255376819517e+01,-3.246353217917356648e+00,-6.891300247168912207e-01,-1.118865616217554093e+00,6.402398791531031641e+00,-7.958284884293192363e+00,-1.032572824007297108e+01,-7.021045567886052829e-01,3.965957549408599903e+00,2.677631026479766874e+01,-4.323813712788194152e+00,1.401981564808964720e+01,8.106134784346071598e+00,1.098463445920071102e+01,-2.296511683935259285e+01,5.792859951239008431e+00,1.473690506793229993e+00,-1.099792924196344757e+01,3.774989062134725071e+00,1.485602717306388243e+01,-8.156903800887839395e+00,-5.854848747872355652e+00,-4.765659947186144940e+00,3.381201449451820906e+01,1.243553783277342895e+01,1.698188772722362572e+01,-2.203707074649761211e+01,-7.743711595113324186e+00,1.934280008804288187e+01,-5.005131440500116824e+00,3.254494786669059181e+01,-9.831615086004322990e+00,4.792078799631256381e+00,-1.138341835884577158e+01,-5.704173623487935885e-01,1.159665078428900564e+01,-1.595898564783067997e+01,-1.027306831777160667e+01,-8.094203265073751652e+00,2.602183429443893914e-01,3.655501073659853883e+00,-9.193163314120816665e+00,1.907064857674586378e+01,1.455913826958655832e+01,-1.672497094324882383e+01,-8.085830580521069066e+00,-8.621130676763023359e+00,-2.538019080271795858e+01,-1.680813554365028217e+00,8.845945899956888070e+00,-4.243021388990565690e+00,2.920139292353235438e-01,3.143482174847278543e+00,2.483060100377147705e+01,-1.678625901397341380e+01,-8.227657860678712964e+00,-3.646056352443713511e+00,1.784312793435898215e+01,2.817519625839002284e+00,5.545973766385407622e+00,1.760265141308163805e+01,1.169191224584512856e+00,-9.471283538626127374e-01,-2.008977948904423627e+01,-1.452265593231342145e+01,4.116924000429171393e+00,-2.189420692957103398e+01,5.840965160195556116e+00,-6.683214592779092911e+00,9.748891373986628750e+00,1.455865282537200933e-01,7.485537663810545972e+00,3.809199796098559077e-01,-4.429219942306245272e+00,1.242072447116599143e+01,-4.267902299898596041e-01,-1.314742759985306542e+00,-1.383479617053649235e+01,1.824021061317505854e+01,3.720329985462107025e+00
-4.091049458849656872e+00,-4.228532983863338046e+01,1.809857303752134783e+01,3.227029657422782094e+01,-2.722990229712493004e+01,-3.367347937853597273e+01,3.913175791543109483e+01,1.591010676770260535e+00,5.014985890349878161e+01,-2.364714170031470530e+01,6.604668188472916590e+00,-9.053918516140603856e+01,9.560192689103063302e+00,-4.081667129795427229e+00,3.538932167070269230e+01,-8.893218376050239016e+00,1.401985395296722459e+01,9.060614061071518677e+01,-2.106607551137645373e+01,-7.912512222907806425e+00,-3.280687994030222399e+01,-8.631309752669819702e+00,-3.757256960300912940e+00,2.197113070757507280e+00,3.021076236646935254e+00,-2.002586295284870843e+01,-3.233174538432390932e+01,6.323179374176524981e+00,1.216640346988130261e+01,6.818626857906120620e+01,1.818236390726853102e+01,4.030938434857757358e+01,2.135259147246824440e+01,1.903925060394510638e+01,-5.103722927721647551e+01,1.024979760553556929e+01,9.961640653120579003e+00,-3.986199783405425734e+01,1.163632311293379296e+01,5.894735104461140907e+01,-1.886365055446846029e+01,-7.901859265377456865e+00,-2.911771871177159632e+00,6.990938960273204827e+01,2.569434723371219675e+01,3.631183676680536365e+01,-5.158084192058503703e+01,-1.834133780863365359e+01,4.076548830284975367e+01,-1.837083426948028020e+01,7.186247343602390458e+01,-2.018709575102890597e+01,2.318516768303430098e+01,-2.983876725407198194e+01,-3.370666140311517900e+00,3.478188733031681323e+01,-4.075830691274050821e+01,-2.842772183039585343e+01,-1.955958054724113637e+01,2.052368736965865637e+01,1.549649985267931740e+01,-1.464254348219766122e+01,3.178894603461583657e+01,2.288041980896021954e+01,-3.731450612389169663e+01,-1.375921924047861822e+01,-2.177486939214164963e+01,-5.901727102654106716e+01,-6.008064448126515522e+00,1.379828172706415579e+01,-9.644526090192648837e+00,1.031628731210059158e+00,2.714582414836826274e+00,6.154157269534528041e+01,-3.678662757435782282e+01,-1.763364078783226319e+01,-7.627756447643050386e+00,3.637578958258589523e+01,1.127367284501250566e+01,1.535542608863583069e+01,4.840393386747905424e+01,6.143710445949167598e-01,6.459506900749350855e+00,-4.880888632305912012e+01,-3.365924289761522914e+01,8.342310557113616909e+00,-6.947247210508511728e+01,1.718710278671639813e+01,-2.610610099993166244e+01,1.306612869803179500e+01,-2.121331065167385344e+00,1.908887413377238929e+01,9.576478600425465615e+00,-1.000831909751765103e+01,1.279111824647214846e+01,5.828136102524656970e+00,-4.501652501635937664e-01,-3.314754717923828764e+01,4.783234005400735356e+01,5.629811944799905099e+00
-2.219600960623221209e+00,-3.131443191678462412e-01,2.469597227351337132e+00,9.356878479543576432e+00,7.291165946019537714e-01,-1.266066671907484853e+01,1.393580436276861789e+01,-4.470455268712495212e+00,8.961365517662832403e+00,-1.863836471185287280e-02,-3.316770522654468145e+00,-1.837630766264292248e+01,7.570714691500865179e+00,-3.091535983472560645e+00,9.419588980958444324e-01,-7.710338773696176595e+00,2.626641433419494298e-01,2.424807250815993598e+01,-3.845765408372794347e+00,-4.299574110290388385e-01,-1.020821459129734521e+01,-1.089772526227476446e+00,5.481407888708209608e-01,-2.469800613870753558e+00,7.818672342332895653e+00,-3.130459377758249229e+00,-1.491064379595445466e+00,-3.551939698695276704e+00,6.746279535854218246e-01,1.020568225452215216e+01,-1.346880254404779365e+01,3.477845245670427854e+00,2.802047291499768722e+00,7.804001955480551089e+00,-1.176718642345833032e+01,4.030790246167934576e+00,-1.952394604886154683e+00,6.087411908148778750e-01,6.195669250588666799e-01,-2.888052839102931202e+00,-3.881565861828322639e+00,-5.069059681318517363e+00,-5.551402597249635029e+00,1.944432378954465435e+01,7.158307000140278653e+00,9.279794057949631636e+00,-1.023640908177068098e+01,-3.509518068417603054e+00,1.081069035647519527e+01,3.700601978923137025e-01,1.686403424419994224e+01,-5.710834935481813091e+00,-2.620363078914401456e+00,-3.994269512547966805e+00,5.592581479050409143e-01,2.293851232015347463e+00,-6.034713899126406211e+00,-2.997505982600812580e+00,-3.511220272637812112e+00,-7.942923686069483402e+00,-1.112240871756609906e+00,-7.054256705772229630e+00,1.406110648950926922e+01,1.129683144453116839e+01,-8.510956774604206743e+00,-5.848070292776792911e+00,-3.358376089594216296e+00,-1.194667269708069668e+01,5.900261600472389567e-02,6.905746777129055047e+00,-2.087074154786089153e+00,-5.321086569910676856e-03,3.340283437594383287e+00,1.014836262868675654e+01,-8.811260404904320609e+00,-4.479544130629857790e+00,-2.060621658859485450e+00,1.047020836717524617e+01,-5.858015661652409278e-01,1.614754207380181938e+00,5.260168675194753618e+00,1.402451926151603967e+00,-3.953182806775160874e+00,-8.608710401255416755e+00,-6.880761583161958406e+00,2.436281053486710757e+00,-2.789990698223959953e+00,1.289683769613130027e+00,1.132295345801545672e+00,8.477418606293568359e+00,1.064575098338377934e+00,2.842213471814919235e+00,-3.339730314135353151e+00,-2.202731565904345601e+00,1.236214471627426903e+01,-2.962667261366208837e+00,-1.674501047730589942e+00,-6.116508001536672623e+00,6.392028069124000567e+00,2.974521651316527127e+00
-1.520826872432808674e+00,-1.275617457300538682e+01,5.765615799177957967e+00,1.092891530717752957e+01,-8.092536595331154103e+00,-1.178347415245384333e+01,1.359175075757362094e+01,-1.069790713647680303e-01,1.625349576919523287e+01,-7.113119619784721515e+00,1.551696351047043620e+00,-2.963140091550629762e+01,3.866109296254812033e+00,-1.632183310003793908e+00,1.076489142623509210e+01,-3.683834008989170350e+00,4.250155488241969870e+00,3.042042720479791029e+01,-6.838147478602026652e+00,-2.435588733356581770e+00,-1.120174587190069104e+01,-2.738131777067346118e+00,-1.058026883390685402e+00,3.372561878410315073e-01,1.932270982297359607e+00,-6.431688764754744270e+00,-9.917384356278072133e+00,1.436258049542729953e+00,3.746769848501819933e+00,2.183997169161523288e+01,3.703718307839606538e+00,1.257641876951129412e+01,6.787630366447983121e+00,6.747003762777394442e+00,-1.688774260788954251e+01,3.609928813112557311e+00,2.739797217143446595e+00,-1.190676174590056036e+01,3.580164952707394210e+00,1.734724398457281325e+01,-6.180567813519179943e+00,-3.039864166273405388e+00,-1.602509967621680076e+00,2.356788984201378412e+01,8.663634535673223169e+00,1.213410960577897413e+01,-1.685075510831399725e+01,-5.974790013666861022e+00,1.367378652661227534e+01,-5.475638566294131593e+00,2.381729836122465116e+01,-6.818065041189020015e+00,6.628633756825855983e+00,-9.495535989669978250e+00,-9.403235039700870157e-01,1.075926324447544680e+01,-1.304622498742707570e+01,-8.940711941237061922e+00,-6.341337652607831998e+00,5.131352568416985171e+00,4.514141525352828310e+00,-5.326739751881523155e+00,1.140018035806854257e+01,8.359417889836421978e+00,-1.233493427251357488e+01,-4.903177694223426641e+00,-6.987458897919802681e+00,-1.931083885738607364e+01,-1.798894533999305878e+00,5.053423831017405554e+00,-3.173399360155381377e+00,3.095132551582880920e-01,1.253674745460002127e+00,1.983441042524174591e+01,-1.221552556660500777e+01,-5.889008486558024558e+00,-2.563494251184974093e+00,1.230922193134008324e+01,3.313276299660581792e+00,4.828813887347655154e+00,1.524383491789284939e+01,3.683884944839481701e-01,1.424709866018517790e+00,-1.580408695182607737e+01,-1.102232921793361520e+01,2.827551824740157649e+00,-2.125566604185596375e+01,5.337030633655506229e+00,-7.701815088113212582e+00,5.039072398710281675e+00,-4.984793373096016444e-01,6.112191805970944358e+00,2.442311136807044925e+00,-3.297936710036316832e+00,5.465072057939853067e+00,1.364562626934298750e+00,-3.546360748925647122e-01,-1.076838558968011483e+01,1.522017119764864290e+01,2.082386640882143869e+00
-5.002574106797659681e+00,-5.495554322598485442e+01,2.318626018605383976e+01,4.063065700466790275e+01,-3.552258854587622494e+01,-4.198147639242025519e+01,4.889799374989176073e+01,2.711215404659902628e+00,6.394337198157087698e+01,-3.075514490625696240e+01,9.066850565346676660e+00,-1.151261094636378033e+02,1.134806657984783307e+01,-4.865193503159694899e+00,4.589563614451931528e+01,-1.046048880010320303e+01,1.819790555872317128e+01,1.143702341858221416e+02,-2.684852268179771073e+01,-1.023007343166817940e+01,-4.120637082635658288e+01,-1.107028828724334879e+01,-4.965753864165941778e+00,3.212353740837568861e+00,2.807045007323498709e+00,-2.559820992763059877e+01,-4.183981795012480376e+01,8.734479693949332102e+00,1.572798133112437924e+01,8.722468043610173538e+01,2.558340056053302192e+01,5.193110050163031133e+01,2.737103238634766456e+01,2.364397932011999615e+01,-6.469476384729392748e+01,1.275323497852359544e+01,1.323738933042885257e+01,-5.193586500488439128e+01,1.504641087052698900e+01,7.708739384776150416e+01,-2.397869048434849404e+01,-9.550216852465386097e+00,-2.990367400338155957e+00,8.813962193389043875e+01,3.239295631836652234e+01,4.589855192530404793e+01,-6.562160237900118887e+01,-2.335273070547999552e+01,5.147163433944922417e+01,-2.394805798813700903e+01,9.105042906354660204e+01,-2.543748061385037218e+01,3.053311679485626939e+01,-3.823783710304252281e+01,-4.464511488804557615e+00,4.491146592286647632e+01,-5.214794377099563150e+01,-3.654558899209543910e+01,-2.493705381128172505e+01,2.783545036170255926e+01,2.031596240165160339e+01,-1.803282060896523831e+01,3.932921480732889563e+01,2.813874671402338379e+01,-4.731309932102372073e+01,-1.705704430531233839e+01,-2.784042112821206061e+01,-7.504863110433636564e+01,-7.823155778676137651e+00,1.695601036435985876e+01,-1.224500313334792878e+01,1.342602676799303119e+00,3.051316608800331398e+00,7.859015808526123692e+01,-4.658337577491065673e+01,-2.229297049343307435e+01,-9.625589851297970512e+00,4.581083666803473164e+01,1.474775741773805393e+01,1.974097411513402633e+01,6.220380091374980935e+01,5.977727358215618736e-01,8.969404203921836682e+00,-6.224979787061900538e+01,-4.279273560252399022e+01,1.050107934756330508e+01,-8.996225834742863015e+01,2.217010258165457159e+01,-3.411874226140216138e+01,1.577806657736737073e+01,-2.912046703981640228e+00,2.442085047689218058e+01,1.293557845091672398e+01,-1.270158439730571587e+01,1.486266038229749675e+01,8.005979938461443624e+00,-3.451343707771730163e-01,-4.223689135673186001e+01,6.129783687973960582e+01,6.895663230418688450e+00
-3.392423369212541395e+00,-4.612425026482634394e+01,1.860014827671504278e+01,3.074355940859265957e+01,-3.015691776853986994e+01,-3.066446306590464843e+01,3.601480202261408436e+01,3.926174348274718007e+00,5.050436191561309585e+01,-2.587045454957444335e+01,8.849278441560183950e+00,-9.010505384646531013e+01,6.762493545896237634e+00,-2.955991523841253965e+00,3.826988323357340960e+01,-5.964310970739744810e+00,1.521502783308179652e+01,8.730846795956220774e+01,-2.117518865979793574e+01,-8.449353231252658247e+00,-3.091470332275370936e+01,-8.913520447168014726e+00,-4.379870323676372301e+00,3.611663548936424384e+00,-5.151429564579868003e-01,-2.038638457509155089e+01,-3.465527585409478917e+01,8.656155934593343204e+00,1.298525133063243864e+01,6.963534187131946851e+01,2.648184343810806496e+01,4.241499681886461559e+01,2.199887717906957008e+01,1.702240692788666365e+01,-5.010414225554450240e+01,9.247361546156115608e+00,1.185632050486749023e+01,-4.392271955123593585e+01,1.243203984937731299e+01,6.592386489888227175e+01,-1.874734476703729058e+01,-6.170303920547142162e+00,-4.733762007272972472e-01,6.700569052055038810e+01,2.462136941503824161e+01,3.520431910526470887e+01,-5.144725210711337127e+01,-1.835756349441039248e+01,3.933018498745913405e+01,-2.028601306694693918e+01,7.040428927275114290e+01,-1.930166373362296639e+01,2.665469629191397871e+01,-3.070348925831595821e+01,-3.962216847265034758e+00,3.694435774172561793e+01,-4.165661441527523579e+01,-2.964640774911887178e+01,-1.968998319977891498e+01,2.634339259837176073e+01,1.750307091204393117e+01,-1.257706880233587299e+01,2.791754541250932320e+01,1.951906143167210672e+01,-3.667742015696762792e+01,-1.219988506914537396e+01,-2.218911126861648597e+01,-5.874981953511495902e+01,-6.604097246328071158e+00,1.172568918380447656e+01,-9.534952579752861368e+00,1.131620969591599302e+00,1.338269468081029867e+00,6.239136485368769769e+01,-3.595293161544707061e+01,-1.710894952618306775e+01,-7.340717425457064849e+00,3.469248688175142803e+01,1.262428486151972074e+01,1.601584285674485386e+01,5.040259521740742343e+01,-1.308616458701000740e-02,9.001463655982586687e+00,-4.920915644621162954e+01,-3.347384787112780913e+01,7.939123528924852735e+00,-7.466743648195772209e+01,1.817932032022362776e+01,-2.912407951337777945e+01,1.015625223929896492e+01,-2.841914415831706453e+00,1.950182078409708808e+01,1.211286612560418341e+01,-9.876561389026614179e+00,7.956594740581081737e+00,7.826367167892554377e+00,3.257596380714334328e-01,-3.328737899898709429e+01,4.922383629352354006e+01,4.707481367242928982e+00
-2.964789558024748750e+00,8.769185063970239113e+00,3.146443432952570340e-01,9.188745021240269040e+00,7.268125816983753040e+00,-1.463398798538738532e+01,1.565259643862996519e+01,-8.136832127115301461e+00,4.561359818955344814e+00,5.176522598903506633e+00,-7.231821885205008016e+00,-1.206277898298682949e+01,1.108028984145696860e+01,-4.485539227484416358e+00,-6.154903655686467800e+00,-1.147039941748950653e+01,-2.630797215774130393e+00,2.227510985106096797e+01,-2.057889043031557730e+00,9.940925370224904523e-01,-1.055335160041944498e+01,3.203565509330208450e-03,1.782365511772250555e+00,-4.785726648274398087e+00,1.295260200936655792e+01,-1.041150611850089946e+00,4.524983364610615233e+00,-7.579418851952741676e+00,-1.504986369662071777e+00,2.755579098561060647e+00,-2.746434004288961717e+01,-2.821842413665330618e+00,1.768911997470961062e-01,9.398571060503757124e+00,-9.252896847680128545e+00,4.762760626443890644e+00,-5.594908566818126872e+00,9.841057794698224725e+00,-1.484122338594252799e+00,-1.801513926256317433e+01,-2.605393630072767142e+00,-7.088357835200821633e+00,-9.027688191487369451e+00,1.846730954886904641e+01,6.807956374375873310e+00,8.164214761446920932e+00,-6.466935940733883115e+00,-2.072438512889707152e+00,9.849586904510905683e+00,4.691270384978361463e+00,1.354289475003117360e+01,-5.499974145609458631e+00,-9.671209912615493565e+00,-3.840982982961629322e-01,1.716570928037054022e+00,-3.666455055735501123e+00,-1.532666015128965054e+00,1.041178578985893832e+00,-1.807049138082946538e+00,-1.835544931875143959e+01,-5.350797571207686509e+00,-9.061216193736626678e+00,1.748831254331292584e+01,1.463603551365179811e+01,-6.604233421277653449e+00,-7.154933111774072430e+00,-1.052851309419302384e+00,-7.807673663859771018e+00,1.426221893009084418e+00,8.988524453853457885e+00,-1.510644218740683664e+00,-2.365148305009255880e-01,5.219933321898710510e+00,4.119435041247955454e+00,-7.243564801191731739e+00,-3.917861702135367885e+00,-1.908824336833134794e+00,1.022351786913743865e+01,-3.503674731897238992e+00,-5.700091446793775773e-01,-1.500565907232104923e+00,2.307371247607159503e+00,-8.308309672167188964e+00,-4.242515836274845853e+00,-4.570039804620309454e+00,2.405723045648144875e+00,1.044394208043732419e+01,-1.539678121945579736e+00,7.722807196823576525e+00,1.188724449376881864e+01,2.321497811988845861e+00,7.455012107258554011e-01,-7.926441407772909287e+00,-1.631952980356210947e+00,1.871400134313950048e+01,-6.444012277006735623e+00,-2.817380924778555507e+00,-3.351625990137567790e+00,5.967478748505135044e-01,3.940705935352685430e+00
-3.615056919949070302e+00,-5.417645952070262183e+01,2.145300035737156108e+01,3.457135547105261963e+01,-3.557874082898309354e+01,-3.392245141974962763e+01,3.999838588247978066e+01,5.368294369490802076e+00,5.787105410335051658e+01,-3.041324490000608449e+01,1.096235691380388744e+01,-1.028461372053249505e+02,6.676911558479563524e+00,-2.955220401418614973e+00,4.483612522254089328e+01,-5.714979537223302763e+00,1.784439807569145486e+01,9.857013117259575097e+01,-2.424896415963154084e+01,-9.861717461512617078e+00,-3.462932328316838948e+01,-1.029642440311985574e+01,-5.241728521810760100e+00,4.661879717803398826e+00,-1.921265233246235660e+00,-2.344191266157110931e+01,-4.049396844616035196e+01,1.077486967431832277e+01,1.515348908663654548e+01,8.015433400396399577e+01,3.340151859172615900e+01,4.928291473824346269e+01,2.539301057895190539e+01,1.870043124538971924e+01,-5.692838934527659234e+01,1.019405994468777088e+01,1.426821744935646841e+01,-5.174319860778830815e+01,1.451233271517918233e+01,7.799388625872660441e+01,-2.138847839897794856e+01,-6.401601808983726549e+00,3.775444992145965406e-01,7.550807153987173592e+01,2.774332196824286711e+01,3.982892527269030580e+01,-5.876508380333695669e+01,-2.099280750055281075e+01,4.442218865796784399e+01,-2.391291580103983705e+01,7.993803828171850512e+01,-2.173240132280471926e+01,3.177934193050214162e+01,-3.542657886922069821e+01,-4.752556109424488362e+00,4.305020495442668960e+01,-4.796104102066228592e+01,-3.435146774204079634e+01,-2.255907204417374601e+01,3.230893223748817888e+01,2.076584062261346730e+01,-1.360011863500190543e+01,3.045720480305413247e+01,2.104807715903096721e+01,-4.169024566869519788e+01,-1.335961449422551617e+01,-2.552306221341502734e+01,-6.706307399427919336e+01,-7.774489641400358586e+00,1.262412446020633716e+01,-1.085924380361124264e+01,1.331363452723292262e+00,1.011378817488332471e+00,7.164709851239479121e+01,-4.078792051062692536e+01,-1.936156794916569268e+01,-8.283891177427902264e+00,3.902685047437687160e+01,1.494117905705205374e+01,1.855842316195979791e+01,5.837418367341536651e+01,-2.513679766091719281e-01,1.124836928612912956e+01,-5.640759581812490353e+01,-3.819804868965443490e+01,8.924238519150305748e+00,-8.731845723723314734e+01,2.115676208512035572e+01,-3.443225393759927044e+01,1.051445189818069359e+01,-3.520422130581115638e+00,2.245041577965540824e+01,1.480328178093759917e+01,-1.124141872851170909e+01,7.274613129318615812e+00,9.700117977262237901e+00,6.647601767543085405e-01,-3.810741017107450546e+01,5.679784327276719580e+01,5.034169338155678908e+00
-3.085935562404120702e+00,-2.420610197029166955e+01,1.115420479342489735e+01,2.157171411248138071e+01,-1.527135245005879938e+01,-2.349421081860850080e+01,2.703839886036080742e+01,-6.125034286998949362e-01,3.162740065376662812e+01,-1.348355130457924034e+01,2.637006387630409510e+00,-5.784612665093166584e+01,8.021521633777839000e+00,-3.376912293984839941e+00,2.048955994147899062e+01,-7.688843662506346988e+00,8.079601814723885056e+00,5.987978488412341704e+01,-1.331315952662665580e+01,-4.655698134889862061e+00,-2.216685264450797277e+01,-5.289598271387207618e+00,-1.955090032945895562e+00,4.128478893630762592e-01,4.378950058699446757e+00,-1.247721691091313367e+01,-1.893356681129434449e+01,2.396656043541544712e+00,7.163269080696984759e+00,4.232976947987125982e+01,5.785351498030877337e+00,2.415546352478497738e+01,1.312174971442430405e+01,1.350320361743540154e+01,-3.308668792558504634e+01,7.211517533598768459e+00,5.013924221374654877e+00,-2.251167269379018876e+01,6.842448051922078278e+00,3.261437346156735373e+01,-1.207009797315091859e+01,-6.226209030123316168e+00,-3.546130689679293457e+00,4.645154729139478889e+01,1.707670618082715208e+01,2.384891253172283498e+01,-3.287627990567397518e+01,-1.164597711972560390e+01,2.690745210192222103e+01,-1.034432722344970479e+01,4.668776631168010027e+01,-1.344603974725672835e+01,1.232340320628585495e+01,-1.836344893437547299e+01,-1.730982105117534697e+00,2.060280062621854924e+01,-2.528026067212268302e+01,-1.722050519209056674e+01,-1.234086877695606788e+01,8.997692334576029793e+00,8.453930157275856061e+00,-1.074258977499123091e+01,2.289609305184827193e+01,1.687942707681525434e+01,-2.415907734400279239e+01,-9.829238584080167485e+00,-1.355148495358508676e+01,-3.769575144680275258e+01,-3.404124762768429235e+00,1.021094904506465539e+01,-6.205990125671612567e+00,5.861478826561205002e-01,2.682305540565877777e+00,3.852327762010184387e+01,-2.396028060144983129e+01,-1.157229919955997666e+01,-5.047582676005974101e+00,2.428991921542055366e+01,6.226122583100772268e+00,9.300287514110326725e+00,2.937450694935511564e+01,8.267668100679448351e-01,2.337992163221231490e+00,-3.074329147556654007e+01,-2.152181690495058319e+01,5.582495053024757681e+00,-4.054261925823863777e+01,1.023374111558656985e+01,-1.449384543968830741e+01,1.032780007528695521e+01,-8.472183177206316085e-01,1.184523946618925372e+01,4.322927700409154639e+00,-6.452632457826139145e+00,1.149127364195081036e+01,2.314778130103878340e+00,-8.256359123961667379e-01,-2.097045727852907859e+01,2.943339681938919128e+01,4.219479673844620748e+00
-3.890018584637022769e+00,-2.198621951383935169e+01,1.129099283542705479e+01,2.412086597828227497e+01,-1.340868662539048728e+01,-2.750237251586578324e+01,3.133462301746224554e+01,-2.781961475886577606e+00,3.299223434831210255e+01,-1.216930816679007776e+01,7.239632264092090708e-01,-6.133292229897176639e+01,1.100992792005233412e+01,-4.587299369118438719e+00,1.894810447164361378e+01,-1.077954113960717386e+01,7.417512371379849867e+00,6.609542354085220950e+01,-1.392437150898997267e+01,-4.413132725056621908e+00,-2.508217875272405450e+01,-5.313883692328763786e+00,-1.489801307149880127e+00,-8.594578032663493516e-01,7.848575017608798277e+00,-1.281373508496348634e+01,-1.781870603898428840e+01,3.899180040467147279e-01,6.796587969872541990e+00,4.326465059759938470e+01,-1.499924836627528180e+00,2.351890490001955669e+01,1.323120963305630227e+01,1.606987966165470283e+01,-3.570764516898464080e+01,8.513942416697007687e+00,3.548028612509056323e+00,-1.999833624542602806e+01,6.479797608150351884e+00,2.797258399740763934e+01,-1.282118327533413549e+01,-8.143174610559494653e+00,-5.966733663986845571e+00,5.158948832852627220e+01,1.897057705524392901e+01,2.613609087147663601e+01,-3.475443552338013831e+01,-1.225313994685940422e+01,2.965792020041586241e+01,-9.144370457565367261e+00,5.051563455011651627e+01,-1.497438730033577414e+01,9.806872189624193936e+00,-1.855299146638238739e+01,-1.282147066143613401e+00,1.972446812254253601e+01,-2.580849730358256267e+01,-1.702511574990568022e+01,-1.288067033215397572e+01,4.153053991323519156e+00,7.069380937663201081e+00,-1.320632068389762104e+01,2.766141671059929052e+01,2.085669769805247142e+01,-2.603236252081053337e+01,-1.178105390336840941e+01,-1.389622398225490407e+01,-3.995380170802078368e+01,-3.040550763926299638e+00,1.265279816297687709e+01,-6.637714112583086745e+00,5.259580718578233949e-01,4.084934412352784427e+00,3.980321469703341819e+01,-2.600285207600176918e+01,-1.267048202390142464e+01,-5.579822533339133805e+00,2.712751211936923923e+01,5.322808578393528833e+00,9.192713393129237076e+00,2.911456007779054289e+01,1.445066337171169391e+00,1.368977903019077402e-01,-3.201902676722330199e+01,-2.284093574644580826e+01,6.249583382687659672e+00,-3.795444701237238405e+01,9.872415018930416508e+00,-1.250641919375075517e+01,1.354202991773360409e+01,-2.331128798557271509e-01,1.210003336126133533e+01,2.232944434928697319e+00,-6.917828775239021510e+00,1.652875381780083330e+01,6.099691057096681135e-01,-1.579727388322517356e+00,-2.196253583441640345e+01,2.973216941291337534e+01,5.288801381110482147e+00
-3.220745470830127744e+00,8.149743560616720117e+00,7.888938207788165347e-01,1.047787321234313396e+01,6.952571600881782388e+00,-1.623855541500024202e+01,1.744767659168931928e+01,-8.514855464759438775e+00,6.065138413661323114e+00,4.844124504074363458e+00,-7.436425614269745132e+00,-1.497443753093270047e+01,1.189186482402087819e+01,-4.819435161180662064e+00,-5.575607073913772638e+00,-1.228514773691645345e+01,-2.411196943073602661e+00,2.571345040914699709e+01,-2.696861278576303533e+00,8.449305411170250357e-01,-1.192621131275017277e+01,-2.150900111256435210e-01,1.778895845679003607e+00,-4.976138586796313490e+00,1.369492242835481655e+01,-1.601527410817141339e+00,3.939284328675216607e+00,-7.809016044751591501e+00,-1.274422101511903938e+00,4.623028695060060755e+00,-2.841600971829367950e+01,-1.946675795130063946e+00,7.264183095155192227e-01,1.036360833440081031e+01,-1.102031356518929783e+01,5.267022985762729093e+00,-5.630398259725346577e+00,9.338052751304363852e+00,-1.265901831315672244e+00,-1.744929101045620001e+01,-3.216768217256323670e+00,-7.652746374480884128e+00,-9.565473276755994902e+00,2.118606742272772436e+01,7.808257744035855374e+00,9.502966011968688065e+00,-8.104893023730719293e+00,-2.643195643721645727e+00,1.138770024739709363e+01,4.467470057779224568e+00,1.605793474069852778e+01,-6.293647391115364975e+00,-9.581563674697161304e+00,-1.159062270819015694e+00,1.719503551685787723e+00,-2.974608440872160919e+00,-2.643047954142961675e+00,3.751976337865650102e-01,-2.394997040708901181e+00,-1.877959755065850089e+01,-5.233651034019119130e+00,-9.897630435345487143e+00,1.919191531764178293e+01,1.596753609692244247e+01,-7.888167933611878624e+00,-7.870993753994292241e+00,-1.658096923638892495e+00,-9.702770183248347280e+00,1.347475990711289207e+00,9.799833569666677846e+00,-1.832404959762892194e+00,-2.225628956245681855e-01,5.556981517574356211e+00,5.888819548509393265e+00,-8.547004957092873667e+00,-4.565575081767917709e+00,-2.200010008147386120e+00,1.166975077756869972e+01,-3.398452435519154324e+00,-2.106662187970089750e-01,-3.526032856243936919e-01,2.441536468274330574e+00,-8.571926656802833833e+00,-5.695963566560299896e+00,-5.656887479015141551e+00,2.740538238950271488e+00,9.222489169336414605e+00,-1.183823468743543827e+00,7.459070265357153673e+00,1.282903792268818499e+01,2.387148678651109357e+00,1.266964334096200684e+00,-8.091537126665956592e+00,-1.969157458689179130e+00,1.999977874076287065e+01,-6.627770927660050049e+00,-2.973608271506206879e+00,-4.362887410305639868e+00,1.838060505406761802e+00,4.285777024983739913e+00
-3.839486690633981070e+00,-6.875127226581962958e-01,4.319298829620467295e+00,1.623814887327385748e+01,1.161324476988614407e+00,-2.193668769818248876e+01,2.415330000826832446e+01,-7.698662590505326975e+00,1.561905168117160514e+01,-1.148030166240152639e-01,-5.692912556585304706e+00,-3.198565365138399130e+01,1.308053099049784151e+01,-5.342116072958269513e+00,1.747077761321889966e+00,-1.331882215080072207e+01,5.016866257224674719e-01,4.210508102349943726e+01,-6.701314611363439866e+00,-7.686396245992901388e-01,-1.770718778680905103e+01,-1.908255093182931184e+00,9.315093174873496640e-01,-4.248685401361613323e+00,1.348498845175449112e+01,-5.464944219752117860e+00,-2.682696032119237906e+00,-6.099179079803933590e+00,1.205169988087254840e+00,1.782652780265017611e+01,-2.314808645210878169e+01,6.134538224475181600e+00,4.903609278179456687e+00,1.351571362510049568e+01,-2.045760755653435581e+01,6.982360763458499875e+00,-3.329857363891000066e+00,9.097055686258617158e-01,1.108426317973697284e+00,-4.771059187800300805e+00,-6.755311068631320914e+00,-8.763468259415731154e+00,-9.577273238207466122e+00,3.375410297322935094e+01,1.242621519069282243e+01,1.611943554845653281e+01,-1.782142040493757307e+01,-6.112310703006555102e+00,1.877330065776513734e+01,5.735150587327293437e-01,2.931415157971281715e+01,-9.912436559475441555e+00,-4.434774658085599341e+00,-6.987915114964755148e+00,9.520202996526208050e-01,4.074757621898803528e+00,-1.054252549944400386e+01,-5.265194138076704000e+00,-6.119503811957081041e+00,-1.361679450437927130e+01,-1.862613279916307540e+00,-1.220825589816184120e+01,2.434356712426709990e+01,1.954856392646626517e+01,-1.479795422017992834e+01,-1.012646806052342185e+01,-5.863843281443099187e+00,-2.079483013909715083e+01,8.067581733554729517e-02,1.194936714005027767e+01,-3.630512399524047140e+00,-5.563080201297920802e-03,5.766018680513279371e+00,1.770451197070900662e+01,-1.531364121790567268e+01,-7.781545076910886038e+00,-3.577873455202295272e+00,1.817117736146963125e+01,-9.701314036473349667e-01,2.836500976377077876e+00,9.234434431345944105e+00,2.419084532493295470e+00,-6.790190687095090993e+00,-1.500660952686366478e+01,-1.197575245466341087e+01,4.227770100089691674e+00,-5.051082699754218197e+00,2.282690467495391395e+00,1.860077948472298459e+00,1.465537118264096250e+01,1.827234084917610968e+00,4.964915166723845807e+00,-5.722089709159376092e+00,-3.831104322371516879e+00,2.134921011679393388e+01,-5.085378582732320574e+00,-2.887350285517769066e+00,-1.065687553412645627e+01,1.118304256933527796e+01,5.145870777343228397e+00
-3.376586298875658976e+00,-2.337211102794966067e+01,1.119339444041417941e+01,2.248177901078640417e+01,-1.457642686676211419e+01,-2.493520936331981019e+01,2.858117015278968509e+01,-1.404136199979643784e+00,3.209528502687969365e+01,-1.299061876337540156e+01,1.935873881205079527e+00,-5.906359507942394771e+01,9.105062644603808764e+00,-3.815652859005662201e+00,1.990689669471182555e+01,-8.810059438116724095e+00,7.830030704139764097e+00,6.209178627986651833e+01,-1.352351222879538462e+01,-4.562628471834607957e+00,-2.321005966748460736e+01,-5.293363282052901297e+00,-1.783293725423717113e+00,-5.215987961868950862e-02,5.641732593082939395e+00,-1.258806583707535687e+01,-1.850818488256240713e+01,1.661540747842234822e+00,7.022456664365340551e+00,4.263032204483047138e+01,3.119396414416561569e+00,2.389970577948975361e+01,1.314906165797257920e+01,1.442745222247116743e+01,-3.401186460547039303e+01,7.680168089044098423e+00,4.473783929838712758e+00,-2.157215555109879546e+01,6.703417042737784826e+00,3.088785953426776132e+01,-1.233272767783321200e+01,-6.920222791015714137e+00,-4.426644047214970179e+00,4.828295986762524450e+01,1.775181801853667807e+01,2.466111522257193656e+01,-3.353040978642275149e+01,-1.185645965995755446e+01,2.788588405867853837e+01,-9.896157456820981579e+00,4.804055006656335536e+01,-1.399117579076195028e+01,1.139254899209123550e+01,-1.841494763136557822e+01,-1.565410427011652450e+00,2.026218156855565411e+01,-2.544876747804206474e+01,-1.713254049449377803e+01,-1.252608249607372493e+01,7.219888856278245726e+00,7.940176361057171839e+00,-1.163190917609695063e+01,2.461416243128427084e+01,1.831552693505111762e+01,-2.481983890895959632e+01,-1.053250231757415634e+01,-1.366429946144610241e+01,-3.848395817369539174e+01,-3.268073741712457903e+00,1.109279076439385037e+01,-6.357655865102699977e+00,5.636027873644547936e-01,3.191917429066387424e+00,3.895350714832036942e+01,-2.468305245144159343e+01,-1.196215920902806928e+01,-5.237071535942872558e+00,2.530269200358182502e+01,5.890251407640286985e+00,9.252031756941534013e+00,2.925124173195371924e+01,1.051754368387773697e+00,1.531960120468520259e+00,-3.117949264914735963e+01,-2.198275724706441991e+01,5.820710622464587480e+00,-3.955837824104750666e+01,1.009192185007770348e+01,-1.375411106484310508e+01,1.149158029264418701e+01,-6.221472839053043824e-01,1.192685475786179872e+01,3.555555202884058907e+00,-6.616283373101537357e+00,1.331972995928538239e+01,1.689997624688237110e+00,-1.100211877399280613e+00,-2.131250385462635322e+01,2.951410307103368424e+01,4.605894325582473137e+00
-3.969163461703800522e+00,-5.233059194259435287e+01,2.123122925055634269e+01,3.538119744933228361e+01,-3.416361262267319887e+01,-3.547237527536647406e+01,4.161046693181030065e+01,4.208244607571199225e+00,5.777195426577789306e+01,-2.934290982589760688e+01,9.855123018708711768e+00,-1.032019603324816472e+02,8.084429636586051515e+00,-3.521908725722039613e+00,4.345671289987987507e+01,-7.186787334050837472e+00,1.727104224639646546e+01,1.003516023166075115e+02,-2.422714963682011202e+01,-9.606673120908899577e+00,-3.562191838697298607e+01,-1.016925069748165811e+01,-4.937572960013006274e+00,3.961070150784371968e+00,-1.561826473390279801e-01,-2.329333547755392431e+01,-3.938714274297767304e+01,9.623210417788184756e+00,1.476461819034855516e+01,7.953815892192515946e+01,2.929787897158734467e+01,4.829688367789637482e+01,2.510421979952548810e+01,1.973384546378989057e+01,-5.747165422982746463e+01,1.070891383000108021e+01,1.334036771634125351e+01,-4.978317344323463800e+01,1.413415917844250380e+01,7.461175316750532716e+01,-2.147548490700044610e+01,-7.275807219380968860e+00,-8.408445770947753362e-01,7.706147753346029106e+01,2.831712419829543137e+01,4.043630504337941289e+01,-5.891117715571980540e+01,-2.101303049916037935e+01,4.519962053307692429e+01,-2.298783649465115886e+01,8.077484327586232382e+01,-2.220434076494737496e+01,3.008789569843584744e+01,-3.504213898238284486e+01,-4.463267831764984983e+00,4.202733965361922941e+01,-4.757673018457649761e+01,-3.378863825888556960e+01,-2.252433454552920367e+01,2.944340084519801692e+01,1.979082881291988372e+01,-1.465095853079846400e+01,3.243353797940940808e+01,2.275675235876362024e+01,-4.206497952533376861e+01,-1.415712163207191132e+01,-2.535044040722964098e+01,-6.728728150225552440e+01,-7.487039551361373668e+00,1.367720512159311141e+01,-1.092867376230712395e+01,1.283176534786306000e+00,1.700731469276735908e+00,7.131900830755422760e+01,-4.125971737715689613e+01,-1.964998137829448766e+01,-8.438556181027585978e+00,3.992096956129930163e+01,1.428620477660753707e+01,1.825334398913837219e+01,5.745388547474043861e+01,6.194436970548677923e-02,9.992884653163143227e+00,-5.628364282085816228e+01,-3.834227910358031011e+01,9.137827546948058099e+00,-8.483946560020622485e+01,2.068933020185996696e+01,-3.297010796576296343e+01,1.198322437226137360e+01,-3.164970360376201164e+00,2.227429429746564082e+01,1.355537912106179554e+01,-1.132245388316276546e+01,9.701100185444101243e+00,8.714339810077092352e+00,2.777901604690074522e-01,-3.808894473281992532e+01,5.617892555451093273e+01,5.502016041920934519e+00
-1.987844648983057017e+00,-8.009582188195626173e+00,4.722148506420290381e+00,1.116409890534275640e+01,-4.642152386408220366e+00,-1.325450860530828123e+01,1.497246515157983282e+01,-2.181903686216623228e+00,1.425832053780272624e+01,-4.392488731741885033e+00,-6.136298148997991753e-01,-2.695916356184683949e+01,5.966004816993286219e+00,-2.469179249573481449e+00,7.080029228809947561e+00,-5.919759831393294647e+00,2.743607169698115023e+00,3.022467242624459161e+01,-6.034501053908617685e+00,-1.704511612302581858e+00,-1.173519666741469614e+01,-2.203269028240145033e+00,-3.925915157567709812e-01,-9.611725031147684284e-01,4.891585099825092264e+00,-5.445437391554537321e+00,-6.817633280223387438e+00,-7.960832892333322697e-01,2.628373582340117753e+00,1.829011396325216054e+01,-4.092586296250059874e+00,9.396732025535985855e+00,5.509351358336163962e+00,7.851860289640885782e+00,-1.597725656275078165e+01,4.132594193544886885e+00,7.643640397161601818e-01,-7.049756107395695359e+00,2.499636754124554106e+00,9.323758047497175738e+00,-5.646193691084802069e+00,-4.272713346979995386e+00,-3.615206619783776443e+00,2.372786649112128643e+01,8.727416662611933162e+00,1.187034900335704535e+01,-1.522990795976485856e+01,-5.343277910847347378e+00,1.354382995017680891e+01,-3.199362989938120183e+00,2.266025822192186467e+01,-6.904907234927989634e+00,2.844806952319650861e+00,-7.742484561816583621e+00,-3.147912713589329226e-01,7.716444073753075727e+00,-1.089649160866434130e+01,-6.928765799599420738e+00,-5.569979243272928926e+00,-5.972329183422564469e-01,2.255520404300495496e+00,-6.621708725608506541e+00,1.368115471502063585e+01,1.049879813841189247e+01,-1.163020373978169886e+01,-5.789759059573767352e+00,-5.895825390577934755e+00,-1.755551526462701162e+01,-1.080693683213478362e+00,6.382976498987680714e+00,-2.943562338311882964e+00,1.882279418544728633e-01,2.353650536576453511e+00,1.702699776483860816e+01,-1.169875563317708966e+01,-5.749549373997703050e+00,-2.555169978282096910e+00,1.254171898100046789e+01,1.764628770319997875e+00,3.740199195627444073e+00,1.188422160345843182e+01,8.908445734794440130e-01,-9.931182715497448577e-01,-1.381443908431193179e+01,-1.004966186108499393e+01,2.895711821548348830e+00,-1.441999224821012859e+01,3.899538830024552816e+00,-4.210524634128136157e+00,7.118042343907738712e+00,1.966867887374872392e-01,5.112104336303519680e+00,-7.562998845315815899e-02,-3.075055553589964852e+00,9.219311947924488493e+00,-5.613507647042497162e-01,-1.011136681605861121e+00,-9.531421992725828574e+00,1.240537460527717784e+01,2.691244422808377834e+00
-2.541757601906409647e+00,-1.187937980040956987e+01,6.569971496387760013e+00,1.486499290773958926e+01,-7.057813088372002497e+00,-1.735386353825440864e+01,1.967258396508133700e+01,-2.403827746547267274e+00,1.955219864456017120e+01,-6.543757165775388351e+00,-2.851687924933581364e-01,-3.669679029217353872e+01,7.455884857908252172e+00,-3.093734826862794662e+00,1.037447756128453946e+01,-7.360454520820365332e+00,4.039676870580571233e+00,4.044984979972379335e+01,-8.264937880763069344e+00,-2.459085880173586869e+00,-1.555467750191574972e+01,-3.077291013253736551e+00,-6.892147397982839596e-01,-9.639497965718486494e-01,5.807331652082323714e+00,-7.522656895961245205e+00,-9.879144824005756220e+00,-5.124951930782164489e-01,3.789727348523496797e+00,2.532569521323458517e+01,-3.544037914352561103e+00,1.334639242318000996e+01,7.680253926081030968e+00,1.022260159223144882e+01,-2.158187201483121243e+01,5.394904406033369959e+00,1.509878338262303110e+00,-1.062365948486322509e+01,3.608286588905893488e+00,1.444579810574396284e+01,-7.679345576863758183e+00,-5.406709011641139817e+00,-4.335108375405021697e+00,3.167763077643035885e+01,1.165022206533167548e+01,1.593233510277372389e+01,-2.075842445835895234e+01,-7.298440227046147477e+00,1.813622150069944183e+01,-4.839095215678668183e+00,3.057600103915968504e+01,-9.208365862975472993e+00,4.737689038246008622e+00,-1.078261562694114239e+01,-5.753582915946826581e-01,1.106652145435711176e+01,-1.509661726269211357e+01,-9.758888952094654456e+00,-7.636030474022728498e+00,6.172654172965934549e-01,3.573093331904490189e+00,-8.531272943179992296e+00,1.772401950340358567e+01,1.350513620740548326e+01,-1.572029968265205468e+01,-7.520118087616801006e+00,-8.150733838208163107e+00,-2.390030629211240409e+01,-1.622043356151508853e+00,8.203612363209085601e+00,-3.991470077563193275e+00,2.815760618357511236e-01,2.874322089670962921e+00,2.345381574769458055e+01,-1.576548644408234168e+01,-7.719914276294350231e+00,-3.417566012394988029e+00,1.670712870221605328e+01,2.741474479860170455e+00,5.268551110172747798e+00,1.671589430631117423e+01,1.061692544740254318e+00,-7.300372682938451874e-01,-1.895749413053967558e+01,-1.367379095307042469e+01,3.853870051268818209e+00,-2.096444082125405473e+01,5.567752191031219766e+00,-6.490962361560655758e+00,9.000990328736840240e+00,9.112987287301099748e-02,7.080507902303303069e+00,5.211129958097169279e-01,-4.165518879802086794e+00,1.139579267433927612e+01,-2.744483632676866236e-01,-1.189363911470300517e+00,-1.304636722304996432e+01,1.727789266933079304e+01,3.446945679751970193e+00
-2.994923001239090166e+00,2.348293947213738520e+00,2.432286192663716040e+00,1.162718997257200115e+01,2.882059595655710460e+00,-1.639633422052505196e+01,1.791040990233794261e+01,-6.685105758894934525e+00,9.857289201301089321e+00,1.543532876205650162e+00,-5.320241072566414431e+00,-2.103055849256500665e+01,1.050710993875690491e+01,-4.278819930648134928e+00,-9.647073243855350810e-01,-1.075691168576327605e+01,-5.448119645758677798e-01,2.966790225427713779e+01,-4.260525082340257619e+00,-1.071350197835398976e-01,-1.284449992933136286e+01,-1.030468097503645986e+00,1.056336234006684638e+00,-3.780900338922768000e+00,1.130645936511376703e+01,-3.276875789183185006e+00,-4.656641706880204623e-02,-5.647651880259740409e+00,1.846286382355186717e-01,1.049039398770853815e+01,-2.103067975039196469e+01,2.440635572126382158e+00,2.705394766886315416e+00,1.022072371747416675e+01,-1.392781542456857480e+01,5.251399995524686837e+00,-3.535231370901201320e+00,3.544091803401999030e+00,1.388074923766520197e-01,-8.166585318747504374e+00,-4.459529478170072281e+00,-6.935458833862187866e+00,-7.976858125050544146e+00,2.397292611168982290e+01,8.828297950263557681e+00,1.124524675819075625e+01,-1.163877402559469942e+01,-3.946665846575803549e+00,1.320247715048619241e+01,1.765077517844555466e+00,2.004562500759173105e+01,-7.063841887922738039e+00,-5.396802529817337657e+00,-3.896285352850093364e+00,1.047015641782488293e+00,1.065299298957662621e+00,-6.173893039496846313e+00,-2.523035683178256772e+00,-3.868238862089623975e+00,-1.305348936172033802e+01,-2.666432411301618011e+00,-9.409372279484639279e+00,1.858263295644815116e+01,1.510612599923681110e+01,-1.004709671235276680e+01,-7.692845298986400238e+00,-3.496120325951856955e+00,-1.366183238471911388e+01,4.859744692176062308e-01,9.246889556499676033e+00,-2.430938920841649420e+00,-7.636610489091047449e-02,4.735735238918259427e+00,1.084746445963451400e+01,-1.052413855700866030e+01,-5.421320165146147119e+00,-2.525988561152506140e+00,1.299299485209277982e+01,-1.611105937727022042e+00,1.356404819000565309e+00,4.526026945894596309e+00,2.023249002912656191e+00,-6.247239647598278545e+00,-9.427353307055103215e+00,-7.890683020564144279e+00,3.031396300929393384e+00,5.091248560985697225e-01,7.562963719975916987e-01,3.400781301059615735e+00,1.160864298045463272e+01,1.707719966966759984e+00,2.914896309051516532e+00,-5.551460195897155003e+00,-2.576990080883997614e+00,1.734427307304457599e+01,-4.747500478753241993e+00,-2.434547090650216017e+00,-6.799883727705049452e+00,6.229818253637171566e+00,4.003754868661783206e+00
-2.812030124898065697e+00,-3.787573506145711377e+01,1.530187537012642807e+01,2.535507091135856683e+01,-2.475270687982729712e+01,-2.532965637713183682e+01,2.973800342941123986e+01,3.170238064681616841e+00,4.157566199597911094e+01,-2.124209783304718613e+01,7.226335235463405837e+00,-7.420389748350471848e+01,5.643175431443880896e+00,-2.464114782674345250e+00,3.143414606853242077e+01,-4.989469310233777932e+00,1.249599315038410019e+01,7.197791589269188250e+01,-1.743267173820526850e+01,-6.942792374086020679e+00,-2.550578120893758438e+01,-7.331808497997908347e+00,-3.589692754604515201e+00,2.935935740065175548e+00,-3.294250650196861585e-01,-1.677643678299046570e+01,-2.847281174692245642e+01,7.064951159071862996e+00,1.067008351373389807e+01,5.729873527645166575e+01,2.158272133417085215e+01,3.486798419763086798e+01,1.809650280139956990e+01,1.407024068015456209e+01,-4.128061925391858011e+01,7.641110613448992339e+00,9.711701151899076123e+00,-3.605705792085471728e+01,1.021519035196859448e+01,5.409462376353950219e+01,-1.543963083011758286e+01,-5.127003939468974814e+00,-4.551061679513477842e-01,5.525010659003049796e+01,2.030191853410593339e+01,2.901681708812710170e+01,-4.236511229108270271e+01,-1.511513516709294969e+01,3.242282631640127732e+01,-1.665213880665765345e+01,5.800977573379637420e+01,-1.591666203278038338e+01,2.185445185429079018e+01,-2.525800533644326862e+01,-3.246630201769901802e+00,3.036195091813021563e+01,-3.427588019142677922e+01,-2.437812378690583159e+01,-1.620918704952553213e+01,2.153515932862365290e+01,1.435822291785092375e+01,-1.041126378644482564e+01,2.309095652830019318e+01,1.616200169083704452e+01,-3.021716085581181943e+01,-1.008713118005442588e+01,-1.825935796722851379e+01,-4.838161367737231444e+01,-5.421827545446666008e+00,9.710430731476346722e+00,-7.853990767799593264e+00,9.290947641985991545e-01,1.138801732426146796e+00,5.135011942613317615e+01,-2.962588645123106446e+01,-1.410152191747364014e+01,-6.052017918455672607e+00,2.861080218989202351e+01,1.035861765212061769e+01,1.316970935143547017e+01,4.144781731075119069e+01,6.035704983588047190e-03,7.343677643479904482e+00,-4.050796700038436171e+01,-2.756724610093692363e+01,6.547855777412391554e+00,-6.134178902414210910e+01,1.494222145193054097e+01,-2.389983347558694859e+01,8.440592937060301892e+00,-2.320719063116177594e+00,1.604668469525008945e+01,9.905747529806063767e+00,-8.135864928588581790e+00,6.680965789989640413e+00,6.390673746955256362e+00,2.474410747406963762e-01,-2.740499464812487673e+01,4.049349744160970488e+01,3.900838934777580924e+00
-3.671334182830305437e+00,1.232035871724862730e+00,3.516446022251995096e+00,1.484637238577855811e+01,2.404895837509815948e+00,-2.050763114931113407e+01,2.248636826635917174e+01,-7.806840524492578481e+00,1.341139525120772547e+01,9.599175550637237819e-01,-6.019729858114724053e+00,-2.801763968144823025e+01,1.270670443531000871e+01,-5.181384165856386836e+00,1.460280508736051530e-01,-1.297643258911151065e+01,-1.334725314176843369e-01,3.818112334206179526e+01,-5.774614110111350840e+00,-4.124288343416817604e-01,-1.629785004560250883e+01,-1.524664322550031592e+00,1.106690576021381656e+00,-4.368365412175757356e+00,1.341038342770101721e+01,-4.579788358615344279e+00,-1.225031651384694165e+00,-6.415087818994005708e+00,6.575631027203407974e-01,1.480901571954730400e+01,-2.408259606188340030e+01,4.330190635735054805e+00,3.955513253694267206e+00,1.271289208926994796e+01,-1.823212269438915456e+01,6.548793414379352917e+00,-3.798320131050647586e+00,2.726497511811334817e+00,5.844723282819921373e-01,-7.473650434526781794e+00,-5.929007962105975693e+00,-8.444953744796849904e+00,-9.489449938693395481e+00,3.073237395751328194e+01,1.131570989130061378e+01,1.454333436433395832e+01,-1.555894691455085166e+01,-5.306764744339390383e+00,1.700704068429182314e+01,1.411521377382039866e+00,2.618294851639782550e+01,-9.040650134445908037e+00,-5.509664871583797918e+00,-5.663647107527376434e+00,1.109718424863879616e+00,2.512162619440675648e+00,-8.738281981210821669e+00,-3.997069129603637361e+00,-5.258596837397760737e+00,-1.461340267641778823e+01,-2.575921355078922836e+00,-1.159927068671787609e+01,2.301140465603196361e+01,1.859916113925040904e+01,-1.317011001220573974e+01,-9.547958658892925499e+00,-4.901015336529662036e+00,-1.820805583599566546e+01,3.542429389028332043e-01,1.137756620681845021e+01,-3.208866086505552939e+00,-5.249797776889347789e-02,5.669422288161827694e+00,1.498857173558919875e+01,-1.371220034210521987e+01,-7.015948122362065220e+00,-3.247686303776216477e+00,1.660171800905670381e+01,-1.487270021464737191e+00,2.151479637113258292e+00,7.076449485566373099e+00,2.402408190301694280e+00,-7.115514659643392470e+00,-1.285707761165446961e+01,-1.050098014313941874e+01,3.868116527067041233e+00,-1.915622663145192917e+00,1.511803579620152327e+00,3.055801486002358125e+00,1.412945692582903767e+01,1.932197596689965824e+00,4.120037573518803065e+00,-6.184173471591567051e+00,-3.393849696809786209e+00,2.086695723967841687e+01,-5.374058570772474397e+00,-2.880320055278225766e+00,-9.199231742569129011e+00,9.060118246579254020e+00,4.913830033739889913e+00
-4.554562082129985257e+00,-2.689245410057782237e+01,1.359347047938344133e+01,2.865585572262946101e+01,-1.648736433510457999e+01,-3.248579560606911087e+01,3.705843633780866497e+01,-2.986092488221484320e+00,3.955594886321899395e+01,-1.489944096625464098e+01,1.198386772963576874e+00,-7.337347336299819744e+01,1.276961243811822300e+01,-5.326380597593585620e+00,2.311318100927448427e+01,-1.247437626065600114e+01,9.057967900254896065e+00,7.865294077454588262e+01,-1.668860422030480706e+01,-5.363403820360718832e+00,-2.975291578806752213e+01,-6.404316748644482082e+00,-1.875792351045728612e+00,-8.201431507544620914e-01,8.875250721662542475e+00,-1.539590692525613491e+01,-2.167860758306802538e+01,8.114665552526361125e-01,8.258912212371912531e+00,5.201740516160121075e+01,-5.700685883269329679e-01,2.847161078884645491e+01,1.593798333879545304e+01,1.894353393562443699e+01,-4.261708899863157285e+01,1.004618971078166467e+01,4.528123363915951494e+00,-2.454500323763311087e+01,7.876183454802418105e+00,3.452372927141118453e+01,-1.533439489595550143e+01,-9.494551934054502595e+00,-6.784163826108876805e+00,6.134230419957879121e+01,2.255612790876888951e+01,3.113072687599053268e+01,-4.159384416459668188e+01,-1.467381812377416495e+01,3.529920911544652284e+01,-1.123198789381941509e+01,6.027002548058005260e+01,-1.779895115213655288e+01,1.225482762056619457e+01,-2.234233715553474653e+01,-1.622567301783570004e+00,2.393670164684135671e+01,-3.103475149366463626e+01,-2.056520219639863711e+01,-1.544206260597090186e+01,5.832305834204200679e+00,8.760977300565105708e+00,-1.550763944252510740e+01,3.254884958359310332e+01,2.447648642119877493e+01,-3.107601219353671596e+01,-1.387584170688466934e+01,-1.669997079017421981e+01,-4.779958589144843728e+01,-3.728671849690110562e+00,1.484382228334690623e+01,-7.931549723141062991e+00,6.445306743612919664e-01,4.687848216872685825e+00,4.778430242304156650e+01,-3.101163711781228471e+01,-1.509363030109657444e+01,-6.638659808797827466e+00,3.223276835493544468e+01,6.572812172042026724e+00,1.110453611214130554e+01,3.515582801095169430e+01,1.637585749939236335e+00,5.393778302985197115e-01,-3.839742895694609359e+01,-2.732144234176915276e+01,7.423449020990339875e+00,-4.621246900511278710e+01,1.196739266589355211e+01,-1.542046104007230056e+01,1.578488122280345607e+01,-3.855544459656041756e-01,1.454909240479519106e+01,3.048277949061072967e+00,-8.263671122146412529e+00,1.907678378317170953e+01,1.025503109200738727e+00,-1.776893982413051409e+00,-2.631771919685997574e+01,3.580564698170099547e+01,6.196366401816202796e+00
-2.995070999792386779e+00,1.095240377485831473e+01,-3.621571399692110615e-01,8.528415979302886640e+00,8.776697314173874886e+00,-1.426451047451472753e+01,1.513750761471593265e+01,-8.713418284738203567e+00,2.919661961883011081e+00,6.414701282018779871e+00,-7.944097693180657060e+00,-9.341333924760917284e+00,1.141401619079613283e+01,-4.612496998162727735e+00,-7.907078289654061898e+00,-1.185450904515978721e+01,-3.337129429361318955e+00,2.019787490648618800e+01,-1.377256160532506657e+00,1.361655294199149546e+00,-9.958792031179504178e+00,3.356804588380292165e-01,2.039890542892732306e+00,-5.173406662455634297e+00,1.365664153204438058e+01,-3.361680244295333631e-01,6.056223089842942109e+00,-8.302873068080929286e+00,-2.068665395929742523e+00,3.051778428737104143e-01,-2.990372107143982561e+01,-4.552325481427439868e+00,-6.339026014605743109e-01,9.260878234118880670e+00,-7.874172218465392170e+00,4.669825369200609089e+00,-6.332743341183892483e+00,1.199887302293575608e+01,-2.026073798828356143e+00,-2.142536828815239147e+01,-2.044221739048044828e+00,-7.233099004076986915e+00,-9.487355084228637381e+00,1.694566097703902585e+01,6.249992596056654470e+00,7.283413548820762529e+00,-4.890838185579726272e+00,-1.497619587103280026e+00,8.904077664958492733e+00,5.695597484564344448e+00,1.163417672729426400e+01,-5.071179764809591539e+00,-1.117627075667791559e+01,7.402591200279411421e-01,1.955046586704099143e+00,-5.237642302093629354e+00,-6.068945373090517403e-02,2.201484356734976444e+00,-1.168524134657385805e+00,-2.030806038749370401e+01,-6.286243749046440676e+00,-9.071414553513555745e+00,1.737215846578236977e+01,1.468218117664344113e+01,-5.586033247519324618e+00,-7.078403726206522251e+00,-2.812793941011019205e-01,-6.030214732987627890e+00,1.747838821020080369e+00,9.026619959351645406e+00,-1.235040205032569061e+00,-2.912082082375690439e-01,5.446030984296844402e+00,2.011208821421948123e+00,-6.286177436397224483e+00,-3.487164547568780470e+00,-1.736076946641031293e+00,9.470678587093475542e+00,-4.159571787045631019e+00,-1.197238092857884073e+00,-3.458977946875126719e+00,2.429855225398385166e+00,-9.083175565158722264e+00,-2.632246879636956471e+00,-3.563720359305071472e+00,2.236938501487181874e+00,1.377983582285798470e+01,-2.298832958537552873e+00,9.216913221528253430e+00,1.213711272930508756e+01,2.550191051950418064e+00,5.786462522018742671e-02,-8.797114121660833064e+00,-1.350027228260988865e+00,1.940682222548792168e+01,-7.076499301685852394e+00,-2.978487175253214048e+00,-2.287837959310419667e+00,-1.206828635371281599e+00,3.973559301539191235e+00
-3.366091076374714941e+00,-3.314142284602648658e+01,1.435525502746097004e+01,2.595719092048629051e+01,-2.127372986327291571e+01,-2.729718756406764157e+01,3.166521995529073408e+01,9.200014785077033075e-01,3.993191286331847323e+01,-1.852219786126756063e+01,4.930939637255603358e+00,-7.225229964602732480e+01,8.039961724398075660e+00,-3.422347427478251269e+00,2.778622343573848141e+01,-7.527761359057359769e+00,1.099974538648110745e+01,7.273306591838012025e+01,-1.677983964325197164e+01,-6.228576327974336024e+00,-2.643955414528677750e+01,-6.839681926669824108e+00,-2.902761669759980734e+00,1.540652123075228142e+00,2.936503654168159727e+00,-1.591294852264352322e+01,-2.543153378379308194e+01,4.693318067405789940e+00,9.578143245752015034e+00,5.414910038159926842e+01,1.325822839502049000e+01,3.182468354172106828e+01,1.692810800079754330e+01,1.548113649938983905e+01,-4.083159149989583625e+01,8.321846199613396777e+00,7.659703480162528777e+00,-3.117618007878848019e+01,9.158958895544927259e+00,4.595788085238140752e+01,-1.505747497677451108e+01,-6.558639774344917406e+00,-2.685504882750684441e+00,5.617260574068877332e+01,2.064641858261877161e+01,2.911696997817378474e+01,-4.114569294966182866e+01,-1.462125122381922537e+01,3.271681838139621590e+01,-1.436135106567841291e+01,5.751407027073672396e+01,-1.622745853771471758e+01,1.796786571335657001e+01,-2.366159192868979133e+01,-2.599166277084040466e+00,2.740908669768295525e+01,-3.236280225968861401e+01,-2.248372689948783076e+01,-1.557552355284309265e+01,1.549508663848913592e+01,1.205598450771009666e+01,-1.198287027804522964e+01,2.592334682601735452e+01,1.874439493723726358e+01,-2.984619333384873130e+01,-1.120304863531758244e+01,-1.729942548300798677e+01,-4.709478705312621827e+01,-4.701312866582221695e+00,1.131079699854972098e+01,-7.705999791241822550e+00,8.076007808332188453e-01,2.369769030899241180e+00,4.894068177077657822e+01,-2.945465614152488243e+01,-1.413773120219292245e+01,-6.124502338057088657e+00,2.925389564610830107e+01,8.786997512342180627e+00,1.214441835412232606e+01,3.829448512083421718e+01,5.834898987301271323e-01,4.770822729175360877e+00,-3.885591561919396497e+01,-2.686441253166328380e+01,6.711556207690649423e+00,-5.461552663042662203e+01,1.355530548240206556e+01,-2.036413928255083405e+01,1.085201067073985826e+01,-1.583804893996995755e+00,1.515805657741854340e+01,7.256836588305258573e+00,-7.999365402177695650e+00,1.091999566884777551e+01,4.348577325459208609e+00,-4.747262397267408840e-01,-2.640789411005437870e+01,3.792936861665486958e+01,4.626344624598580424e+00
-6.222403018811283992e+00,-6.971091073176449981e+01,2.928010359265638130e+01,5.102614532997117180e+01,-4.511271600249669689e+01,-5.255410645490029253e+01,6.125812072991553947e+01,3.691694257218960828e+00,8.062798397467373945e+01,-3.902160775932454584e+01,1.169088855825533280e+01,-1.450395219494511139e+02,1.397244019711016882e+01,-5.999007884129849089e+00,5.818014659327970861e+01,-1.283840631381914221e+01,2.307502937510515295e+01,1.437499122855996063e+02,-3.384937595087983908e+01,-1.295588937023705611e+01,-5.170869625493095612e+01,-1.398482514192024695e+01,-6.331490690529020249e+00,4.214923376821417378e+00,3.121486683253201555e+00,-3.230322468703763406e+01,-5.300314362945373858e+01,1.128240917093373596e+01,1.991795614317925711e+01,1.100976617546917282e+02,3.321886461154301173e+01,6.569529372511432541e+01,3.457109978372545100e+01,2.956057327142501023e+01,-8.142341346362039189e+01,1.595461672043604651e+01,1.690573441914936836e+01,-6.593138720163226196e+01,1.905626739402081071e+01,9.797239010834265116e+01,-3.020606815300465442e+01,-1.183212441139039761e+01,-3.481721805137965475e+00,1.107384799380864848e+02,4.069777422620541074e+01,5.771448038646578027e+01,-8.268557492979051915e+01,-2.943278348330405692e+01,6.469952374649517424e+01,-3.040653996319750618e+01,1.145770155937638890e+02,-3.195403023537379283e+01,3.888845326028150851e+01,-4.829197422016857644e+01,-5.696131576031303823e+00,5.685531175308082652e+01,-6.582649314838391774e+01,-4.620093199601010525e+01,-3.144290407410903043e+01,3.576523316485484827e+01,2.583985453213121986e+01,-2.248324433571823988e+01,4.911003569002873803e+01,3.506698792521672203e+01,-5.955256298863619691e+01,-2.131306301100531897e+01,-3.513535060798198373e+01,-9.455047446252913801e+01,-9.929476106798706070e+00,2.112532911305590844e+01,-1.541918196440226652e+01,1.703816917371362205e+00,3.683526812971261499e+00,9.914525796652810641e+01,-5.860977206099576620e+01,-2.803353534611049014e+01,-1.209711443014878895e+01,5.753617318874071174e+01,1.874518514824240611e+01,2.495678744497281087e+01,7.862913954515482828e+01,6.795154248137638131e-01,1.160307280383946349e+01,-7.849900019149271202e+01,-5.390881710168356022e+01,1.318680338864748336e+01,-1.139886028290954414e+02,2.805720678260816214e+01,-4.335418802159966845e+01,1.954225888566655200e+01,-3.754783600214601780e+00,3.082559712691599785e+01,1.660088954490638713e+01,-1.599198936851978559e+01,1.816209098490851659e+01,1.032490394864974803e+01,-3.436489275970819879e-01,-5.324657485734810791e+01,7.741592048235648349e+01,8.581889951456494359e+00
-6.271246216801603879e+00,-6.053033999359335837e+01,2.635037510786262516e+01,4.792252058396791625e+01,-3.880244924116649230e+01,-5.055545384856189628e+01,5.860289575079065116e+01,1.427813169392623038e+00,7.341656948611125699e+01,-3.382059946560350738e+01,8.816392653792469503e+00,-1.329608771403383969e+02,1.510688916934051029e+01,-6.423117486267959642e+00,5.078776752244771586e+01,-1.417953714625681094e+01,2.009916357886218563e+01,1.341697111945681229e+02,-3.085498494761773003e+01,-1.139695082264700332e+01,-4.885125613737153571e+01,-1.254995963019050720e+01,-5.269231705312555469e+00,2.673836750690950836e+00,5.802499537005956221e+00,-2.923181101830336104e+01,-4.651931098184518021e+01,8.369264040796359438e+00,1.752669383449319795e+01,9.944577593064525445e+01,2.344883379318676475e+01,5.830451736125451134e+01,3.106687003189441754e+01,2.870682803747392597e+01,-7.521745755891407725e+01,1.542202545485539389e+01,1.387573641169148253e+01,-5.689004822623986968e+01,1.675820419309432197e+01,8.375135947754213817e+01,-2.771214976851864265e+01,-1.226112933191787135e+01,-5.216390898277774468e+00,1.036612856850047137e+02,3.810168022784797870e+01,5.368759315021416256e+01,-7.570467933172761832e+01,-2.689467865140985481e+01,6.034683116308768547e+01,-2.620142709309728346e+01,1.059651986896500517e+02,-2.995153495593851645e+01,3.265968111800453499e+01,-4.342869884511740963e+01,-4.714272332496950213e+00,5.017536586312908753e+01,-5.943120168818995808e+01,-4.122185340066628356e+01,-2.863717363833445617e+01,2.784460515917508161e+01,2.195023614538810008e+01,-2.227710368069526936e+01,4.812591421771183775e+01,3.486208801173933125e+01,-5.497573554915930316e+01,-2.078523711070007707e+01,-3.177621764283633254e+01,-8.666349968120445624e+01,-8.580767454423277485e+00,2.104159799695550959e+01,-1.418798366607102857e+01,1.474292533932868521e+00,4.515244638422448276e+00,8.993253033871698676e+01,-5.427775946750927005e+01,-2.606650573937918480e+01,-1.129884756808808888e+01,5.400471143825576803e+01,1.601109286601322879e+01,2.226543453765672709e+01,7.021815596658844072e+01,1.144449828260972968e+00,8.488160152337680842e+00,-7.143203373592221794e+01,-4.943942502254208193e+01,1.239192191304838175e+01,-9.987937885099135826e+01,2.482323821822965115e+01,-3.711890608298595851e+01,2.029250246528499346e+01,-2.831845231140880159e+00,2.783721005113989833e+01,1.306193698119364477e+01,-1.473015774268793265e+01,2.063562770078574715e+01,7.773023171869207104e+00,-9.611951426119212938e-01,-4.856278837487867150e+01,6.961529814874998578e+01,8.614890972334526609e+00
-2.690736121965396244e+00,-1.350455785483978488e+01,7.256758252629714967e+00,1.607087581338657500e+01,-8.107866331302908236e+00,-1.860125728992104399e+01,2.112510329530240938e+01,-2.325778107890520641e+00,2.144724840058590587e+01,-7.453192335377568867e+00,-1.863641675776905871e-02,-4.010977438336395551e+01,7.795037387083781688e+00,-3.239064648659328860e+00,1.173205343663548916e+01,-7.673427705820426326e+00,4.577911584671536360e+00,4.384326820742037967e+01,-9.060670176417923827e+00,-2.761792016156356944e+00,-1.677798806300091172e+01,-3.405155217443045501e+00,-8.357915187724171968e-01,-8.701324740394302815e-01,5.894044718716810571e+00,-8.281078248681074783e+00,-1.111705107792924352e+01,-2.559025486012336259e-01,4.255122097540102288e+00,2.790976103997629920e+01,-2.793928885701781439e+00,1.488363931273438645e+01,8.490941655069251581e+00,1.092545360657820375e+01,-2.350047138211684583e+01,5.773928332618192272e+00,1.900380333988985537e+00,-1.215910865190005552e+01,4.053501252657272680e+00,1.672389400881386834e+01,-8.390234226161458864e+00,-5.691512574331681229e+00,-4.426166710581330932e+00,3.429313398215555253e+01,1.261147408186155516e+01,1.729395252722117959e+01,-2.270370416615758202e+01,-7.990642819729577795e+00,1.966336060451765988e+01,-5.547061164949374401e+00,3.327635245244491813e+01,-9.963258554246261056e+00,5.639306962250023147e+00,-1.191519917324199440e+01,-7.071081135369243764e-01,1.239563683722745857e+01,-1.664148912019900095e+01,-1.084096005574260602e+01,-8.375082138084650296e+00,1.436588701069549501e+00,4.173306527112203845e+00,-9.067847931161303165e+00,1.889365051043063204e+01,1.434255495026695826e+01,-1.712338039792011912e+01,-8.027267280528207039e+00,-8.975565254913481894e+00,-2.612515354616081709e+01,-1.853345241471626270e+00,8.708275737413178064e+00,-4.354543576677744277e+00,3.212741543882116080e-01,2.966133768380394997e+00,2.578253248549184562e+01,-1.714713177158439805e+01,-8.381240037626398021e+00,-3.703171193794307925e+00,1.806671710860820923e+01,3.177286186441213633e+00,5.853055604504216802e+00,1.855774934693369360e+01,1.080033920037073880e+00,-4.666882743480744722e-01,-2.080229778851082045e+01,-1.494243166186572580e+01,4.165541569477989370e+00,-2.362593865222556389e+01,6.223931544933535953e+00,-7.499312759543704132e+00,9.471567606691706942e+00,5.525981609640906456e-03,7.803978123618021456e+00,9.020323473876770137e-01,-4.542148303741663007e+00,1.184114433873498307e+01,-3.911783722274808639e-02,-1.200363853038694417e+00,-1.429820912812799349e+01,1.909349538607947849e+01,3.652260763408238908e+00
-1.770088713113758150e+00,-1.658299159239237497e+01,7.274474463822694581e+00,1.334553187120563678e+01,-1.060827212400500841e+01,-1.414509051611518764e+01,1.637911210951864405e+01,2.846887679317928743e-01,2.031738253039111441e+01,-9.261829846896990404e+00,2.335400386366842440e+00,-3.684678933919573751e+01,4.316871634414757963e+00,-1.832410418973343669e+00,1.393005128250045033e+01,-4.066246905948137425e+00,5.510173247881414049e+00,3.731743776343162722e+01,-8.540734151366095261e+00,-3.131149238929483491e+00,-1.362009921347858032e+01,-3.462577140834028899e+00,-1.429885117669369876e+00,6.734711355034669333e-01,1.774866428744193758e+00,-8.079237374175026076e+00,-1.277424000482185207e+01,2.207367280812884136e+00,4.815527621055827545e+00,2.747477302431030566e+01,6.100925862449546599e+00,1.604872785892604270e+01,8.573938207908566866e+00,8.046607542066706031e+00,-2.087725404106393157e+01,4.318993305538774585e+00,3.753287245772003011e+00,-1.556421783583287421e+01,4.603776189931634732e+00,2.286568345210823594e+01,-7.680955757478562518e+00,-3.478106541341812630e+00,-1.560454504012583010e+00,2.884882537189515617e+01,1.060392721288351581e+01,1.492239848155550774e+01,-2.097427428195917543e+01,-7.448253771455400241e+00,1.678235783212850762e+01,-7.166163368215977769e+00,2.941836981161149822e+01,-8.337683580052724253e+00,8.881173520250269959e+00,-1.198743398444481656e+01,-1.277651446467312768e+00,1.379449829911659009e+01,-1.641805657686887088e+01,-1.135941270396355662e+01,-7.925456689074009908e+00,7.436056115869294381e+00,5.984374964766553617e+00,-6.268072656896036321e+00,1.351308935377374709e+01,9.815210466443383908e+00,-1.525685967769315887e+01,-5.830860407571606174e+00,-8.781413764625334295e+00,-2.401589049507607854e+01,-2.348342605212494494e+00,5.926212098377960480e+00,-3.934845940906640749e+00,4.035917203550443144e-01,1.315876022806262924e+00,2.486831589043482893e+01,-1.507286769448417907e+01,-7.244533998376063266e+00,-3.143059861532838006e+00,1.503754422961004344e+01,4.370526145733237833e+00,6.135532871468228677e+00,1.935352368493455089e+01,3.467430641161068916e-01,2.230384587851399925e+00,-1.976555429592072244e+01,-1.370204005340661979e+01,3.451318537315391843e+00,-2.741717471514366267e+01,6.828228575303508130e+00,-1.013766590222437536e+01,5.758453123852030231e+00,-7.501544039264045338e-01,7.690487640545150327e+00,3.497448477912026732e+00,-4.086064331124312332e+00,5.944787823297388307e+00,2.058105632872106128e+00,-3.030298276175112382e-01,-1.344381011391098113e+01,1.921535207574406101e+01,2.429820220194056191e+00
-1.293019709722456501e+00,-5.286566312345232888e+00,3.096472345728370712e+00,7.289438202932953637e+00,-3.072046173884246834e+00,-8.640563025977613165e+00,9.763740655147449488e+00,-1.401186516258813075e+00,9.336303879968166797e+00,-2.900534615392593718e+00,-3.757775534785179339e-01,-1.764005755604630821e+01,3.872593949588233553e+00,-1.603140250420023394e+00,4.667127325146672057e+00,-3.840815082674184922e+00,1.809483854410258274e+00,1.974439013712569846e+01,-3.950901225092835922e+00,-1.121803274175143139e+00,-7.659019201311171088e+00,-1.445312865253126189e+00,-2.641255029814043587e-01,-6.128071414454177024e-01,3.160869873093526294e+00,-3.568248138682445614e+00,-4.488971461371977334e+00,-4.941776243110662659e-01,1.729728366108420401e+00,1.198776065493768783e+01,-2.583061516000447533e+00,6.174509204471196888e+00,3.613371453804683497e+00,5.115898842056029849e+00,-1.044653736231858865e+01,2.693282156703511898e+00,5.221040626750326208e-01,-4.660904343426147456e+00,1.645202367706591007e+00,6.182841799082845924e+00,-3.694153961488158444e+00,-2.776594854608822605e+00,-2.338109564920476835e+00,1.549669919189878797e+01,5.699829587406192388e+00,7.756514211469307085e+00,-9.966597073702470055e+00,-3.497418659719013778e+00,8.848050274698556095e+00,-2.116072653270054893e+00,1.481458531419523972e+01,-4.509137763927080655e+00,1.901912365440075803e+00,-5.077496290988327665e+00,-2.128466943860215510e-01,5.075397795812383706e+00,-7.142213979980323479e+00,-4.548985130855548675e+00,-3.647111972881565745e+00,-3.238736924806735473e-01,1.499370219237344592e+00,-4.310191607204087560e+00,8.909875919557386226e+00,6.832863752273946822e+00,-7.604754240813847765e+00,-3.771500641625057604e+00,-3.863650497976822695e+00,-1.148719001207150470e+01,-7.141895254606631660e-01,4.153856873119464055e+00,-1.925330741462021544e+00,1.243487170876477754e-01,1.524639069658418222e+00,1.115413625865646807e+01,-7.647357956161079606e+00,-3.757098251369138886e+00,-1.669080093015506971e+00,8.189302027478220225e+00,1.170522231819889791e+00,2.455605424793882108e+00,7.801365709940299098e+00,5.758411829201512955e-01,-6.207324185548246387e-01,-9.046305851227032235e+00,-6.575474711076887857e+00,1.890630727406630296e+00,-9.497863997890382493e+00,2.563716019653389466e+00,-2.790588812511269001e+00,4.625322803301616048e+00,1.204351148857912834e-01,3.350681878275332704e+00,-2.029078869760914117e-02,-2.011138958777796137e+00,5.978461100205189283e+00,-3.443977435162028922e-01,-6.528638370406688596e-01,-6.240026661109405737e+00,8.135473546711352810e+00,1.750826035916151380e+00
-4.015093500637387791e+00,1.912701459400883763e+00,3.662092169850641454e+00,1.603285228048898858e+01,3.017358765827078848e+00,-2.228770945966548567e+01,2.440959683056873075e+01,-8.671065133768104616e+00,1.421129601065580594e+01,1.369841937093177364e+00,-6.755754617773619408e+00,-2.987294280740421826e+01,1.395602784524999151e+01,-5.688444126146992019e+00,-2.964284960292875581e-01,-1.426353966627619307e+01,-3.294311431567806814e-01,4.113384677679620438e+01,-6.125858079948754309e+00,-3.545420358950042150e-01,-1.763423172905742575e+01,-1.577660705187079238e+00,1.274932502368920861e+00,-4.868869300033734859e+00,1.482041924162405877e+01,-4.815386095412673484e+00,-9.387653425209467883e-01,-7.190190943781774813e+00,5.710847536537619895e-01,1.552640282944243388e+01,-2.692044502246615068e+01,4.276176284065462241e+00,4.106471448745923958e+00,1.384014510123350306e+01,-1.954147126726229189e+01,7.123750783937882858e+00,-4.337762284024736736e+00,3.537279368209089725e+00,4.969593531474472137e-01,-9.044545177039317707e+00,-6.325454029947744417e+00,-9.255216308738095421e+00,-1.047719680971657397e+01,3.314816068951456884e+01,1.220580733122836747e+01,1.564473568125492342e+01,-1.657238759015780261e+01,-5.642733047336102814e+00,1.831700739659088484e+01,1.801927041633073934e+00,2.808182543441754220e+01,-9.756210200428185431e+00,-6.405262609245334637e+00,-5.889307045135702801e+00,1.273281797372606938e+00,2.333260846709226399e+00,-9.154802341005634503e+00,-4.060906011529228365e+00,-5.573585668090349721e+00,-1.645830731227042421e+01,-3.054936355864403374e+00,-1.266311395849163368e+01,2.508644773645454151e+01,2.031275951857583806e+01,-1.411013482890000148e+01,-1.040157054170286699e+01,-5.148678620055406441e+00,-1.941147457167132728e+01,4.703182558745291342e-01,1.242838350521306445e+01,-3.430741255531475797e+00,-7.152900558377428553e-02,6.246922287161669196e+00,1.581140051499226296e+01,-1.471763977810704738e+01,-7.545777927078345826e+00,-3.499870494978640778e+00,1.792472447350630205e+01,-1.793964046525969636e+00,2.185144149614175912e+00,7.214389783002225442e+00,2.654062289444435230e+00,-7.968072601462980131e+00,-1.361444115701618429e+01,-1.119990318040509258e+01,4.178093340648644016e+00,-1.223068448737986813e+00,1.452625998148985076e+00,3.724051160599573862e+00,1.548712952685584732e+01,2.168462841786847672e+00,4.318086227054450887e+00,-6.976448671809849955e+00,-3.631004027913993237e+00,2.295625915780964377e+01,-6.030255860119257072e+00,-3.185744518493984767e+00,-9.764110791347944129e+00,9.419819184935727563e+00,5.371931469398660397e+00
-4.053165716328989809e+00,-5.759242115360817138e+01,2.302987732055704484e+01,3.762647268971448966e+01,-3.773271716219288408e+01,-3.725281542280731628e+01,4.383038394657587844e+01,5.276489837486459500e+00,6.234459610046886979e+01,-3.231585431464803548e+01,1.133045997978054054e+01,-1.110305796013515618e+02,7.817889788160353959e+00,-3.435436145515685435e+00,4.772842323773827644e+01,-6.809183435197188494e+00,1.898478055735926873e+01,1.070485948312218056e+02,-2.613213434835002857e+01,-1.051917367302904793e+01,-3.776944120665218918e+01,-1.104412036096894489e+01,-5.516940743723045770e+00,4.717163317957877133e+00,-1.293971218777598464e+00,-2.520626729049913450e+01,-4.316736968680081787e+01,1.110877538129381570e+01,1.616506865011464100e+01,8.613952303589400117e+01,3.420165443699858798e+01,5.269553799904335278e+01,2.724791649594152787e+01,2.061517897338280747e+01,-6.161121826395165613e+01,1.121648481770269257e+01,1.497335508506242086e+01,-5.491896002459424864e+01,1.547857681889086123e+01,8.259244027557100765e+01,-2.309629032982413221e+01,-7.286244391583009516e+00,-1.295077472627650383e-01,8.208597460864372408e+01,3.016152952509498775e+01,4.320527224012569434e+01,-6.341638182092065534e+01,-2.264032660823021814e+01,4.823195026257743478e+01,-2.537209963733570817e+01,8.654616894766854784e+01,-2.363656503901871631e+01,3.351507491861524102e+01,-3.802254522254055757e+01,-4.996132366831419702e+00,4.596010795537393534e+01,-5.153545373657605921e+01,-3.678496078307870931e+01,-2.430464539652498601e+01,3.356899044410396016e+01,2.195738851937360536e+01,-1.512442999950598832e+01,3.370485645885987225e+01,2.344342616366823506e+01,-4.510943336173757956e+01,-1.475359711927709938e+01,-2.743927484561174168e+01,-7.239647747967201497e+01,-8.254755288046252915e+00,1.407324038678303779e+01,-1.173744627672090957e+01,1.414065035243432966e+00,1.393881792763169480e+00,7.709510624422040337e+01,-4.417941837536284311e+01,-2.099985766435758094e+01,-8.998605563996363799e+00,4.246685737000541394e+01,1.581900701017554134e+01,1.987267611469950523e+01,6.252538039401508030e+01,-1.330205704415771961e-01,1.157351459821751405e+01,-6.075596199217183369e+01,-4.124314658997184324e+01,9.714883233180488631e+00,-9.304255110189046718e+01,2.260233831106516078e+01,-3.647603569476231655e+01,1.198194662624210771e+01,-3.638687658754208076e+00,2.412524893598382292e+01,1.540924796515973050e+01,-1.215456262225513484e+01,8.910952047780186902e+00,1.002317921556347358e+01,5.462450876507347619e-01,-4.107378951279590495e+01,6.095871116039317172e+01,5.633134197283899525e+00
-1.235349747935094333e+00,-1.300756452013127351e+01,5.542717524981743971e+00,9.830531450657119308e+00,-8.386129539631522078e+00,-1.022739838037377780e+01,1.189340570770522376e+01,5.367411235929420155e-01,1.533611109757181090e+01,-7.275846814949045616e+00,2.067224289754232558e+00,-2.766419248761437544e+01,2.861665619512094860e+00,-1.223256926989380711e+00,1.087907678512319443e+01,-2.654968593210219385e+00,4.311027990048144964e+00,2.762279966369348116e+01,-6.441265530108879034e+00,-2.430079625333316784e+00,-9.986645559098903391e+00,-2.644281722264028467e+00,-1.161866373187755652e+00,7.021111172422727087e-01,8.470118339059493628e-01,-6.128752378185262195e+00,-9.932486587850540616e+00,1.983095279370856945e+00,3.736385991222757053e+00,2.087263803068903556e+01,5.736778061675890328e+00,1.236616816046777068e+01,6.540443935660669617e+00,5.775835760959935783e+00,-1.557952408384306686e+01,3.111226515544616600e+00,3.085733718658825619e+00,-1.227165723451398627e+01,3.573865681090620861e+00,1.816813873751802078e+01,-5.763218328927250944e+00,-2.377821828609007149e+00,-8.373177127290998278e-01,2.130528689657696262e+01,7.830375093026103350e+00,1.107489614181394622e+01,-1.576295156595317160e+01,-5.606434821240335431e+00,1.242908715126097086e+01,-5.656471511854032741e+00,2.193347864440343642e+01,-6.151118685763988125e+00,7.161563723818098026e+00,-9.138987380456784493e+00,-1.043032729500580569e+00,1.067790053810033513e+01,-1.247730258356738986e+01,-8.715343456293437541e+00,-5.981260768821608842e+00,6.398842668496005359e+00,4.779896917117461008e+00,-4.430918662787204809e+00,9.632756026598892518e+00,6.920856441804174253e+00,-1.139152722752892544e+01,-4.171861588247662844e+00,-6.664501845203224306e+00,-1.803302651664375844e+01,-1.849258168521632495e+00,4.172713793184289699e+00,-2.945511015559273194e+00,3.174804053889010436e-01,7.999891833537735586e-01,1.882872140490140112e+01,-1.122593243187732170e+01,-5.378440289296189114e+00,-2.325245797446705787e+00,1.108200545441522600e+01,3.475007347429423632e+00,4.707697801855275976e+00,1.483798088723885833e+01,1.742300597500781034e-01,2.029278563198029683e+00,-1.492722750693102896e+01,-1.028404256414988183e+01,2.541142362408402189e+00,-2.134668834773724910e+01,5.274722748269764061e+00,-8.044601314338867937e+00,3.930842117879986386e+00,-6.639571085709129461e-01,5.843491446435692183e+00,2.981869904503381630e+00,-3.056226206534344403e+00,3.805208309602411187e+00,1.824552693430759209e+00,-1.208328864242216860e-01,-1.013466677006614525e+01,1.465015561769778429e+01,1.700844623197533600e+00
-5.962181722660680805e+00,-5.975757313557385686e+01,2.576966912976970292e+01,4.635697739645965498e+01,-3.840443237008510380e+01,-4.861180665330600448e+01,5.642735832595062107e+01,1.878428345032538083e+00,7.158077450507026640e+01,-3.340519321159997901e+01,9.055888636090770660e+00,-1.294113838949288322e+02,1.412953178766259121e+01,-6.020902157301930124e+00,5.006826424081074833e+01,-1.319889752527555871e+01,1.982595080731663373e+01,1.299906485974907753e+02,-3.007512144440431001e+01,-1.121260596213296168e+01,-4.718522176456252737e+01,-1.228243468158417961e+01,-5.262207658044669500e+00,2.899744808089077530e+00,4.912925838478146900e+00,-2.854668540870120452e+01,-4.579449632604159603e+01,8.638849062683670255e+00,1.724179549907796627e+01,9.716149178921033069e+01,2.457239734555925281e+01,5.722760734909361702e+01,3.039369667062261371e+01,2.753878635664908359e+01,-7.306586894841710489e+01,1.481145628142335546e+01,1.391052796603684882e+01,-5.625830789655236686e+01,1.648846565176599199e+01,8.302989204064812157e+01,-2.696695881817560903e+01,-1.158049198958896397e+01,-4.571372299521648586e+00,1.003581536553752187e+02,3.688639325596976448e+01,5.205964327362053012e+01,-7.370741145387260929e+01,-2.619843575781315081e+01,5.847718306465874605e+01,-2.591986266352045476e+01,1.029040655358462431e+02,-2.898743768795555198e+01,3.253477840355311912e+01,-4.247957363197633640e+01,-4.715196650548529433e+00,4.932180196333430189e+01,-5.807280619530053656e+01,-4.040407087594457636e+01,-2.791945062413357093e+01,2.833585454863699837e+01,2.179835081276632636e+01,-2.126616556841837280e+01,4.606533774239639456e+01,3.325308890737912293e+01,-5.341253778508761485e+01,-1.991882831916390373e+01,-3.103612325295201302e+01,-8.435319115303286708e+01,-8.482045848041206426e+00,2.006131330207687213e+01,-1.379601349545398392e+01,1.456826531579726192e+00,4.110308332247471164e+00,8.777054658027100231e+01,-5.269165172559805654e+01,-2.527882256449844789e+01,-1.094496656550831126e+01,5.224824485353617831e+01,1.587669341923589172e+01,2.182417134210464837e+01,6.880898783014347941e+01,9.836180667708894765e-01,8.798303036040199032e+00,-6.965742363385587055e+01,-4.811459465299540739e+01,1.198534547560448082e+01,-9.836623913710650413e+01,2.438474188098991391e+01,-3.678368445127155439e+01,1.915681665269604750e+01,-2.908690309084697834e+00,2.719931356590645066e+01,1.325193540277987658e+01,-1.431944984852615477e+01,1.908900470236572033e+01,7.988198606453662087e+00,-7.741192976716244623e-01,-4.732869448202905716e+01,6.809499083148173781e+01,8.198133098782554029e+00
-5.461377351072873587e+00,-5.604110087802590101e+01,2.402830264041159580e+01,4.293249839046821847e+01,-3.607123432310073952e+01,-4.485153148600291928e+01,5.210769678422978757e+01,2.027760567367405287e+00,6.661891278464783284e+01,-3.133693293674085822e+01,8.692535360450765580e+00,-1.203115918620658391e+02,1.280543414586163564e+01,-5.464665975282401611e+00,4.691402260820043324e+01,-1.192409413740279334e+01,1.858349360527920169e+01,1.205061932630028849e+02,-2.798557588521853035e+01,-1.049321455887053389e+01,-4.365891559053975612e+01,-1.145764406854194206e+01,-4.969138815177795543e+00,2.867025982669946682e+00,4.144432565760466147e+00,-2.659421471492959910e+01,-4.287210040212741546e+01,8.315273137440094331e+00,1.613477580015964818e+01,9.054274508416382616e+01,2.385195508669332654e+01,5.347969034507522679e+01,2.834644035438113008e+01,2.537104946098630975e+01,-6.784542538932447542e+01,1.365545288304807237e+01,1.316571180605255975e+01,-5.281313980537847641e+01,1.543133385103440247e+01,7.806347116718838208e+01,-2.506762329555612823e+01,-1.056274512797666532e+01,-3.958704057387904207e+00,9.299276352583696337e+01,3.417857345546825343e+01,4.828685580027571689e+01,-6.853820575013669725e+01,-2.436875920437911347e+01,5.421632626967885926e+01,-2.433789454015759546e+01,9.553441588174487720e+01,-2.685440308238512586e+01,3.067715279415984853e+01,-3.961360380746999965e+01,-4.456637935909934178e+00,4.613344186766170907e+01,-5.412069409514819540e+01,-3.772574930297172102e+01,-2.598317450495870062e+01,2.705425505544329212e+01,2.051551668059553890e+01,-1.953112522151492314e+01,4.237944665500003083e+01,3.052424935947509965e+01,-4.960170509395472038e+01,-1.833881744043682360e+01,-2.891606358098651341e+01,-7.842361213433048306e+01,-7.960671879187451339e+00,1.840965301692088474e+01,-1.281831518579750906e+01,1.366992479075232803e+00,3.657524889652292721e+00,8.173632784859957212e+01,-4.890758850070287878e+01,-2.344842745744998780e+01,-1.014526586266094732e+01,4.839306880860893045e+01,1.492902486009496954e+01,2.037773969722904965e+01,6.423852064212798041e+01,8.394366363329917036e-01,8.488696133717425596e+00,-6.483553095940901301e+01,-4.472844825616181907e+01,1.109894849002578354e+01,-9.211347736684651011e+01,2.279917020402094607e+01,-3.457473142408701960e+01,1.746776105153652736e+01,-2.791939181938666970e+00,2.534734336176977010e+01,1.263028971582381565e+01,-1.330248993814284297e+01,1.717336957674758580e+01,7.669879421085957105e+00,-6.267405660198306361e-01,-4.403658172438645835e+01,6.350146745414011207e+01,7.514118625759880210e+00
-3.717304696381530160e+00,-2.794099448190832291e+01,1.304084170792131658e+01,2.554659773491654562e+01,-1.756166128559598505e+01,-2.799923108703363539e+01,3.217781359989155021e+01,-1.024803608017850198e+00,3.711640152228687128e+01,-1.555290795383317359e+01,2.805255514878974843e+00,-6.802687795806777160e+01,9.790955433902372107e+00,-4.115003533855696283e+00,2.369921092103612636e+01,-9.417196390008298224e+00,9.337509848722609362e+00,7.079059742497366869e+01,-1.562892658042259875e+01,-5.400381150565763733e+00,-2.629364202978353049e+01,-6.178493150678120216e+00,-2.215915299996838339e+00,3.002843257309866232e-01,5.607365233907298574e+00,-1.461383227396463624e+01,-2.194367240459649437e+01,2.511294339450104829e+00,8.309972776885029333e+00,4.954885043518378041e+01,5.713511254305757348e+00,2.810795966090163134e+01,1.533383234193047961e+01,1.612999945165585558e+01,-3.899931892135170841e+01,8.604626240572166296e+00,5.643893639895052772e+00,-2.592103247962202772e+01,7.936024965892425342e+00,3.741090887390338082e+01,-1.419776089940735808e+01,-7.542135872989645051e+00,-4.485352025768897910e+00,5.496072117325919493e+01,2.020560286368985814e+01,2.816757024377056950e+01,-3.864762732010229485e+01,-1.368209591247832257e+01,3.180423185904770733e+01,-1.190452709987772373e+01,5.504941798014617405e+01,-1.591500581962020355e+01,1.402688981103710475e+01,-2.146437578903168841e+01,-1.956643281644067756e+00,2.392609314730380632e+01,-2.958735594281187531e+01,-2.007515064639288127e+01,-1.448368726510963000e+01,9.812061022706823010e+00,9.671338355813904997e+00,-1.289258639870480927e+01,2.740910805039224485e+01,2.027278612145640935e+01,-2.847055455128888113e+01,-1.175325359767647093e+01,-1.586909616023260128e+01,-4.432807591827457827e+01,-3.922027989504258905e+00,1.226882972887529277e+01,-7.306457503256681640e+00,6.756689300682661159e-01,3.331576244196019942e+00,4.515445885934308734e+01,-2.826265326192762828e+01,-1.366619690252784025e+01,-5.968496417609779670e+00,2.876098987018164621e+01,7.139332226584912178e+00,1.084170470059652125e+01,3.425439582414677631e+01,1.053445412632407541e+00,2.415058900439585265e+00,-3.607157887949900044e+01,-2.531271398314664367e+01,6.612202688808554107e+00,-4.695949812839416637e+01,1.189517654370925115e+01,-1.663619285829627970e+01,1.251552735916962966e+01,-9.013473802585223460e-01,1.386439869807975356e+01,4.748118663004312623e+00,-7.599164813262649254e+00,1.413409375087919173e+01,2.458822770685335168e+00,-1.071514705679172064e+00,-2.462236462449735441e+01,3.440292184785576524e+01,5.078466008709443535e+00
-5.164180541030202853e+00,-5.147835750875680105e+01,2.222927884795056386e+01,4.005114787181932456e+01,-3.307170350045115015e+01,-4.203575812932977840e+01,4.878430440306456717e+01,1.560771989744583088e+00,6.177350933860657989e+01,-2.877500920441469390e+01,7.758119010646389313e+00,-1.117086287415130386e+02,1.226798674267093148e+01,-5.225933653049477101e+00,4.314017816419173812e+01,-1.146814029872094842e+01,1.708116473801678836e+01,1.122828345200165217e+02,-2.595556869846137005e+01,-9.663892417610536967e+00,-4.077549429865842257e+01,-1.059388228866628090e+01,-4.525769381999363183e+00,2.466154314303196760e+00,4.332107225766163694e+00,-2.462982983446695329e+01,-3.946584943655598465e+01,7.395873669387216687e+00,1.486048768672987386e+01,8.382432811056585820e+01,2.099374607927378023e+01,4.933962950769610245e+01,2.621661177417812638e+01,2.382152187798751442e+01,-6.308870021900116143e+01,1.281002983438604304e+01,1.195731984884158905e+01,-4.845232677507456032e+01,1.421087429895934484e+01,7.148379334051152512e+01,-2.327869920852763386e+01,-1.004022537308741114e+01,-4.008847110152597537e+00,8.669626347097840835e+01,3.186514757110213836e+01,4.496235752531138985e+01,-6.362170212002128977e+01,-2.261193703163123914e+01,5.050995279002489013e+01,-2.232226881478923985e+01,8.885621530628363018e+01,-2.504255020912455620e+01,2.799143230699997176e+01,-3.664249465985384546e+01,-4.054439235240164585e+00,4.251450776405111753e+01,-5.010043335389066499e+01,-3.484191377818243751e+01,-2.409441719224902911e+01,2.430633928732707716e+01,1.876254604129455572e+01,-1.840876675784377170e+01,3.986020900627459440e+01,2.878849667198218398e+01,-4.611787095700982775e+01,-1.723273420529091737e+01,-2.677711739376068678e+01,-7.281374287400778655e+01,-7.305560717356343048e+00,1.736902085199098877e+01,-1.191043657028639124e+01,1.254822001340638815e+00,3.583361828200981591e+00,7.573436364010012767e+01,-4.550075750207771108e+01,-2.183222396259001741e+01,-9.454245327246185937e+00,4.514006914528705749e+01,1.366845773593141899e+01,1.881972860077759790e+01,5.933850711219364626e+01,8.652446494638794672e-01,7.528083965378217890e+00,-6.011224297221924928e+01,-4.153340841386707893e+01,1.035522664041685204e+01,-8.476706317946502622e+01,2.102120342744063564e+01,-3.167044776110832416e+01,1.661003787925213260e+01,-2.491865064049402001e+00,2.346552909746975502e+01,1.137224134758326244e+01,-1.236279931299946355e+01,1.660140077959052718e+01,6.842962760160110847e+00,-6.882710916170097226e-01,-4.084665248395734949e+01,5.873798256102634241e+01,7.099870896580291912e+00
-5.214860433586541610e+00,-6.417295447229338379e+01,2.640652952112422369e+01,4.483509098355862932e+01,-4.174707688431207941e+01,-4.546961920100274313e+01,5.319272512463648184e+01,4.449160578520064746e+00,7.220906476632899285e+01,-3.595834594876762935e+01,1.155113817302666135e+01,-1.293666728212967314e+02,1.110428992426465200e+01,-4.804794016724238226e+00,5.339883390924493511e+01,-1.002645664692390959e+01,2.120467301888871958e+01,1.268031496895783334e+02,-3.029535667428015344e+01,-1.183959520408517818e+01,-4.526477736642156913e+01,-1.263336233147043863e+01,-5.963525697750545973e+00,4.462875588865593102e+00,1.045875958551085727e+00,-2.903791293492467318e+01,-4.849906993650928655e+01,1.122974956541667524e+01,1.819861163434989848e+01,9.907723476068022705e+01,3.376886637370716926e+01,5.973103512968665285e+01,3.120491476070808190e+01,2.541584243118644082e+01,-7.228509462534826469e+01,1.376003686130047399e+01,1.603769385495895250e+01,-6.090558736959269481e+01,1.741736429793099461e+01,9.096865355631457817e+01,-2.692926367610842320e+01,-9.717571894445972802e+00,-1.908804495110068666e+00,9.750438369162452545e+01,3.583120408144634439e+01,5.101717963896150110e+01,-7.380678139844887653e+01,-2.630372001601156740e+01,5.709617284714791197e+01,-2.810963436436755103e+01,1.016462499963898694e+02,-2.811183882687174318e+01,3.645361092784918355e+01,-4.357102653839344697e+01,-5.380575656114787719e+00,5.186127666364355804e+01,-5.925320157226328632e+01,-4.187731535009817918e+01,-2.815586898501368651e+01,3.482161675725649985e+01,2.407472892112924256e+01,-1.906887381760847333e+01,4.196758410194100009e+01,2.967268562097502027e+01,-5.289121579280699592e+01,-1.827287847535602694e+01,-3.159465716272173808e+01,-8.434109679119994496e+01,-9.164922946815716287e+00,1.785218227776956113e+01,-1.372173956753635338e+01,1.571501050053101478e+00,2.612573305419071623e+00,8.899681072821196892e+01,-5.195200723956236999e+01,-2.478700529200318670e+01,-1.066628279087155029e+01,5.057408763818735054e+01,1.741293186865367204e+01,2.262229810567130883e+01,7.123362786586851314e+01,2.978326766274823623e-01,1.161923652521477557e+01,-7.032955378516074063e+01,-4.807162904439040574e+01,1.158258212357260852e+01,-1.043997165253237824e+02,2.555579864834051662e+01,-4.022081298286273920e+01,1.602516636319523258e+01,-3.709740943839081595e+00,2.774361560817591865e+01,1.608162156590766045e+01,-1.422256091324396188e+01,1.384349363304077229e+01,1.020931162566948913e+01,7.541172097524395657e-02,-4.764026701585267176e+01,6.985046251559599284e+01,7.212605933224953247e+00
-4.763659490064357627e+00,-4.996352421616560946e+01,2.130998426699524373e+01,3.783740252420902550e+01,-3.220418773920973621e+01,-3.938970557402139860e+01,4.579948488306770571e+01,2.023722412719263897e+00,5.898048462335429321e+01,-2.794602398706566504e+01,7.911937394590594863e+00,-1.064112410411490686e+02,1.105549890985439454e+01,-4.724594758202963263e+00,4.179352051249582445e+01,-1.026277662280708824e+01,1.656049058152783715e+01,1.063019713364657690e+02,-2.477287751638480984e+01,-9.337355383938239939e+00,-3.844423090512838570e+01,-1.016567283520141807e+01,-4.457981994437041351e+00,2.675833114014083414e+00,3.319496332860829568e+00,-2.356648639739580631e+01,-3.816240290726209139e+01,7.586814330936811679e+00,1.435683101134895878e+01,8.025631691147270885e+01,2.192040234636701612e+01,4.752677470353808076e+01,2.514497557040900233e+01,2.225053674726729724e+01,-5.993916872579728050e+01,1.198406700185215712e+01,1.183549172175917263e+01,-4.712916560679614975e+01,1.373213907170061532e+01,6.975771603151731881e+01,-2.216886298056983762e+01,-9.175917323852978313e+00,-3.263065069233446636e+00,8.199630566559633849e+01,3.013636843128103848e+01,4.261624150329565452e+01,-6.063073588213191556e+01,-2.156352164330231247e+01,4.783052819674301759e+01,-2.172285954407752229e+01,8.438728568928387119e+01,-2.367424145114704714e+01,2.748472853702709529e+01,-3.513583928382149679e+01,-4.001458641156554918e+00,4.103226734014932475e+01,-4.797528098567322985e+01,-3.350022186428812176e+01,-2.300320844547841759e+01,2.451012005781272762e+01,1.834973215332977858e+01,-1.707848432797352700e+01,3.711759590755638527e+01,2.667803095782364764e+01,-4.382588295578845106e+01,-1.607325684700060719e+01,-2.562618117179540178e+01,-6.936436823894700865e+01,-7.102332934395660047e+00,1.608548545999146739e+01,-1.133111134226662564e+01,1.219368321480441164e+00,3.100967984242632536e+00,7.240533363582451898e+01,-4.319239107755963403e+01,-2.069602860602754646e+01,-8.948505053347366456e+00,4.265362699223759790e+01,1.334222731628211278e+01,1.809551144569110903e+01,5.703587365059733116e+01,6.810764133613207427e-01,7.760802790942554097e+00,-5.740701398389590082e+01,-3.955833214371119055e+01,9.780924849204220450e+00,-8.201431225152123261e+01,2.027065033821735440e+01,-3.088899515005190466e+01,1.516978572527949254e+01,-2.541185112256804324e+00,2.246838450659256026e+01,1.142481365015422234e+01,-1.175733759976457016e+01,1.472012975493422005e+01,6.982856054685274039e+00,-4.782861711217682998e-01,-3.897812234546759669e+01,5.632403734503144932e+01,6.557974919213261700e+00
-4.363286437651810346e+00,-3.984458109592985409e+01,1.759624635340698973e+01,3.252488318332959949e+01,-2.544203425945016050e+01,-3.461182927270269971e+01,4.004176307544882008e+01,4.583603098506774387e-01,4.924983266868392917e+01,-2.224587036390350292e+01,5.441899157920557784e+00,-8.942462877298100921e+01,1.074991732907708553e+01,-4.556932930871044007e+00,3.350449189553138751e+01,-1.015501030628974277e+01,1.324749896025343254e+01,9.085108080512404172e+01,-2.070691741250049134e+01,-7.542028036283253023e+00,-3.322725961344647772e+01,-8.371314825394881254e+00,-3.406640297988670962e+00,1.493005590192101995e+00,4.657067606886110767e+00,-1.956243519557100186e+01,-3.075616687105645752e+01,5.122533804665216017e+00,1.159988030180278429e+01,6.650308956754471978e+01,1.397401729241238932e+01,3.872095884582623171e+01,2.073404199829299088e+01,1.971970613319179577e+01,-5.073599402649020362e+01,1.057652954299419079e+01,8.916151624394064612e+00,-3.735122321898398212e+01,1.108852255323687785e+01,5.477285575311821475e+01,-1.864371901349001348e+01,-8.609249444833343645e+00,-4.027779987492388081e+00,7.026908272556346446e+01,2.582928393725303806e+01,3.630829227190992725e+01,-5.089183380422757352e+01,-1.806605999550086139e+01,4.085270411793344181e+01,-1.719293030664601218e+01,7.150690779198663449e+01,-2.031327057005638892e+01,2.119855654019364621e+01,-2.899263943491111206e+01,-3.040447102151333070e+00,3.324708531519623733e+01,-3.973692503168985013e+01,-2.743400991048057946e+01,-1.921228497127556523e+01,1.745932980252500499e+01,1.431710692762017523e+01,-1.541024417213219877e+01,3.316450831817239475e+01,2.414362042107173778e+01,-3.707283148973362330e+01,-1.429933791593042436e+01,-2.126040401797936141e+01,-5.828337595215475631e+01,-5.637240799632501798e+00,1.458168047084391006e+01,-9.555887398437780789e+00,9.690725382735851934e-01,3.328869885662868455e+00,6.024004799333633997e+01,-3.664606353243013359e+01,-1.762567763188771153e+01,-7.652853164937068797e+00,3.664486857418883403e+01,1.046753104731419626e+01,1.481765137874617011e+01,4.674823529623130014e+01,9.035143997444909925e-01,5.157585698946448360e+00,-4.790667856815441183e+01,-3.325629321229622803e+01,8.412165258549375579e+00,-6.599085035681801514e+01,1.646496791845892815e+01,-2.429141061852685013e+01,1.425800332015731087e+01,-1.748034075480547900e+00,1.861420823188403872e+01,8.231732026961504189e+00,-9.924913033906669568e+00,1.490140788272126571e+01,4.793750526277829493e+00,-8.122413352295250188e-01,-3.259754643858321543e+01,4.647344524002809862e+01,5.985883374723637296e+00
-3.139044143739665671e+00,-2.435942732495765739e+01,1.126066129403426075e+01,2.184812910888678417e+01,-1.535381510503822255e+01,-2.383329058425154301e+01,2.741885613214148520e+01,-6.850952666956722226e-01,3.195941704010163775e+01,-1.356655946375362376e+01,2.602114134396845468e+00,-5.848396134839537552e+01,8.187304032891850269e+00,-3.445231689254623753e+00,2.062976664134326299e+01,-7.854734964060652302e+00,8.133214313568910114e+00,6.062050692311473199e+01,-1.345405079429532691e+01,-4.690880999498439508e+00,-2.246002730498625866e+01,-5.338829643358561583e+00,-1.958644414120534361e+00,3.773517704868658562e-01,4.526203338238997453e+00,-1.260196572154823791e+01,-1.907268243116252648e+01,2.356668214453083721e+00,7.217603147962047494e+00,4.274660402480717636e+01,5.613457621062449832e+00,2.435720691841060415e+01,1.324539596592768476e+01,1.370620802436319075e+01,-3.347085981857284054e+01,7.317824347711969324e+00,5.014622359936506513e+00,-2.264040798008382183e+01,6.893966085971826807e+00,3.276999264635439602e+01,-1.220391433631039391e+01,-6.342457833172162829e+00,-3.653364203166794777e+00,4.703592144716561307e+01,1.729169178304538335e+01,2.413811115779470384e+01,-3.323559070053215692e+01,-1.177146288249036310e+01,2.723898685746497250e+01,-1.040209132582739215e+01,4.723385947481654057e+01,-1.361646376973378558e+01,1.235865968281894034e+01,-1.853761017499369856e+01,-1.732990410714689400e+00,2.076451791114999423e+01,-2.552827422599811058e+01,-1.737230677161294068e+01,-1.247064388853099892e+01,8.930591177021172555e+00,8.488668952709058857e+00,-1.091711364565926878e+01,2.325306675283485447e+01,1.715692559790482363e+01,-2.443834059574025019e+01,-9.979586733396120124e+00,-1.368633372924981728e+01,-3.811096345558577525e+01,-3.424100466852705527e+00,1.037992462413007289e+01,-6.276199555266448904e+00,5.896619501329055657e-01,2.750193651065209188e+00,3.891587687128638606e+01,-2.424294818745990199e+01,-1.171226899480816286e+01,-5.110278007271500833e+00,2.460015289170888408e+01,6.255299733500025106e+00,9.382207783780035726e+00,2.963571246419236616e+01,8.534333508908571453e-01,2.291466264154356391e+00,-3.106445384734743698e+01,-2.175979960010241854e+01,5.654256297166531553e+00,-4.083430606102257343e+01,1.031638279962426985e+01,-1.456533013993629311e+01,1.052169245895653482e+01,-8.360241064390776522e-01,1.196167282805235388e+01,4.298024997715968354e+00,-6.526135873654948405e+00,1.175211924274746522e+01,2.283361346172737338e+00,-8.564844106088119746e-01,-2.119328975121062442e+01,2.971239150610117719e+01,4.291166457765537956e+00
-3.735274458391024677e+00,-5.536008176520357438e+01,2.196568803692373706e+01,3.549839800392712874e+01,-3.633851689552855646e+01,-3.489735097560919286e+01,4.112928659516872898e+01,5.401151565151791623e+00,5.929719384846902841e+01,-3.107475196647992632e+01,1.113846190084873022e+01,-1.054265764783973509e+02,6.964053048636636767e+00,-3.077447095257124232e+00,4.582849034524583942e+01,-5.983828157189638119e+00,1.823724612520863531e+01,1.011677406696807680e+02,-2.484824414689053995e+01,-1.008416661608312914e+01,-3.557359307407148918e+01,-1.054069875764377962e+01,-5.345398581445045316e+00,4.716903007913228585e+00,-1.816390102740229828e+00,-2.401023225166552066e+01,-4.140223750986724127e+01,1.094248817672567142e+01,1.549556563112768792e+01,8.208823044616397624e+01,3.387502674869116959e+01,5.041951057901921018e+01,2.599758586469467758e+01,1.925332897751078676e+01,-5.838666047027287220e+01,1.049126873753110800e+01,1.454177828793369898e+01,-5.285663361060218790e+01,1.483943839002007259e+01,7.963523914631166178e+01,-2.192624536243418021e+01,-6.635838943781759980e+00,2.816336105449292471e-01,7.751423603061063261e+01,2.848069406047925156e+01,4.086881705762507977e+01,-6.023457283725344524e+01,-2.151499504426064036e+01,4.559064645730342136e+01,-2.442582119624263726e+01,8.199211221995909682e+01,-2.231195341343738647e+01,3.242105142026487385e+01,-3.627163572381677170e+01,-4.845383476463203998e+00,4.402910090791536390e+01,-4.911685538707973819e+01,-3.515445798845107106e+01,-2.311534074248957182e+01,3.286232818886279006e+01,2.119641149788882473e+01,-1.402807828778923671e+01,3.138303861826903685e+01,2.171751983536087138e+01,-4.275618114490408317e+01,-1.375972337405828760e+01,-2.614089883780817303e+01,-6.874503067474799423e+01,-7.942393672349724376e+00,1.302808149586882713e+01,-1.113445808186988017e+01,1.360206337753049999e+00,1.096013425734734037e+00,7.339498000420823587e+01,-4.183987251568138532e+01,-1.986648692067258537e+01,-8.502623403787085365e+00,4.007163246173788451e+01,1.525500039677855924e+01,1.899215238889273749e+01,5.974184385630229599e+01,-2.305290516545245305e-01,1.141875581217110636e+01,-5.779530709023897828e+01,-3.915749199435669681e+01,9.163936955139257989e+00,-8.926901175974839475e+01,2.164088013806328448e+01,-3.515954462626179833e+01,1.090202370784997399e+01,-3.576986591081008360e+00,2.299177494313464010e+01,1.506245451623421339e+01,-1.152711035001805406e+01,7.664612974634607667e+00,9.855424310314351288e+00,6.478056681926391835e-01,-3.905054924643359016e+01,5.815246358050486464e+01,5.199395931891342748e+00
-3.918483569147461321e+00,-3.963599497905777724e+01,1.705397857738268286e+01,3.059725433759297886e+01,-2.548823923881226250e+01,-3.203851420369350222e+01,3.720204621023838598e+01,1.319856018795718011e+00,4.733639883805548010e+01,-2.215957308154467498e+01,6.062103856328440621e+00,-8.554391625269796862e+01,9.248126454992330991e+00,-3.943048362047278044e+00,3.319805715482667097e+01,-8.628470985847876307e+00,1.314753396552453424e+01,8.583128714704568551e+01,-1.988736166100132863e+01,-7.430970334434258362e+00,-3.113263531920983951e+01,-8.129770654677500374e+00,-3.499816644261823928e+00,1.964348876221974738e+00,3.130048619876049987e+00,-1.888525237709620441e+01,-3.035392224302436404e+01,5.789334521758726204e+00,1.142649424272852876e+01,6.428525227181077639e+01,1.652275867715395918e+01,3.790547805590582442e+01,2.011591681299553258e+01,1.813952491059096772e+01,-4.827525982348036138e+01,9.758906803086649262e+00,9.259993710223888286e+00,-3.732991284871649640e+01,1.092766917947085759e+01,5.512689295170226700e+01,-1.782492043941965676e+01,-7.598460698022405424e+00,-2.940887192137304318e+00,6.625335731281417395e+01,2.435106768795122534e+01,3.438148292972930165e+01,-4.872609787729221864e+01,-1.732124751478005109e+01,3.861340047595389535e+01,-1.720047094507284768e+01,6.798480858575608465e+01,-1.913505214720018799e+01,2.162571707758663209e+01,-2.811360710384324335e+01,-3.137131410890361405e+00,3.268057075402678890e+01,-3.842396196620388338e+01,-2.675323668696982082e+01,-1.846288275276454982e+01,1.892812337526859423e+01,1.447864593308519687e+01,-1.399085147103376769e+01,3.032616288374300240e+01,2.187256340977079105e+01,-3.529163468953660043e+01,-1.311697736200680176e+01,-2.053290063826858969e+01,-5.575992758506336600e+01,-5.627677321902000429e+00,1.319404369581454084e+01,-9.117370765057161819e+00,9.664974860738431151e-01,2.671519992058645876e+00,5.805656121944237213e+01,-3.480846763967224433e+01,-1.669520004888131481e+01,-7.226518717402221625e+00,3.448695106839899438e+01,1.054173064388528225e+01,1.445077448424466482e+01,4.555876472106556463e+01,6.293563425418837731e-01,5.901732093326587325e+00,-4.606633200791667093e+01,-3.180405847305699041e+01,7.910472063792300723e+00,-6.520681225434748285e+01,1.615473498096008953e+01,-2.441974274400854839e+01,1.256809588831827718e+01,-1.947094480586522014e+00,1.799620778675947719e+01,8.845998902737401082e+00,-9.462692282918270692e+00,1.245900733199385613e+01,5.347990944567713179e+00,-4.858926521232461715e-01,-3.129533020092461015e+01,4.506644559994128940e+01,5.389281005276273184e+00
-2.908196060728101440e+00,-2.213936810593218851e+01,1.029331896049316519e+01,2.008699083406192187e+01,-1.393102203074244905e+01,-2.197432287113478822e+01,2.526426091260761453e+01,-7.357455103523986573e-01,2.926344088683367417e+01,-1.232618803184872291e+01,2.280046623204074585e+00,-5.360059774162323976e+01,7.630358065583854099e+00,-3.208479344230280805e+00,1.876677331348203737e+01,-7.331745912472557691e+00,7.395980436059139684e+00,5.569055756581525429e+01,-1.232097492257594773e+01,-4.272735017494833976e+00,-2.066450131324074491e+01,-4.878144217532512705e+00,-1.765606534631914082e+00,2.802365344080697263e-01,4.310399055936479762e+00,-1.152869379556788765e+01,-1.736602336715426631e+01,2.051089256994928611e+00,6.574556127154915330e+00,3.909553426858780512e+01,4.758641597694335701e+00,2.221756558645197543e+01,1.210494954219062791e+01,1.265039732086295565e+01,-3.070776031601005940e+01,6.750678473272460067e+00,4.506481068498523257e+00,-2.055420936253039699e+01,6.279124399260209266e+00,2.969953454301258944e+01,-1.118608763801175243e+01,-5.890839039540265887e+00,-3.459924907996340782e+00,4.322670537068327690e+01,1.589157424000378072e+01,2.216556946776270465e+01,-3.045520952399321146e+01,-1.078375947806657109e+01,2.502163169362135875e+01,-9.441300720111094336e+00,4.334113742335022579e+01,-1.251580645534782121e+01,1.116187684804056168e+01,-1.694333869636983181e+01,-1.560309828271766897e+00,1.892346581396652994e+01,-2.334633132352635698e+01,-1.585935323120494189e+01,-1.141903414714804832e+01,7.912441718404730651e+00,7.684074642135788835e+00,-1.009739945181593690e+01,2.148266485300908712e+01,1.587403226742220852e+01,-2.241885138967554525e+01,-9.215049078090125079e+00,-1.251965874456759309e+01,-3.492801361917472036e+01,-3.109425023077558858e+00,9.605579332318960439e+00,-5.755057405701147211e+00,5.355945825809574901e-01,2.583316791393416079e+00,3.561372563632075838e+01,-2.224894195150018206e+01,-1.075456664840277021e+01,-4.695104539566516522e+00,2.261552438999724401e+01,5.668320509665190521e+00,8.565007752380330075e+00,2.705845705099701703e+01,8.109229844289530531e-01,1.981680701371665965e+00,-2.844139543173832152e+01,-1.994397879206224644e+01,5.198850452595367599e+00,-3.717017811881085976e+01,9.405500460724869782e+00,-1.320443533238473854e+01,9.774217329046502201e+00,-7.325749956937845919e-01,1.093965818703904880e+01,3.820261732549850464e+00,-5.985065231453333467e+00,1.099057015847538743e+01,1.999423411066115985e+00,-8.205905378210482937e-01,-1.940991254373210495e+01,2.715681169362949987e+01,3.974076100267746270e+00
-5.515246162483721015e+00,-5.488203897228321182e+01,2.370930886104383717e+01,4.273932867951869952e+01,-3.525427264129238836e+01,-4.486962539830609131e+01,5.206980033528738971e+01,1.644279429062297737e+00,6.589562523699306951e+01,-3.067688770279343657e+01,8.256291508884004315e+00,-1.191724316213575889e+02,1.311207420013600355e+01,-5.584912691912328420e+00,4.599553661475790278e+01,-1.225997797027537572e+01,1.821124666504374190e+01,1.198103933744010021e+02,-2.768792455743975367e+01,-1.030448755418465190e+01,-4.351529008130703602e+01,-1.129884206901625454e+01,-4.822477321122269345e+00,2.618292840491823092e+00,4.652786638574687217e+00,-2.627142135054171490e+01,-4.208077756427113769e+01,7.869071129252721342e+00,1.584561125202814935e+01,8.940929430898519570e+01,2.232207025960691382e+01,5.261586668043048576e+01,2.796163348365795187e+01,2.543023031360881703e+01,-6.731007084656022244e+01,1.367438450166888941e+01,1.273902197885680465e+01,-5.165196039544186135e+01,1.515282166051185264e+01,7.619560433143840328e+01,-2.483429287028251409e+01,-1.072608130151733974e+01,-4.298197293992719104e+00,9.251164403819961990e+01,3.400263720638012899e+01,4.797479100027816656e+01,-6.787157233047672378e+01,-2.412182797976286253e+01,5.389576575320408125e+01,-2.379596481570833788e+01,9.480301129599054377e+01,-2.672275961414318957e+01,2.982992463154107909e+01,-3.908182299307377860e+01,-4.319947184721803168e+00,4.533445581472325614e+01,-5.343819062277987086e+01,-3.715785756500072523e+01,-2.570229563194780553e+01,2.587788469731813379e+01,1.999771122714318849e+01,-1.965644060447443664e+01,4.255644472131525902e+01,3.074083267879470327e+01,-4.920329563928341798e+01,-1.839738074042968208e+01,-2.856162900283605666e+01,-7.767864939088762810e+01,-7.788140192080854618e+00,1.854732317946459119e+01,-1.270679299811033047e+01,1.337732253922344627e+00,3.834873296119176267e+00,8.078439636687920711e+01,-4.854671574309189452e+01,-2.329484528050230097e+01,-1.008815102131035246e+01,4.816947963435970337e+01,1.456925829949276086e+01,2.007065785911024491e+01,6.328342270827592841e+01,9.285939408804309014e-01,8.008256054202885110e+00,-6.412301265994243238e+01,-4.430867252660952005e+01,1.105033092097696645e+01,-9.038174564419198020e+01,2.241620381928296624e+01,-3.375863325732240838e+01,1.774508481883144739e+01,-2.651878635294587561e+00,2.502890290196229373e+01,1.210917734804599810e+01,-1.318956157670742613e+01,1.775294970917859416e+01,7.282207028318845587e+00,-7.411194729664427605e-01,-4.357316876679496431e+01,6.264818268123569567e+01,7.582187847813747439e+00
-2.795728821592473601e+00,7.722365703000502180e-01,2.731685148536833196e+00,1.136532723436901193e+01,1.717635122199006936e+00,-1.565774103586622168e+01,1.717692070506589630e+01,-5.905808234949954105e+00,1.034663456239931989e+01,6.370213716563100093e-01,-4.533430967786987509e+00,-2.156098451902712299e+01,9.658699379069553004e+00,-3.939202931507796102e+00,2.451102924405761385e-01,-9.860419965085505112e+00,-4.777946904834662334e-02,2.925770144500746284e+01,-4.453000059034672553e+00,-3.423968559970489434e-01,-1.246652192707576745e+01,-1.187387591696487998e+00,8.237765861900696596e-01,-3.299663312253760417e+00,1.016671402510779743e+01,-3.544244690489954941e+00,-1.050580219291042283e+00,-4.833892224222713807e+00,5.441993945328424953e-01,1.147356848040756105e+01,-1.816781738149839498e+01,3.432338109418731520e+00,3.076545665835357823e+00,9.699418562333775640e+00,-1.400058162739015444e+01,4.998143099181206139e+00,-2.838471397937476048e+00,1.913153822119694425e+00,4.868351874913465771e-01,-5.435461519347725812e+00,-4.561545051102544157e+00,-6.425115779875314459e+00,-7.197108209677891999e+00,2.353833931121193856e+01,8.666678280496922682e+00,1.115121021276375757e+01,-1.197834250488028296e+01,-4.088355801076080098e+00,1.303382168858281531e+01,9.990629100809376162e-01,2.010063771590442627e+01,-6.922917334412066026e+00,-4.084147260101261168e+00,-4.402316818751264904e+00,8.275390515414164927e-01,2.034594880727564004e+00,-6.772143108905475550e+00,-3.134909769947650471e+00,-4.056510875541693650e+00,-1.098821726444628766e+01,-1.891750059739926826e+00,-8.839397195972267696e+00,1.754660020041492174e+01,1.417149275079927939e+01,-1.011512538454566368e+01,-7.282650132246544672e+00,-3.794147650171808994e+00,-1.401269176471565103e+01,2.454172715830220675e-01,8.668298534291366764e+00,-2.466628238813284746e+00,-3.583333209218947379e-02,4.303580888201121724e+00,1.158428117724562334e+01,-1.052362538962376703e+01,-5.379972337359785861e+00,-2.488358972534651770e+00,1.271019763226137300e+01,-1.083403789394568051e+00,1.687614535703769514e+00,5.542757488447347392e+00,1.821597919205302674e+00,-5.363783546707384886e+00,-9.921771019731281172e+00,-8.079988579059527609e+00,2.960906085258296017e+00,-1.714727375151534616e+00,1.210172389490004274e+00,2.214815946872403352e+00,1.074942910448109501e+01,1.455123903415016962e+00,3.192529123022719073e+00,-4.646661579356786476e+00,-2.608092984681715798e+00,1.585046478194628072e+01,-4.047437833278309860e+00,-2.182880201202046955e+00,-7.092273397247915945e+00,7.042749900719345035e+00,3.742478320738989783e+00
-3.301875041016220091e+00,-3.546568674220142015e+01,1.504166606124259253e+01,2.652699854786658307e+01,-2.289335682307390485e+01,-2.750924810650197827e+01,3.201426391911216029e+01,1.599307769456887129e+00,4.155420100799394589e+01,-1.984265378729400808e+01,5.738392624258648489e+00,-7.489093988553487691e+01,7.575127001957201678e+00,-3.242472346835505892e+00,2.964166520493913737e+01,-7.007176806521925982e+00,1.174938954427245719e+01,7.460011809770465163e+01,-1.745054946367958237e+01,-6.614460874817257086e+00,-2.692696623416981438e+01,-7.178654014470759570e+00,-3.185336799265722441e+00,1.989690944414402418e+00,2.073102809369774313e+00,-1.661991680784592162e+01,-2.704341601596828326e+01,5.516076207335526504e+00,1.016970034110492982e+01,5.661611334871185619e+01,1.605390388166296844e+01,3.362052391504329307e+01,1.775266384599879999e+01,1.551579444033071908e+01,-4.213302973098234361e+01,8.363018065237803000e+00,8.474800887399407401e+00,-3.348660279688101582e+01,9.728131647669606252e+00,4.963698603684014898e+01,-1.560024496186740173e+01,-6.331360754348245301e+00,-2.115369440859677042e+00,5.751610596673884857e+01,2.113865004158209260e+01,2.992305632440319840e+01,-4.267967369254590437e+01,-1.518392775282462459e+01,3.356991373506097176e+01,-1.543795443226530928e+01,5.930754678036694827e+01,-1.660272262979627911e+01,1.961094237038009425e+01,-2.480347256753220009e+01,-2.861581933422948421e+00,2.905203627869741823e+01,-3.384613692793753614e+01,-2.367828500253965274e+01,-1.620612875519111995e+01,1.769208375305181846e+01,1.306978677007054834e+01,-1.187055827106291694e+01,2.584505866376942507e+01,1.853273479751043595e+01,-3.080989374857572827e+01,-1.120059008028826852e+01,-1.807414515086957607e+01,-4.881896102426841821e+01,-5.045219326756110512e+00,1.117086347301384919e+01,-7.969967189259044460e+00,8.660168961082123085e-01,2.080567971643795033e+00,5.104353223674058881e+01,-3.034917146860771808e+01,-1.453272975472809492e+01,-6.279136367010424991e+00,2.990637219788470347e+01,9.495044328327677974e+00,1.279024387756347458e+01,4.030782155079704410e+01,4.326743470107704548e-01,5.654189499836299149e+00,-4.044975046128900686e+01,-2.783888088455537613e+01,6.856561562523318720e+00,-5.813369577570087188e+01,1.434652616892926069e+01,-2.197413374655453921e+01,1.046358703039106786e+01,-1.843051965749107346e+00,1.585066717295143235e+01,8.233576415740596843e+00,-8.268412940066262706e+00,1.000323039842250594e+01,5.065830596064683000e+00,-2.788017797105867279e-01,-2.745465155467928398e+01,3.976127204617202437e+01,4.548530134438228067e+00
-3.485548384741366412e+00,-3.563743235093610195e+01,1.529339298699026983e+01,2.735381816071572558e+01,-2.293293026660615652e+01,-2.859307297326706987e+01,3.321447438870276159e+01,1.263747974478022229e+00,4.241335654242676867e+01,-1.992675832086320753e+01,5.508396222633644257e+00,-7.660973385727169216e+01,8.186245559394794924e+00,-3.492646799956617087e+00,2.983728125175022683e+01,-7.626617447705417163e+00,1.181845287507877451e+01,7.676719734305831366e+01,-1.781766222595842564e+01,-6.674935351839305753e+00,-2.782062410590087964e+01,-7.291989652690788581e+00,-3.156647604624430947e+00,1.808912436486971309e+00,2.680277991399495185e+00,-1.692881028776092123e+01,-2.727024130522443457e+01,5.267150748912049707e+00,1.026371840563972526e+01,5.763328214391378168e+01,1.508972750210348934e+01,3.402684644076719422e+01,1.804113640876687441e+01,1.617785778581618672e+01,-4.320938906064415619e+01,8.706430187949118604e+00,8.360652284497369635e+00,-3.357952977783260451e+01,9.816094794958113212e+00,4.962271976050349309e+01,-1.596238872866383929e+01,-6.745789538651122186e+00,-2.549156048303039324e+00,5.924426387483582346e+01,2.177471252616151531e+01,3.075812518917798144e+01,-4.364112619809646532e+01,-1.551585575490806690e+01,3.453737145274931919e+01,-1.547395028770815628e+01,6.084564195786809648e+01,-1.710907811906638187e+01,1.949205984227115707e+01,-2.521259083830030434e+01,-2.830692700908042259e+00,2.934868598904153458e+01,-3.444913365234981484e+01,-2.400641046339148943e+01,-1.654244623574474815e+01,1.715775179043405174e+01,1.303909963187101084e+01,-1.246003841854108529e+01,2.702915627590360970e+01,1.947475281533713343e+01,-3.158980151646637324e+01,-1.169494236447344626e+01,-1.840654546121631796e+01,-4.993691848582088966e+01,-5.061724288722460940e+00,1.174605945073391844e+01,-8.162945686782475008e+00,8.692179584926497116e-01,2.344943343178090167e+00,5.203309399549493719e+01,-3.115014849020039378e+01,-1.493620214589568462e+01,-6.463044737032391573e+00,3.083250048400686794e+01,9.489762563070151202e+00,1.296714968884378294e+01,4.087844875241045628e+01,5.418380599602478087e-01,5.375123435665001281e+00,-4.127730756255552080e+01,-2.848161426106968364e+01,7.071633456870192624e+00,-5.858949967838032791e+01,1.450503160412067416e+01,-2.197901283822595886e+01,1.115615109678379824e+01,-1.769235689859413263e+00,1.613428956256835534e+01,8.012218988686509391e+00,-8.471488800948268505e+00,1.099126098252941297e+01,4.860139267347293845e+00,-4.081503395544432422e-01,-2.803727861568651392e+01,4.041626838400894428e+01,4.795188780201294243e+00
-3.502569443504624402e+00,1.044330703334382449e+01,3.446001622277172771e-01,1.082540661236907198e+01,8.643680579761399585e+00,-1.726773670776932335e+01,1.846488795755108470e+01,-9.632441684013768324e+00,5.321415515815544062e+00,6.162753139442786576e+00,-8.569052181925187028e+00,-1.413739608188034502e+01,1.309892647700105073e+01,-5.302402004908952193e+00,-7.338699931536407206e+00,-1.356164785550053331e+01,-3.135089714262802474e+00,2.622366024042638344e+01,-2.403187282498963295e+00,1.188662400604157732e+00,-1.243960457595511215e+01,1.704163292750071612e-02,2.115210268211296540e+00,-5.667314723220855832e+00,1.532485977730348736e+01,-1.201466907747906321e+00,5.404983778537138406e+00,-8.980003566906354706e+00,-1.799839201415267764e+00,3.156572811724148941e+00,-3.253215604258789995e+01,-3.401550948288527110e+00,1.765729830887492469e-01,1.109404862438939610e+01,-1.087252106189281520e+01,5.621026634468512917e+00,-6.636906902735378644e+00,1.170815597830032040e+01,-1.774332728042425256e+00,-2.141153863012110747e+01,-3.054543904891699135e+00,-8.376992029900941716e+00,-1.067986387524010361e+01,2.174887345055458354e+01,8.017821089007856727e+00,9.606663396910811059e+00,-7.574481798667303423e+00,-2.424589513580716726e+00,1.159447649730833518e+01,5.580353835924192651e+00,1.591779492167614052e+01,-6.478269077022219768e+00,-1.148153867279072493e+01,-4.087766822264091715e-01,2.036748438211464229e+00,-4.392670646198846285e+00,-1.751351903455450332e+00,1.275882601289286100e+00,-2.108629119992031065e+00,-2.175531267365936827e+01,-6.356496519100806708e+00,-1.070153623701135359e+01,2.064874333180238963e+01,1.728672873121114861e+01,-7.758875045806865600e+00,-8.446792533805643544e+00,-1.212629813580658578e+00,-9.149838633388570841e+00,1.697167021081719129e+00,1.061680109296029961e+01,-1.773052674959993080e+00,-2.815006860534746136e-01,6.173661345221407970e+00,4.780906595161732220e+00,-8.516338689314380872e+00,-4.609747522431751676e+00,-2.247397710454784203e+00,1.204376524218202960e+01,-4.163930777599283317e+00,-6.981825062204938259e-01,-1.850236904293618423e+00,2.729847306871295842e+00,-9.842860369304473167e+00,-4.946119940274611437e+00,-5.357003595060493950e+00,2.834383967792770687e+00,1.246712981478478000e+01,-1.848604570014551696e+00,9.180074076988459453e+00,1.404858103424222904e+01,2.750765858083453974e+00,8.530021181530083041e-01,-9.395701494702802137e+00,-1.916063995889274008e+00,2.212851898337189382e+01,-7.635481772909268550e+00,-3.333699500907712832e+00,-3.915787612890216707e+00,6.328264944311792206e-01,4.655211284881008105e+00
-5.234034421331229758e+00,-6.446732501224622069e+01,2.652259557225074360e+01,4.502098456540694826e+01,-4.194059500190238055e+01,-4.565128199820746602e+01,5.340713753632456218e+01,4.479288873850569175e+00,7.252167144026714141e+01,-3.612363135085318788e+01,1.161142309882049162e+01,-1.299217027000420615e+02,1.113896395027695618e+01,-4.820196102029588481e+00,5.364230774434226845e+01,-1.005587302361306179e+01,2.130159746193790937e+01,1.273336889633193891e+02,-3.042632487987738799e+01,-1.189309985836001538e+01,-4.545080454654294755e+01,-1.268908889791403105e+01,-5.992130177310444950e+00,4.488738277147319877e+00,1.033767915970073226e+00,-2.916464744334161807e+01,-4.871882806332035187e+01,1.128906566012976498e+01,1.828082377070020570e+01,9.951068101704139224e+01,3.395326695483101531e+01,5.999813582887239960e+01,3.134232305620504988e+01,2.551581195267023361e+01,-7.259198012020783608e+01,1.381458028379479863e+01,1.611565462639191892e+01,-6.118693014574132860e+01,1.749610362387132056e+01,9.139314889997115188e+01,-2.704467813333606685e+01,-9.751282846374312641e+00,-1.905569459447830294e+00,9.791060950161541143e+01,3.598045736430867692e+01,5.123166339863661989e+01,-7.412397518103696825e+01,-2.641706338199530180e+01,5.733529371680300812e+01,-2.823967473374615267e+01,1.020771016464196208e+02,-2.822873256063049041e+01,3.662688321734336938e+01,-4.376271099952997190e+01,-5.406523959383805256e+00,5.209475628323133378e+01,-5.951257323298958113e+01,-4.206336925492329470e+01,-2.827772429551108502e+01,3.499890164552206073e+01,2.418782380108414287e+01,-1.914128404107112758e+01,4.213011556314909001e+01,2.978466966532940319e+01,-5.311597928551312009e+01,-1.834423868407511904e+01,-3.173265369092985466e+01,-8.470302384025301023e+01,-9.207188183062884335e+00,1.791931983679729612e+01,-1.378031238144029658e+01,1.578737855068236717e+00,2.617358019061091667e+00,8.938403422553452060e+01,-5.217180278786076286e+01,-2.489127648521995795e+01,-1.071086476089830875e+01,5.078395858420811493e+01,1.749425877989003197e+01,2.272281495060365941e+01,7.154975777102556833e+01,2.961676435222638237e-01,1.168121150381730367e+01,-7.063428204239878028e+01,-4.827776064711910209e+01,1.163056417838608958e+01,-1.048736787309613021e+02,2.567050618231343861e+01,-4.040818612240975227e+01,1.608050334205228893e+01,-3.729100564348065916e+00,2.786502298006623946e+01,1.616278597676188866e+01,-1.428318611486611367e+01,1.388039484576058413e+01,1.026266108766470531e+01,7.938143230409422380e-02,-4.784606890233196452e+01,7.015778412160332778e+01,7.239331593172023460e+00
-2.146874395883097364e+00,-2.567777790748274214e+01,1.063040467351423679e+01,1.819089188109719757e+01,-1.667881578838282053e+01,-1.853539539425805316e+01,2.165964154216589321e+01,1.656945851482584553e+00,2.912962417564391515e+01,-1.438385002089129650e+01,4.529406666627992628e+00,-5.225111678984614372e+01,4.649539510256865071e+00,-2.006783300353648158e+00,2.138539125893981918e+01,-4.222239017263184735e+00,8.489079595804090772e+00,5.138689323880043247e+01,-1.222371270053013781e+01,-4.747640834093691531e+00,-1.838613644515326229e+01,-5.083260256837556668e+00,-2.370363277052784046e+00,1.717351787322334289e+00,6.329806045825139282e-01,-1.170109935296715520e+01,-1.944055915365143150e+01,4.394395599143662956e+00,7.297963852465833234e+00,3.991104988772956119e+01,1.313781471494038122e+01,2.398788431352051731e+01,1.255888484954008710e+01,1.038056447713482555e+01,-2.923705865392052061e+01,5.614663888532643199e+00,6.361482395967099635e+00,-2.434552440534411843e+01,6.983953438683816906e+00,3.630818154066810166e+01,-1.087825825880728381e+01,-4.026179415696936381e+00,-9.159132418900958195e-01,3.953551922773534955e+01,1.452898417768042627e+01,2.066161130031262871e+01,-2.980371202436933231e+01,-1.061782771808667825e+01,2.313523318786044669e+01,-1.123369523051076158e+01,4.112143427192614098e+01,-1.140150354858545256e+01,1.450951283564006289e+01,-1.753805722942732004e+01,-2.136878077993619840e+00,2.080747913065000176e+01,-2.386693944182250959e+01,-1.683321061799302143e+01,-1.135873403286219840e+01,1.371060566053990648e+01,9.599359466089751436e+00,-7.821195789554782785e+00,1.717302479931194981e+01,1.217918334686733495e+01,-2.139012042466095309e+01,-7.469686653081381245e+00,-1.273005358127363351e+01,-3.406438659443905692e+01,-3.664349499071254623e+00,7.330442430479994442e+00,-5.545988058714550917e+00,6.284543509781449488e-01,1.136723377317278461e+00,3.587730679481737184e+01,-2.102268063243016272e+01,-1.003776999489699584e+01,-4.323079201101625024e+00,2.051705253986406419e+01,6.949091920154972790e+00,9.093245828353470728e+00,2.863784793350961877e+01,1.576317509767232727e-01,4.539175866370513290e+00,-2.836813905449091067e+01,-1.941753526905864646e+01,4.699911152858090801e+00,-4.183647459008075487e+01,1.025772254320794019e+01,-1.605724257580936865e+01,6.642779997215562560e+00,-1.454672747385167275e+00,1.117546778955548348e+01,6.340969754994642216e+00,-5.749491506322409684e+00,5.876750445427759040e+00,4.002396529367547195e+00,-1.580200703780099136e-02,-1.922401094755972295e+01,2.811565244343003300e+01,2.966695908816317395e+00
-2.548915906999548397e+00,-2.456783667925658321e+01,1.069879869451531285e+01,1.946546781399764825e+01,-1.574748287604866448e+01,-2.053947624288669616e+01,2.380775362071661050e+01,5.722168278892434401e-01,2.981204102291664881e+01,-1.372672845199671521e+01,3.572885086017392631e+00,-5.399451461386618689e+01,6.143742653394112629e+00,-2.611976837920447103e+00,2.061466352402213431e+01,-5.767587755813597283e+00,8.158034874132072289e+00,5.449471256716482515e+01,-1.252931869171179713e+01,-4.626358129177070566e+00,-1.984379949926130493e+01,-5.095402967308335640e+00,-2.137718914154776328e+00,1.081198941007621706e+00,2.367793084037189910e+00,-1.186935843999233064e+01,-1.888312876749640523e+01,3.391026579396247964e+00,7.114623297053612738e+00,4.037849044659362363e+01,9.495176547611176687e+00,2.366960500113780341e+01,1.261361480885608799e+01,1.166390249924447886e+01,-3.054753727562031429e+01,6.265876330081761481e+00,5.628534591534299913e+00,-2.308885618116203986e+01,6.802628216797954153e+00,3.398728680858825157e+01,-1.125380090989889226e+01,-4.984662205915025623e+00,-2.126214729043871987e+00,4.210448974630108410e+01,1.547591961488881296e+01,2.180520047018952567e+01,-3.074278983322241388e+01,-1.092140913165357929e+01,2.451046723710726383e+01,-1.063371684756859104e+01,4.303536839114435253e+01,-1.216567732512497457e+01,1.325124732730923505e+01,-1.763282849543077901e+01,-1.912460558506659414e+00,2.036831287881199160e+01,-2.413105775755244764e+01,-1.673551589690057639e+01,-1.162863481046115233e+01,1.128828648891365205e+01,8.907084856283422170e+00,-9.053061244007977848e+00,1.955568662868746088e+01,1.416781865748594171e+01,-2.232676301306482358e+01,-8.445594312725503983e+00,-1.290242309560854395e+01,-3.519341172504806536e+01,-3.482562499650189825e+00,8.551366989436106181e+00,-5.761850052170288450e+00,5.983594455789964517e-01,1.838037813210732008e+00,3.651727533328315900e+01,-2.204396636970613343e+01,-1.058686140706772072e+01,-4.589199129768204877e+00,2.193584899183840875e+01,6.497434917801350629e+00,9.039458767862925015e+00,2.850787449772732884e+01,4.667815145283356060e-01,3.438628679910851194e+00,-2.900600670031929340e+01,-2.007709468980625900e+01,5.033455317689540465e+00,-4.054238846714763156e+01,1.007705949487986352e+01,-1.506352945284059253e+01,8.249894918438887004e+00,-1.147620028452715157e+00,1.130286473709152339e+01,5.295978122254412668e+00,-5.982089665028850867e+00,8.395490533352770512e+00,3.149992017170441194e+00,-3.928477450009763561e-01,-1.972005022550338538e+01,2.826503874019212503e+01,3.501356762449248095e+00
-5.993371393056920127e+00,-4.765785733663253154e+01,2.187297403389518635e+01,4.212828965389822145e+01,-3.010179881758903164e+01,-4.578951954308315209e+01,5.272101349369150114e+01,-1.037359638742962886e+00,6.194614547459007525e+01,-2.655279272954977188e+01,5.318404609167680874e+00,-1.132237193307268655e+02,1.551102204420133823e+01,-6.533464316854978193e+00,4.031502594826783081e+01,-1.485059704366062761e+01,1.590144168986350870e+01,1.170068643775318407e+02,-2.607267704465005664e+01,-9.152343021679154589e+00,-4.326815412745972367e+01,-1.037577586041676270e+01,-3.870912442807974863e+00,9.063214470730596162e-01,8.328248321361254369e+00,-2.445345288150400620e+01,-3.723002863617305991e+01,4.853959479635383545e+00,1.408132382324846610e+01,8.297558906857361194e+01,1.190198404584320002e+01,4.743859616950732061e+01,2.573515237884149442e+01,2.629742449260363912e+01,-6.471397467734715292e+01,1.404957120236361234e+01,9.947793255630786646e+00,-4.435579675255083032e+01,1.345160267575458235e+01,6.433739402511697847e+01,-2.362333239959576403e+01,-1.206996069917175518e+01,-6.773795874558320662e+00,9.074374630548624054e+01,3.335920227213728850e+01,4.661574542555496237e+01,-6.435743364418533474e+01,-2.280215358517318691e+01,5.258117906756110926e+01,-2.038532177038774407e+01,9.130640148392109268e+01,-2.626391369332354486e+01,2.436776469347827145e+01,-3.601272968575975142e+01,-3.429990990174587306e+00,4.048696977805497710e+01,-4.955710902189279210e+01,-3.379955174078888547e+01,-2.417055690868994233e+01,1.801940325355106509e+01,1.669054904829719987e+01,-2.088919771451569574e+01,4.455873353952870985e+01,3.281437454600742853e+01,-4.725560144008709074e+01,-1.913607251149338140e+01,-2.656042705196787068e+01,-7.378393981820335057e+01,-6.706057177036862882e+00,1.984783379390531977e+01,-1.214277914865477470e+01,1.154516757866750787e+00,5.156162035991741277e+00,7.548153398932753078e+01,-4.685276289657106474e+01,-2.262041782015862168e+01,-9.862497388188613101e+00,4.743926645595535518e+01,1.228338680376742786e+01,1.825429737427917587e+01,5.764926744904143874e+01,1.575199030772371112e+00,4.753587045040561065e+00,-6.021836757855233913e+01,-4.212355412171696400e+01,1.090172431881071624e+01,-7.973621590248795599e+01,2.010484964508711769e+01,-2.858586363908564110e+01,2.001858602070811344e+01,-1.708659648776941431e+00,2.321977147489888083e+01,8.639399098043639924e+00,-1.262412946654369783e+01,2.216310926879184251e+01,4.670457150005965730e+00,-1.562696041483248255e+00,-4.106661525253423406e+01,5.772248797263509346e+01,8.197173335979416109e+00
-3.614888684086955184e+00,-2.107240747053299046e+01,1.070067730681697604e+01,2.264584420533109466e+01,-1.289961429169822260e+01,-2.571614228904820720e+01,2.932513045271481289e+01,-2.434066433572945165e+00,3.117584907966797658e+01,-1.167162466987537428e+01,8.682820296801159188e-01,-5.786623387228054582e+01,1.016367891147612212e+01,-4.238001350116843646e+00,1.812533405477358528e+01,-9.935376443491074738e+00,7.100987655630135009e+00,6.212654370902512113e+01,-1.315443106784798921e+01,-4.210466074876316966e+00,-2.352329186027195362e+01,-5.039863549250199526e+00,-1.457727161496734869e+00,-6.949085530261585042e-01,7.118362641201552599e+00,-1.212662377757948917e+01,-1.701324887623783155e+01,5.601991021324757014e-01,6.483811565372066710e+00,4.096375474473922651e+01,-7.326557423473083475e-01,2.237663758229853528e+01,1.254427422779091117e+01,1.500487286627386041e+01,-3.363334295661590545e+01,7.955136634883844593e+00,3.505557533983311380e+00,-1.921398842588352807e+01,6.182837774931446262e+00,2.698224040164409132e+01,-1.209439423092293353e+01,-7.545075119351093207e+00,-5.432183614380458714e+00,4.846450464467671537e+01,1.782102240272161708e+01,2.458285586127975364e+01,-3.279928465779520508e+01,-1.156903945004373035e+01,2.788068598787457830e+01,-8.790529760987626062e+00,4.756974290941940353e+01,-1.406382032107112146e+01,9.543953662211677624e+00,-1.758634303272301125e+01,-1.259131386523330010e+00,1.879914188809141606e+01,-2.443874370384227035e+01,-1.617308089988123854e+01,-1.217086711903062302e+01,4.399917334965017801e+00,6.839139520519731619e+00,-1.229749621882610455e+01,2.579528247506234351e+01,1.941321307042744593e+01,-2.452366451577018935e+01,-1.099363305242910016e+01,-1.315298183982719671e+01,-3.769677813957913770e+01,-2.919539625381335490e+00,1.177435148813592036e+01,-6.257380557656936126e+00,5.047693319663308920e-01,3.743101503035118238e+00,3.764660669244943847e+01,-2.447961637180223349e+01,-1.191849745105210268e+01,-5.244054891998124468e+00,2.547140826491720844e+01,5.136259370779084676e+00,8.732853622314516784e+00,2.765046755102577336e+01,1.312566149609216914e+00,3.385397963350218475e-01,-3.026085077969979764e+01,-2.154795646932227982e+01,5.866786134572053335e+00,-3.625903189563396012e+01,9.401852831755457274e+00,-1.205530912273731836e+01,1.254489950995717962e+01,-2.794041260090058820e-01,1.145716286600066702e+01,2.316875742967514640e+00,-6.519999095283899315e+00,1.520607520745765129e+01,7.403782943677672534e-01,-1.427469752923716362e+00,-2.074547252776903150e+01,2.818353517634978900e+01,4.917004631532357450e+00
-5.777283915891523236e+00,-4.500238239236735893e+01,2.077995609871041793e+01,4.027177921178213182e+01,-2.837443216309208793e+01,-4.390630600120000082e+01,5.051805072256215112e+01,-1.220858311056476353e+00,5.895697235978083484e+01,-2.506485865264813029e+01,4.840874993153684969e+00,-1.078681306639277580e+02,1.505051042398274674e+01,-6.334227196489718992e+00,3.810529165007621089e+01,-1.443466654024853746e+01,1.502397142510038819e+01,1.117565585117415736e+02,-2.481855602940487771e+01,-8.662370595734451229e+00,-4.139374843594974607e+01,-9.852868673674885613e+00,-3.624219985374194763e+00,7.219847155546004203e-01,8.283913403760312377e+00,-2.325146074932487394e+01,-3.522296893841087240e+01,4.389760503662589741e+00,1.332818659700578046e+01,7.887446134456784819e+01,1.050647298325896983e+01,4.496649683280281806e+01,2.444353561561388233e+01,2.524467915306360766e+01,-6.172127607805303739e+01,1.347964529704865377e+01,9.284428559888723953e+00,-4.183564786899376031e+01,1.273080037121206232e+01,6.057356441924907386e+01,-2.250849315000131057e+01,-1.166716880473202700e+01,-6.694060164199845175e+00,8.670645276479297081e+01,3.187556376558925564e+01,4.450343484224459445e+01,-6.130197569732838758e+01,-2.171324921154668885e+01,5.021711691995005822e+01,-1.922221452829192501e+01,8.709806929553171528e+01,-2.509989293389714504e+01,2.285969375624460298e+01,-3.420925052548105327e+01,-3.207422106790784433e+00,3.834067572662740275e+01,-4.710443635184388000e+01,-3.206629197025303313e+01,-2.300501165788712754e+01,1.657958286084863886e+01,1.569450377324732848e+01,-2.009918694441509146e+01,4.282024241827333810e+01,3.158501164790562044e+01,-4.506584850034760592e+01,-1.837916258806516012e+01,-2.525260778653413851e+01,-7.029234789246916648e+01,-6.326826964851655966e+00,1.910818896310415838e+01,-1.157470080087642295e+01,1.089489847761317742e+00,5.047603859535240822e+00,7.179753501090135615e+01,-4.470183315002461910e+01,-2.159414288256786918e+01,-9.420855311695635947e+00,4.534512973849051320e+01,1.156293090785912980e+01,1.731798392268447273e+01,5.470095774036923331e+01,1.562685271343816407e+00,4.273325625985936682e+00,-5.730701502024803062e+01,-4.013345280337124166e+01,1.042211560875436582e+01,-7.541585035178515284e+01,1.904719392227957186e+01,-2.692170725268805498e+01,1.935432931675354951e+01,-1.555297085732124440e+00,2.207137545196802719e+01,7.974404308475876668e+00,-1.203531183692658502e+01,2.158860335987679946e+01,4.248403506977769695e+00,-1.565590089565830123e+00,-3.909446674477865713e+01,5.483125963486072152e+01,7.898318442508402981e+00
-3.590393085815146268e+00,-2.996474775344084662e+01,1.356276321553031750e+01,2.574704357496727880e+01,-1.900206653162240755e+01,-2.778138046522256843e+01,3.203919408608826558e+01,-2.879696267381413044e-01,3.825036994365826359e+01,-1.670771301964245836e+01,3.617458292218668436e+00,-6.975016856073894189e+01,9.143001299341337429e+00,-3.859108015290491966e+00,2.529270907282384329e+01,-8.716012347573984798e+00,9.985079286144342703e+00,7.165165792843635018e+01,-1.609326103038292288e+01,-5.724330505662687862e+00,-2.639486586812759228e+01,-6.440370583285907280e+00,-2.480633808547991315e+00,7.718879218055088032e-01,4.602765130859868492e+00,-1.513268449432345442e+01,-2.330655995349798104e+01,3.344382261111759291e+00,8.806089736797725109e+00,5.138230572917987615e+01,8.588880327354742050e+00,2.956850629100535954e+01,1.596603778787987160e+01,1.591166822492704469e+01,-3.976314251202064298e+01,8.512219580836209332e+00,6.419312522853598324e+00,-2.796204852334660984e+01,8.414310020997193718e+00,4.072214720174678604e+01,-1.454900729272695337e+01,-7.181752573979957255e+00,-3.809600588221508488e+00,5.551673433854300299e+01,2.040822207900378160e+01,2.857721608409055492e+01,-3.966370037683414296e+01,-1.406261499572709539e+01,3.220623202234217075e+01,-1.285834617939763191e+01,5.608137550162506102e+01,-1.606139902234533423e+01,1.554807384678044713e+01,-2.233625295668761268e+01,-2.204076480751312239e+00,2.529058563359293288e+01,-3.069299122682222247e+01,-2.102488021750976444e+01,-1.492358970063402879e+01,1.198751685069158235e+01,1.059385438276370195e+01,-1.256954540932312980e+01,2.689258045655368434e+01,1.972763543846282630e+01,-2.904260996792535465e+01,-1.156476678897166011e+01,-1.643996878832539821e+01,-4.545607435610720870e+01,-4.224826127470286963e+00,1.192635184476013777e+01,-7.470929064727095614e+00,7.269525753589071160e-01,2.972094717620232807e+00,4.667109832546127990e+01,-2.876460322885119680e+01,-1.386909006320643911e+01,-6.038144130284210931e+00,2.899829727265933599e+01,7.777538436552977608e+00,1.135535153190178370e+01,3.584846178669382510e+01,8.767958366427479611e-01,3.313964080866133699e+00,-3.719188722119412915e+01,-2.594613383952255603e+01,6.661455772092710781e+00,-4.994899936806571361e+01,1.254640177921228528e+01,-1.808101605227848907e+01,1.190554284572272969e+01,-1.162108853037696177e+00,1.437987224580438017e+01,5.709178987705724850e+00,-7.764396334511330267e+00,1.293803227329736316e+01,3.180818094224342030e+00,-8.467266031147978600e-01,-2.534338865320106748e+01,3.580216978765726310e+01,4.915601904654637977e+00
-3.672854642980911244e+00,3.856810392542204369e+00,2.665545462297749246e+00,1.390720297106870085e+01,4.203744511085383273e+00,-1.986565944263139727e+01,2.164966082491302046e+01,-8.428619125111238120e+00,1.130078738322817422e+01,2.446024341307336591e+00,-6.822433054781120276e+00,-2.446364980510430698e+01,1.298841974563071666e+01,-5.285238808576672831e+00,-1.971357335739991612e+00,-1.331641765174806480e+01,-9.851914095786549197e-01,3.530807948687542819e+01,-4.897528919216445509e+00,3.539090424723490003e-02,-1.542424970618050395e+01,-1.108597579555946400e+00,1.407122326481711871e+00,-4.794839458779584618e+00,1.413258501425035973e+01,-3.684704008569370082e+00,6.358452640642235920e-01,-7.227516177191826152e+00,-2.943412807279299770e-02,1.170844507931821710e+01,-2.679857796211937071e+01,2.199056519194320103e+00,2.938607009241144929e+00,1.242524498065938232e+01,-1.639306982288506731e+01,6.374043023394584395e+00,-4.653096062565863278e+00,5.306326904271827516e+00,-7.558812086260102703e-02,-1.152062247560085595e+01,-5.194714385239786125e+00,-8.539128485780507205e+00,-9.953969384928019082e+00,2.860138667069695018e+01,1.053386618868789881e+01,1.334080751219512528e+01,-1.350705848551455901e+01,-4.561930769577362987e+00,1.570285014025676773e+01,2.610909031035927530e+00,2.362795301861628161e+01,-8.436515153007919210e+00,-7.274634149887501344e+00,-4.251762997498483188e+00,1.387116538434451263e+00,5.907559437008762515e-01,-6.877247928723324577e+00,-2.557682494616881907e+00,-4.437288868226103133e+00,-1.683194107755839397e+01,-3.681009852850029684e+00,-1.150085371130082379e+01,2.265145338668926911e+01,1.847733073571047768e+01,-1.181476459938822998e+01,-9.364388960246738947e+00,-3.922448628899285250e+00,-1.588770633154390666e+01,7.392577212845814483e-01,1.131495537377503524e+01,-2.845402851941523537e+00,-1.180465630282395983e-01,5.888342880096931964e+00,1.229951026977937367e+01,-1.242511965486311709e+01,-6.428844177970320040e+00,-3.008065958543975071e+00,1.553407230798159411e+01,-2.265157443467665566e+00,1.373475421536224150e+00,4.643842588187770737e+00,2.527389717750748055e+00,-7.983343020538717916e+00,-1.078971626915950566e+01,-9.185463293731142898e+00,3.627358900685859311e+00,2.131214387731741766e+00,5.805874420687948678e-01,4.830967220027553743e+00,1.429631969307972206e+01,2.189930267415015841e+00,3.250289930177650000e+00,-7.176592801760835805e+00,-3.020986142281333997e+00,2.150442630294712743e+01,-6.086569788444414542e+00,-3.047380872746159763e+00,-7.826740882023034196e+00,6.795559327346448519e+00,4.906594910005789956e+00
-6.658379123518590958e+00,-6.845992431825148117e+01,2.933888806314030617e+01,5.239124267742871410e+01,-4.407032762755166999e+01,-5.471560427196725840e+01,6.357227766855886131e+01,2.504245100299337778e+00,8.132981053434335195e+01,-3.828220894751878944e+01,1.063918979861733760e+01,-1.468657245921895083e+02,1.559775171334912613e+01,-6.657118731661082478e+00,5.730615172312895567e+01,-1.452022997723470965e+01,2.270067270922896796e+01,1.470679143792142440e+02,-3.416490500413294029e+01,-1.281628487565417451e+01,-5.327350678939590978e+01,-1.399047265791878836e+01,-6.073796229245753686e+00,3.517411723348768060e+00,5.015660484828439181e+00,-3.246949807628097062e+01,-5.236507073635583254e+01,1.017973622738477246e+01,1.970673751868179124e+01,1.105484906021305562e+02,2.921993198612153009e+01,6.531165710717148443e+01,3.461206769904786285e+01,3.094694617897865996e+01,-8.281117848344840127e+01,1.665759255360404012e+01,1.609552398184545297e+01,-6.452211148759516846e+01,1.884772088024437053e+01,9.538261921739326965e+01,-3.060001271002808920e+01,-1.287314505272899368e+01,-4.802491841441480780e+00,1.134855988024321789e+02,4.171044198276970150e+01,5.893278442273943085e+01,-8.366676975091368718e+01,-2.974850729365198276e+01,6.616717168162963958e+01,-2.973428531325442492e+01,1.166061912260887823e+02,-3.277173430063162129e+01,3.749217193898957134e+01,-4.836922226565373251e+01,-5.447774058872480119e+00,5.634438316658648915e+01,-6.607925335726299920e+01,-4.606898494961492929e+01,-3.172072465278551689e+01,3.309852794740817217e+01,2.506922383780319308e+01,-2.381722343737681769e+01,5.168713975918273462e+01,3.722113771257050985e+01,-6.054370533607140459e+01,-2.236795861124630846e+01,-3.530457236977350277e+01,-9.573278455286809674e+01,-9.725399575214748182e+00,2.244809169204970445e+01,-1.564668057354889719e+01,1.669999274433863645e+00,4.447944645722025747e+00,9.979060225885589830e+01,-5.969392983598340408e+01,-2.861832536031263174e+01,-1.238134772005413531e+01,5.905533237098261878e+01,1.824137838505168219e+01,2.488440380921962358e+01,7.844424171905274079e+01,1.016996762293506995e+00,1.039402473971039598e+01,-7.915330195186395201e+01,-5.460022761485431175e+01,1.354412674280722761e+01,-1.125122413033087412e+02,2.784447788434486171e+01,-4.224458645933186318e+01,2.128792921170239794e+01,-3.417177049491610497e+00,3.094802006442481712e+01,1.544983079861873954e+01,-1.623746574143288157e+01,2.090477546091037908e+01,9.387733190526283522e+00,-7.555128751017528010e-01,-5.375964472149401274e+01,7.753697985982321939e+01,9.161511929063273385e+00
-3.311906030548455337e+00,-9.800542529244111734e+00,6.716369088907070406e+00,1.732362335898339722e+01,-5.306202726314563023e+00,-2.120460826707336821e+01,2.380276326209017412e+01,-4.470565660407667785e+00,2.089762262670878101e+01,-5.311791270897399109e+00,-2.103034774687163377e+00,-4.010078112149527385e+01,1.031318277108104020e+01,-4.251204592031959884e+00,8.936289226682225362e+00,-1.031467707305603732e+01,3.420899371440699888e+00,4.645530569120231945e+01,-8.866226801054949647e+00,-2.234842260006607795e+00,-1.836285612977492576e+01,-3.108071628667529840e+00,-2.489761123875284810e-01,-2.174896682043337748e+00,9.117595288871113368e+00,-7.861160767793438531e+00,-8.844926558638578129e+00,-2.419929308771496146e+00,3.450924306784299844e+00,2.627718804238795514e+01,-1.047301979091869839e+01,1.277519110397470747e+01,7.803475888706616459e+00,1.268624275100675725e+01,-2.412554286010259119e+01,6.645565897512732967e+00,1.212453622678193454e-01,-8.262930526354063332e+00,3.272857437024745408e+00,1.007288480045376744e+01,-8.412028973115143415e+00,-7.241136740956811479e+00,-6.645242800562834340e+00,3.663742346778188619e+01,1.347836062039255012e+01,1.814479857613077485e+01,-2.259446306379502190e+01,-7.893460657398921221e+00,2.079427571330542790e+01,-3.711414716795247593e+00,3.428862776448941929e+01,-1.068318312733620878e+01,2.359173834545451598e+00,-1.098968137946635970e+01,-1.504632502926237514e-01,1.025995128533742928e+01,-1.563621200100285691e+01,-9.597751835212509519e+00,-8.167912228143105580e+00,-3.982986880135499064e+00,2.266900196813533164e+00,-1.089289020488099879e+01,2.229490092237611876e+01,1.731689235190751575e+01,-1.753908510042846203e+01,-9.392945466308182390e+00,-8.498620619421368261e+00,-2.610507159360049911e+01,-1.280758889472271678e+00,1.054362346108362658e+01,-4.411557448783774760e+00,2.251089885758041642e-01,4.213847564600558648e+00,2.472837707076416081e+01,-1.774518588092260885e+01,-8.782398498604383263e+00,-3.931692508489379456e+00,1.944435887589717282e+01,1.890310235990031451e+00,5.179573564454302392e+00,1.651087182506640261e+01,1.651660497915347969e+00,-2.822630763543764854e+00,-2.021679530765359090e+01,-1.496105870214250722e+01,4.497179191603425608e+00,-1.855854397824138147e+01,5.238491944310290194e+00,-4.619424554922130888e+00,1.207666476637096586e+01,6.746814789473762897e-01,7.340275807402607100e+00,-1.462803156123325010e+00,-4.617836983008312579e+00,1.620932846211245604e+01,-1.894491141735539230e+00,-1.908637177855155631e+00,-1.402141519273503967e+01,1.760499218215033324e+01,4.471306263043984153e+00
-3.444899481717262013e+00,2.722308825557783862e+00,2.790845341481089648e+00,1.336649986009323854e+01,3.329597214014125228e+00,-1.885457206216548798e+01,2.059455301010886075e+01,-7.694514044162013455e+00,1.132122273341918905e+01,1.787440939886335123e+00,-6.126050338692437869e+00,-2.416153101344841048e+01,1.208799814692491026e+01,-4.922518681478309510e+00,-1.126750471559884836e+00,-1.237580136603656733e+01,-6.335455786249157839e-01,3.410206976699416970e+01,-4.893551587515005963e+00,-1.196139505540161352e-01,-1.476723093374284446e+01,-1.181927224083401562e+00,1.217469398004945136e+00,-4.352396464533165421e+00,1.301100173811591176e+01,-3.761971147250723124e+00,-3.853134794142576425e-02,-6.502730663224433272e+00,2.068184236990688873e-01,1.204145018747549933e+01,-2.421231646491156297e+01,2.790108007708044902e+00,3.103645464944735366e+00,1.175398554329330203e+01,-1.600550778341729341e+01,6.038970993309616730e+00,-4.073277246751586311e+00,4.097403087212480699e+00,1.543305853416048201e-01,-9.426241691685934398e+00,-5.123608272330791635e+00,-7.978219003901124928e+00,-9.179072023048725271e+00,2.755746115523275108e+01,1.014836659462777035e+01,1.292504532725545019e+01,-1.337083629091800496e+01,-4.533605675102038823e+00,1.517551337387074994e+01,2.039954977340214803e+00,2.303668825188433544e+01,-8.120249998859126350e+00,-6.221887314412703596e+00,-4.470267771694865999e+00,1.206562403096905323e+00,1.209832096089106912e+00,-7.086440507042516046e+00,-2.890475724148603209e+00,-4.442777915932074606e+00,-1.503259631268268848e+01,-3.075969821220690736e+00,-1.082226329259447084e+01,2.137162343884389770e+01,1.737472142074137338e+01,-1.154564803252194238e+01,-8.847153480428248784e+00,-4.013481160807060633e+00,-1.569567513796082459e+01,5.620983780207500224e-01,1.063565801302512526e+01,-2.793232949057244507e+00,-8.836899775222128994e-02,5.449011458916763750e+00,1.245549174140666437e+01,-1.209491316503062386e+01,-6.231089560358801016e+00,-2.903563414885982574e+00,1.493646866911903714e+01,-1.859445661989749254e+00,1.553909870840900265e+00,5.186378273004942585e+00,2.328236183701222206e+00,-7.192849387551618179e+00,-1.082704159597860816e+01,-9.065571448133487920e+00,3.484895602794543024e+00,6.183054649379116086e-01,8.624021586018226770e-01,3.926061575160859185e+00,1.335410034882059804e+01,1.966373634626749967e+00,3.345811686313366895e+00,-6.393540801501810478e+00,-2.961151243645822273e+00,1.995526619276911617e+01,-5.466531335962307558e+00,-2.801668550291265714e+00,-7.810427721846955329e+00,7.147508565417611592e+00,4.605229872162389881e+00
-5.936609659898157254e+00,-4.546235845636532247e+01,2.109932560053850636e+01,4.110102420099835285e+01,-2.862182012803035747e+01,-4.492354529812912745e+01,5.165942253790418448e+01,-1.438633825043806880e+00,5.995302151878586017e+01,-2.531388313017128766e+01,4.736198233452991957e+00,-1.097816347563188799e+02,1.554785762132478411e+01,-6.539185382299070426e+00,3.852591174966902798e+01,-1.493234044491144985e+01,1.518480892163546159e+01,1.139787246287155114e+02,-2.524122983241089457e+01,-8.767919189560180016e+00,-4.227327241738458952e+01,-1.000056278958894573e+01,-3.634883128898112936e+00,6.154963589259683232e-01,8.725673242378965355e+00,-2.362570718123018665e+01,-3.564031579801542904e+01,4.269797016397205880e+00,1.349118879880097488e+01,8.012496497937559070e+01,9.990791352353692645e+00,4.557172701367969836e+01,2.481447437012402446e+01,2.585369237384697882e+01,-6.287379175701639866e+01,1.379856573938825548e+01,9.286522975574282412e+00,-4.222185372787465951e+01,1.288535447336130879e+01,6.104042197361022204e+01,-2.290994223947973651e+01,-1.201591521387856609e+01,-7.015760704662348246e+00,8.845957523210543627e+01,3.252052057224394588e+01,4.537103072046019037e+01,-6.237990808190291858e+01,-2.208970649984097179e+01,5.121172118657829486e+01,-1.939550683542498888e+01,8.873634878494104328e+01,-2.561116500132830964e+01,2.296546318584385560e+01,-3.473173424733572290e+01,-3.213447023582248985e+00,3.882582758142174129e+01,-4.784847701347016624e+01,-3.252169670882015851e+01,-2.339433699261191890e+01,1.637827938818407603e+01,1.579872015954693865e+01,-2.062275855641920330e+01,4.389116352123308218e+01,3.241750721117432477e+01,-4.590363825555997579e+01,-1.883020703601301804e+01,-2.565715411352832831e+01,-7.153798391881824159e+01,-6.386754077104483507e+00,1.961511570030041085e+01,-1.178532908966093018e+01,1.100032050191672717e+00,5.251268191033234167e+00,7.297533276445496142e+01,-4.554983590805482407e+01,-2.201405226831243311e+01,-9.608941305492216145e+00,4.627583076735550094e+01,1.165046235905688654e+01,1.756374473169359973e+01,5.548457428488097065e+01,1.642684893812553559e+00,4.133747928785310499e+00,-5.827050213559071068e+01,-4.084740088882674769e+01,1.063739934117968744e+01,-7.629091076013695272e+01,1.929511897439266832e+01,-2.713616135343200497e+01,1.993600646776228302e+01,-1.521714451887461461e+00,2.242067553755733300e+01,7.899696200396317813e+00,-1.225582208441301191e+01,2.237114016226676583e+01,4.154153155184347135e+00,-1.658135584203765944e+00,-3.976296416282329460e+01,5.566824369499667569e+01,8.113378794271156380e+00
-5.772870533993002873e+00,-4.427259612717481474e+01,2.053821444594022694e+01,3.999051346264258910e+01,-2.787634046530062548e+01,-4.370039737522888856e+01,5.025527075927859499e+01,-1.383835035043767370e+00,5.835116872430140944e+01,-2.465201060556584167e+01,4.625127962538627457e+00,-1.068408757251554420e+02,1.511227074505984902e+01,-6.356340335843452927e+00,3.751507684464847614e+01,-1.451230871173538794e+01,1.478681059479784743e+01,1.109056627295097144e+02,-2.456654268028184163e+01,-8.537039497518511766e+00,-4.112884155606389669e+01,-9.734920346315465878e+00,-3.541960927869138409e+00,6.089005318332123551e-01,8.467490811042901910e+00,-2.299600603470914351e+01,-3.470281017784587618e+01,4.171824390434862195e+00,1.313588425521992065e+01,7.799095712042029049e+01,9.781377362919023710e+00,4.436693812887119748e+01,2.415495698062635910e+01,2.514777499554001849e+01,-6.118479148646211740e+01,1.342232184367887982e+01,9.051244384151678091e+00,-4.112035482684147070e+01,1.254610042744083387e+01,5.945569757306640213e+01,-2.229606614147784782e+01,-1.168228475199585681e+01,-6.810998784674060502e+00,8.607214949059117259e+01,3.164278951922049288e+01,4.414918218929110338e+01,-6.070970514442229415e+01,-2.149870487636025018e+01,4.983128906652751766e+01,-1.888985752253380213e+01,8.635160750857887990e+01,-2.491963575509796058e+01,2.237513336429513089e+01,-3.380835838268970406e+01,-3.131585502580886970e+00,3.780195415279550275e+01,-4.657433492354043381e+01,-3.165993183530006405e+01,-2.276922083796986129e+01,1.598062703849710076e+01,1.538995792881582680e+01,-2.005648014469516482e+01,4.268962173563564022e+01,3.152655803593204098e+01,-4.467082127396668767e+01,-1.831543011122384002e+01,-2.497346697757451395e+01,-6.962177875409297201e+01,-6.220006960194426782e+00,1.907575186508637088e+01,-1.146919178875942968e+01,1.071293500192697312e+00,5.101137829108511212e+00,7.102846377011826462e+01,-4.432511409113948986e+01,-2.142129909816573985e+01,-9.349804732880887315e+00,4.502575057671654690e+01,1.134812732454930639e+01,1.709835365755712999e+01,5.401377353973531825e+01,1.594346911482384499e+00,4.040874791111473741e+00,-5.671399262031476951e+01,-3.975304069033699506e+01,1.034993068845570185e+01,-7.428565053765653659e+01,1.878571300439849878e+01,-2.643107253429500147e+01,1.938221076385195119e+01,-1.486024012923615967e+00,2.182358669816015961e+01,7.706008373220003094e+00,-1.192693964788893268e+01,2.173874532251402414e+01,4.056938337060982391e+00,-1.608347721765026384e+00,-3.869989355802231046e+01,5.418828950355068486e+01,7.889828246588109550e+00
-5.282581622214957306e+00,-7.249497392936423523e+01,2.918175375272284100e+01,4.811490780594191818e+01,-4.741960367760849948e+01,-4.791627688388971507e+01,5.629771713244369380e+01,6.272032837710769471e+00,7.918551143054081365e+01,-4.066495986875840885e+01,1.398464043558611358e+01,-1.412215070265375516e+02,1.045960041842884003e+01,-4.576951569138513420e+00,6.013467060404733644e+01,-9.201809137257704663e+00,2.391036659526584529e+01,1.366935425678697982e+02,-3.319847172023077775e+01,-1.327174193873534414e+01,-4.836478022528724807e+01,-1.398652049886764104e+01,-6.896979809866074618e+00,5.732664298082588594e+00,-9.855835641384023127e-01,-3.197464930411464223e+01,-5.444057442953528181e+01,1.368636290563476621e+01,2.039614953034467248e+01,1.092292274826645695e+02,4.192931877857049727e+01,6.659328157212023314e+01,3.451668804106779476e+01,2.658175768542972150e+01,-7.849331062770789913e+01,1.444513827086230329e+01,1.868068055949941808e+01,-6.905515360941643621e+01,1.952780300535484770e+01,1.036896842079804344e+02,-2.938137522709411442e+01,-9.585007426472188286e+00,-6.192446342314554819e-01,1.048879455178352060e+02,3.854097407436503886e+01,5.512844258112498608e+01,-8.063895126300401728e+01,-2.877705106904614496e+01,6.157940010445091872e+01,-3.189560179708550791e+01,1.102881813029007105e+02,-3.021156152742150880e+01,4.195704752878756949e+01,-4.817252457023487722e+01,-6.240726605692674234e+00,5.802069359538217697e+01,-6.534368894432749642e+01,-4.653333073940594034e+01,-3.087142331460098887e+01,4.158741569138902605e+01,2.753782808983066488e+01,-1.961105883799031702e+01,4.356694307216376671e+01,3.042765939703876299e+01,-5.746127877570311426e+01,-1.904529592932962601e+01,-3.480320258948571421e+01,-9.207928436239131997e+01,-1.038220823429240447e+01,1.827612791499295497e+01,-1.494091151472721890e+01,1.778897678323059894e+00,2.028484353755109382e+00,9.784381787414854159e+01,-5.631571243559714901e+01,-2.679255811364338768e+01,-1.149242112786055969e+01,5.429712936372178689e+01,1.985709819629807171e+01,2.513874786700447217e+01,7.910878397799862682e+01,-5.211039800198463690e-02,1.423817068743640668e+01,-7.715752844166456725e+01,-5.246229389049575786e+01,1.242459830167140744e+01,-1.173058766863760241e+02,2.854679627900521055e+01,-4.580516802473332660e+01,1.577380742396981894e+01,-4.491104365241662677e+00,3.059069927195280059e+01,1.911514126457650775e+01,-1.547528019428028045e+01,1.222883325675111621e+01,1.236877795674938518e+01,5.497153864952508684e-01,-5.218637395665179923e+01,7.723045556601373107e+01,7.332723748295241428e+00
-6.949790090065432580e+00,-6.631354611550079881e+01,2.895262743015246443e+01,5.283172286837881160e+01,-4.247597770746720158e+01,-5.583561696333870117e+01,6.469669524026465979e+01,1.401723028710259555e+00,8.074239097346664096e+01,-3.704622301319314204e+01,9.536705693858809951e+00,-1.463061980825098374e+02,1.682215037933545076e+01,-7.147786618042047735e+00,5.566479578305499132e+01,-1.581143828416336561e+01,2.202524215956436748e+01,1.478433938473641547e+02,-3.393671511085421599e+01,-1.249930534330446008e+01,-5.387991364266153482e+01,-1.378620429708743877e+01,-5.751784046493409797e+00,2.839166931065088662e+00,6.639543812486603969e+00,-3.213280482742020894e+01,-5.100925034989944606e+01,9.038406752586553239e+00,1.922242648695358369e+01,1.092987578469752066e+02,2.519598595238922911e+01,6.399033230360590352e+01,3.413092652036957730e+01,3.172737122970914214e+01,-8.281682872758170788e+01,1.703886791355698449e+01,1.512799572455190500e+01,-6.229267964867354834e+01,1.837865964648777961e+01,9.163261926955664194e+01,-3.049549562627728960e+01,-1.361424618411321852e+01,-5.915264922094470634e+00,1.142515177352544811e+02,4.199463196917287178e+01,5.914372368751910614e+01,-8.329495541714432250e+01,-2.958657284650292141e+01,6.649350836636843098e+01,-2.868642171979875144e+01,1.166814772320812779e+02,-3.301480285341784793e+01,3.567883308564310596e+01,-4.771477890762938756e+01,-5.143503323981312825e+00,5.504306077105369610e+01,-6.531724313693864303e+01,-4.526132693452476019e+01,-3.149528438731734425e+01,3.021145526854009233e+01,2.400292579269895299e+01,-2.465733435077401481e+01,5.322523350394738628e+01,3.859632236903640745e+01,-6.052679419461944832e+01,-2.297943749541720138e+01,-3.492810352381932404e+01,-9.536081652753486537e+01,-9.396841162967902505e+00,2.329862799485719194e+01,-1.561661469569796878e+01,1.614679886512524920e+00,5.067016830190087973e+00,9.887630105416950244e+01,-5.977316134235410772e+01,-2.871463339758485134e+01,-1.245102640737491306e+01,5.953428230860633619e+01,1.751656349858972916e+01,2.444714594426231358e+01,7.710467305296202767e+01,1.304475084337862745e+00,9.154078516510020691e+00,-7.855582245419726917e+01,-5.440340953226401410e+01,1.366196349905646734e+01,-1.095045817606791161e+02,2.723705055006031728e+01,-4.061726921747406749e+01,2.253514081268497193e+01,-3.063239680313757596e+00,3.059476153442678381e+01,1.418624863600901165e+01,-1.621468487944405368e+01,2.305196630987930106e+01,8.406697076274673108e+00,-1.113619248838833675e+00,-5.341544586731824040e+01,7.648540665185130649e+01,9.544309018934075795e+00
-2.419259373238546562e+00,-1.463291933713464132e+01,7.333634656766950144e+00,1.534670449692986516e+01,-8.996310032189891004e+00,-1.734192154241445394e+01,1.979674441456160494e+01,-1.504017041280267808e+00,2.129197070141098180e+01,-8.111410278666966178e+00,7.427810154613916360e-01,-3.944733583361702500e+01,6.746170402270115218e+00,-2.815726168943856411e+00,1.255819051849999113e+01,-6.581628306899199643e+00,4.924407138304845333e+00,4.216180608541833408e+01,-8.981285679846429559e+00,-2.908366333486450017e+00,-1.592080822014565733e+01,-3.457116773220942463e+00,-1.036192305854494178e+00,-3.792620167759381822e-01,4.619154141752304987e+00,-8.296963830935794704e+00,-1.176219113347223555e+01,5.385288418111651154e-01,4.478146650222053715e+00,2.804265473137824571e+01,5.642677903637505210e-02,1.540649775721535697e+01,8.601038007017944409e+00,1.010117452302623064e+01,-2.288218019709106699e+01,5.359821199667186065e+00,2.518481396957893192e+00,-1.337996857074008616e+01,4.271271587781892087e+00,1.887490327977002380e+01,-8.243018978706810884e+00,-5.031209765367622211e+00,-3.542418317383416060e+00,3.286794721591596868e+01,1.208561552701436170e+01,1.669623359604720036e+01,-2.236676806799689743e+01,-7.893503645481358966e+00,1.892404951741644226e+01,-6.125271300956701026e+00,3.235442034759140739e+01,-9.535016244499786353e+00,6.743433465938828419e+00,-1.205538493738841765e+01,-8.986280949118237160e-01,1.296973551447813300e+01,-1.673235397500591048e+01,-1.111497865816450847e+01,-8.311723729464391752e+00,3.391677067632894449e+00,4.800155203285790151e+00,-8.250938753518239466e+00,1.733811259220272305e+01,1.301843913638547789e+01,-1.668738232566943935e+01,-7.395363755753309398e+00,-9.000747275260586377e+00,-2.569887386832125387e+01,-2.031661498774766095e+00,7.893571577111718085e+00,-4.261450651150600066e+00,3.510560546950125538e-01,2.461306593521904951e+00,2.573952645459586819e+01,-1.664415546989103944e+01,-8.095651221375078421e+00,-3.558264303884168811e+00,1.726381526646770936e+01,3.594484273138056629e+00,6.001828206605360094e+00,1.899714446949214164e+01,8.533813286120264241e-01,4.013187470071666318e-01,-2.067082487216805120e+01,-1.468762292248058010e+01,3.975308054851638850e+00,-2.508414187505422177e+01,6.480458344415326088e+00,-8.426420273935917749e+00,8.363124368191535041e+00,-2.389046727146715288e-01,7.843770203835799038e+00,1.750569255767002730e+00,-4.439122590088418363e+00,1.004958923412022287e+01,6.390121301881093174e-01,-9.218181767067301635e-01,-1.416196443851001874e+01,1.932011074044232757e+01,3.292571771617456733e+00
-5.457724199249655683e+00,-5.399892735242467268e+01,2.336111070766428099e+01,4.218164793397375689e+01,-3.467371828852149918e+01,-4.432463700669193685e+01,5.142656310022315580e+01,1.553894543070784451e+00,6.495780521517863804e+01,-3.018103149653676098e+01,8.075436731502511734e+00,-1.175073419851215561e+02,1.300805212209909278e+01,-5.538706435996278543e+00,4.526511510946589567e+01,-1.217172884020792090e+01,1.792047333589617963e+01,1.182187755531778350e+02,-2.729501994064804293e+01,-1.014397359136013677e+01,-4.295720854094290786e+01,-1.113166236968548084e+01,-4.736663882442573303e+00,2.540704775646645430e+00,4.689110766317725165e+00,-2.589121782529088023e+01,-4.142150318383795593e+01,7.691122845113455675e+00,1.559897484297722414e+01,8.810895553990171436e+01,2.176886851623538988e+01,5.181456458287323130e+01,2.754940859716704793e+01,2.513032174915743866e+01,-6.638941436198150825e+01,1.351075423418591548e+01,1.250513966455790715e+01,-5.080793206699594577e+01,1.491660368269087478e+01,7.492211830046869636e+01,-2.448804949859957958e+01,-1.062494844573232200e+01,-4.307902400979433999e+00,9.129296660822700460e+01,3.355487735779313851e+01,4.733133972125281019e+01,-6.691999098271246282e+01,-2.378179788181165932e+01,5.317840314423879988e+01,-2.340584370757252941e+01,9.351045634590126099e+01,-2.637207841286695142e+01,2.931010776305852161e+01,-3.850676960966419671e+01,-4.242102274914751447e+00,4.463401695595991470e+01,-5.266007564060099355e+01,-3.659969585052537866e+01,-2.533672970045561001e+01,2.534603003252144404e+01,1.965842658727848047e+01,-1.943920993408647035e+01,4.206885033769098925e+01,3.040488054573155807e+01,-4.852900516116505258e+01,-1.818330011427241288e+01,-2.814763941821170334e+01,-7.659286824372840385e+01,-7.661344483339348699e+00,1.834591050238138621e+01,-1.253107455639850087e+01,1.316021838876939354e+00,3.820519155193116134e+00,7.962272587491158049e+01,-4.788732909819670169e+01,-2.298203170085198366e+01,-9.954405111230077097e+00,4.753986679629740308e+01,1.432527756578368461e+01,1.976910732431318607e+01,6.233503299280477705e+01,9.335890401960865725e-01,7.822331118395298155e+00,-6.320882788822827791e+01,-4.369027771842343810e+01,1.090638475653652861e+01,-8.895985902727943540e+01,2.207208121736419670e+01,-3.319651383868137628e+01,1.757907388226027479e+01,-2.593799773767633265e+00,2.466468078629132421e+01,1.186568411548330992e+01,-1.300768597184096542e+01,1.764224607101916575e+01,7.122158642333197065e+00,-7.530286069529935622e-01,-4.295576310735707182e+01,6.172621786321366955e+01,7.502010867972536801e+00
-3.717452694934826773e+00,-1.933688465426374847e+01,1.024639837528838981e+01,2.244782374164743288e+01,-1.166702356707781973e+01,-2.586740734102331274e+01,2.940491131226953669e+01,-3.053116133861119685e+00,3.017877428286879748e+01,-1.068173954802004566e+01,1.813988942647322133e-01,-5.633765339026369645e+01,1.069786168594160181e+01,-4.448680601370289089e+00,1.675683995576759600e+01,-1.051479374940481115e+01,6.545192383937157743e+00,6.132057007718270825e+01,-1.274565765861484756e+01,-3.931590836583074289e+00,-2.340793413163167003e+01,-4.812344594336445347e+00,-1.232360991110790671e+00,-1.092221997801881450e+00,7.957547400837913898e+00,-1.167312450921098410e+01,-1.584088289768474667e+01,-1.439268483710840485e-01,6.056678742719768138e+00,3.936363429034895489e+01,-3.159530066742103571e+00,2.111499860734780754e+01,1.199453497358358867e+01,1.517015396830056595e+01,-3.294567571524852667e+01,8.023051614248087660e+00,2.846381669612362941e+00,-1.746625126008827067e+01,5.771143674687416514e+00,2.415212590449849728e+01,-1.178245316028533196e+01,-7.839776043204443212e+00,-5.995848984946990257e+00,4.793345603860839788e+01,1.762729750948295759e+01,2.420573703440057756e+01,-3.189969148008731992e+01,-1.123304965300579816e+01,2.750583237352000765e+01,-7.974007133157934746e+00,4.663796969984869634e+01,-1.392234369650705617e+01,8.247421584176525045e+00,-1.682783131615365591e+01,-1.048612336722456906e+00,1.762315154625251168e+01,-2.347415235704593428e+01,-1.535063060647964583e+01,-1.178397253767739095e+01,2.557489996933460574e+00,6.051527018069082331e+00,-1.255462867273372751e+01,2.619863355972645991e+01,1.984884129886303583e+01,-2.400949108645544072e+01,-1.113881202489659294e+01,-1.265425522838184413e+01,-3.669645826654308962e+01,-2.660163637701784545e+00,1.204856013172726392e+01,-6.110558787447599727e+00,4.608268267216075742e-01,4.041871989574604029e+00,3.631820322113051702e+01,-2.402469214131619069e+01,-1.173204128495047449e+01,-5.178584803098305933e+00,2.523867360518234193e+01,4.590866377266303644e+00,8.288061788738071201e+00,2.626939093137705683e+01,1.460051635118136515e+00,-4.208770171208566779e-01,-2.927647245208085636e+01,-2.098575132188757308e+01,5.817744889366343486e+00,-3.368878716163474962e+01,8.840047213174106133e+00,-1.082006093782764111e+01,1.304399710802008627e+01,-5.887629527486382131e-02,1.100736701424842323e+01,1.502464737240633674e+00,-6.372201960639640284e+00,1.619664290332254097e+01,1.298239477527252106e-01,-1.615454790282169872e+00,-2.011031885610272951e+01,2.696627495884731474e+01,5.048270441586851121e+00
-5.178941146876370638e+00,-5.104294178351709377e+01,2.210360324630689277e+01,3.995577570452809368e+01,-3.276712992024997817e+01,-4.201151230056338193e+01,4.873593685146909849e+01,1.427923561087796500e+00,6.148031237706530305e+01,-2.852744655941796026e+01,7.602656905825163847e+00,-1.112364036814860668e+02,1.236442108976033794e+01,-5.263448877708560403e+00,4.279343719386133671e+01,-1.157519884689694933e+01,1.694092835076343562e+01,1.119624780115257181e+02,-2.583452355493557562e+01,-9.592065973669434698e+00,-4.069661459889395871e+01,-1.053166052775045358e+01,-4.472114804054205806e+00,2.378932818863535470e+00,4.503576590467739393e+00,-2.450110962826816774e+01,-3.916544880280204666e+01,7.237253650872578881e+00,1.475039748129432127e+01,8.337427014277945148e+01,2.045305104005767305e+01,4.900717150295022861e+01,2.606544143468757113e+01,2.382458724194771804e+01,-6.285910112226981994e+01,1.280724980351059550e+01,1.180209644453750784e+01,-4.801837650907091870e+01,1.410491368112844235e+01,7.079042183798544841e+01,-2.318168665723182187e+01,-1.008905227227957901e+01,-4.122550694964575158e+00,8.646818600676748190e+01,3.178162660759570812e+01,4.482258863203301757e+01,-6.334662534970328096e+01,-2.251073606242853131e+01,5.036324580625744574e+01,-2.211995217840972217e+01,8.854060516936056047e+01,-2.497918676408411898e+01,2.768014420454468549e+01,-3.643328697819902118e+01,-4.004550934299285991e+00,4.220926580980700038e+01,-4.982970358631351360e+01,-3.462160754805458396e+01,-2.398048168282916492e+01,2.388466835324109638e+01,1.857109507681795435e+01,-1.843847018158650286e+01,3.989211978484498644e+01,2.884202710436299100e+01,-4.594760722333504788e+01,-1.724036193716868581e+01,-2.663597311300918236e+01,-7.250510078468465736e+01,-7.241005948946282800e+00,1.740372131300093628e+01,-1.186350037207334296e+01,1.243862458787153402e+00,3.641680511416272914e+00,7.535251589663958782e+01,-4.534383399149098182e+01,-2.176365137140465933e+01,-9.427776718458195759e+00,4.503056092953384848e+01,1.353498106385795552e+01,1.870061518058260575e+01,5.896745281671678640e+01,8.952412564972289655e-01,7.357608109106283045e+00,-5.982394882952403492e+01,-4.135912790356152868e+01,1.033102377493166557e+01,-8.411082557097392964e+01,2.087443004353248810e+01,-3.136718618226228372e+01,1.669325630520759773e+01,-2.441951611749878737e+00,2.333914771555221179e+01,1.118500982318161618e+01,-1.231505232558396479e+01,1.678844395494756014e+01,6.704847052238537053e+00,-7.270590124873554938e-01,-4.065788118368030268e+01,5.840233403572364068e+01,7.118106360607069583e+00
-5.145006553285514705e+00,-5.118398696880395704e+01,2.211321279682404750e+01,3.986525428997100562e+01,-3.287818538286084902e+01,-4.185409533212505551e+01,4.856989199137649393e+01,1.530643694414078659e+00,6.146090266466843843e+01,-2.860972380232913537e+01,7.697834084852559045e+00,-1.111535988627676943e+02,1.223331271665862907e+01,-5.210531567744126846e+00,4.289670432909439768e+01,-1.143872392203179800e+01,1.698424029496759857e+01,1.117522952462754660e+02,-2.582460049286413550e+01,-9.610387763335697997e+00,-4.058946711853705125e+01,-1.053815572222269026e+01,-4.497164902439465095e+00,2.440291626021471760e+00,4.344215268347176639e+00,-2.450309532605000840e+01,-3.924609130974491933e+01,7.336557574674128723e+00,1.477827555037956486e+01,8.339088185420469301e+01,2.080934549814994128e+01,4.907252880851035570e+01,2.607920347868115840e+01,2.372155235650372163e+01,-6.278181472414159714e+01,1.275548641189172017e+01,1.187935907740862262e+01,-4.817098399892592653e+01,1.413213497301901889e+01,7.105929799685496562e+01,-2.316328475129999021e+01,-1.000651442115907130e+01,-4.012082145814835243e+00,8.629003766098753658e+01,3.171589428823980938e+01,4.474787376563627106e+01,-6.330450833743319805e+01,-2.249859366564750474e+01,5.027083192036979398e+01,-2.219222844541063822e+01,8.842536365625387873e+01,-2.492565647536580897e+01,2.781816001750578593e+01,-3.645081019871732053e+01,-4.028490931971147937e+00,4.228102814446333468e+01,-4.984106169316437729e+01,-3.465585987335732199e+01,-2.397256188175163061e+01,2.412905439906151628e+01,1.864945116133965541e+01,-1.833635653438111746e+01,3.969767754506649737e+01,2.867651262762780462e+01,-4.589310746430371069e+01,-1.716137399657182527e+01,-2.663912086555257019e+01,-7.245181582495470707e+01,-7.263295481109175000e+00,1.730188329296325378e+01,-1.185186375638244982e+01,1.247585196325503576e+00,3.578577114558961547e+00,7.534714014277759020e+01,-4.528096195377931110e+01,-2.172795276937324616e+01,-9.409663357219427482e+00,4.493019819926628600e+01,1.358713082469506084e+01,1.871921175584524732e+01,5.902237720703659107e+01,8.669096825690980612e-01,7.466108986775688017e+00,-5.980751471498119543e+01,-4.132727681113838969e+01,1.030724458560337098e+01,-8.429310097382750655e+01,2.090649589346771364e+01,-3.148307462156131109e+01,1.655470090039507625e+01,-2.472505443540417680e+00,2.334412172557943421e+01,1.129107693672903245e+01,-1.230217411137730998e+01,1.656449956687071534e+01,6.789613298164894672e+00,-6.922408029458599898e-01,-4.064085059747805673e+01,5.843066095501900037e+01,7.073145236633221700e+00
-4.806716844558849289e+00,-3.407383190597469991e+01,1.619497135675261390e+01,3.229290745050696643e+01,-2.130004023514546674e+01,-3.569529230238130424e+01,4.094528509448339548e+01,-1.809669324318972983e+00,4.633624712787384681e+01,-1.894710602669281485e+01,3.000541035564827652e+00,-8.517010660180389436e+01,1.287689914488035647e+01,-5.400639924489115451e+00,2.898594105758117223e+01,-1.243916192349156447e+01,1.140686536835784892e+01,8.927389097059783296e+01,-1.952028943308681619e+01,-6.632115162738476677e+00,-3.330977634895325679e+01,-7.662777182764668460e+00,-2.630341393289800767e+00,5.563002723318799525e-02,7.812067174277444792e+00,-1.819399459933812224e+01,-2.691649890762571573e+01,2.612940257948338285e+00,1.020696955750491242e+01,6.163628135867292457e+01,5.268216486858928960e+00,3.467461269873355434e+01,1.902977605969668318e+01,2.062768898104790338e+01,-4.898213789490096559e+01,1.098732804756242309e+01,6.629573499796767244e+00,-3.149758176217819283e+01,9.744555084942481571e+00,4.520700762620334956e+01,-1.778150342530453187e+01,-9.823503620875424502e+00,-6.160650295790937925e+00,6.938853029047828613e+01,2.551103853496065454e+01,3.547579525685939217e+01,-4.836152232018424968e+01,-1.710666019151117467e+01,4.009779881842034399e+01,-1.445425735515327403e+01,6.917255421570128249e+01,-2.010296185123742774e+01,1.675689705424378317e+01,-2.664701140312983441e+01,-2.313129962061264422e+00,2.943206495105419407e+01,-3.679771856389737650e+01,-2.482964972906485457e+01,-1.808328043152599918e+01,1.095450360514865906e+01,1.164084508218143910e+01,-1.659009612267659861e+01,3.515233053127870022e+01,2.611256301331924590e+01,-3.574831023791471551e+01,-1.505082659572035553e+01,-1.975163317346974878e+01,-5.549555617196640611e+01,-4.769954707942277494e+00,1.581165848176866184e+01,-9.161968550573345027e+00,8.223540723860146562e-01,4.477594932710570852e+00,5.627634059482756612e+01,-3.553277899181868804e+01,-1.720910354170849033e+01,-7.528896343192682750e+00,3.634811551605449154e+01,8.622753023427435437e+00,1.340888957696625994e+01,4.238530787600591054e+01,1.459297151983773411e+00,2.445331747901192010e+00,-4.501928004346896017e+01,-3.169708213968467447e+01,8.360158280245421736e+00,-5.755101454340604050e+01,1.465128766297398322e+01,-2.012211230660171069e+01,1.630951773359611678e+01,-9.642352561159655000e-01,1.724492463651841945e+01,5.364230555591198879e+00,-9.533034486800511687e+00,1.876888852262331042e+01,2.623022502727275551e+00,-1.515469285470867788e+00,-3.076020776839327908e+01,4.270835691033926196e+01,6.559525300782508950e+00
-5.167369459884711524e+00,-3.762469863947752913e+01,1.773303439540914894e+01,3.507403504913050085e+01,-2.357936843478184841e+01,-3.861999096995997860e+01,4.433798723255025465e+01,-1.711097737336006119e+00,5.061466636322940360e+01,-2.093162722611434035e+01,3.528855996699357789e+00,-9.291142442102110977e+01,1.373832361535157887e+01,-5.767320006004641897e+00,3.196303642569601422e+01,-1.324570778339056787e+01,1.258540951690939735e+01,9.706671946185282707e+01,-2.131812939486381353e+01,-7.299462626450013758e+00,-3.614258572166255590e+01,-8.395600246336435646e+00,-2.941351572192655528e+00,2.206998975626759396e-01,8.126692565795462286e+00,-1.989895336962135275e+01,-2.964130609874640854e+01,3.115795765170387810e+00,1.123319919097834330e+01,6.743797068527284466e+01,6.688740957753978478e+00,3.808440022106081813e+01,2.084350191692498910e+01,2.228638217741109884e+01,-5.335695126988980519e+01,1.187895442609243091e+01,7.450256015528466058e+00,-3.483788677061981787e+01,1.072587210946515057e+01,5.013106628895849326e+01,-1.939480431567323038e+01,-1.052621502526952213e+01,-6.448382961799940638e+00,7.540702376269494778e+01,2.772315481166981144e+01,3.859547061166372117e+01,-5.276998942193372955e+01,-1.867322282263465993e+01,4.360317221642708319e+01,-1.599297354076167643e+01,7.533477603042307180e+01,-2.184161812313543294e+01,1.868202552353198342e+01,-2.918218196691802646e+01,-2.591612063177411329e+00,3.236875281152022410e+01,-4.026516166314973333e+01,-2.723862046829569294e+01,-1.975208652647347307e+01,1.261469145927249436e+01,1.293255770800751847e+01,-1.787397508103859067e+01,3.792983197692341690e+01,2.812089104230895487e+01,-3.894611666654136428e+01,-1.625115323521866628e+01,-2.160514304664917873e+01,-6.054142621337278740e+01,-5.273666800790372200e+00,1.702352958875613353e+01,-9.987611385349254078e+00,9.088827274752879770e-01,4.731498757449775105e+00,6.151998507026791430e+01,-3.868863500698206792e+01,-1.872386045622916129e+01,-8.185093022270228502e+00,3.948246147813752316e+01,9.564217042606951935e+00,1.471007725776508046e+01,4.648828842466672739e+01,1.521813926847715770e+00,2.956491326027123279e+00,-4.918241385981117020e+01,-3.457541205379146021e+01,9.079253588212276682e+00,-6.340267811095175432e+01,1.610364182180277481e+01,-2.230398437258929789e+01,1.747223316260395620e+01,-1.133928637615643220e+00,1.886900212695611856e+01,6.141748761481045982e+00,-1.039010935131955193e+01,1.993888805857128688e+01,3.088941501883618379e+00,-1.566332811155875415e+00,-3.358962499447053318e+01,4.677221783355228268e+01,7.055205081989498694e+00
-1.088503919548719390e+00,-1.604933451211962137e+01,6.374023261441347010e+00,1.031466841621446306e+01,-1.053244100485543200e+01,-1.014887081469786168e+01,1.195872750293693443e+01,1.554336109851475634e+00,1.721277677899482939e+01,-9.008419871794576039e+00,3.220493739633292662e+00,-3.060944814971215777e+01,2.038179803778400689e+00,-9.000320017586831423e-01,1.328779379512037551e+01,-1.754375642768476684e+00,5.287532423501176027e+00,2.938984282100830114e+01,-7.213174369919419071e+00,-2.924434195449861384e+00,-1.033864238703259097e+01,-3.058465959925266819e+00,-1.548196277409175092e+00,1.361089048336982188e+00,-5.065810198351389237e-01,-6.968412265150124796e+00,-1.200605446766542528e+01,3.163081285418332556e+00,4.493789430181712063e+00,2.382293238843852023e+01,9.785737503719017738e+00,1.462518114965611460e+01,7.543694208339654317e+00,5.601358567052618476e+00,-1.695598861540448254e+01,3.051651628806719252e+00,4.210579795942011927e+00,-1.532124519832017207e+01,4.303441634827360751e+00,2.307836774224188758e+01,-6.366197053452293808e+00,-1.936640207179151529e+00,6.745841227336407675e-02,2.252056789527806302e+01,8.274662876784054433e+00,1.187132164852823202e+01,-1.748777505461507786e+01,-6.246027525886387544e+00,1.324406171691786582e+01,-7.079944048822282454e+00,2.381208226474334921e+01,-6.482685645449365985e+00,9.391960109219109398e+00,-1.052512214199062690e+01,-1.403216682124093007e+00,1.276961674267158209e+01,-1.425408323309519432e+01,-1.019871244007858557e+01,-6.709961878434437921e+00,9.506282808785504912e+00,6.141862312997909079e+00,-4.084675937651397248e+00,9.133672606223589341e+00,6.324636916226173966e+00,-1.241649185786803322e+01,-4.003799420146854970e+00,-7.586661298903094597e+00,-1.995927265764919767e+01,-2.302298461431366405e+00,3.794403766563106295e+00,-3.233141380407758891e+00,3.943015382940800451e-01,3.262626471684141882e-01,2.130266810660196342e+01,-1.215162719412354697e+01,-5.770614228953887981e+00,-2.470121712710498407e+00,1.164326476140970357e+01,4.420830357162595092e+00,5.509829896016706030e+00,1.733222039331815978e+01,-6.324524685888993636e-02,3.300122945469712299e+00,-1.677648826263558490e+01,-1.136908924250124109e+01,2.662792204069669211e+00,-2.588564590720975644e+01,6.276848518575555147e+00,-1.018963423578666472e+01,3.182089241950687875e+00,-1.034225296203626687e+00,6.672431443940570972e+00,4.357975483435198250e+00,-3.347264303425097953e+00,2.253511087666417723e+00,2.849454163810519969e+00,1.835159135452692214e-01,-1.133613434256360364e+01,1.687436141110834598e+01,1.514872421062707586e+00
-6.905508272526928337e+00,-6.761979329121990645e+01,2.932965423508348124e+01,5.311783937025249003e+01,-4.338969844807071041e+01,-5.590835444963788348e+01,6.484179789505110136e+01,1.800268314680618431e+00,8.162198185809049278e+01,-3.778891094818334295e+01,1.000309200832248635e+01,-1.477228732625907526e+02,1.653284733806723494e+01,-7.035240944064795166e+00,5.670501869404618134e+01,-1.549026263963535932e+01,2.244595132132441861e+01,1.488044633728365795e+02,-3.429985054143161705e+01,-1.271478467512776156e+01,-5.411655274195494059e+01,-1.397286957983492428e+01,-5.912747780328885483e+00,3.100831417384075195e+00,6.125135718381876870e+00,-3.251896544601656558e+01,-5.191045225116123873e+01,9.514266808130468434e+00,1.955269710326023613e+01,1.106489317503344267e+02,2.681807107003756840e+01,6.498770631784351792e+01,3.458443753884124305e+01,3.171817513782853126e+01,-8.350562601777573946e+01,1.704720800618333243e+01,1.559366593746414154e+01,-6.359453044668447319e+01,1.869654149998049064e+01,9.371273377713491470e+01,-3.078653328016472912e+01,-1.346776548653671490e+01,-5.574154167658537773e+00,1.149357501278872462e+02,4.224519485969215538e+01,5.956303036735422296e+01,-8.412018572809832051e+01,-2.989017575411103778e+01,6.693362931767074997e+01,-2.929337162893731517e+01,1.176283076428505012e+02,-3.320489318853915961e+01,3.661269739300895765e+01,-4.834240195259387463e+01,-5.293168226803951271e+00,5.595878663378603335e+01,-6.612943243967009721e+01,-4.592224562490832085e+01,-3.183709091557694038e+01,3.147646807079802755e+01,2.457727868612875710e+01,-2.456822407954582843e+01,5.312950116823620306e+01,3.843573107189399707e+01,-6.103758539564380925e+01,-2.295655429978388540e+01,-3.535153636607385153e+01,-9.628674279550425297e+01,-9.590505468198085026e+00,2.319452661182734943e+01,-1.575742329033711897e+01,1.647558514172980493e+00,4.892060780544214893e+00,1.000218442845511504e+02,-6.024393187411429551e+01,-2.892035117114092202e+01,-1.253043223373888537e+01,5.986280695586594902e+01,1.791699351481011959e+01,2.480448620484730071e+01,7.821783593939261436e+01,1.214485263237814028e+00,9.665506085325823449e+00,-7.942070488228290515e+01,-5.492625106318066486e+01,1.373457209551202496e+01,-1.114732945861524342e+02,2.767737070178475989e+01,-4.152705395401218169e+01,2.228548553481857653e+01,-3.212980037212329609e+00,3.097390568017942059e+01,1.474794320921394331e+01,-1.635792584169054464e+01,2.249083678380819862e+01,8.821044200039391825e+00,-9.972554862277964727e-01,-5.398175976814938792e+01,7.749235222775939746e+01,9.489602626853741896e+00
-2.413177532636123335e+00,-2.513201742040401143e+01,1.073723689658393177e+01,1.910338215576929244e+01,-1.619170472649215498e+01,-1.990980836913340113e+01,2.314357418034621006e+01,9.830973611943698565e-01,2.973440217332918678e+01,-1.405583742364141386e+01,3.953593802126973422e+00,-5.366329533899272519e+01,5.619309160987279839e+00,-2.400307598062711101e+00,2.102773206495438529e+01,-5.221688056352984830e+00,8.331282650948725887e+00,5.365398150616380235e+01,-1.248962644342604911e+01,-4.699645287842117547e+00,-1.941520957783367862e+01,-5.121383745197284121e+00,-2.237919307695815263e+00,1.326634169639367755e+00,1.730347795554937118e+00,-1.187730123111969149e+01,-1.920569879526790302e+01,3.788242274602447335e+00,7.226135573394588896e+00,4.044493729229459689e+01,1.092035437998025671e+01,2.393103422337829045e+01,1.266866298483043352e+01,1.125176295746849320e+01,-3.023839168310742664e+01,6.058822763606259265e+00,5.937585123018753741e+00,-2.369928614058205341e+01,6.911513384360263856e+00,3.506279144406632753e+01,-1.118019328617156738e+01,-4.654510801432996558e+00,-1.684340532444914551e+00,4.139189636318129573e+01,1.521299033746521623e+01,2.150634100460253606e+01,-3.057432178414207158e+01,-1.087283954452946944e+01,2.414081169355665679e+01,-1.092282191557225346e+01,4.257440233871759716e+01,-1.195155617025173633e+01,1.380331057915363857e+01,-1.770292137750399064e+01,-2.008220549194109417e+00,2.065536221743732881e+01,-2.417649018495590241e+01,-1.687252519811152851e+01,-1.159695560615102217e+01,1.226583067219532452e+01,9.220509194370215766e+00,-8.644606655186446886e+00,1.877791766957350461e+01,1.350576075054520331e+01,-2.210876397693948547e+01,-8.129642550338054718e+00,-1.291501410578209530e+01,-3.498027188612828553e+01,-3.571720628301759959e+00,8.144014909285376191e+00,-5.715303589406716789e+00,6.132503957323968136e-01,1.585624225781486984e+00,3.649577231783516851e+01,-2.179247821885945058e+01,-1.044406699894206092e+01,-4.516745684813135320e+00,2.153439807076815526e+01,6.706033961149772793e+00,9.113845068913496661e+00,2.872757205900655464e+01,3.534552188158118780e-01,3.872632190588471524e+00,-2.894027024214791055e+01,-1.994969032011368526e+01,4.938338560376365649e+00,-4.127149007856195340e+01,1.020532289462075859e+01,-1.552708321003670022e+01,7.695673299188800165e+00,-1.269835355614871375e+00,1.132276077720041307e+01,5.720246576444075082e+00,-5.930576808202228989e+00,7.499712981045391302e+00,3.489057000875869896e+00,-2.535749068349942292e-01,-1.965192788069439800e+01,2.837834641737354957e+01,3.321512266553857007e+00
-1.013476427273868552e+00,-3.642968003846322134e+00,2.264415164348102305e+00,5.533150680842229718e+00,-2.064882142400514820e+00,-6.648424173188924868e+00,7.491468127116457154e+00,-1.216268197932471651e+00,6.914114975844618982e+00,-1.990003071395598511e+00,-4.472057808226674869e-01,-1.314611419058278052e+01,3.088105262089124281e+00,-1.275955370772162478e+00,3.254142102848908813e+00,-3.074292558044937174e+00,1.255798308358002657e+00,1.492461452306675973e+01,-2.928947434827819052e+00,-7.938055257789005115e-01,-5.835225428973222606e+00,-1.053344394815142193e+00,-1.497922998232017466e-01,-5.613420749266151422e-01,2.614234903968869261e+00,-2.625682116682719780e+00,-3.163355538060524275e+00,-5.418326394530326162e-01,1.224649619822083757e+00,8.803360577929966624e+00,-2.540888042060180485e+00,4.432683182818559331e+00,2.637857413551769614e+00,3.953987889151594715e+00,-7.835750558358936857e+00,2.077152921520576179e+00,2.464488084122420375e-01,-3.161263481731364511e+00,1.163542590716454939e+00,4.074631357136640375e+00,-2.754937908553498627e+00,-2.193611310664250968e+00,-1.920498135788306415e+00,1.173741223384743471e+01,4.317500688515118590e+00,5.849026548318931873e+00,-7.419175655211446063e+00,-2.598773827716900797e+00,6.684988208734735871e+00,-1.429874950934191258e+00,1.112223188654530404e+01,-3.418313605863244842e+00,1.154433446078086067e+00,-3.709955714537594318e+00,-1.139944105558410303e-01,3.611349987529369088e+00,-5.242358951936587630e+00,-3.290590145878137029e+00,-2.701517939840948568e+00,-6.759661711907183346e-01,9.645829576623730084e-01,-3.358660342412644884e+00,6.913121001382737774e+00,5.330925512675344535e+00,-5.701029009392593494e+00,-2.920347313844427806e+00,-2.841267546589490767e+00,-8.559597305253644706e+00,-4.863583822584705008e-01,3.242973100260721608e+00,-1.439488174418876998e+00,8.496362962753499504e-02,1.236340129914023089e+00,8.228457013289393274e+00,-5.747403193076416450e+00,-2.832269894117687592e+00,-1.262261872859746781e+00,6.213819011252223135e+00,7.691694408956250006e-01,1.776115388851815302e+00,5.650088982541618954e+00,4.750026354967668007e-01,-6.515412473961745832e-01,-6.695107463770273881e+00,-4.902083320919120801e+00,1.435648558992358437e+00,-6.672249067023345859e+00,1.831672914597360258e+00,-1.848844023104781797e+00,3.656073842623597692e+00,1.434169415410213033e-01,2.460022629206795042e+00,-2.047554159146665054e-01,-1.504937089785022719e+00,4.805924452499231059e+00,-4.054537247748939421e-01,-5.433638338410637925e-01,-4.628390167705688008e+00,5.943869178837728029e+00,1.370539090417733918e+00
-1.333500376884445338e+00,-1.054225543866948556e+01,4.846696940682965860e+00,9.351245237833914814e+00,-6.655447117219654096e+00,-1.017275480637776752e+01,1.171040660397638966e+01,-2.452853006825237436e-01,1.373323266529320819e+01,-5.873113646011422162e+00,1.164594123723793118e+00,-2.510835706682519586e+01,3.457608715054675486e+00,-1.456049317596559867e+00,8.920367880689472173e+00,-3.312028070610806729e+00,3.518071888052629603e+00,2.596593024961921259e+01,-5.780478771752702194e+00,-2.025873288824134644e+00,-9.606380950572775745e+00,-2.298814439990855440e+00,-8.542411452967545449e-01,1.917134887451618086e-01,1.869774000824898419e+00,-5.419798395201025798e+00,-8.239961848732466621e+00,1.061033215639569871e+00,3.116950826784597339e+00,1.838901335215119914e+01,2.584808116941143652e+00,1.050497048158541880e+01,5.702126046465825659e+00,5.844212705463053048e+00,-1.435537225088477342e+01,3.121818041539086153e+00,2.193373678550832651e+00,-9.808627026566446361e+00,2.977471637075362665e+00,1.422015739418976388e+01,-5.238850249766191070e+00,-2.687638699726186520e+00,-1.517921703769846697e+00,2.013993501630683625e+01,7.403875953418683764e+00,1.034352466198128262e+01,-1.427108783533918590e+01,-5.055900689015963678e+00,1.166840568348386320e+01,-4.507591878266217655e+00,2.025524364787990450e+01,-5.829384882400739265e+00,5.380471253833472467e+00,-7.979583521096075494e+00,-7.566770754898105578e-01,8.963188622429537844e+00,-1.098260980846760049e+01,-7.486533027938880203e+00,-5.358575367551113189e+00,3.957459508112905588e+00,3.687738570235310931e+00,-4.645344316974902021e+00,9.905486428625312811e+00,7.298031058266184701e+00,-1.048232657183326566e+01,-4.253308083873838186e+00,-5.886634424798248055e+00,-1.636213750523150878e+01,-1.483062176184851699e+00,4.414485338757843991e+00,-2.693180233232944421e+00,2.553415525755574067e-01,1.152293639466530628e+00,1.673124669279938814e+01,-1.039428914250615499e+01,-5.019140338792431599e+00,-2.188725129732136843e+00,1.052989163290639141e+01,2.714810770606821411e+00,4.043275703151483214e+00,1.276972006695622319e+01,3.533771853975657962e-01,1.037410914867687550e+00,-1.334982677937883189e+01,-9.341425303680930270e+00,2.419916196904027483e+00,-1.764624379960942591e+01,4.451436211807343390e+00,-6.318718411036138960e+00,4.457821163041299606e+00,-3.741562050282621343e-01,5.145906840875579036e+00,1.899062963520626202e+00,-2.800056882852433038e+00,4.945917968104524221e+00,1.022533176898928309e+00,-3.515755559818714016e-01,-9.104939911643491257e+00,1.278992526888527870e+01,1.823620237331734506e+00
-3.175091191694315640e+00,1.282283169172484705e+01,-7.776221469688470167e-01,8.604385135657558692e+00,1.013463990522087421e+01,-1.482144086196883848e+01,1.565658440029989684e+01,-9.522844104013689304e+00,2.117709926846634616e+00,7.486498188653679442e+00,-8.791192723753916027e+00,-8.255878019553460234e+00,1.222775272447118233e+01,-4.936711911997716307e+00,-9.360369741577507341e+00,-1.272158438914840772e+01,-3.931086367938028125e+00,2.007753644201480725e+01,-1.053812978240855847e+00,1.650421784687496896e+00,-1.015074285331372650e+01,5.483265194744619819e-01,2.301054670269246039e+00,-5.680506377406367768e+00,1.480849491463136225e+01,5.793538529418154615e-02,7.279995018876241453e+00,-9.175948818831045628e+00,-2.510448288577375120e+00,-1.111442906186471014e+00,-3.295098402145723782e+01,-5.811128717905539531e+00,-1.142461795906584365e+00,9.682213867775477212e+00,-7.494520520784243800e+00,4.868538843049766029e+00,-7.107464085580584623e+00,1.391115378036670158e+01,-2.452840819883377321e+00,-2.458098743120874374e+01,-1.826791708887927301e+00,-7.709731106135521372e+00,-1.027034003526352812e+01,1.697402196752603842e+01,6.262358982960958720e+00,7.162966334572641536e+00,-4.234075923706053679e+00,-1.242586266619269519e+00,8.833612257206777230e+00,6.591652461706566157e+00,1.114831236895181199e+01,-5.095210584561516320e+00,-1.266219831588817790e+01,1.437975047065639167e+00,2.200471480214188258e+00,-6.440417503451310921e+00,7.969322764040154272e-01,2.999412348329484779e+00,-8.583968107079184007e-01,-2.255061737303331881e+01,-7.174020980563033945e+00,-9.568979413563273084e+00,1.824565976060750927e+01,1.550483038072658992e+01,-5.293241082620307125e+00,-7.417238684227285717e+00,1.547444583269678153e-01,-5.317428303938015688e+00,2.030661254901832802e+00,9.538073422532219681e+00,-1.140778073156990979e+00,-3.389777860514250896e-01,5.873400621371962949e+00,8.871686064882946532e-01,-6.066895055483723098e+00,-3.424241182138369144e+00,-1.729124565232126765e+00,9.543604860904117970e+00,-4.768600846614442723e+00,-1.628964654493439745e+00,-4.791838394584932104e+00,2.633171342210957278e+00,-1.002860664465214491e+01,-1.833100909722728877e+00,-3.168283198080994900e+00,2.259446662344799961e+00,1.647765025974560515e+01,-2.867416510002888774e+00,1.059025171526247711e+01,1.294098962642156714e+01,2.822146736011146295e+00,-3.411755606413383601e-01,-9.783077149055431576e+00,-1.258299122841117113e+00,2.086372930386641045e+01,-7.829911409155999813e+00,-3.234123776030233710e+00,-1.789646403288255527e+00,-2.327081888460796222e+00,4.208110189514915334e+00
-5.193257757062648139e+00,-7.641985554121112045e+01,3.036125764256199844e+01,4.915672551704420812e+01,-5.014646949560330569e+01,-4.838273770982795696e+01,5.700627616273964549e+01,7.380012709960817929e+00,8.199999713377825117e+01,-4.289338913186060864e+01,1.531876466284666449e+01,-1.458318523248713632e+02,9.740136680732058849e+00,-4.299932899823866173e+00,6.327380911933652641e+01,-8.389465316883416790e+00,2.517764435786643773e+01,1.400522035464077817e+02,-3.436328517683302408e+01,-1.392661047167640476e+01,-4.927485859358506559e+01,-1.456788443585965176e+01,-7.369123152767190099e+00,6.469230294022475292e+00,-2.375500545622529103e+00,-3.319451271633033684e+01,-5.717341668978335179e+01,1.504429719582150859e+01,2.140018937835455404e+01,1.134798606094975355e+02,4.653147996398514863e+01,6.965359665886582263e+01,3.593216320023768162e+01,2.670718905597378168e+01,-8.079043164384802367e+01,1.454919365160737854e+01,2.003940895108150144e+01,-7.294876990166854114e+01,2.049359693691256368e+01,1.098733992436740152e+02,-3.033059732330209002e+01,-9.244958660827350627e+00,2.952365977577231515e-01,1.073219039465089395e+02,3.943302170670998663e+01,5.656831936686462825e+01,-8.331535609943020404e+01,-2.975667387164339672e+01,6.311173727907310393e+01,-3.370919544218956787e+01,1.134593398733298955e+02,-3.089380968838312569e+01,4.470726078267113479e+01,-5.013371271517829797e+01,-6.678755468123238614e+00,6.081284865871676715e+01,-6.789858457603418174e+01,-4.857486143766643494e+01,-3.196569035570601258e+01,4.522671049647521357e+01,2.923907812557582275e+01,-1.948204678324247752e+01,4.355545403541273686e+01,3.016739200452390790e+01,-5.916053388416058567e+01,-1.909131438738609177e+01,-3.613935162780993693e+01,-9.509131165055597990e+01,-1.096204423594364386e+01,1.809923056545497744e+01,-1.540426032128753420e+01,1.877429226273644058e+00,1.569111958495810200e+00,1.014794350678167376e+02,-5.790079384273856533e+01,-2.749754563295140386e+01,-1.177104295320462946e+01,5.548800150877855941e+01,2.104690193974031587e+01,2.624243049596295663e+01,8.255141319954908852e+01,-2.945808039266083478e-01,1.569494000551567758e+01,-7.992097396908327767e+01,-5.416573537703320085e+01,1.269019430777311364e+01,-1.232667208627610762e+02,2.989304465122977206e+01,-4.851232036482215904e+01,1.519106548461169126e+01,-4.919451414401329714e+00,3.178386138512865244e+01,2.073474007607100944e+01,-1.594819389603749471e+01,1.078783967297455249e+01,1.355372781311479358e+01,8.659733204512926052e-01,-5.400524718858714834e+01,8.037662617744631177e+01,7.226928526001625386e+00
-6.042530825462653077e+00,-6.297722882098644703e+01,2.690112526702308671e+01,4.785140218034739235e+01,-4.057602087502554156e+01,-4.986535232143586427e+01,5.796614165670955998e+01,2.472807550651176633e+00,7.449230877029204123e+01,-3.522223626014631037e+01,9.914126968214347357e+00,-1.344357532868544922e+02,1.406560991547435080e+01,-6.008470037809452435e+00,5.269106707993461924e+01,-1.306892832922703640e+01,2.087666884889641139e+01,1.344002234022800337e+02,-3.128955021136374270e+01,-1.177586554674271291e+01,-4.863103753464487511e+01,-1.283132264621500696e+01,-5.609100509019486758e+00,3.329516768239282776e+00,4.319815467596836100e+00,-2.975662033200769585e+01,-4.812412605157528844e+01,9.500263733862663429e+00,1.810644500166162629e+01,1.013290663589170748e+02,2.739308624051255592e+01,5.996113590803859950e+01,3.174036160982457133e+01,2.817939215441312939e+01,-7.574942195519834343e+01,1.517432862026281093e+01,1.488294319326336534e+01,-5.938888673952944686e+01,1.731815312387082173e+01,8.786922628199410212e+01,-2.800819044404274294e+01,-1.165313247954666132e+01,-4.209233813281167080e+00,1.036828538129486788e+02,3.810710248509420950e+01,5.387309439134391198e+01,-7.659440135164922481e+01,-2.723877054431554257e+01,6.047158966871919006e+01,-2.737207497361993802e+01,1.066514316718088651e+02,-2.993733729250871889e+01,3.459491259263118224e+01,-4.435314567432823907e+01,-5.033525524619781422e+00,5.175514535338721345e+01,-6.057091129275290342e+01,-4.227433994769138792e+01,-2.905331667062625911e+01,3.075321912462109353e+01,2.310782042590298957e+01,-2.164772174969744611e+01,4.702605990453781715e+01,3.382039389854019618e+01,-5.538429168870176511e+01,-2.035978648020468285e+01,-3.235653352855929654e+01,-8.763164323984726423e+01,-8.950434188877984809e+00,2.039360605272730709e+01,-1.431754538046876313e+01,1.536744391838559709e+00,3.966452921274727927e+00,9.143304254324918645e+01,-5.459109332129783354e+01,-2.616230309396353704e+01,-1.131415519704621886e+01,5.394093064993077036e+01,1.680574835849261106e+01,2.283487109474991783e+01,7.197699510009491064e+01,8.828055304869204534e-01,9.712567965772443301e+00,-7.250303973398879975e+01,-4.997729160164856665e+01,1.236983742834765465e+01,-1.034157062992236433e+02,2.557066100353835481e+01,-3.891139459486525709e+01,1.926685173740052903e+01,-3.184268199291670598e+00,2.836760562894619042e+01,1.434119864653730225e+01,-1.485675462131664659e+01,1.876773305897338062e+01,8.749317233187284160e+00,-6.319524114230604672e-01,-4.923272064497564315e+01,7.109952684643754139e+01,8.317143496358177401e+00
-4.234558369828226532e+00,-6.170132854356886298e+01,2.455795508623608825e+01,3.986204642462841718e+01,-4.047056361608848363e+01,-3.929959784959201130e+01,4.628565557833570665e+01,5.873597943435584057e+00,6.636966343687102210e+01,-3.462911902758265370e+01,1.230451837315513153e+01,-1.180803583876042779e+02,8.006435380116883493e+00,-3.529828634556366751e+00,5.110011736446976016e+01,-6.918646482425849342e+00,2.033142220540703704e+01,1.135252398593550112e+02,-2.781487489697122228e+01,-1.125137775793447403e+01,-3.997349958751626531e+01,-1.178155611368010369e+01,-5.938899174772249268e+00,5.176095879936186250e+00,-1.770098416571890709e+00,-2.685778729548309940e+01,-4.618551034923034848e+01,1.207849246016706957e+01,1.728958256083913980e+01,9.180754779143956057e+01,3.731145090779307338e+01,5.629856169957833600e+01,2.906174842538928615e+01,2.170871298178412445e+01,-6.544615690086959603e+01,1.182202252689115696e+01,1.614137037943320507e+01,-5.888163109423656749e+01,1.655663063989625883e+01,8.864863206084545766e+01,-2.455987446191985057e+01,-7.559411064410401337e+00,1.334848146458108564e-01,8.701061344696520905e+01,3.197035756359348113e+01,4.584413138310873848e+01,-6.745566697002566059e+01,-2.408950557245670510e+01,5.115569379631836000e+01,-2.720717697325938644e+01,9.191675737184201012e+01,-2.504912300044579965e+01,3.604364630796185054e+01,-4.054948965835199459e+01,-5.381340304672369790e+00,4.913886767932775257e+01,-5.493000153971958355e+01,-3.927216619641068007e+01,-2.587292483083609795e+01,3.636246608319710560e+01,2.358433412783072569e+01,-1.586153561010973512e+01,3.542888097500809863e+01,2.456818978680482601e+01,-4.792235924885449805e+01,-1.552330395143155428e+01,-2.923952521740404720e+01,-7.699495919790211929e+01,-8.848782423585227264e+00,1.474235261406822772e+01,-1.247561962609038488e+01,1.515588975516889425e+00,1.329876276394807544e+00,8.211826020168949469e+01,-4.691101642781868009e+01,-2.228398597211279153e+01,-9.541944451866692489e+00,4.499445420774024740e+01,1.698055637792240802e+01,2.121658824934536725e+01,6.674491794169640002e+01,-2.113291486656803109e-01,1.259619107538920879e+01,-6.468456110718079799e+01,-4.385915524059856807e+01,1.029109156709913542e+01,-9.956861058088531991e+01,2.415766795258360844e+01,-3.914366338747152696e+01,1.242421654175881329e+01,-3.951470388952089241e+00,2.571349279061247373e+01,1.667651953335954218e+01,-1.291693381492981985e+01,8.942779036984031649e+00,1.088625471335399730e+01,6.674877540087792438e-01,-4.371515286462227579e+01,6.501054587707930921e+01,5.890645528648116525e+00
-4.691376920984124510e+00,-4.951582832154677760e+01,2.108746171525936219e+01,3.737509394595529955e+01,-3.192820696664001545e+01,-3.886896301117364061e+01,4.520461519959894048e+01,2.066185955384536754e+00,5.833586156308113857e+01,-2.769773042580571953e+01,7.886544722030328636e+00,-1.052183764649400075e+02,1.085504248472807909e+01,-4.640873277627829196e+00,4.140983997753421875e+01,-1.006746894456363250e+01,1.640995363963362408e+01,1.050307100237334055e+02,-2.450101804311890064e+01,-9.248667865054823523e+00,-3.796502906452872139e+01,-1.006071489678647346e+01,-4.425823133702502687e+00,2.685466544608568373e+00,3.184351095902292261e+00,-2.331500307834375718e+01,-3.780352916058284762e+01,7.567486065312183818e+00,1.422028480773358616e+01,7.940603611017563424e+01,2.190789564221159935e+01,4.705793061072670014e+01,2.488392102340865364e+01,2.194756281885571525e+01,-5.924811133794992202e+01,1.182321676524463072e+01,1.175683281176435457e+01,-4.671908754435387578e+01,1.360188171171053995e+01,6.917760150307370282e+01,-2.191963216018271865e+01,-9.025957568875792703e+00,-3.159066591408183911e+00,8.100570569983463542e+01,2.977212954620048180e+01,4.211255911754867043e+01,-5.995423130468564921e+01,-2.132469251455381709e+01,4.725987257154517351e+01,-2.153505507232122795e+01,8.341034087611767234e+01,-2.338692369491124623e+01,2.727619977099982407e+01,-3.476999358206674628e+01,-3.973502032290382235e+00,4.063707043563010046e+01,-4.746789577107151104e+01,-3.316236637994063585e+01,-2.275157802340608626e+01,2.439993632710201865e+01,1.820189847794167193e+01,-1.683155023384283311e+01,3.659809074536171636e+01,2.628854839237969898e+01,-4.332185621134487263e+01,-1.585154848896556601e+01,-2.535333586792255289e+01,-6.858722918111091360e+01,-7.040091994064215264e+00,1.584937232189831491e+01,-1.120232909876784788e+01,1.208617448988521303e+00,3.028295160101281081e+00,7.162551088731743221e+01,-4.268992794325117046e+01,-2.045178761756259078e+01,-8.841227752055079492e+00,4.213352236992849953e+01,1.323172325464650179e+01,1.791307433108904590e+01,5.645853823060303256e+01,6.560749056436269155e-01,7.745353711406899322e+00,-5.678112335487695361e+01,-3.911421784583065886e+01,9.661181550248965522e+00,-8.124866324309977017e+01,2.007330112020673241e+01,-3.063013731025691300e+01,1.492055636275285657e+01,-2.533019703029373737e+00,2.223054377283913396e+01,1.136855194199317864e+01,-1.162320898231360822e+01,1.442238294141775512e+01,6.960923376621199310e+00,-4.514073842379733303e-01,-3.854948798630675810e+01,5.573772105231212493e+01,6.459562475345272503e+00
-3.394535823576335432e+00,-9.083036433430693890e+00,6.571474386229088971e+00,1.740929402080634958e+01,-4.779518220891647573e+00,-2.149519637518362103e+01,2.408648543067990033e+01,-4.808854355717016915e+00,2.064324508996123342e+01,-4.899674140078315254e+00,-2.448851237563179684e+00,-3.979416569890503297e+01,1.067183386437386083e+01,-4.394554436619912074e+00,8.383013985885702013e+00,-1.069468547096234623e+01,3.194039095779021231e+00,4.655531471321203441e+01,-8.765027781672024787e+00,-2.126372236732984256e+00,-1.849827139072426974e+01,-3.032859478807227394e+00,-1.452213376718507476e-01,-2.384835791798872506e+00,9.607787297813814575e+00,-7.728469166030973447e+00,-8.383240910998896567e+00,-2.777157174889234525e+00,3.285077963178260063e+00,2.579390665175106179e+01,-1.172630374631934913e+01,1.231201848810859190e+01,7.624781461228888446e+00,1.289537788585495193e+01,-2.405051655962768820e+01,6.746312649875036094e+00,-1.885033077784870059e-01,-7.523765280640414943e+00,3.112454235412687176e+00,8.841760980188638541e+00,-8.351820233682991201e+00,-7.455039342389994772e+00,-6.979883483674290012e+00,3.676564269513085748e+01,1.352630429559791736e+01,1.815445941564590271e+01,-2.240362031801719311e+01,-7.816544481758269214e+00,2.083239650131329057e+01,-3.364545546413896915e+00,3.420350065377973436e+01,-1.072688025973238979e+01,1.771854106167964460e+00,-1.074542725677492605e+01,-5.269495400801926799e-02,9.811184661780647076e+00,-1.534276601972397458e+01,-9.308940954479183461e+00,-8.069816320878304694e+00,-4.893429905862316076e+00,1.918737063293535883e+00,-1.112682092303449366e+01,2.271569618050349249e+01,1.770145173775868841e+01,-1.747782088481634588e+01,-9.558549079379677238e+00,-8.351180833583086383e+00,-2.590299942373725628e+01,-1.171625056736426140e+00,1.078199996216893908e+01,-4.387894481952510972e+00,2.067039709456187091e-01,4.398373041530472705e+00,2.435728083502760555e+01,-1.771400644575922101e+01,-8.785223111481855085e+00,-3.941450622178923169e+00,1.953557612067909233e+01,1.652534042242357337e+00,5.023266993734021746e+00,1.602996874894993340e+01,1.738320252804959276e+00,-3.210108375154509197e+00,-1.996136939404407684e+01,-1.485048037668324383e+01,4.520534704774827439e+00,-1.753775556404311686e+01,5.027586860531695123e+00,-4.084386097478039268e+00,1.243699400195147220e+01,7.857025948279783290e-01,7.203946405430617261e+00,-1.862168907619802027e+00,-4.595846424006126085e+00,1.684426041362317861e+01,-2.202139341509826043e+00,-2.017061517808492521e+00,-1.386670506486248300e+01,1.721268981825692279e+01,4.579463975018457589e+00
-2.312577977598748280e+00,1.569563767077817751e+00,1.957285270259491616e+00,9.065911224935756962e+00,2.058466378017502763e+00,-1.272110037244759262e+01,1.390837901647930508e+01,-5.104569116665921946e+00,7.807987383894580802e+00,1.053889458186256789e+00,-4.033796120966766985e+00,-1.657021224125339032e+01,8.087560452960193658e+00,-3.294514192073330960e+00,-5.482721184588106311e-01,-8.275047891265337796e+00,-3.415933498756205111e-01,2.317682923944699169e+01,-3.371507896341034538e+00,-1.243298455983761208e-01,-9.999843272596375954e+00,-8.343902880919269460e-01,7.878091990367144248e-01,-2.880045402787338560e+00,8.663911123259762093e+00,-2.613592855181269492e+00,-2.088193376368341347e-01,-4.285723696555381323e+00,2.063890627579691994e-01,8.388838671951297954e+00,-1.598787715900450834e+01,2.082655921126822296e+00,2.183603889543963561e+00,7.919298296765362011e+00,-1.092607643466116940e+01,4.071433514285015320e+00,-2.650550854973585668e+00,2.497149744684454831e+00,1.685031618446748425e-01,-5.930415008076813876e+00,-3.511917562576898355e+00,-5.346905129207698337e+00,-6.116685485647284537e+00,1.871016227848089741e+01,6.889955465470454676e+00,8.795433351232897934e+00,-9.178219012768746410e+00,-3.116856588387804106e+00,1.031627630729307654e+01,1.251603010411307171e+00,1.571683520961435576e+01,-5.510911444038374185e+00,-4.003531301696646949e+00,-3.139915565410349441e+00,7.827513493404225642e-01,1.001121080382554318e+00,-4.940436721966920075e+00,-2.082028736786664780e+00,-3.063398036035881677e+00,-9.873993468233823734e+00,-1.956400814184709347e+00,-7.275184047948526356e+00,1.438319184356934066e+01,1.167646765078956683e+01,-7.884401598936396027e+00,-5.957569160884741422e+00,-2.790651214044804984e+00,-1.076538929951811419e+01,3.395112218078597532e-01,7.146386641206529333e+00,-1.910965977624782042e+00,-5.288199432220158647e-02,3.636661567312859056e+00,8.626347408706562803e+00,-8.246438400269081370e+00,-4.240952367919843979e+00,-1.972860584946287466e+00,1.013253823442999746e+01,-1.171858015296200817e+00,1.119703951337559955e+00,3.721027102967505940e+00,1.550769928213132642e+00,-4.743587109532304780e+00,-7.471967945017447654e+00,-6.215490634362902611e+00,2.363248780874261712e+00,1.723513859401037962e-02,6.705243840453178894e-01,2.461230100484729455e+00,8.948847714927946839e+00,1.294782739327012600e+00,2.331713934117514153e+00,-4.194723525289349553e+00,-2.024621830449009341e+00,1.333426180577925102e+01,-3.599896338978858079e+00,-1.864470940753468531e+00,-5.378453386630718036e+00,5.021107048617858837e+00,3.092424631397485246e+00
-3.631485984499140951e+00,-4.251215944700100380e+01,1.768198086314071560e+01,3.043803989578242408e+01,-2.758068085668819691e+01,-3.112441013829317882e+01,3.634040860181613652e+01,2.585354814372086807e+00,4.852962203441160227e+01,-2.380840706295261100e+01,7.380334991702024894e+00,-8.713069770114995549e+01,7.961967467928905862e+00,-3.430267336312578408e+00,3.542962790032837717e+01,-7.259620507432371639e+00,1.406012534549168080e+01,8.590670346112763411e+01,-2.036756490340308545e+01,-7.873280964999911369e+00,-3.079113534583005318e+01,-8.451987342868267916e+00,-3.904087884519224172e+00,2.755677852227042646e+00,1.322587884935297442e+00,-1.947740034057269654e+01,-3.222990139004575383e+01,7.148600109784673862e+00,1.210310761624259968e+01,6.641848925111366952e+01,2.127180033122620983e+01,3.982636156340303302e+01,2.088563662666134135e+01,1.745600401738407470e+01,-4.880609417093797475e+01,9.434954896503475297e+00,1.046070614325448034e+01,-4.027463772979042034e+01,1.158143035699867873e+01,5.999475974572155224e+01,-1.814186453169391555e+01,-6.842243619374350772e+00,-1.711175491010098693e+00,6.612174165419368421e+01,2.429965194791682137e+01,3.452479631790311032e+01,-4.969018276396768385e+01,-1.769772629711555467e+01,3.867289164463765161e+01,-1.858069154428663694e+01,6.865598436671642446e+01,-1.907224077321314581e+01,2.392361632288257667e+01,-2.916894260465894462e+01,-3.517238749991426161e+00,3.452061472339148196e+01,-3.971607361483169285e+01,-2.796725483701295190e+01,-1.892411383814998516e+01,2.241415187648822283e+01,1.584948982262093864e+01,-1.319344735735650076e+01,2.891868982161604862e+01,2.055583236527846935e+01,-3.570357305736946074e+01,-1.256923095467722362e+01,-2.118851029318238943e+01,-5.680246474877282026e+01,-6.063055738806076178e+00,1.237594449102483907e+01,-9.252945655025083482e+00,1.040013221563802492e+00,1.998913838017312594e+00,5.973993366491185242e+01,-3.510595519218665572e+01,-1.677173579601122455e+01,-7.227890608896195168e+00,3.432738029254925038e+01,1.148134911365705157e+01,1.510766261432931934e+01,4.758551758779017149e+01,3.102163803589600977e-01,7.374129151401425553e+00,-4.725683390551658647e+01,-3.238128866868153466e+01,7.864820227841726741e+00,-6.934467161110570999e+01,1.702364323312570704e+01,-2.653769470425939758e+01,1.129300284023729795e+01,-2.370304922572882944e+00,1.859725507056537808e+01,1.037797700060300521e+01,-9.593845333944749143e+00,1.016167452038770591e+01,6.520492228736113560e+00,-8.502864618696925891e-02,-3.203410224185673627e+01,4.676098893922324606e+01,5.014974111325763317e+00
-5.257453555112324040e+00,-3.238742976722198108e+01,1.612808022559286414e+01,3.356263263067327784e+01,-1.995307827999927142e+01,-3.783254429068187363e+01,4.321107448153124153e+01,-3.129966909895382621e+00,4.674487672600217536e+01,-1.796014456989032482e+01,1.793380171105607879e+00,-8.652408418451533123e+01,1.459864500820871669e+01,-6.096265996679433030e+00,2.776520521710002498e+01,-1.422804413508313282e+01,1.089227231522831651e+01,9.227153655572168134e+01,-1.971477334281410876e+01,-6.420684224214494584e+00,-3.479570718365373949e+01,-7.606202937847382550e+00,-2.318992354061375050e+00,-7.291031216791243885e-01,9.877710340554260782e+00,-1.823154778238267326e+01,-2.597802538077387879e+01,1.351647295884735200e+00,9.885660727571895734e+00,6.163705223832533875e+01,7.285888222213436904e-01,3.395851807604485373e+01,1.891957363552853977e+01,2.201712725256175673e+01,-5.014030381799764058e+01,1.168752384985496917e+01,5.664139658188775961e+00,-2.965435578213747192e+01,9.430047953335137123e+00,4.192386523272787713e+01,-1.807843543103215467e+01,-1.091335116140618844e+01,-7.595123916906430850e+00,7.190757169061305376e+01,2.644018532801850796e+01,3.655433039985467047e+01,-4.906764037098940889e+01,-1.732118303265639270e+01,4.141873976978737915e+01,-1.357968606883066798e+01,7.088611971110310606e+01,-2.085730247145482252e+01,1.504932763049656685e+01,-2.651505176696015909e+01,-2.014884143961561236e+00,2.861589441031573955e+01,-3.677974900519929946e+01,-2.447739645254182150e+01,-1.824716550078262145e+01,7.866127453616009291e+00,1.067876342337681095e+01,-1.795377864807790758e+01,3.776134537900308885e+01,2.832024323305384428e+01,-3.656918885167513622e+01,-1.611334992783910991e+01,-1.977971065450976340e+01,-5.636922417298224275e+01,-4.501323407948259359e+00,1.716912152177240358e+01,-9.342530961506925635e+00,7.775768868950305723e-01,5.300331448676626422e+00,5.653983714369481106e+01,-3.646001325621959666e+01,-1.772532096472527030e+01,-7.786661024310038925e+00,3.775776648254318957e+01,7.985469588163242705e+00,1.321739252101807871e+01,4.182935575442695608e+01,1.826775096496866091e+00,1.065807827500189653e+00,-4.538528766114497870e+01,-3.221421214254988286e+01,8.693278768919981303e+00,-5.541841540912822950e+01,1.429178538080253702e+01,-1.870924916548786854e+01,1.813840648558742430e+01,-5.767152530934502863e-01,1.724096619210969195e+01,4.025940284901908583e+00,-9.730763872298108907e+00,2.169861617398220588e+01,1.547736036682240801e+00,-1.966121153845884484e+00,-3.108450633226214066e+01,4.249376776250329613e+01,7.157382742416064758e+00
-4.526877565003667669e+00,-4.963845325276493980e+01,2.095180084063819947e+01,3.673416791495446887e+01,-3.208215164069806491e+01,-3.796680094161326480e+01,4.421881714169642663e+01,2.431874045693906083e+00,5.778931270258646435e+01,-2.777891129432207862e+01,8.176826049449164913e+00,-1.040546123719485365e+02,1.027859795330278914e+01,-4.406100909812067812e+00,4.145769776582046262e+01,-9.477444680069293526e+00,1.643781475187649477e+01,1.033941700521207991e+02,-2.426487348643729902e+01,-9.241698042307611161e+00,-3.725739837291902745e+01,-1.000310582501003509e+01,-4.483116807903694045e+00,2.892107740817725592e+00,2.565067871291558887e+00,-2.313284410684569892e+01,-3.779646199813775809e+01,7.875727618448750356e+00,1.420847887954909972e+01,7.882231357133485972e+01,2.305647260289492095e+01,4.691870878418855995e+01,2.473285675613754719e+01,2.138546899485404040e+01,-5.847863750314767373e+01,1.153434806502764332e+01,1.194894218609935876e+01,-4.690750333955093510e+01,1.359265789036236072e+01,6.961636312306691821e+01,-2.167290285061392652e+01,-8.645239736501254768e+00,-2.722044948302583478e+00,7.968377360172853230e+01,2.928532034448338806e+01,4.149197401244899908e+01,-5.930997258172316577e+01,-2.110610787845410741e+01,4.653153572351192224e+01,-2.162909958625698792e+01,8.230309734864627558e+01,-2.299746193939988714e+01,2.756835458860295063e+01,-3.455255977243516696e+01,-4.030339568074306378e+00,4.057390034487376340e+01,-4.712427070738552715e+01,-3.302029482391391468e+01,-2.253711585334986012e+01,2.511155317798534981e+01,1.834568049609611151e+01,-1.631448030982732078e+01,3.557652459443561810e+01,2.545851441890738798e+01,-4.276671193616034827e+01,-1.542855641349948037e+01,-2.515893208578392759e+01,-6.783119876861151454e+01,-7.065852268345031995e+00,1.534131390320598065e+01,-1.106792341514836053e+01,1.212653191619219140e+00,2.768704502209006435e+00,7.102317262588562130e+01,-4.210874646995689830e+01,-2.015258641961177233e+01,-8.701901352059872252e+00,4.141726502982709945e+01,1.331833193114038671e+01,1.783668536474109345e+01,5.620404093414667557e+01,5.452461595889310786e-01,8.086394754180727062e+00,-5.625829451084850064e+01,-3.867761607204505481e+01,9.494091710715572674e+00,-8.126682154605782671e+01,2.002950321898824271e+01,-3.081263135813249576e+01,1.428332927521718432e+01,-2.626195599428052585e+00,2.206832875511253889e+01,1.167107377990149786e+01,-1.148075832305375599e+01,1.347125357003065815e+01,7.219964167333804639e+00,-3.180891130652667709e-01,-3.817266281177882803e+01,5.539004632048253995e+01,6.239629489529276540e+00
-4.498116583386634559e+00,-4.919689744283567023e+01,2.077770176394842139e+01,3.645532754218199756e+01,-3.179187446431262032e+01,-3.769430674580618046e+01,4.389719852416430967e+01,2.386681602698149440e+00,5.732040269167924862e+01,-2.753098319119374082e+01,8.086398660758415957e+00,-1.032220675538305272e+02,1.022658691428433642e+01,-4.382997781854043318e+00,4.109248701317446262e+01,-9.433320115035566999e+00,1.629242808730271364e+01,1.025983611415092156e+02,-2.406842117804144721e+01,-9.161441060895356259e+00,-3.697835760273696337e+01,-9.919515975344648240e+00,-4.440210088563845581e+00,2.853313708395136317e+00,2.583229935163077862e+00,-2.294274234422028158e+01,-3.746682480792115655e+01,7.786753476379117522e+00,1.408516067502363711e+01,7.817214418679311905e+01,2.277987173120915543e+01,4.651805773540993982e+01,2.452674431289209522e+01,2.123551471262835122e+01,-5.801830926085832374e+01,1.145253293128615724e+01,1.183200102894991090e+01,-4.648548917532797020e+01,1.347454890145187179e+01,6.897962010758205054e+01,-2.149978116477245749e+01,-8.594673308608745899e+00,-2.726897501795940926e+00,7.907443488674222465e+01,2.906144042018989282e+01,4.117024837293632089e+01,-5.883418190784102819e+01,-2.093609282947850758e+01,4.617285441902927801e+01,-2.143403903218908013e+01,8.165681987360164840e+01,-2.282212133876176807e+01,2.730844615436167189e+01,-3.426503308073037601e+01,-3.991417113170779629e+00,4.022368091549209623e+01,-4.673521321629608849e+01,-3.274121396667624140e+01,-2.235433288760376058e+01,2.484562584558700848e+01,1.817603817616375750e+01,-1.620586497463333941e+01,3.533272740262347611e+01,2.529053835237581538e+01,-4.242956669710116557e+01,-1.532151610042084400e+01,-2.495193729347175093e+01,-6.728830819503190241e+01,-7.002454413974279923e+00,1.524060756466437816e+01,-1.098006419429244573e+01,1.201797984096516503e+00,2.761527431745976369e+00,7.044233737990180089e+01,-4.177905314750930188e+01,-1.999617962978661367e+01,-8.635028397019734570e+00,4.110245861079595642e+01,1.319634156428584859e+01,1.768591009734256403e+01,5.572984607641109278e+01,5.477437092467589697e-01,7.993432286276933141e+00,-5.580120212499141985e+01,-3.836841866795201383e+01,9.422118628495352866e+00,-8.055587823760154720e+01,1.985744191802885794e+01,-3.053157164881197971e+01,1.420032380693159801e+01,-2.597156168664575215e+00,2.188621769727705413e+01,1.154932716362015555e+01,-1.138982052062052475e+01,1.341590175095094395e+01,7.139939974340981266e+00,-3.240436800585421162e-01,-3.786395998205988178e+01,5.492906391147152334e+01,6.199540999608671221e+00
-4.740980349049748632e+00,-3.902287032296697333e+01,1.773228295048848224e+01,3.380188449259711803e+01,-2.471851586852202942e+01,-3.654932455149537418e+01,4.213103649975098364e+01,-5.085844327511299667e-01,5.006914314052887249e+01,-2.175366873896287601e+01,4.610697219234267230e+00,-9.136273671765536619e+01,1.213034911211877542e+01,-5.116910201126083635e+00,3.295876821339543028e+01,-1.157859230831957831e+01,1.300822840431017191e+01,9.401398700510871720e+01,-2.106808444440933314e+01,-7.465819448170313954e+00,-3.467078877725829500e+01,-8.417816013559690447e+00,-3.213348273255872911e+00,9.311428951761882011e-01,6.226464742929715968e+00,-1.979604723458648863e+01,-3.038925805524983303e+01,4.248126756075896182e+00,1.148552388365096100e+01,6.720386496601462056e+01,1.077987387373737604e+01,3.860158718859651827e+01,2.087123814935106125e+01,2.094999403059934551e+01,-5.212262899749157441e+01,1.120325030417159695e+01,8.299446838548863781e+00,-3.638783387273122827e+01,1.097378828621175550e+01,5.293308485173616873e+01,-1.905856698726361032e+01,-9.502049859895095096e+00,-5.125995407665305592e+00,7.286301780334468958e+01,2.678511369653668694e+01,3.748440845522763709e+01,-5.194739149210461449e+01,-1.841417069527859951e+01,4.225508471612015882e+01,-1.673024837539406207e+01,7.352102622311304003e+01,-2.108236092475697632e+01,2.016494298957100995e+01,-2.920077615200113641e+01,-2.852943731970743357e+00,3.299642120780846000e+01,-4.014208728463379572e+01,-2.746359446710343022e+01,-1.953519360304568764e+01,1.537003912085195090e+01,1.375973584231299718e+01,-1.657620109111133644e+01,3.543399363837346527e+01,2.602273327713234963e+01,-3.806735606545922224e+01,-1.523193773933722817e+01,-2.150491954896171265e+01,-5.954007964756036131e+01,-5.498875950497914111e+00,1.573433578927620502e+01,-9.789399183154595008e+00,9.463187729203543785e-01,3.969473281520020436e+00,6.106825252660140535e+01,-3.771437500614362648e+01,-1.819120603863540708e+01,-7.923150717378261376e+00,3.806823776890600186e+01,1.010868726141585938e+01,1.483271931598444304e+01,4.683125120334734248e+01,1.183500072815363069e+00,4.196526879457454839e+00,-4.868047622805896424e+01,-3.398706734198504620e+01,8.745921261459272955e+00,-6.511602073955721437e+01,1.637372448705253802e+01,-2.350727250463060614e+01,1.575423132599664022e+01,-1.481214998593127108e+00,1.880728287539246324e+01,7.333389713195806792e+00,-1.017494557921753184e+01,1.721465418892933741e+01,4.052786991004688311e+00,-1.152484007986779746e+00,-3.317945607356428184e+01,4.680481925908921426e+01,6.488945934356255663e+00
-1.076024003928460315e+00,-1.254758845613330820e+01,5.223348023153651987e+00,9.001286461440907161e+00,-8.138741574693250769e+00,-9.210159083444649397e+00,1.075203389236318507e+01,7.545166375802728753e-01,1.434006193856678024e+01,-7.026822337425891796e+00,2.171901049454925570e+00,-2.575068839522324637e+01,2.364318422170059275e+00,-1.018298741180028610e+00,1.045845668553037733e+01,-2.157294688547305217e+00,4.150190493513072454e+00,2.540063354671955409e+01,-6.018591727102860389e+00,-2.324531031507586221e+00,-9.107121577664052836e+00,-2.496587606349967015e+00,-1.151203229663838146e+00,8.085994738709046947e-01,4.052519952872980502e-01,-5.754505946279948603e+00,-9.515139728245985751e+00,2.103058766636239696e+00,3.573383789427563517e+00,1.962213439588128949e+01,6.252459692581174622e+00,1.176093797959088505e+01,6.169505181150524820e+00,5.166822540176566392e+00,-1.442700840487969316e+01,2.792306073205015782e+00,3.083639302973268048e+00,-1.188545137563307819e+01,3.419311578941375274e+00,1.770128118315686550e+01,-5.361769239448823221e+00,-2.029075419462468055e+00,-5.156171722665963131e-01,1.955216442926449361e+01,7.185418286371414887e+00,1.020730026359835030e+01,-1.468501918137864060e+01,-5.229977532946052499e+00,1.143448288463272888e+01,-5.483179204720969757e+00,2.029519915499409777e+01,-5.639846618332821748e+00,7.055794294218841856e+00,-8.616503658602114868e+00,-1.037007812709115795e+00,1.019274868330599837e+01,-1.173326192194110362e+01,-8.259938717726305057e+00,-5.591935434096817481e+00,6.600146141160573521e+00,4.675680530817849956e+00,-3.907347050783092079e+00,8.561834923639150219e+00,6.088360878535473475e+00,-1.055373747231655379e+01,-3.720817140299804038e+00,-6.259955518209034508e+00,-1.678739049029469044e+01,-1.789331056268804732e+00,3.665787055988037668e+00,-2.734882726774765072e+00,3.069382029585461247e-01,5.963248518557797695e-01,1.765092365134777452e+01,-1.037792967384711851e+01,-4.958530903551626068e+00,-2.137159803650127365e+00,1.015130442555023826e+01,3.387475896231665118e+00,4.461936992846149863e+00,1.405436434272711566e+01,9.423043728134100627e-02,2.168856260398657199e+00,-1.396374039158834179e+01,-9.570094478694375795e+00,2.325858629983082349e+00,-2.047162793938544922e+01,5.026797696156665829e+00,-7.830147213594910838e+00,3.349164966871248872e+00,-6.975397424155755921e-01,5.494191360846387262e+00,3.056578012582940929e+00,-2.835715959047917512e+00,3.022671507212444375e+00,1.918803045224182657e+00,-2.828739178628594808e-02,-9.466169352021511330e+00,1.381317155756183368e+01,1.485784271434779757e+00
-5.078045594732401469e+00,-4.154958025132441435e+01,1.891253828524830638e+01,3.611585276023279079e+01,-2.630623425277664751e+01,-3.908645179589822050e+01,4.504654626284620633e+01,-6.031178650859576607e-01,5.342915206646685533e+01,-2.316005648921654725e+01,4.862980223959909587e+00,-9.752176971935490712e+01,1.301885987765479413e+01,-5.490301336689994649e+00,3.510217494098520064e+01,-1.243336396301627822e+01,1.385268727950999335e+01,1.004253804403908248e+02,-2.248294285146605986e+01,-7.954331159391073491e+00,-3.705266408996037342e+01,-8.976964183328448144e+00,-3.413494915093771898e+00,9.572658935025635252e-01,6.736775584311335052e+00,-2.111881678183705091e+01,-3.237414835899446786e+01,4.473730055357128421e+00,1.223723903898822307e+01,7.168860381210581068e+01,1.129090214316863339e+01,4.114471530780640762e+01,2.225897707609487952e+01,2.241181354795516256e+01,-5.565407228602992262e+01,1.198300980683750616e+01,8.808984407110550308e+00,-3.873150306287192279e+01,1.169166604102287010e+01,5.631478132465207409e+01,-2.034402641188120953e+01,-1.018616625962468447e+01,-5.533901729810761339e+00,7.784098219136866703e+01,2.861520244401475210e+01,4.003534739740336335e+01,-5.544639425835990210e+01,-1.965284562523191525e+01,4.513550939104926840e+01,-1.780656718586573461e+01,7.850593460085225672e+01,-2.252386628409704983e+01,2.143223877741555583e+01,-3.114337011186144366e+01,-3.029640925607975710e+00,3.516090787485481428e+01,-4.282005729485641154e+01,-2.928015116655618755e+01,-2.084635356757849678e+01,1.625398626435868010e+01,1.463380774375267634e+01,-1.774496302629074762e+01,3.791834294017239415e+01,2.786062364979409978e+01,-4.064537177499884280e+01,-1.629717169327513204e+01,-2.294129208497340144e+01,-6.355345350153746153e+01,-5.853502802441610697e+00,1.684663223921815245e+01,-1.045096019190956760e+01,1.007414275425872363e+00,4.272126362190475923e+00,6.515560226393611742e+01,-4.027371641412348424e+01,-1.942884797553717746e+01,-8.463714847614296488e+00,4.067333362319429568e+01,1.075402078604919964e+01,1.581375988672356669e+01,4.993091764621718198e+01,1.279343520923091893e+00,4.413260644106393293e+00,-5.194585938722986640e+01,-3.627885354032888898e+01,9.344849594313982877e+00,-6.936352228733679226e+01,1.744989019402733632e+01,-2.501113671267813032e+01,1.688949122324583030e+01,-1.562275686775311589e+00,2.006216424013197042e+01,7.761347572975550335e+00,-1.086302305307676441e+01,1.849789447479472670e+01,4.273891358249028549e+00,-1.250074877199833789e+00,-3.540849822640588940e+01,4.991838844498485628e+01,6.949409859695883540e+00
-3.295793200413796420e+00,-4.596478482547078670e+01,1.844526830105957416e+01,3.028367620670600857e+01,-3.008875151737617060e+01,-3.007713493322092191e+01,3.536109368489677252e+01,4.086422171931524794e+00,4.999663247991215087e+01,-2.578708093226845577e+01,8.949205410924228943e+00,-8.910689939091056999e+01,6.448265760674366298e+00,-2.827053775954361026e+00,3.811120675139353153e+01,-5.647236555975710282e+00,1.515626505691633952e+01,8.609229351845011990e+01,-2.095889022725920370e+01,-8.405739829172922839e+00,-3.042136759185783035e+01,-8.842920986447101228e+00,-4.387063801107042416e+00,3.695587130829709022e+00,-8.157035368275942222e-01,-2.020025420802981486e+01,-3.448692367776394718e+01,8.765789640126810056e+00,1.291768926427746500e+01,6.901839590962821092e+01,2.691783148260684300e+01,4.214506038120623543e+01,2.182028882381128909e+01,1.666638287477297808e+01,-4.948924121699870682e+01,9.062019629176877089e+00,1.189390461346026839e+01,-4.380592036672298661e+01,1.236837344424797713e+01,6.582487420113645271e+01,-1.853741926933216178e+01,-5.954661790413619649e+00,-2.572916559211757548e-01,6.604005511400416140e+01,2.426602485203294890e+01,3.473316373295853765e+01,-5.088722740869107497e+01,-1.816326365187273240e+01,3.878667591120118630e+01,-2.023550504688086704e+01,6.952752877149312383e+01,-1.901926255554823086e+01,2.667081948359490440e+01,-3.045100900764777307e+01,-3.971174387705233677e+00,3.673766298165661937e+01,-4.129027313788752451e+01,-2.943583154248667455e+01,-1.949136063187775392e+01,2.656623735761425209e+01,1.749014076115497573e+01,-1.226422617273112436e+01,2.728486374114021018e+01,1.902005641167016137e+01,-3.623127539984577083e+01,-1.193486887487301296e+01,-2.198841198139108499e+01,-5.810035904207544633e+01,-6.585278456283104376e+00,1.142130680518750907e+01,-9.423820127515160294e+00,1.128211237145596790e+00,1.204885603903377289e+00,6.179977809997988913e+01,-3.549749421757613277e+01,-1.688114553229507919e+01,-7.237617747939391499e+00,3.417695500218514582e+01,1.260659401633939325e+01,1.590226073987161293e+01,5.003824914031144999e+01,-6.725176278544400810e-02,9.125502943417602708e+00,-4.871919583126886266e+01,-3.310094828218848306e+01,7.819592068048045519e+00,-7.432104397920861061e+01,1.807139071913469053e+01,-2.907479668265531814e+01,9.796135961388333868e+00,-2.873982648649306970e+00,1.932965774631604461e+01,1.220325373641767008e+01,-9.759867158180071556e+00,7.453354145347676152e+00,7.915875466752445355e+00,3.894414901611491509e-01,-3.294461499686365613e+01,4.881950772310324282e+01,4.577470629374627897e+00
-1.526148482959929442e+00,-3.569463750144686642e+00,2.787463839338098825e+00,7.641822355693030921e+00,-1.796566237816672018e+00,-9.536573179074764539e+00,1.066327471251209502e+01,-2.283204173530075654e+00,8.866368231266802624e+00,-1.911745867932078013e+00,-1.257764837285339832e+00,-1.719243634830256084e+01,4.852112882377292991e+00,-1.995674559524795999e+00,3.354042573087498980e+00,-4.873781728217108977e+00,1.269139414678573496e+00,2.036477371164562911e+01,-3.768349310469857993e+00,-8.682196482953725702e-01,-8.144144683923675743e+00,-1.281898176588047278e+00,-6.515756779529757736e-03,-1.155402975272361132e+00,4.459976535220056881e+00,-3.298893539593835467e+00,-3.404315152206863537e+00,-1.407241204149642044e+00,1.342279540725852538e+00,1.098797445081342339e+01,-5.802218342986287247e+00,5.117449361618726655e+00,3.228458510862054709e+00,5.740238882640415596e+00,-1.045105755762523003e+01,2.998302444665868816e+00,-2.519185431598067737e-01,-2.877358872288838576e+00,1.269953380701319468e+00,3.182841840813548373e+00,-3.610540294487516899e+00,-3.369475759716203278e+00,-3.228328029442868896e+00,1.610943433815662473e+01,5.927181576528725238e+00,7.925265623293052286e+00,-9.669145606686972982e+00,-3.367871101999764250e+00,9.109119622489586732e+00,-1.277781778505521881e+00,1.487481411898923511e+01,-4.703592606156062672e+00,4.512412827628988765e-01,-4.553941604568852775e+00,3.056989352691252826e-02,4.034339879386148908e+00,-6.532605803720832327e+00,-3.902858718783416947e+00,-3.466759760507029053e+00,-2.633531835575142033e+00,6.463317831539550085e-01,-4.982280337921842772e+00,1.014035091536910826e+01,7.933011477446664017e+00,-7.591225327652287191e+00,-4.260683748961774597e+00,-3.562475421213482818e+00,-1.118961559180491605e+01,-4.513427956631866911e-01,4.834285915365455821e+00,-1.901278039181279578e+00,8.009320675057672589e-02,2.019896817232867736e+00,1.042269529490735813e+01,-7.710743161257645362e+00,-3.834144681186915093e+00,-1.724823042872128731e+00,8.572461977577191305e+00,5.906703226503304816e-01,2.105799132828034992e+00,6.729710777067739791e+00,8.058238405556359396e-01,-1.612689397115123935e+00,-8.568322253093700880e+00,-6.418020245004647073e+00,1.984900132406021367e+00,-7.091736363786695918e+00,2.077774152225752680e+00,-1.488735019025029249e+00,5.623092084087673470e+00,4.035850102280732488e-01,3.068075054276908187e+00,-1.031156518785393494e+00,-1.992914269186733423e+00,7.696213779380329356e+00,-1.129226634917491978e+00,-9.393489360303336477e-01,-5.964667577768786089e+00,7.294214980333821430e+00,2.057063707812793574e+00
-5.723267105927378751e+00,-5.476555412575461901e+01,2.389339321071110334e+01,4.356372291600077773e+01,-3.508603156341860796e+01,-4.602003583490714789e+01,5.332884945912655184e+01,1.190935353091899351e+00,6.661788714685367552e+01,-3.059607229240868165e+01,7.900975465334689751e+00,-1.206965154724400975e+02,1.383696411766915269e+01,-5.880303412345199376e+00,4.596614860878726461e+01,-1.300118534797944392e+01,1.818853583012129960e+01,1.219223857481343885e+02,-2.799947627899140912e+01,-1.031988791440302222e+01,-4.442308184333432308e+01,-1.137781922954224889e+01,-4.754435788315769074e+00,2.363224181265592083e+00,5.425377164015476872e+00,-2.651496187846640495e+01,-4.211708128317888367e+01,7.491183699671150720e+00,1.587064517930254404e+01,9.019312826458130417e+01,2.090939913139325057e+01,5.282328155100137934e+01,2.816763985468395504e+01,2.614534378379638824e+01,-6.831027382692046501e+01,1.404228830475191714e+01,1.250863035736717066e+01,-5.145160849846412532e+01,1.517419385293961653e+01,7.570021422440395042e+01,-2.515713131439695616e+01,-1.120619246097655264e+01,-4.844069968416938821e+00,9.421483738708110423e+01,3.462980536888428418e+01,4.877733285161213672e+01,-6.871654495700333598e+01,-2.440922669563546776e+01,5.483607692195253236e+01,-2.369466421946096801e+01,9.624092216158351221e+01,-2.722419852525223050e+01,2.948639014572394501e+01,-3.937757581275531038e+01,-4.252143802900526737e+00,4.544260338061715032e+01,-5.390014340997813491e+01,-3.735870374813726613e+01,-2.598560525833026347e+01,2.501052424474716673e+01,1.983212056444450155e+01,-2.031182928742666149e+01,4.385371884262389131e+01,3.179237315117939033e+01,-4.992532141985233807e+01,-1.893504086085217608e+01,-2.882188329653534709e+01,-7.866892828764351009e+01,-7.761223003760727934e+00,1.919078839770847722e+01,-1.288212170437268256e+01,1.333592176260864459e+00,4.159959707689772301e+00,8.158572213083428437e+01,-4.930066702824703384e+01,-2.368188067709292000e+01,-1.026788176755770543e+01,4.909103517773904457e+01,1.447116331777995057e+01,2.017870867266173107e+01,6.364106056699100122e+01,1.066921744310648457e+00,7.589701623060918223e+00,-6.481463974713275888e+01,-4.488019119418261482e+01,1.126519097724539620e+01,-9.041829304119909239e+01,2.248528963755269672e+01,-3.355393733992129768e+01,1.854853580060817109e+01,-2.537828717359862374e+00,2.524684759560683034e+01,1.174117060201737672e+01,-1.337520305098501083e+01,1.894647407500244185e+01,6.965074722677492502e+00,-9.072710980162199679e-01,-4.406992547076478672e+01,6.312119129677358842e+01,7.860444787577127279e+00
-3.862017833095293007e+00,-2.023227644350141219e+01,1.069144347876015466e+01,2.337244089815487058e+01,-1.221898511221726125e+01,-2.690889246671883228e+01,3.059465067920705650e+01,-3.138043219191664068e+00,3.146802040341510676e+01,-1.117832667053993134e+01,2.321842393852655562e-01,-5.872338254268179014e+01,1.109877453619423271e+01,-4.616123562520557222e+00,1.752420102569081095e+01,-1.090540910589172441e+01,6.846266267725582111e+00,6.386309270264743532e+01,-1.328937660514666597e+01,-4.108965874349904901e+00,-2.436633781283099154e+01,-5.022260471166334561e+00,-1.296678712579867110e+00,-1.111488858990850925e+00,8.227837874754987624e+00,-1.217609114731508235e+01,-1.655863039104323775e+01,-1.052703171218283273e-01,6.329771149950513376e+00,4.106419589294309702e+01,-3.134516658431277136e+00,2.205268679297056522e+01,1.251664406758428960e+01,1.577610182512373171e+01,-3.432779049094324364e+01,8.344752087463136903e+00,3.003699489601999950e+00,-1.828640738497282214e+01,6.031658394667566370e+00,2.531235496138574348e+01,-1.228091480105957345e+01,-8.139695553158814434e+00,-6.203845940597515707e+00,4.991465597013178979e+01,1.835577527964407452e+01,2.521310180589454575e+01,-3.325270063497985262e+01,-1.171070791050278892e+01,2.864714362391569225e+01,-8.349616076670518083e+00,4.859185932618110826e+01,-1.449697920897866155e+01,8.664479116231067479e+00,-1.755952271966315337e+01,-1.104525554454801828e+00,1.841354535529096381e+01,-2.448892278624937546e+01,-1.602634157517463365e+01,-1.228723338182205005e+01,2.777857458354871412e+00,6.347194368845293866e+00,-1.304849686099511352e+01,2.723764388411580484e+01,2.062780642975093315e+01,-2.501754457534259757e+01,-1.158222874096668065e+01,-1.319994583612754013e+01,-3.825073638221528682e+01,-2.784645518364673222e+00,1.252078640791356712e+01,-6.368123274445158799e+00,4.823285717054476285e-01,4.187217637857306940e+00,3.787784871814469057e+01,-2.502961840993312137e+01,-1.222052326188039295e+01,-5.393139405682875420e+00,2.627888284980053157e+01,4.811874500537525634e+00,8.652936017942192137e+00,2.742406177136565759e+01,1.510054650553524169e+00,-3.899788580495497925e-01,-3.052825371011874367e+01,-2.187397991764862937e+01,6.057231487276848902e+00,-3.522008517847763898e+01,9.234745649195351902e+00,-1.133777661741763865e+01,1.354245583307335821e+01,-7.520711372972499476e-02,1.148304848175527404e+01,1.614988153562719297e+00,-6.640459195541565052e+00,1.679213653035547082e+01,1.736893038808746681e-01,-1.669212364049759811e+00,-2.096758757442441023e+01,2.813890754428595997e+01,5.245095329322826849e+00
-2.564880738580909814e+00,2.992295789325519095e+00,1.764342814995737641e+00,9.604188959544149640e+00,3.140428196494781776e+00,-1.379877332274946333e+01,1.502232548553202740e+01,-5.956458478606680096e+00,7.650658409131358972e+00,1.877392803561213075e+00,-4.855498478979757948e+00,-1.667762091225498722e+01,9.101753411761556833e+00,-3.702450586483453598e+00,-1.617883035420648596e+00,-9.337430913497412277e+00,-7.850133465581172754e-01,2.432775208770797803e+01,-3.319924187315292485e+00,7.574912600655592243e-02,-1.067099593533025548e+01,-7.267021658704387876e-01,1.016814465678690382e+00,-3.396778548332556547e+00,9.950909742805281510e+00,-2.470972764509604236e+00,6.560788447172196669e-01,-5.139471181680868028e+00,-9.884762627429011239e-02,7.822498724188193364e+00,-1.902263340486650733e+01,1.292696777460101032e+00,1.936099242098302753e+00,8.643607858833542323e+00,-1.123748212482738040e+01,4.430997224741696883e+00,-3.346612689375459304e+00,3.999352439673123705e+00,-1.280064992202709639e-01,-8.505919622689541271e+00,-3.543718352803901794e+00,-5.973496986243418405e+00,-7.003668914507438892e+00,1.972912323472960594e+01,7.266560737455318275e+00,9.178668522731761925e+00,-9.197961328341339282e+00,-3.100652396652288090e+00,1.081646652473920334e+01,1.959853515797237211e+00,1.620791566443810794e+01,-5.822260020026101657e+00,-5.280930094879638048e+00,-2.808045340127400369e+00,1.000219633984339218e+00,1.935427835440997058e-01,-4.590200206433720176e+00,-1.621956229539648131e+00,-3.004901134158743048e+00,-1.200636672306272956e+01,-2.696344370313196848e+00,-8.019683002128935811e+00,1.577619830058915440e+01,1.288859942031666606e+01,-8.095636178480956957e+00,-6.518112476940548738e+00,-2.627472665489583026e+00,-1.082974192830460147e+01,5.600927153581679585e-01,7.893953242480255206e+00,-1.945486089247983053e+00,-8.990069964413757719e-02,4.136704028529329058e+00,8.282129942279997437e+00,-8.529619153664043552e+00,-4.422269990954392327e+00,-2.073185504829667902e+00,1.072556913054973293e+01,-1.670383013229401969e+00,8.704145043040647511e-01,2.965502075252002268e+00,1.779087552743398692e+00,-5.673569109490074425e+00,-7.298712604122165715e+00,-6.264167771019353737e+00,2.505500240687132063e+00,1.949400567060180833e+00,2.992900505906042063e-01,3.575710754423956583e+00,1.000195397457106239e+01,1.558573014160309800e+00,2.170514482009413548e+00,-5.124424844522904365e+00,-2.067022342480099972e+00,1.508891569767420293e+01,-4.331375768384931213e+00,-2.146986328414282941e+00,-5.308896189769394702e+00,4.487170088247667721e+00,3.425387963241197653e+00
-3.512028676132489924e+00,-4.001614994209138843e+01,1.674384290361141581e+01,2.904141265555298546e+01,-2.592148045335495254e+01,-2.982852472909375052e+01,3.479115416840410546e+01,2.241608318401768329e+00,4.604817835530331394e+01,-2.240384660335696410e+01,6.802878406323983995e+00,-8.277326348990560234e+01,7.815683632932185709e+00,-3.359967963834212590e+00,3.337857008431662109e+01,-7.160764418784313357e+00,1.324141785689401196e+01,8.187257203644945491e+01,-1.932974232069663501e+01,-7.426921941134938976e+00,-2.941006538521595104e+01,-7.999679616847303443e+00,-3.650201949654774403e+00,2.487417538815299700e+00,1.578813547703962650e+00,-1.846153857545530030e+01,-3.039119386861439764e+01,6.574767428278413206e+00,1.141753245635488767e+01,6.293430748879915626e+01,1.944030122414320516e+01,3.762419866435691773e+01,1.977260821869201024e+01,1.675928273095772525e+01,-4.642829661018964771e+01,9.050370908167757023e+00,9.759757338919641256e+00,-3.787128803074629957e+01,1.092429445758549100e+01,5.632992083759945956e+01,-1.723695077980459089e+01,-6.655093855068145992e+00,-1.847524325457743810e+00,6.305008352004663408e+01,2.317135800437408122e+01,3.288364110689891362e+01,-4.719474951553304010e+01,-1.680312176602670959e+01,3.685233857328454121e+01,-1.746809232225689357e+01,6.532441267958505193e+01,-1.819062119186148152e+01,2.239942219396798606e+01,-2.761794369504843161e+01,-3.285712326167424813e+00,3.258101543203290618e+01,-3.762974222217049913e+01,-2.644457127310929323e+01,-1.795719115524833143e+01,2.075148672454330878e+01,1.486637469846002446e+01,-1.271627921686064511e+01,2.781288037172979344e+01,1.982547448717859950e+01,-3.395996487475181880e+01,-1.207733722552135980e+01,-2.008139031497405824e+01,-5.396033331607814887e+01,-5.702644316665836044e+00,1.194068203884064161e+01,-8.795999759484432801e+00,9.783960439043715152e-01,2.023739525738463385e+00,5.664752144019349345e+01,-3.341046284351114082e+01,-1.597326485230846238e+01,-6.889348209920892252e+00,3.274877545465068351e+01,1.077858406292908100e+01,1.428493127960786069e+01,4.500155395621393950e+01,3.518682191288394767e-01,6.769828444911784260e+00,-4.483544196215503774e+01,-3.076408693927513482e+01,7.504742978662184427e+00,-6.537069856315200411e+01,1.607391711140709489e+01,-2.492282114858426922e+01,1.098886241419335796e+01,-2.184874126710465436e+00,1.762102208541556791e+01,9.622594600221756167e+00,-9.121721935174175400e+00,1.009040920670606667e+01,6.008930286848029212e+00,-1.516045463592669007e-01,-3.040471773622459750e+01,4.427408917186916426e+01,4.846129955723049498e+00
-4.866815495125417002e+00,-1.381156208931806439e+01,9.677932004934946875e+00,2.524428608744890568e+01,-7.393046140516679188e+00,-3.101367564195520998e+01,3.478765659213438255e+01,-6.708577390941986351e+00,3.023290086888279760e+01,-7.471465241957815806e+00,-3.270372223281758473e+00,-5.812576228791584754e+01,1.521730669247678769e+01,-6.269982279514779933e+00,1.265554255241572790e+01,-1.523258336630687282e+01,4.835425450693055183e+00,6.761588831345953565e+01,-1.283102841992066345e+01,-3.183318889714238598e+00,-2.678604158388066736e+01,-4.473559654920963524e+00,-2.983985885069064814e-01,-3.291505624893110049e+00,1.355940976021965128e+01,-1.135015607001269089e+01,-1.257887890106203344e+01,-3.738196370851506245e+00,4.916522052035613655e+00,3.791533187774311386e+01,-1.599863726221922633e+01,1.829329151437206136e+01,1.123804684281412136e+01,1.857643591587286380e+01,-3.503692866001717476e+01,9.725683475920089194e+00,-1.373202374253956748e-02,-1.156230356286586414e+01,4.660919806636553808e+00,1.389246965675217282e+01,-1.219569095344412624e+01,-1.066117892856552274e+01,-9.868718276512344900e+00,5.335619652092482568e+01,1.962942212121476970e+01,2.639178983893650354e+01,-3.273939934436413068e+01,-1.143134680837428618e+01,3.026207664027765532e+01,-5.184257049368675041e+00,4.980971935852329580e+01,-1.556211633413039053e+01,3.070323551549629215e+00,-1.583114967574000254e+01,-1.588158116692373056e-01,1.464451059410525247e+01,-2.255787529581312256e+01,-1.377969141123359975e+01,-1.181745495439623284e+01,-6.350591383312298888e+00,3.082874299899841297e+00,-1.598378587799682293e+01,3.267904902955736191e+01,2.541787989588575059e+01,-2.546745566713993369e+01,-1.376066952834859336e+01,-1.226809083294702774e+01,-3.783757775898502729e+01,-1.795499539506210773e+00,1.547861571499068489e+01,-6.400694708820969581e+00,3.160574028490834575e-01,6.240921452296456451e+00,3.573190761165533758e+01,-2.578562236462784796e+01,-1.277294996961645523e+01,-5.723388506401646758e+00,2.833162727250551072e+01,2.602970925494899390e+00,7.436147964680865918e+00,2.371477745986972607e+01,2.454986788813156018e+00,-4.342357692755093979e+00,-2.924220994660436546e+01,-2.168827635124019437e+01,6.554052406229665451e+00,-2.636122365048434801e+01,7.488327397495428528e+00,-6.389219283267678406e+00,1.778276231874422564e+01,1.049227058411972502e+00,1.059046191951500049e+01,-2.372213058627374416e+00,-6.701689054628277020e+00,2.396089406057249960e+01,-2.943693583660207835e+00,-2.842031546892213711e+00,-2.029478560022277023e+01,2.536018957149516595e+01,6.568458460777383934e+00
-5.441295134699585034e+00,-6.566322742612631203e+01,2.713213020189513003e+01,4.631496350924395244e+01,-4.267177826081639580e+01,-4.712267828814838566e+01,5.508454038088679283e+01,4.336834098189498832e+00,7.429923728411753814e+01,-3.678586933359023448e+01,1.165745865360437428e+01,-1.332227814892965512e+02,1.172299621264975045e+01,-5.063659501102315552e+00,5.467161243167842599e+01,-1.062708786999885291e+01,2.170474606609595014e+01,1.308822032646459661e+02,-3.117641919687650187e+01,-1.213241008787284336e+01,-4.679539647828124060e+01,-1.297609942993706866e+01,-6.074304519734109675e+00,4.446906641223002055e+00,1.445257648136192952e+00,-2.985573014628928945e+01,-4.968557023995255406e+01,1.131739240964710547e+01,1.864935631337117172e+01,1.018448002927520406e+02,3.389858677673533549e+01,6.127111775771366808e+01,3.205678254945761552e+01,2.637474897716308675e+01,-7.451170953632012584e+01,1.426985928237020929e+01,1.631265097065989167e+01,-6.227649294499384069e+01,1.784750604087138015e+01,9.292124481347374854e+01,-2.773466336588360903e+01,-1.018430663534169867e+01,-2.219182410754738655e+00,1.006792964939050563e+02,3.699854737811918426e+01,5.263546867604000568e+01,-7.599489202208171434e+01,-2.707687908524891540e+01,5.892770015756899227e+01,-2.873806796432572597e+01,1.047925102609033559e+02,-2.903223896245852131e+01,3.716583337067809367e+01,-4.476440587422595740e+01,-5.477419634347813648e+00,5.316360718699512233e+01,-6.090504304643159372e+01,-4.298390875555321600e+01,-2.897168790647937087e+01,3.524081039352140010e+01,2.457477738727101269e+01,-1.984588121173187858e+01,4.360736531912906599e+01,3.089712533948405593e+01,-5.451567777249079683e+01,-1.897368365382070721e+01,-3.248219133844433770e+01,-8.685347748923477695e+01,-9.372778385933633771e+00,1.859409047156288608e+01,-1.413737270498466181e+01,1.607372070036429346e+00,2.832984134664135567e+00,9.152989072239451218e+01,-5.356929441663696423e+01,-2.557186385400645179e+01,-1.101040567976178508e+01,5.223933697812502430e+01,1.778510750917868677e+01,2.321986787194366642e+01,7.312369907842995076e+01,3.720046832279545468e-01,1.169657125312300039e+01,-7.235958980083660208e+01,-4.950703773939633123e+01,1.196580304784510673e+01,-1.069336446534068727e+02,2.620520006935884538e+01,-4.109107307202123849e+01,1.680052294020367043e+01,-3.743916981775866404e+00,2.851784149538135438e+01,1.629098889581790388e+01,-1.465525936640792537e+01,1.475518467995007477e+01,1.030178439085932141e+01,-3.239784011715873824e-03,-4.902907103657484100e+01,7.176307219675763349e+01,7.521206094802452391e+00
-5.553298140866504085e+00,-7.267899970747805583e+01,2.953032762856272697e+01,4.930866382975356288e+01,-4.743058431350930704e+01,-4.949659848473617529e+01,5.804442973390757032e+01,5.761161071409846457e+00,8.039609306370550712e+01,-4.074979531859081305e+01,1.362457460170015011e+01,-1.436609405144564562e+02,1.136760974808215430e+01,-4.948362727493842428e+00,6.036722621548963019e+01,-1.012361600486065427e+01,2.398973048071301761e+01,1.398115266174650344e+02,-3.371639881224972868e+01,-1.334907749069970784e+01,-4.965876023785350668e+01,-1.414259231458678556e+01,-6.846794898014162634e+00,5.455030864121010126e+00,-7.179378044856798979e-02,-3.240630589688291252e+01,-5.472587283171674954e+01,1.329814569432127769e+01,2.051662359305928618e+01,1.106466191113771771e+02,4.043695406395032421e+01,6.713599018590963396e+01,3.491504481134566618e+01,2.754986032328697476e+01,-8.003112824848571449e+01,1.494662059930569242e+01,1.848996746228811716e+01,-6.912420838680665724e+01,1.964006289480252221e+01,1.035621609575613178e+02,-2.989573726298185363e+01,-1.019822286494441954e+01,-1.270733304312058110e+00,1.073786259274829717e+02,3.945775448051859513e+01,5.632742493836838804e+01,-8.200183157568285708e+01,-2.924660723067537660e+01,6.297080646356966582e+01,-3.191708548790512268e+01,1.124876111566449879e+02,-3.094187132788697880e+01,4.173540566425060661e+01,-4.873828086110290059e+01,-6.187905681103060829e+00,5.840729825600140401e+01,-6.618334111576433543e+01,-4.697900545447741649e+01,-3.134543570780707711e+01,4.074159652539599108e+01,2.746352366254263444e+01,-2.047717650334190864e+01,4.530245662506301585e+01,3.181269041269020903e+01,-5.857494955436254713e+01,-1.976898430342762225e+01,-3.526730392295380057e+01,-9.366573879245676437e+01,-1.039639936818013943e+01,1.912213749181612599e+01,-1.521573605753637715e+01,1.781890070645931967e+00,2.423851232646047293e+00,9.923135463794943689e+01,-5.746222908091155546e+01,-2.737169890209057854e+01,-1.175713819038682040e+01,5.563385405639984072e+01,1.982884382060269246e+01,2.537897737269184617e+01,7.988569230412947775e+01,1.120514296985359870e-01,1.380407784652883052e+01,-7.832268202925482115e+01,-5.337486105458504682e+01,1.273521062948834803e+01,-1.178710919889858388e+02,2.875587754829910025e+01,-4.576564337735371168e+01,1.679881927884465043e+01,-4.375540046279875028e+00,3.098578101340559954e+01,1.876281402128181242e+01,-1.576473768519775120e+01,1.370165382973152290e+01,1.204690359817449696e+01,3.547001188972536134e-01,-5.300886407654281385e+01,7.813611967126728075e+01,7.696030301953073582e+00
-2.068657984753737633e+00,-2.712507026848870595e+01,1.101704102896240833e+01,1.838648696841379149e+01,-1.770359199159720021e+01,-1.845071591211891615e+01,2.163869933685972313e+01,2.158211270779225366e+00,2.998980534787088814e+01,-1.520881519879267252e+01,5.090970160119066001e+00,-5.358498715120870060e+01,4.229128095886942162e+00,-1.841320316411961810e+00,2.252888130516407372e+01,-3.764588447870025334e+00,8.953100701768308411e+00,5.213777999902257676e+01,-1.257692506903610052e+01,-4.981441955583254533e+00,-1.851562806408976414e+01,-5.276420734057278850e+00,-2.556377109273519022e+00,2.040375080799258001e+00,-4.078881164277703419e-02,-1.208924566934534894e+01,-2.042240356185611105e+01,4.969559578489128882e+00,7.656112537857734601e+00,4.127783550251401579e+01,1.511619429068098341e+01,2.505061563331825170e+01,1.302615791200533835e+01,1.026833349981022003e+01,-2.984856954598633294e+01,5.571240589540113142e+00,6.904415241750450960e+00,-2.579998269321005111e+01,7.329056584067105362e+00,3.865717220711589874e+01,-1.115089400676289344e+01,-3.797160866999924167e+00,-4.643339383044234325e-01,4.004160327458818358e+01,1.471381474884382001e+01,2.100620311375099192e+01,-3.058682532305326163e+01,-1.090928822891377159e+01,2.348294025327511747e+01,-1.191292140665023425e+01,4.195302316958866129e+01,-1.153806359498845424e+01,1.558139295596702389e+01,-1.818320349491011001e+01,-2.310482978488121564e+00,2.179496732803867687e+01,-2.469048685140483812e+01,-1.752838163367931656e+01,-1.169262076004426376e+01,1.522000450861826870e+01,1.025206844404124951e+01,-7.629971871121215443e+00,1.688285022382227396e+01,1.185307757298973996e+01,-2.184641186665397683e+01,-7.367815516851204727e+00,-1.315663417607153995e+01,-3.493702790267850133e+01,-3.880303336464329789e+00,7.124503027412469436e+00,-5.675160037662808854e+00,6.650557161769506953e-01,8.986639308140937921e-01,3.701747427133701507e+01,-2.143057912647867624e+01,-1.020778916642165335e+01,-4.384371666226831721e+00,2.074521445685611098e+01,7.401671697212468537e+00,9.469182664201097666e+00,2.980593521026000658e+01,3.931035594854387361e-02,5.159104312855721908e+00,-2.921658736803367873e+01,-1.990852570755215467e+01,4.748740559985353826e+00,-4.398746281840762862e+01,1.073010854486760479e+01,-1.708291575164651377e+01,6.254569314536649216e+00,-1.634966936074278010e+00,1.155958594533534090e+01,7.008731441746991919e+00,-5.879854254362248511e+00,5.091676531279810014e+00,4.501509899058623532e+00,1.353799651147319094e-01,-1.977329426218862807e+01,2.915092493863348011e+01,2.867028392762136946e+00
-4.763955487170951741e+00,-3.275530456087645348e+01,1.572109760172938842e+01,3.163985453767079292e+01,-2.041491230217340913e+01,-3.512605808200075330e+01,4.025368030782368578e+01,-2.032902638967273745e+00,4.510523014451813140e+01,-1.820368717543940562e+01,2.664224153362109604e+00,-8.303279190554088984e+01,1.286931141393285216e+01,-5.391948893232148876e+00,2.790877858195877081e+01,-1.245797134160011410e+01,1.097585565195693214e+01,8.736191664088386233e+01,-1.900633967276930747e+01,-6.399774755972861051e+00,-3.267281510882466478e+01,-7.433375722518068329e+00,-2.490873376664946015e+00,-1.091795330516522888e-01,8.019860666722060216e+00,-1.768507086788850202e+01,-2.595682389343860308e+01,2.276371955294433036e+00,9.850242943018436392e+00,5.988588462180305072e+01,4.174319704271290732e+00,3.354085259643043315e+01,1.846638083371522399e+01,2.033084578055672509e+01,-4.783188231359091702e+01,1.082091774920399985e+01,6.240467781193789421e+00,-3.021960316772863564e+01,9.402376489290599437e+00,4.324015009270753751e+01,-1.733824750232578538e+01,-9.771197664282574635e+00,-6.284058987589631329e+00,6.794177539629473017e+01,2.497975772286723384e+01,3.469257508455567063e+01,-4.713486420210196570e+01,-1.666542912435726365e+01,3.923372922568761823e+01,-1.386181961063794077e+01,6.756438912868894420e+01,-1.968891720492075237e+01,1.592579208330593765e+01,-2.586275033806542822e+01,-2.185396751313332331e+00,2.842638413804674258e+01,-3.574887381414134779e+01,-2.405118178446165800e+01,-1.760377899061393947e+01,1.000097800626599387e+01,1.111010947784013325e+01,-1.640256887603136349e+01,3.469664692622481539e+01,2.583014131263690416e+01,-3.490375602612157024e+01,-1.484437370144085477e+01,-1.919649930809389105e+01,-5.410113293548404556e+01,-4.578604230790711327e+00,1.564494626569540614e+01,-8.939313910648465367e+00,7.896841147871239697e-01,4.521559474999802042e+00,5.473282235939938545e+01,-3.471646883633676595e+01,-1.682771737087281494e+01,-7.368681824324415430e+00,3.560899446223898934e+01,8.245295617644895714e+00,1.298822562197421071e+01,4.106586386505789221e+01,1.494288858332778691e+00,2.088930955821668434e+00,-4.381680112905960556e+01,-3.090440682119304583e+01,8.192009250319797431e+00,-5.547289031800239201e+01,1.416039167714706437e+01,-1.925673130911463105e+01,1.622672522298040576e+01,-8.562429422894868303e-01,1.675432113892990316e+01,4.933505798626864447e+00,-9.303411894518553993e+00,1.884522805982091498e+01,2.324858408820054123e+00,-1.566166340327764139e+00,-2.995403080867833978e+01,4.145074356701454121e+01,6.497583784968075094e+00
-6.643766516225720231e+00,-6.029123021584660336e+01,2.667012033215105049e+01,4.938784085145082514e+01,-3.848026348923468021e+01,-5.260802635472332867e+01,6.084774293253232713e+01,6.087810031128544352e-01,7.468538025646655854e+01,-3.365860318670238627e+01,8.170795282824320438e+00,-1.356487250844124048e+02,1.640822361829894760e+01,-6.953280574516591095e+00,5.071052172819082671e+01,-1.551076878845521989e+01,2.004859163169687264e+01,1.379182435399141013e+02,-3.140268122585098709e+01,-1.141932100561258423e+01,-5.046667859100851672e+01,-1.268654586249294169e+01,-5.143896498304863840e+00,2.212126895255562165e+00,7.194373287057478805e+00,-2.965751051772610225e+01,-4.656268186319802282e+01,7.683135058078221391e+00,1.756353368995208086e+01,1.008133324250821232e+02,2.088758570428977990e+01,5.865115405836354512e+01,3.142394067019152715e+01,2.998403533166317203e+01,-7.698713437407657523e+01,1.607879795815541257e+01,1.345323541586684257e+01,-5.650128053406506012e+01,1.678880020687026686e+01,8.281720775051446992e+01,-2.828171752220187685e+01,-1.312195832375162396e+01,-6.199285215807595506e+00,1.066864111319923012e+02,3.921565759206922763e+01,5.511072010664780407e+01,-7.719391068121670685e+01,-2.740066200338216262e+01,6.201547917986938785e+01,-2.600608198291415363e+01,1.085103530827143885e+02,-3.084243562255890936e+01,3.202399181458428501e+01,-4.394188547443052784e+01,-4.589631414891749195e+00,5.034668351977931167e+01,-6.023677953907421312e+01,-4.156477113982954563e+01,-2.913494543477314025e+01,2.626562785572078695e+01,2.164086346453497001e+01,-2.344956228766301010e+01,5.044475448994656119e+01,3.674366245759633642e+01,-5.625290560491274050e+01,-2.174588930658865848e+01,-3.223087571867425538e+01,-8.840980899045973729e+01,-8.528089991822334071e+00,2.219312163389172454e+01,-1.449771805595286622e+01,1.466116713640690294e+00,5.099921707885319400e+00,9.133619436410387493e+01,-5.561289222595869575e+01,-2.675274233392062229e+01,-1.161790471433065264e+01,5.564252432173652352e+01,1.582638920780653180e+01,2.244987431755616925e+01,7.083029112175987052e+01,1.393606377745886471e+00,7.728564678421887990e+00,-7.264648966714099743e+01,-5.044754546390079497e+01,1.277387180885020435e+01,-9.989776794504042812e+01,2.493612193771786778e+01,-3.673171611770926148e+01,2.173318053459739119e+01,-2.624619416807475680e+00,2.821736976251103002e+01,1.239140839725670418e+01,-1.505824987622537137e+01,2.278028143799669181e+01,7.196850075515247802e+00,-1.260665038834404950e+00,-4.943637025337643109e+01,7.043598149611746351e+01,9.113080897913903300e+00
-7.255201432383138638e+00,-6.504413944791907909e+01,2.886614147549807186e+01,5.364641559939261128e+01,-4.147647854396934974e+01,-5.725236967928361764e+01,6.619109898109806522e+01,4.772418287737245635e-01,8.091707838503842254e+01,-3.630572782699257317e+01,8.680111082612253171e+00,-1.470514414509751475e+02,1.800212573725082521e+01,-7.624042407721954184e+00,5.473539156595742838e+01,-1.703971260794974540e+01,2.163543466172689378e+01,1.497350387346164666e+02,-3.402602266949714505e+01,-1.233440923630810460e+01,-5.484424096587369490e+01,-1.372774754683730514e+01,-5.526333161026073526e+00,2.286937666643660272e+00,8.073795711571671418e+00,-3.211493354738365014e+01,-5.028346778741357781e+01,8.144671438372604655e+00,1.897152386518638778e+01,1.091492524441480185e+02,2.198933582955880439e+01,6.340211655356480946e+01,3.400706812442729898e+01,3.265468519870510988e+01,-8.351240631073571308e+01,1.750473843812686781e+01,1.443263202871188433e+01,-6.091921223997851342e+01,1.813366801947258367e+01,8.921273383973097282e+01,-3.066111277966377102e+01,-1.435708684419778436e+01,-6.909481864442126309e+00,1.158548528472740031e+02,4.258622284337596398e+01,5.981615748508983188e+01,-8.367400852757508289e+01,-2.969585441753216770e+01,6.732523333935729681e+01,-2.803593531679051054e+01,1.177186508500414845e+02,-3.349657545188263441e+01,3.443669076899320203e+01,-4.755706992296466495e+01,-4.928043344934550873e+00,5.439719975914668737e+01,-6.521502017528086981e+01,-4.495305600680012503e+01,-3.156656259701513889e+01,2.801198085615632749e+01,2.329772103200367184e+01,-2.557635717562246214e+01,5.497521366195378079e+01,4.008595265965307419e+01,-6.101729202590146883e+01,-2.369032896078896400e+01,-3.489977375092882994e+01,-9.584038116510437533e+01,-9.196235373501870924e+00,2.421517017519633441e+01,-1.572134423691600524e+01,1.581175248667373801e+00,5.634947401905888498e+00,9.892468283892746683e+01,-6.033900968175913704e+01,-2.903592081586758411e+01,-1.261404665852381868e+01,6.043754688101439854e+01,1.704721565105578307e+01,2.427977676689852871e+01,7.661035354008377851e+01,1.559459249691041105e+00,8.177570617485375948e+00,-7.870372948508288857e+01,-5.469006936407230057e+01,1.387597620301110979e+01,-1.078641031349968813e+02,2.694845790064330515e+01,-3.957427326378282828e+01,2.378213945599766532e+01,-2.788255194198906217e+00,3.054999544418178559e+01,1.323164461408227055e+01,-1.633058880730395401e+01,2.506746580257090784e+01,7.643800862937458973e+00,-1.426983134712293433e+00,-5.356872114313846112e+01,7.623046437819310484e+01,9.948959134698705853e+00
-6.798530879780535940e+00,-6.862552984229660069e+01,2.954219151384187825e+01,5.303459408479660908e+01,-4.412419747489964550e+01,-5.555118077169166213e+01,6.449923707221282143e+01,2.256341290981501935e+00,8.201325301941022872e+01,-3.836594802295638118e+01,1.047422811312281254e+01,-1.482241988058353002e+02,1.606042488467885931e+01,-6.846674832165083657e+00,5.748329798762443943e+01,-1.498848750520847162e+01,2.276458576271485512e+01,1.487595412224471261e+02,-3.445661060154172617e+01,-1.286832881520506433e+01,-5.396700359070937481e+01,-1.408244020738925961e+01,-6.055854893209771994e+00,3.385060678438410520e+00,5.469528366028105104e+00,-3.271700999976933844e+01,-5.256265946914933096e+01,1.000045664540630064e+01,1.978752758412667490e+01,1.113655479805771336e+02,2.851984977409240685e+01,6.564978658886263929e+01,3.484559815806103700e+01,3.145598987827823478e+01,-8.365680866755219824e+01,1.692196957344931718e+01,1.601965762609804500e+01,-6.462697457032744808e+01,1.892353565645328928e+01,9.542498142809783701e+01,-3.088604734227887505e+01,-1.318818050994719471e+01,-5.127427417566223333e+00,1.148324954597537726e+02,4.220614550656205921e+01,5.958589654127990798e+01,-8.442750835290011935e+01,-3.001162121596253485e+01,6.692265507860278717e+01,-2.977753725100888005e+01,1.178136190654683730e+02,-3.316611263430404222e+01,3.742466907909464169e+01,-4.870002152637187010e+01,-5.427850672394927578e+00,5.659605540179304484e+01,-6.656392235816299774e+01,-4.633833578335694625e+01,-3.198819467701290975e+01,3.271993958647804845e+01,2.506034534414790116e+01,-2.426838482591827528e+01,5.259552940093438167e+01,3.794164923148483126e+01,-6.115673159857765029e+01,-2.274764285047507428e+01,-3.557112216855957598e+01,-9.661649353016409236e+01,-9.743061451220407676e+00,2.288788087021822193e+01,-1.579873604842946122e+01,1.673304671849083602e+00,4.646824263577999048e+00,1.005811765150869803e+02,-6.032213704571520907e+01,-2.893396355284042087e+01,-1.252485174382395350e+01,5.977616245382684212e+01,1.824758292501308077e+01,2.502964777329640000e+01,7.891172835840743005e+01,1.098661417867462742e+00,1.019247206390723903e+01,-7.981206080996858532e+01,-5.510804409758112854e+01,1.371142842041906817e+01,-1.129133395060230214e+02,2.797769540248503972e+01,-4.227166742052880721e+01,2.181426938385407865e+01,-3.364234795137963197e+00,3.117591277812379502e+01,1.529395827968495247e+01,-1.639735078729715312e+01,2.165041105058053361e+01,9.240133376737645676e+00,-8.520280810685387785e-01,-5.422234025305935035e+01,7.806664231395183151e+01,9.349846620878956571e+00
-6.222086784395871817e+00,-4.521096850923943578e+01,2.132222387473472125e+01,4.219940805751875956e+01,-2.832822718372999304e+01,-4.647962107020919831e+01,5.335776758777258522e+01,-2.082354020001517370e+00,6.087040619040928391e+01,-2.515115593500696178e+01,4.220670294745802131e+00,-1.117488431842108128e+02,1.655230129806750128e+01,-6.948111765313484511e+00,3.841172639078092033e+01,-1.596120586069040215e+01,1.512393641982928472e+01,1.167763521698199298e+02,-2.563811178090404397e+01,-8.773428297583446778e+00,-4.348837273018638427e+01,-1.009441284439226472e+01,-3.531043639101042242e+00,2.506414295247276769e-01,9.810932390770375378e+00,-2.392864356779967139e+01,-3.562521356644296588e+01,3.722959786569079554e+00,1.350157265608003776e+01,8.109229864030177737e+01,7.957731598517408855e+00,4.578197762272322535e+01,2.506166080091134063e+01,2.682486037566443571e+01,-6.418201028106287254e+01,1.429726803695619530e+01,8.940586474058900279e+00,-4.185695823926123182e+01,1.289165374497808259e+01,6.021952722066501451e+01,-2.332729172407166729e+01,-1.267795755154296344e+01,-7.780952959554929826e+00,9.072217817754226132e+01,3.335378001489106481e+01,4.643024418442521295e+01,-6.346771162426374246e+01,-2.245806169226749915e+01,5.245642056192960467e+01,-1.921467388986508240e+01,9.062016850176226512e+01,-2.627811135675334242e+01,2.243253321885161711e+01,-3.508828285654892198e+01,-3.110737798051755654e+00,3.890719028779685118e+01,-4.841739941732984676e+01,-3.274706519376378111e+01,-2.375441387639814295e+01,1.511078928810504962e+01,1.553296476778230506e+01,-2.151857964551352254e+01,4.565858785270273046e+01,3.385606865920657071e+01,-4.684704530054462168e+01,-1.956152314198878273e+01,-2.598011116624490313e+01,-7.281579625956055679e+01,-6.336390442582157334e+00,2.049582573813352582e+01,-1.201321743425704014e+01,1.092064899961059599e+00,5.704953753139462513e+00,7.398102178479531688e+01,-4.653942904278250836e+01,-2.252462046557426589e+01,-9.847189759230484896e+00,4.750304724428035996e+01,1.148873131128804559e+01,1.768486081718597802e+01,5.589042831553496171e+01,1.836843328546423848e+00,3.529179231605798606e+00,-5.914736158048576442e+01,-4.158568754261047928e+01,1.092380880351144334e+01,-7.619988845425567092e+01,1.935742685977841404e+01,-2.679337512720635317e+01,2.104423674859258142e+01,-1.356236680626150548e+00,2.268937589709258162e+01,7.360137432699982440e+00,-1.249753258791498567e+01,2.403100391060420549e+01,3.694163088687886010e+00,-1.891938772672109081e+00,-4.039668298243726241e+01,5.623825927494753074e+01,8.494920811955767093e+00
-6.838547313973815989e+00,-5.798538657374037086e+01,2.612897972350774012e+01,4.936843784051427519e+01,-3.681774731798651601e+01,-5.314071091341104136e+01,6.131845216652081376e+01,-3.334932448194170007e-01,7.359023125988889547e+01,-3.233924363507075839e+01,7.168238147429836893e+00,-1.340910441191779796e+02,1.731839449906340178e+01,-7.315010713010662968e+00,4.891048930593697719e+01,-1.648490268061983954e+01,1.931439830586681339e+01,1.374775485669519242e+02,-3.095819290003353430e+01,-1.105872807118313617e+01,-5.057974971337826275e+01,-1.241167804094068039e+01,-4.829077792983191841e+00,1.617805684865167848e+00,8.517696034346036171e+00,-2.913468690180360809e+01,-4.503850930041079437e+01,6.651439288813469020e+00,1.701166059186889612e+01,9.894665370823553019e+01,1.729962771505626051e+01,5.705989281713956984e+01,3.076421113625496417e+01,3.040843632927997220e+01,-7.637788357966407204e+01,1.627473140112912020e+01,1.252329126716607277e+01,-5.415504951063047656e+01,1.625607256798434364e+01,7.896821710493203739e+01,-2.796727494074594844e+01,-1.364741732500232629e+01,-7.095973751654463868e+00,1.064866946582683909e+02,3.914450301546709454e+01,5.485050399912131525e+01,-7.626207164902504587e+01,-2.704442771369544829e+01,6.179830678835022439e+01,-2.490771036939241156e+01,1.077088785874488650e+02,-3.080310299727040046e+01,3.022677615291873465e+01,-4.303496186573799775e+01,-4.294318220440780820e+00,4.883866636417751295e+01,-5.910842804136213857e+01,-4.054653691810718641e+01,-2.871088260140381010e+01,2.360139993609519493e+01,2.056163526854177803e+01,-2.397683057145545504e+01,5.135016656334209273e+01,3.761984209406028867e+01,-5.578984970633893425e+01,-2.209235199648718861e+01,-3.165370758549467567e+01,-8.738838047208699322e+01,-8.180712789530522500e+00,2.273927555808224810e+01,-1.435651972586423852e+01,1.407387593273349058e+00,5.585610028175729269e+00,8.983030640570966341e+01,-5.523668633445846865e+01,-2.662124637730485333e+01,-1.158448372413375616e+01,5.560594237979395871e+01,1.508388347616425662e+01,2.189903433572561653e+01,6.912637637857319817e+01,1.626919101591807859e+00,6.612657742656529614e+00,-7.155904955453156902e+01,-4.987782779237116415e+01,1.277217710422263508e+01,-9.654371589966170575e+01,2.422076500234438257e+01,-3.505511604512900448e+01,2.262027585766933413e+01,-2.302750280447224185e+00,2.769194819473196034e+01,1.121821384546046296e+01,-1.491877478339000085e+01,2.442423169173220998e+01,6.305322260123526590e+00,-1.555089560481770494e+00,-4.874940739707722059e+01,6.898007971772524627e+01,9.365867249916405513e+00
-4.555490548067402834e+00,-5.868411889033878026e+01,2.392034324996090433e+01,4.011178228099606002e+01,-3.826706653560167126e+01,-4.037111888343066823e+01,4.731333804685055355e+01,4.505379014532932658e+00,6.519584995291175744e+01,-3.289800780326354612e+01,1.089111005875415117e+01,-1.165763817578706352e+02,9.423702740282017487e+00,-4.095526970255500387e+00,4.876527948373500010e+01,-8.423971885706507123e+00,1.937551888123572752e+01,1.136600063105233289e+02,-2.734459471664090557e+01,-1.079074533770256039e+01,-4.042214704125295555e+01,-1.145284423101709770e+01,-5.509577836129589734e+00,4.323408096773182052e+00,1.967236404894245894e-01,-2.626365363422476662e+01,-4.422888869526608602e+01,1.061992294833957295e+01,1.658509111823982352e+01,8.965769910071142590e+01,3.220611479562854385e+01,5.431232088652101453e+01,2.827826656772989011e+01,2.249526876043501389e+01,-6.499260895154020545e+01,1.219773782509320625e+01,1.486339531353150001e+01,-5.578429872330764994e+01,1.587564817047785759e+01,8.351188910795666231e+01,-2.426133227557741989e+01,-8.398165994178963700e+00,-1.206695435631134128e+00,8.732037745136564411e+01,3.208750562298378384e+01,4.577553286133167632e+01,-6.653369909562027829e+01,-2.372516918690222809e+01,5.118861651352226261e+01,-2.575468010704468114e+01,9.136082310398838047e+01,-2.516546466315115538e+01,3.360773124970480552e+01,-3.947663093701799397e+01,-4.977292967899443532e+00,4.722706137530672521e+01,-5.362653178424090328e+01,-3.802389572106481808e+01,-2.541961354652819693e+01,3.263205153615705711e+01,2.213513415377328641e+01,-1.676105337099238213e+01,3.703079627691354148e+01,2.605043530803233054e+01,-4.756492064005297493e+01,-1.615003829935799473e+01,-2.858076780994685961e+01,-7.600570699392261531e+01,-8.391114474518259314e+00,1.566228983889561199e+01,-1.235168135181335636e+01,1.438350502488580318e+00,2.065585827293451970e+00,8.044026351008201914e+01,-4.667640091301593230e+01,-2.224314882701429497e+01,-9.558685921611486336e+00,4.525438771385755388e+01,1.598878814731353160e+01,2.054110354399806937e+01,6.466324068465198138e+01,1.361423874453742688e-01,1.101529313964496382e+01,-6.351049332412372195e+01,-4.331377613739716992e+01,1.036052259237800222e+01,-9.524847582127351586e+01,2.325669385048276894e+01,-3.690982298792165039e+01,1.383786499465231401e+01,-3.497706115175188479e+00,2.510747149677935397e+01,1.503847432194652001e+01,-1.279865897810999442e+01,1.146405623666702667e+01,9.628987183259239302e+00,2.318055385310067162e-01,-4.299341140989240273e+01,6.328767561850199996e+01,6.309913546572474274e+00
-7.126157130144141760e+00,-6.240094467303303816e+01,2.786997049040551389e+01,5.215684156823900963e+01,-3.972051908184096192e+01,-5.586565287148182790e+01,6.453463834184199754e+01,1.184311851381529834e-01,7.827933136896106703e+01,-3.481852466635414345e+01,8.072512034337297138e+00,-1.424164923003581009e+02,1.783850488924795386e+01,-7.546041992590913239e+00,5.256259683239700564e+01,-1.692614833095711191e+01,2.076826495160463182e+01,1.454356376730677596e+02,-3.292271598399207733e+01,-1.186129788530571538e+01,-5.337015741519890355e+01,-1.324757653759454534e+01,-5.258144986381674713e+00,2.005746009091054383e+00,8.336075395630844653e+00,-3.103570452805777791e+01,-4.833488120257669607e+01,7.541180709509799129e+00,1.824484263712352217e+01,1.054483475536529227e+02,2.006563643191388024e+01,6.106640330492582081e+01,3.282533556870948388e+01,3.190797915153686759e+01,-8.098116600255760034e+01,1.709288273854398454e+01,1.369270283866055848e+01,-5.837519115286006866e+01,1.743716245708923296e+01,8.533564725978060039e+01,-2.969849179916062099e+01,-1.415308160392741144e+01,-7.047448216720890279e+00,1.125800818081315242e+02,4.138330225840205401e+01,5.806776039424808289e+01,-8.101997838784640749e+01,-2.874457820345145720e+01,6.538511983317664544e+01,-2.685831591007146457e+01,1.141716533378952363e+02,-3.255650900365159828e+01,3.282586049533151140e+01,-4.591022878278589303e+01,-4.683542769476041201e+00,5.234086065799422016e+01,-6.299900295225651803e+01,-4.333734549048391216e+01,-3.053871225886478413e+01,2.626067326007862945e+01,2.225805846786530395e+01,-2.506298392339527581e+01,5.378813848146348420e+01,3.929960275937601466e+01,-5.916130209693076125e+01,-2.316275512727355590e+01,-3.372365550861644579e+01,-9.281728620788315709e+01,-8.814691333238046766e+00,2.374633894349827301e+01,-1.523511193442338296e+01,1.515939668500375426e+00,5.657380732806029933e+00,9.563865886554783913e+01,-5.853361955893443280e+01,-2.818531427555643631e+01,-1.225321327453513653e+01,5.875400657010544592e+01,1.630378714470963075e+01,2.340678700971089654e+01,7.386832495592901182e+01,1.601943605013529393e+00,7.542282421694470607e+00,-7.612997341310232002e+01,-5.296980183330155256e+01,1.349190792642482783e+01,-1.036531489842244298e+02,2.594137801193823023e+01,-3.786571313833419339e+01,2.345033054052519361e+01,-2.593144588081996105e+00,2.951305877308681147e+01,1.243568000827390385e+01,-1.582815280772230260e+01,2.497774988252936623e+01,7.105564190051765650e+00,-1.495543890549016375e+00,-5.183643569426668307e+01,7.358990380783534135e+01,9.766752149122456927e+00
-2.614040170986642764e+00,-1.232707569502840173e+01,6.792494048123642436e+00,1.532730148599330988e+01,-7.333793860941721476e+00,-1.787460610110217019e+01,2.026745364855009512e+01,-2.446291289212539244e+00,2.019682170483332584e+01,-6.792050727035331192e+00,-2.597761199330919091e-01,-3.788965486838259267e+01,7.656341283034567624e+00,-3.177456307437928729e+00,1.075815809624614694e+01,-7.555762199063821072e+00,4.190213812474784305e+00,4.172111111245615689e+01,-8.536797354028978546e+00,-2.547773399057002841e+00,-1.603387934251540869e+01,-3.182248951668681158e+00,-7.213736005328221790e-01,-9.735832271663333870e-01,5.942476889040861465e+00,-7.774140215013295219e+00,-1.023801857068500354e+01,-4.931669274535890324e-01,3.926273552138869860e+00,2.617597601453165979e+01,-3.531531210197147885e+00,1.381523651599138525e+01,7.941308473081379660e+00,1.052557552064303081e+01,-2.227292940267857446e+01,5.555754642640894581e+00,1.588537248257121615e+00,-1.103373754730549905e+01,3.738543948895968860e+00,1.502591263418758771e+01,-7.928576397250878038e+00,-5.556668766618325428e+00,-4.439106853230283534e+00,3.266823074219205125e+01,1.201446095041223572e+01,1.643601748852070799e+01,-2.143492903580522224e+01,-7.537269355794641967e+00,1.870687712589728235e+01,-5.026899687434960740e+00,3.155294585232589100e+01,-9.495683619211275683e+00,4.946217804273279839e+00,-1.114846132869589113e+01,-6.033149004608551191e-01,1.146171835887633783e+01,-1.560400247729383594e+01,-1.009674443644214747e+01,-7.887660896095057161e+00,7.274491480072988736e-01,3.720927007292595512e+00,-8.778207037310684413e+00,1.824352466559825814e+01,1.389461877284943192e+01,-1.622432642709563311e+01,-7.741826445651844857e+00,-8.423579142081011994e+00,-2.467744534994850625e+01,-1.684284296482953192e+00,8.439725501302238087e+00,-4.120252321061972367e+00,2.923269343276712062e-01,2.946994913812314820e+00,2.423363849620166732e+01,-1.626794957839080524e+01,-7.964155264759309460e+00,-3.524843313687273216e+00,1.722723332452514455e+01,2.851978541495781005e+00,5.450988224774809154e+00,1.729322972630547994e+01,1.086694052457948034e+00,-7.145881887581921887e-01,-1.958338475955861924e+01,-1.411790525095095461e+01,3.973613350224070917e+00,-2.173008982967549940e+01,5.765101409041842651e+00,-6.749820201355655414e+00,9.250219691263476207e+00,8.296446364558041076e-02,7.318348636056727585e+00,5.773747039707588513e-01,-4.299647497253048734e+00,1.169353948785574104e+01,-2.525156852036118948e-01,-1.216242698354095486e+00,-1.347500158221080468e+01,1.786420896205011744e+01,3.545358123619958057e+00
-3.247837993743257545e+00,-3.520696597774465531e+00,4.608336790055766130e+00,1.479465699309458060e+01,-1.031191967597393067e+00,-1.928484506349737870e+01,2.137890493828959748e+01,-5.819571895301753450e+00,1.558228353196617100e+01,-1.761078791110716857e+00,-3.919438408298361320e+00,-3.105019679319872949e+01,1.075525430067939325e+01,-4.405006578903807757e+00,3.849360030614355388e+00,-1.089168987991711646e+01,1.378226064446600674e+00,3.885233052273589749e+01,-6.653667699674814529e+00,-1.151936492866839190e+00,-1.596456032050610041e+01,-2.080895160126790877e+00,4.520030669927777023e-01,-3.118364184237030656e+00,1.060437661100334061e+01,-5.627421288242183905e+00,-4.354019283902036186e+00,-4.252392356662948458e+00,1.789187367971953435e+00,1.855898486466571740e+01,-1.655038562532408264e+01,7.578070423743117345e+00,5.288734365560983086e+00,1.176105520859234943e+01,-1.937333788508592392e+01,6.105163136813061442e+00,-1.861169200777992305e+00,-2.118572024912843688e+00,1.677148897944418016e+00,4.932070155076182516e-01,-6.539491219086007057e+00,-7.311497891174936647e+00,-7.585604317849918843e+00,3.095365855918116438e+01,1.139228672514896701e+01,1.498905171299019301e+01,-1.738050796666411912e+01,-6.007090926931796915e+00,1.734897158144248763e+01,-8.574981166623585338e-01,2.767065599382218011e+01,-9.065785096304619373e+00,-1.777217735291602096e+00,-7.495017545430732397e+00,4.951520382900795880e-01,5.599959265300602063e+00,-1.100634308348583801e+01,-6.067789898351096944e+00,-6.098802703058895602e+00,-9.040560791346182512e+00,-3.391088785708369358e-01,-1.044262047192760434e+01,2.100613826946240437e+01,1.668128738958731816e+01,-1.404172205032201504e+01,-8.776045338498992265e+00,-6.058499355432201305e+00,-2.019762791301120686e+01,-3.628009978436856908e-01,1.018342033839972594e+01,-3.479626130991916533e+00,6.868300050413911340e-02,4.634942250723697477e+00,1.799497189851560464e+01,-1.440174008739400868e+01,-7.243241433562188192e+00,-3.296414922931241165e+00,1.657451916267426384e+01,4.989120265692026379e-02,3.271756176037002639e+00,1.053920336225951182e+01,1.907451168681720377e+00,-4.775199910443269857e+00,-1.501552372233048693e+01,-1.160856439377552896e+01,3.847726746993883395e+00,-8.806002156756207455e+00,2.974583300302343414e+00,-4.132870984571965778e-01,1.221671087487263030e+01,1.257905492178923446e+00,5.175854719104168389e+00,-3.731717254451664356e+00,-3.659921668273870665e+00,1.735511234413053216e+01,-3.506236694062675685e+00,-2.256652802441999395e+00,-1.055612686896531116e+01,1.200024872265903042e+01,4.363296205761038493e+00
-2.668521213919496482e+00,-1.845973635652162415e+01,8.842493321411687646e+00,1.776332106095797059e+01,-1.151204556086374353e+01,-1.970353790607580180e+01,2.258410576650662804e+01,-1.112349201983707125e+00,2.535585746260686335e+01,-1.026012050577923418e+01,1.526485050781190900e+00,-4.666272425730647200e+01,7.196932740430060704e+00,-3.015953277913406172e+00,1.572335037476534936e+01,-6.964041203858166718e+00,6.184424897944289512e+00,4.905881664405205811e+01,-1.068387235261049817e+01,-3.603926839059352183e+00,-1.833916156172354661e+01,-4.181562136987625244e+00,-1.408050540133178652e+00,-4.304706911350297815e-02,4.461749588199139360e+00,-9.944512440356076510e+00,-1.461904678201601726e+01,1.309638073081319298e+00,5.546904422776061772e+00,3.367745606407331138e+01,2.453634333646315113e+00,1.887880684663010555e+01,1.038734584847852815e+01,1.140077830231554223e+01,-2.687169163026545604e+01,6.068885692093404671e+00,3.531971425586449609e+00,-1.703742466067240002e+01,5.294882825006132165e+00,2.439334274730544649e+01,-9.743406922666192571e+00,-5.469452140436029453e+00,-3.500362853774318772e+00,3.814888274579734428e+01,1.402590820422465256e+01,1.948452247182373043e+01,-2.649028724164207915e+01,-9.366967403269898185e+00,2.203262082293267454e+01,-7.815796102878548979e+00,3.795549179797826156e+01,-1.105463478336349148e+01,8.995973229363240620e+00,-1.454728293216325596e+01,-1.235956037409049468e+00,1.600497056911927629e+01,-2.010418556444770743e+01,-1.353367942089100318e+01,-9.895842765930568774e+00,5.696380615085201882e+00,6.270388642699513682e+00,-9.192271658532751744e+00,1.945102158790793112e+01,1.447423171299243805e+01,-1.960930773084902157e+01,-8.323046469101489819e+00,-1.079470214196611977e+01,-3.040392550601125876e+01,-2.581109569987954711e+00,8.766359844472273011e+00,-5.022897231901858994e+00,4.451345198917687762e-01,2.523507870868165526e+00,3.077343191978895121e+01,-1.950149759777021075e+01,-9.451176733193117130e+00,-4.137829914232032280e+00,1.999213756473766779e+01,4.651734119210712670e+00,7.308547190725933618e+00,2.310683323653384491e+01,8.317358982441851456e-01,1.206993468840048767e+00,-2.463229221626269805e+01,-1.736733375795358825e+01,4.599074767426873045e+00,-3.124565054834192068e+01,7.971656286063327990e+00,-1.086227108804708230e+01,9.082505093333281820e+00,-4.905797393314741406e-01,9.422066038410005007e+00,2.805706596871983649e+00,-5.227250211176414751e+00,1.052930499947775722e+01,1.332555136125916473e+00,-8.702119294316765785e-01,-1.683738896274088503e+01,2.331529161853774923e+01,3.640005350929369055e+00
-3.454634474142903144e+00,1.117923338322593807e+01,5.443503441142172328e-02,1.036067265774828172e+01,9.127475873737139977e+00,-1.681357971475752677e+01,1.792885692833088740e+01,-9.707762422340030284e+00,4.539898830970182431e+00,6.575966644656684679e+00,-8.719764496409764476e+00,-1.274982138501699147e+01,1.301224141197029205e+01,-5.263896791645576556e+00,-7.947384519279745874e+00,-1.348810691377765458e+01,-3.377400821885772508e+00,2.489731205607374420e+01,-2.075766768505873383e+00,1.322424036291254046e+00,-1.197453662565167321e+01,1.563580490364782083e-01,2.186721467111043538e+00,-5.731971443925170107e+00,1.535512988375601928e+01,-8.846306367055443154e-01,5.954379095564788393e+00,-9.128293803689077279e+00,-2.005369542291038698e+00,2.072957170821250195e+00,-3.299315749539750442e+01,-4.069302696252901086e+00,-1.669477556536707041e-01,1.084412482067991412e+01,-1.010530732474389559e+01,5.484668078232702193e+00,-6.831808831317793818e+00,1.241151291867192086e+01,-1.971181042893240587e+00,-2.247277698926253464e+01,-2.766007761822586897e+00,-8.292714650080093008e+00,-1.068795146439569876e+01,2.073330892557739347e+01,7.644687881852032518e+00,9.070453997723015860e+00,-6.781497342197075895e+00,-2.141231098621382500e+00,1.099667432317059834e+01,5.905454759370702078e+00,1.484066579660174767e+01,-6.186034742625353466e+00,-1.191471939652618950e+01,7.043447061490581973e-02,2.101619196384007626e+00,-4.976369695168296303e+00,-1.102922751639720422e+00,1.741017363352073355e+00,-1.803990843748535466e+00,-2.219852489432327403e+01,-6.639233718988061916e+00,-1.052051067835471621e+01,2.024241467878215772e+01,1.700676862032519310e+01,-7.196966314041561397e+00,-8.268392012007916847e+00,-8.676384930603641132e-01,-8.245021010755877455e+00,1.802830111699639914e+00,1.044895719539096213e+01,-1.626620640200135526e+00,-2.995926985913123231e-01,6.161699561116358304e+00,3.812847851855369896e+00,-7.966849818568386254e+00,-4.349069539389820882e+00,-2.135942785387887177e+00,1.151908787713011506e+01,-4.367248055690178710e+00,-9.494746185513731618e-01,-2.640561667186252848e+00,2.734009889634342105e+00,-9.997797815810796962e+00,-4.184299297179485677e+00,-4.841674588238761956e+00,2.714428830759071598e+00,1.365203532887856674e+01,-2.135373404946860010e+00,9.648506925855990346e+00,1.391023858709958461e+01,2.799164909355916109e+00,5.494836884271994126e-01,-9.598612521838376210e+00,-1.764500991833890531e+00,2.203626595157236778e+01,-7.768855427897308097e+00,-3.343623779229838444e+00,-3.401282896691973257e+00,-1.354775205871705523e-01,4.588397135013332573e+00
-5.629233861769954217e+00,-7.516886912769810181e+01,3.042004211304592332e+01,5.052182286450175042e+01,-4.910408112065827169e+01,-5.054423552689492283e+01,5.932043310138296732e+01,6.192563553041194879e+00,8.270182369344786366e+01,-4.215399032005485935e+01,1.426706590320867107e+01,-1.476580549676097860e+02,1.136544819697101261e+01,-4.958043747355099562e+00,6.239981424918577346e+01,-1.007128898029898245e+01,2.480328769199025629e+01,1.433702056400224194e+02,-3.467881423008612529e+01,-1.378700597709352138e+01,-5.083966912805001215e+01,-1.457353195185819317e+01,-7.111428691483923537e+00,5.771718640549826418e+00,-4.813267440472901448e-01,-3.336078610557367341e+01,-5.653534379668544574e+01,1.394162425227254332e+01,2.118897075385708462e+01,1.139306894569363493e+02,4.253254733856367409e+01,6.926996004092299586e+01,3.597313111556010057e+01,2.809356196352743140e+01,-8.217819666367603304e+01,1.525216948477537571e+01,1.922919851377758604e+01,-7.153949418763146184e+01,2.028505042313612350e+01,1.072836283527246337e+02,-3.072454188032552835e+01,-1.028597930216594669e+01,-1.025533438545792375e+00,1.100690228108546336e+02,4.044568946327427028e+01,5.778662340313827883e+01,-8.429655092055335786e+01,-3.007239768199132257e+01,6.457938521420757638e+01,-3.303694079224648306e+01,1.154885155056547887e+02,-3.171151375364095770e+01,4.331097946137919763e+01,-5.021096076066345404e+01,-6.430397950964415799e+00,6.030192007222242268e+01,-6.815134478491324899e+01,-4.844291439127125187e+01,-3.224351093438250615e+01,4.256000527902853747e+01,2.846844743124779598e+01,-2.081602588490105177e+01,4.613255810456673345e+01,3.232154179187769927e+01,-6.015167623159579335e+01,-2.014620998762707416e+01,-3.630857338960146308e+01,-9.627362174089493863e+01,-1.075796770435968597e+01,1.942199314444877345e+01,-1.563175893043416487e+01,1.843611583336145499e+00,2.333529791246574892e+00,1.021247793601445295e+02,-5.898495161772620321e+01,-2.808233564715354191e+01,-1.205527624310997581e+01,5.700716069102045935e+01,2.054309517654958839e+01,2.617004686020977289e+01,8.236651537344700102e+01,4.290053355313483419e-02,1.448589194138661185e+01,-8.057527572945450345e+01,-5.485714589020395948e+01,1.304751766193285789e+01,-1.217903593369743760e+02,2.968031575296647162e+01,-4.740271880255435377e+01,1.693673581064753719e+01,-4.581844863678338875e+00,3.190628432263747172e+01,1.958368132978336362e+01,-1.619367026895059070e+01,1.353052414897640965e+01,1.261655705499133262e+01,4.541093729466217921e-01,-5.451831705273305317e+01,8.049768555491304767e+01,7.806550503608404412e+00
-3.145294220204204017e+00,-4.696438129185791865e+01,1.860938210477186416e+01,3.001696271576888009e+01,-3.083754694802083307e+01,-2.947171288823402335e+01,3.474528179612184431e+01,4.630151133893437354e+00,5.021219059186596922e+01,-2.636375254890988629e+01,9.485376231855035201e+00,-8.924790517606408002e+01,5.827397921178127937e+00,-2.577869311437540389e+00,3.887101626265617682e+01,-4.994278308339095140e+00,1.546974922098634586e+01,8.557191896593988645e+01,-2.104024312249925899e+01,-8.550853431779071201e+00,-3.007165737019467144e+01,-8.931123525251877027e+00,-4.540918772593239616e+00,4.028243854901117693e+00,-1.624618190011422714e+00,-2.033691720535595948e+01,-3.510989433928938297e+01,9.321625353847647233e+00,1.313929174605399375e+01,6.953490072311559800e+01,2.888370435419203375e+01,4.273894760819259631e+01,2.202650733927618987e+01,1.625117796903678880e+01,-4.940969472121716421e+01,8.857746093576821522e+00,1.235817854924880344e+01,-4.485030059214663822e+01,1.258321922964119288e+01,6.759375033914061248e+01,-1.856082419690065066e+01,-5.575683486739421824e+00,2.982861254897595238e-01,6.555553919509529237e+01,2.408661653811578063e+01,3.457407316064991676e+01,-5.099383612992873083e+01,-1.821589503395133036e+01,3.856372735141801655e+01,-2.072692675126404893e+01,6.938217285598945239e+01,-1.886850484571543163e+01,2.753417083789459241e+01,-3.073030957137581609e+01,-4.116822679333562718e+00,3.732995427452606663e+01,-4.160643533286813778e+01,-2.979314707382547667e+01,-1.957361693698748795e+01,2.796545247498190179e+01,1.799501606371837070e+01,-1.182606816016686224e+01,2.647518400345586187e+01,1.830446807234861950e+01,-3.618354009739521615e+01,-1.161128938060779348e+01,-2.214214727231614077e+01,-5.819586129247880280e+01,-6.738991353344734314e+00,1.097925426402682980e+01,-9.424209862964639584e+00,1.154061729852482454e+00,8.941533332588411653e-01,6.216012282799244559e+01,-3.540292957731617918e+01,-1.680692371535477392e+01,-7.191632911772313896e+00,3.388501229686809779e+01,1.294866973176127800e+01,1.609576046111717673e+01,5.062900099706754276e+01,-2.105746655313172067e-01,9.729982310367159215e+00,-4.894175351579268352e+01,-3.314782442280146313e+01,7.748678176220056280e+00,-7.570638319911402903e+01,1.834642750278373668e+01,-2.984161201869746094e+01,9.158695916182782781e+00,-3.046111428110987340e+00,1.947593516834248106e+01,1.281475371500897964e+01,-9.756101288768947555e+00,6.370533417683261312e+00,8.393056158379446074e+00,5.675022491974770489e-01,-3.306526395233171911e+01,4.926846392558736198e+01,4.379390669452459584e+00
-5.504898938536073594e+00,-5.604724096271546330e+01,2.407672611545769925e+01,4.311596659594946601e+01,-3.605693791928501923e+01,-4.509977985304360004e+01,5.238094785016643584e+01,1.940104581706375342e+00,6.679462583401377174e+01,-3.133729839487246238e+01,8.627500644320285517e+00,-1.206719116201568767e+02,1.295387953196949837e+01,-5.525284327899510295e+00,4.693249239051603894e+01,-1.207527725061252255e+01,1.858864388259963363e+01,1.209816456651236649e+02,-2.806098305008858773e+01,-1.050164509634169008e+01,-4.385907666095734925e+01,-1.147901215729149982e+01,-4.958390956572484853e+00,2.818598519652873780e+00,4.297739866590521984e+00,-2.665559627135623089e+01,-4.290133695859007190e+01,8.245627260995089358e+00,1.614800379924955820e+01,9.074285650091916011e+01,2.358786091916297778e+01,5.354788338910798018e+01,2.840138245813602680e+01,2.552406910717220256e+01,-6.807615453488249102e+01,1.373448798591410913e+01,1.312742955889792995e+01,-5.280120370359778548e+01,1.544348222211398891e+01,7.800684268014714462e+01,-2.514373243010178527e+01,-1.066213845506134206e+01,-4.067555088706525268e+00,9.337402477661234457e+01,3.431893241625532198e+01,4.846881254651002280e+01,-6.873891965370081891e+01,-2.443757328415200547e+01,5.442830059039405910e+01,-2.433063845784598200e+01,9.586508321986643466e+01,-2.696638023798280770e+01,3.062577312594583745e+01,-3.969192281751995921e+01,-4.445672089872580557e+00,4.617841934279926619e+01,-5.423902181866047556e+01,-3.778452393008154075e+01,-2.605202196128493597e+01,2.689851145375565267e+01,2.049370803605128799e+01,-1.966944398045163567e+01,4.265515462538256486e+01,3.074575585838747926e+01,-4.976858659933911611e+01,-1.845348548539323019e+01,-2.898191409254718565e+01,-7.865786061858698019e+01,-7.959514965148143162e+00,1.854505981647243118e+01,-1.285923820844037380e+01,1.366888144044450026e+00,3.723020643330613666e+00,8.193531535112285269e+01,-4.908035831256374593e+01,-2.353626165608978837e+01,-1.018567020891309483e+01,4.859836701188687869e+01,1.491753855487604419e+01,2.040940154443258692e+01,6.434166120438671044e+01,8.669356937085133108e-01,8.411182745349282897e+00,-6.500432920257088654e+01,-4.486336514994930269e+01,1.114671870676081866e+01,-9.216818306681169304e+01,2.282445812107218330e+01,-3.455252955456150232e+01,1.763398494577757702e+01,-2.771065160402620187e+00,2.540307303768771163e+01,1.256480480770351704e+01,-1.334568075316057545e+01,1.741576457118433652e+01,7.611787906157208461e+00,-6.595739198969009509e-01,-4.415651325382835779e+01,6.362680133784843406e+01,7.572442579707263199e+00
-5.605646492126744818e+00,-7.414471232255272071e+01,3.006223440914921241e+01,5.005466353351388875e+01,-4.841247130527651166e+01,-5.015666410371908057e+01,5.884324072641133085e+01,5.999458533723398546e+00,8.178341338403029681e+01,-4.157585687088700155e+01,1.399103394679978329e+01,-1.460757701500920973e+02,1.139253449203581070e+01,-4.964754801403484130e+00,6.156612560866069828e+01,-1.011951477509668251e+01,2.446920241863853107e+01,1.419887705840495187e+02,-3.429583267536585112e+01,-1.360817022460274472e+01,-5.038873506804279145e+01,-1.439985705805518101e+01,-7.000565154418966429e+00,5.632771768546712465e+00,-2.856412941836885544e-01,-3.297859688254099808e+01,-5.579542690930939131e+01,1.366437204433172781e+01,2.091445627572091581e+01,1.126137389764276406e+02,4.162305113709987836e+01,6.840330063780561431e+01,3.554714418507560936e+01,2.789668828452004590e+01,-8.133482657722555587e+01,1.514030260891127710e+01,1.891805356660757909e+01,-7.054285836933053133e+01,2.002161115342456554e+01,1.057412661628854096e+02,-3.039670041457442551e+01,-1.026738429750143666e+01,-1.145707094682246741e+00,1.090284937266619494e+02,4.006366193404317499e+01,5.721788699050966898e+01,-8.338708658505916560e+01,-2.974450998082114950e+01,6.395443649112993967e+01,-3.257454341710975854e+01,1.143112020686722161e+02,-3.141436284108302956e+01,4.265314677993553971e+01,-4.961838415673556568e+01,-6.328613043485501244e+00,5.952971887880274693e+01,-6.736187169588350798e+01,-4.785050035149317438e+01,-3.188586480396783784e+01,4.178376456841144204e+01,2.805080670686139044e+01,-2.070090886171847444e+01,4.583940596072094564e+01,3.215110413554974400e+01,-5.953188551250875804e+01,-2.001111730206666550e+01,-3.589143605243372548e+01,-9.524112555346566467e+01,-1.060888246345528962e+01,1.932241848740325096e+01,-1.546767710441322841e+01,1.818178430752390051e+00,2.382279047177826126e+00,1.009684846220388863e+02,-5.838843701054268109e+01,-2.780522066953463778e+01,-1.193964369426846694e+01,5.647791058322572866e+01,2.024696468200341215e+01,2.584989975015007246e+01,8.136320126765603788e+01,7.622720679692146506e-02,1.419146612790961903e+01,-7.967752507228320269e+01,-5.427060217444101653e+01,1.292735068682071287e+01,-1.201861973172082543e+02,2.930412730111248010e+01,-4.672471094461428720e+01,1.690928027888888607e+01,-4.493212170360846081e+00,3.153708819693927623e+01,1.923412098367326095e+01,-1.602467287829078657e+01,1.364376489889382427e+01,1.237174242307932737e+01,4.073820294185753754e-01,-5.391794197949740663e+01,7.954739381759566186e+01,7.771334647741041657e+00
-9.500206219906768279e-01,-4.654844639612582213e+00,2.525375918152601873e+00,5.633373600867596309e+00,-2.785084765413726515e+00,-6.539498862283391389e+00,7.422158370214814838e+00,-8.478512072926172038e-01,7.481099186530312473e+00,-2.567405604300240451e+00,-4.110439215282069014e-02,-1.400775949191836212e+01,2.764128194808606054e+00,-1.148007611489560320e+00,4.050891178742768162e+00,-2.723700536827780017e+00,1.579583027068869772e+00,1.535514477479810580e+01,-3.161114659807980676e+00,-9.557802033273625764e-01,-5.885837348145254388e+00,-1.184283111119035503e+00,-2.821515540987783455e-01,-3.255402768893540522e-01,2.111934852445153776e+00,-2.885108226862129754e+00,-3.844799312511266720e+00,-1.252886786222056070e-01,1.472708099778432089e+00,9.720088224928016274e+00,-1.103203505535688578e+00,5.162956497870423433e+00,2.953960136526465163e+00,3.844822275787191046e+00,-8.217662353693405919e+00,2.030949591652597697e+00,6.341582498915143695e-01,-4.181771503593655126e+00,1.402685118268839570e+00,5.730250521058342983e+00,-2.930561105213294937e+00,-2.013419661159406626e+00,-1.582622417014611482e+00,1.201541881648934229e+01,4.418810296172081209e+00,6.053849468478925466e+00,-7.927212183577371007e+00,-2.789033369341286761e+00,6.885988290381968469e+00,-1.906784490694146017e+00,1.163821064728475285e+01,-3.491510207225809292e+00,1.915025463949759477e+00,-4.145894298365554675e+00,-2.377110101094631611e-01,4.293596230673932368e+00,-5.795176593941762988e+00,-3.765454931436579944e+00,-2.921469157603147515e+00,4.117617428016604464e-01,1.425840971137271707e+00,-3.197139847721805594e+00,6.654857204463457521e+00,5.058350171178553012e+00,-5.987056717710830256e+00,-2.826103909492022392e+00,-3.126703860635890564e+00,-9.123596524169961697e+00,-6.377574512414847518e-01,3.071734158203144105e+00,-1.521723955154084207e+00,1.106054522728555367e-01,1.056599366626129521e+00,8.986776746348491329e+00,-5.998378176538200712e+00,-2.933716474456986578e+00,-1.297085729196962189e+00,6.332472712491066247e+00,1.088272545879657383e+00,2.032938804504447639e+00,6.447121963815146017e+00,3.866778475019370109e-01,-2.020886571829003664e-01,-7.255261634617835576e+00,-5.218793249107076981e+00,1.460275100634436329e+00,-8.166999686859121255e+00,2.157285532348877766e+00,-2.571255620095887373e+00,3.351081585900148152e+00,1.303620515143455449e-02,2.717759403069108348e+00,2.757747464360393863e-01,-1.587552850409363447e+00,4.207893713708315886e+00,-4.445606300539051148e-02,-4.309697825588767461e-01,-4.988902182057541879e+00,6.643493148738476073e+00,1.289107038390330917e+00
-5.615993716074392239e+00,-7.297951033212046923e+01,2.969481715473535033e+01,4.967802561708312226e+01,-4.760980602728388078e+01,-4.992650964898157895e+01,5.853209321153229183e+01,5.703633381079320941e+00,8.088441278700959458e+01,-4.091544617880797574e+01,1.361982481136350032e+01,-1.445762901512928238e+02,1.155072916020231588e+01,-5.024383165416301367e+00,6.062916983290256923e+01,-1.030421549475953569e+01,2.409180520108263579e+01,1.408175182933268559e+02,-3.392277418271702061e+01,-1.341101268244570477e+01,-5.004494848839247823e+01,-1.421968696977993574e+01,-6.864651518968750921e+00,5.432466089385661334e+00,6.940547780047623405e-02,-3.259442196172648920e+01,-5.497486751499046420e+01,1.328781591258936068e+01,2.061206372849950341e+01,1.112801767844936620e+02,4.035726047754381796e+01,6.747128392912813410e+01,3.510739521059753088e+01,2.780284949095666036e+01,-8.056874288890328728e+01,1.508019912466605383e+01,1.852964598656645379e+01,-6.939361506117461431e+01,1.973095059182243460e+01,1.039300278141766540e+02,-3.008726085475515077e+01,-1.033132714395743612e+01,-1.376349299968440354e+00,1.081661129882492247e+02,3.974736672416798200e+01,5.672386544427781274e+01,-8.251973926183507047e+01,-2.942876467643200300e+01,6.342190165393996182e+01,-3.203986977497211797e+01,1.132491301447963252e+02,-3.117074221724340433e+01,4.185729828553078136e+01,-4.900828433228938508e+01,-6.202888138334723855e+00,5.868575535072673688e+01,-6.656104050000290329e+01,-4.722383398641235175e+01,-3.153613847463070741e+01,4.076313781197391251e+01,2.755480989795329094e+01,-2.068790548574127186e+01,4.574069605665364691e+01,3.214618095595696445e+01,-5.896659455245306702e+01,-1.995501255710311739e+01,-3.547115096272258938e+01,-9.426191432576631257e+01,-1.043750769038799930e+01,1.932468185039541098e+01,-1.531523189408318508e+01,1.789022540630284652e+00,2.494131699966388283e+00,9.981756563779525493e+01,-5.785479444107082259e+01,-2.756380429394715037e+01,-1.184212450666572458e+01,5.604902320569855334e+01,1.989868442662012527e+01,2.551115606482773046e+01,8.030496277154526297e+01,1.378854539688390557e-01,1.378853943676321947e+01,-7.879620852965474853e+01,-5.371590955110122678e+01,1.283096290103686243e+01,-1.183997598945885414e+02,2.889587299932326303e+01,-4.593081464737520037e+01,1.702038015194275644e+01,-4.374025645252813455e+00,3.116291806121386188e+01,1.877849352401574023e+01,-1.586855370183763547e+01,1.398095003688808369e+01,1.204216154524096360e+01,3.258364763490335658e-01,-5.333459749246401316e+01,7.856877516098293768e+01,7.781079915847526784e+00
-1.540761090252800170e+00,-1.173815785254956268e+01,5.456231570327353175e+00,1.064522418167091722e+01,-7.386630376133666687e+00,-1.164415109631869250e+01,1.338780944853862565e+01,-3.877400763435929765e-01,1.551079850914360136e+01,-6.535351628748474084e+00,1.210629678507676443e+00,-2.840943585607967492e+01,4.041640977427469750e+00,-1.699512716669286938e+00,9.949672568025627939e+00,-3.883242916996598737e+00,3.921220492210672592e+00,2.951444455094578245e+01,-6.530573088751809863e+00,-2.265183518336961743e+00,-1.095097288231106525e+01,-2.585824972013894385e+00,-9.364154877204191596e-01,1.498818528208443190e-01,2.281263732991018145e+00,-6.110881098148701618e+00,-9.206704025364672361e+00,1.089359965156908583e+00,3.485483369455561586e+00,2.072313262786184751e+01,2.530127938845462943e+00,1.177795241042667840e+01,6.416585539718390407e+00,6.703149729955905300e+00,-1.627510166699706673e+01,3.577097040114497695e+00,2.390370022818804507e+00,-1.089818982581895312e+01,3.328874054075424027e+00,1.574825330769234633e+01,-5.928835482313729699e+00,-3.120662488693572989e+00,-1.831534655076754614e+00,2.290862200859649533e+01,8.421965967229196437e+00,1.174732993938467551e+01,-1.614200467638394088e+01,-5.715716392269580837e+00,1.326081212424984201e+01,-5.005985108845790954e+00,2.297065226236363600e+01,-6.632891284228772832e+00,5.919421407168191429e+00,-8.981278395792060110e+00,-8.275727504538188395e-01,1.003203952619332640e+01,-1.237507962190961841e+01,-8.407072528568798830e+00,-6.052538978519401702e+00,4.199368256112243181e+00,4.074692156422177192e+00,-5.349941487635652138e+00,1.138273618460528702e+01,8.410486732420839218e+00,-1.188202505881094240e+01,-4.882753053619423689e+00,-6.636172072312731984e+00,-1.851259115421326840e+01,-1.648652379055600248e+00,5.089255973523433951e+00,-3.050240556777310097e+00,2.839757675437500906e-01,1.367919755069574528e+00,1.887710318965937617e+01,-1.179178077128235280e+01,-5.699727707578923663e+00,-2.488266048595612290e+00,1.198527002682329190e+01,3.005659499895474873e+00,4.540328624491490217e+00,1.434366137436060029e+01,4.292142251032564082e-01,1.052770664173383830e+00,-1.507513453781664303e+01,-1.057070239595817007e+01,2.755155066363045968e+00,-1.970620972205501431e+01,4.986130098852750159e+00,-7.001605360647626952e+00,5.177840761192680219e+00,-3.889726224560615675e-01,5.798725356190692182e+00,2.027265882576640088e+00,-3.172130134394243850e+00,5.820707802294017519e+00,1.061656480093544852e+00,-4.341967722976813882e-01,-1.028794204588636596e+01,1.439521334403957731e+01,2.105494738962163659e+00
-3.359080769834873692e+00,-1.184885613953489347e+01,7.431984496700488663e+00,1.825794202095911345e+01,-6.689422357078087522e+00,-2.197975111342503141e+01,2.475714801203344706e+01,-4.084355621772076006e+00,2.273444324554392182e+01,-6.468058169233103172e+00,-1.550970861869388706e+00,-4.326535075653058726e+01,1.025901018095144224e+01,-4.237782483935191635e+00,1.060366650773236152e+01,-1.021822548346063897e+01,4.089069918144154769e+00,4.921817580314814222e+01,-9.632189910495492668e+00,-2.592513764988162883e+00,-1.926472424978936715e+01,-3.455421416273550150e+00,-4.707031865174404750e-01,-1.897002938037109621e+00,8.726224389143908411e+00,-8.625539213858788301e+00,-1.032476033339068699e+01,-1.865424892889863351e+00,3.999953263056637454e+00,2.891108900340539734e+01,-8.654027387991110487e+00,1.450850991020944925e+01,8.655449749675597104e+00,1.307999010902152293e+01,-2.581228303300355620e+01,6.869299649240929284e+00,7.435352566078412551e-01,-1.025620216295591014e+01,3.799735976447856878e+00,1.315760918013223346e+01,-9.067711904617349106e+00,-7.278326750285829760e+00,-6.404895488289925609e+00,3.871848163616724037e+01,1.424241567885473181e+01,1.928227140138799101e+01,-2.441339173478339930e+01,-8.549236059739270033e+00,2.204417315946069067e+01,-4.636209467068701962e+00,3.664325463845458586e+01,-1.127748495245206861e+01,3.674839197432767435e+00,-1.217483458732212220e+01,-3.540330652504528608e-01,1.180435367217678078e+01,-1.721515817906233536e+01,-1.078257991476867339e+01,-8.883204488972429758e+00,-2.430505458901288662e+00,3.102181645586340686e+00,-1.112312425124616055e+01,2.288120521006769792e+01,1.765776766456343339e+01,-1.877866653860252200e+01,-9.663130837429001474e+00,-9.332895293756852340e+00,-2.817006396845906835e+01,-1.578929371281066585e+00,1.074277277517467155e+01,-4.739721100825646793e+00,2.759752937433149755e-01,4.116349052738056180e+00,2.704096654697543300e+01,-1.893821509528965663e+01,-9.336628453842186204e+00,-4.162957606172397185e+00,2.050285909148664132e+01,2.482571225082391475e+00,5.819867784573698799e+00,1.851750003664834310e+01,1.585007151427774819e+00,-2.233779136589777892e+00,-2.201229662199619597e+01,-1.613414613366837713e+01,4.737513141827715657e+00,-2.176686801777363556e+01,5.990868848018276793e+00,-5.975440270802260478e+00,1.213157582988826988e+01,4.974160923123893685e-01,8.078668058798992746e+00,-7.636824639031178918e-01,-4.955831764327923494e+00,1.598284696227762680e+01,-1.404861877911528723e+00,-1.815182490799063020e+00,-1.522216533920633097e+01,1.950557565678508354e+01,4.541737974778709663e+00
-3.883028515405999581e+00,-4.240181468516197327e+01,1.791448868785408521e+01,3.144590233774574628e+01,-2.739814337499869978e+01,-3.252306894193491615e+01,3.787270879159193271e+01,2.044354752740658920e+00,4.942759699363816139e+01,-2.372795711069946378e+01,6.959984232022229378e+00,-8.901510131032351580e+01,8.835302771569914171e+00,-3.786276409362558049e+00,3.541870967667333048e+01,-8.152010998346169046e+00,1.404256478788966689e+01,8.849414823698180044e+01,-2.075452378982479829e+01,-7.897111862689436990e+00,-3.189908817827493692e+01,-8.552332592143821799e+00,-3.825298493107413655e+00,2.452181729983737846e+00,2.248485711206144266e+00,-1.978232242492401838e+01,-3.229544166541615624e+01,6.701066803758096491e+00,1.214136954260690437e+01,6.740243462346511194e+01,1.959503503548219783e+01,4.010196947800667999e+01,2.114658510144224124e+01,1.832413713375753517e+01,-5.003702629685622583e+01,9.881893802452543341e+00,1.019203227461021655e+01,-4.006234973103199337e+01,1.161495092050602906e+01,5.944274115164586192e+01,-1.854081211035401466e+01,-7.421748105918242189e+00,-2.365899196752939471e+00,6.820619625385054974e+01,2.506717907120804512e+01,3.550929491547138639e+01,-5.073586929405842483e+01,-1.805393909276105191e+01,3.982517713410130256e+01,-1.847213486572765362e+01,7.042456257043095036e+01,-1.968565683991986504e+01,2.352870216885143151e+01,-2.954301443439043950e+01,-3.438469522132795220e+00,3.467373976442292616e+01,-4.029635412554224416e+01,-2.822687564725931608e+01,-1.927627092085867844e+01,2.139104782222962342e+01,1.566209051537800434e+01,-1.398715479924543637e+01,3.049167191330720783e+01,2.182887933657553248e+01,-3.659248034332277655e+01,-1.322155912005612599e+01,-2.151461509844235920e+01,-5.802699212978518517e+01,-6.034981636446642206e+00,1.315481650882027331e+01,-9.469197383930298528e+00,1.035768808871539548e+00,2.389496003266230240e+00,6.074024693139020314e+01,-3.603267628920267640e+01,-1.724660539124164416e+01,-7.448025701395695641e+00,3.545423403920654692e+01,1.137176782672531594e+01,1.524737527508434098e+01,4.804629600876397433e+01,4.760432411646992601e-01,6.878061331891318630e+00,-4.811725923586879361e+01,-3.308772423004212726e+01,8.127450500845188941e+00,-6.943592470807800510e+01,1.711801696844667120e+01,-2.631079691733276960e+01,1.226267771625507308e+01,-2.235380983102110974e+00,1.887092944012785622e+01,9.944485346454083441e+00,-9.822677623240064548e+00,1.159759388064830254e+01,6.145268408166010943e+00,-2.840136251138166701e-01,-3.265079047526845102e+01,4.735933143846944660e+01,5.351555005036525259e+00
-3.082282410580902798e+00,-2.216392844469045187e+01,1.048701286067758431e+01,2.082086365598690492e+01,-1.387383641547955193e+01,-2.296731633929751837e+01,2.635726517635417565e+01,-1.086369452996515328e+00,2.996629308429742622e+01,-1.232764986437514310e+01,2.019907758682155663e+00,-5.504187677398738998e+01,8.224139610015294366e+00,-3.450952754698717317e+00,1.884065244274445661e+01,-7.936478365311474548e+00,7.416581545340861226e+00,5.759236717429838137e+01,-1.262260358205616839e+01,-4.306457167379465822e+00,-2.146514559491112806e+01,-4.963616572530746396e+00,-1.722615100210673100e+00,8.652668233977500734e-02,4.923628259256706663e+00,-1.177422002127441836e+01,-1.748296959300488851e+01,1.772505751214906944e+00,6.627468123514556275e+00,3.989597993560914801e+01,3.702264927572938902e+00,2.249033776258298900e+01,1.232471795721021834e+01,1.326247590560652867e+01,-3.163067689824208983e+01,7.066818884736610684e+00,4.353352079880002279e+00,-2.050646495540765812e+01,6.327717883578551472e+00,2.947302059484765380e+01,-1.149052417619436639e+01,-6.288412347878973740e+00,-3.895329033270821917e+00,4.475175037378481591e+01,1.645301008315203717e+01,2.289339645269993184e+01,-3.125806513824973720e+01,-1.105901579715814798e+01,2.586952897648215810e+01,-9.412276390864636966e+00,4.466380677583649117e+01,-1.296371507773855214e+01,1.095635817518452981e+01,-1.725661473656967360e+01,-1.516446444122351966e+00,1.910337571451675487e+01,-2.381964221757548472e+01,-1.609445173964421727e+01,-1.169442397245297371e+01,7.289467311654183490e+00,7.596840063958800293e+00,-1.065067448756277813e+01,2.258549673453922679e+01,1.676005826307171276e+01,-2.308637741121312814e+01,-9.673721257915754990e+00,-1.278306079081027491e+01,-3.586500755620066627e+01,-3.104797366920326152e+00,1.014720653052516042e+01,-5.918749496272605271e+00,5.351772424578271625e-01,2.845299806106701190e+00,3.640967564641383802e+01,-2.294002119894365777e+01,-1.110590344296197429e+01,-4.856721924575104765e+00,2.343671720310902984e+01,5.622375288789485559e+00,8.691655141194461365e+00,2.747101930003189807e+01,9.209192139310398151e-01,1.671627147899104493e+00,-2.911658840438580498e+01,-2.048364636721220222e+01,5.389931319535501864e+00,-3.738900091867156306e+01,9.506652128929818701e+00,-1.311562785428265698e+01,1.043911290601070441e+01,-6.490789095495981265e-01,1.116257689071080605e+01,3.558322100068647131e+00,-6.157828491524262482e+00,1.196015013622238854e+01,1.767057351351119632e+00,-9.519239533293299971e-01,-1.988963866149968496e+01,2.765814722846275231e+01,4.207371916057278227e+00
-3.328651329513937718e+00,-2.263618467806754708e+01,1.090322931259788319e+01,2.201704505616561391e+01,-1.409263157278637202e+01,-2.448105237030801362e+01,2.804513912356948779e+01,-1.479456938305905300e+00,3.131376834203432935e+01,-1.257740525816150523e+01,1.785161566720502080e+00,-5.767602038256059416e+01,9.018377579573050085e+00,-3.777147645742287452e+00,1.929821210696848510e+01,-8.736518496393845368e+00,7.587719596516794951e+00,6.076543809551387909e+01,-1.319609171480229470e+01,-4.428866836147511421e+00,-2.274499171718116486e+01,-5.154046865943923805e+00,-1.711782526523970116e+00,-1.168166003230042271e-01,5.672002699535471315e+00,-1.227122956603299464e+01,-1.795878956553475803e+01,1.513250511059512249e+00,6.816926323489570727e+00,4.154670640392757264e+01,2.658394961606957096e+00,2.323195403152537963e+01,1.280554091923015925e+01,1.417752841876168191e+01,-3.324465086832147165e+01,7.543809532808287699e+00,4.278882001256298473e+00,-2.086879861072719677e+01,6.506568727886969050e+00,2.982662117512633415e+01,-1.204419153476409932e+01,-6.835945411194867205e+00,-4.434731636370566221e+00,4.726739534264805798e+01,1.737868481138085031e+01,2.412490582338414313e+01,-3.273742532995252930e+01,-1.157310124499822024e+01,2.728808188454080152e+01,-9.571056533374472153e+00,4.696342094148896251e+01,-1.369894145636508398e+01,1.095936826835577094e+01,-1.793573647852426234e+01,-1.500539668839109053e+00,1.967848251958620409e+01,-2.480033832622633483e+01,-1.666740573243099277e+01,-1.222144421983022866e+01,6.776676635614339972e+00,7.657439161169917519e+00,-1.145088361744031147e+01,2.420783377826403893e+01,1.803556682416516566e+01,-2.425793017719428946e+01,-1.035410179577642964e+01,-1.331930814092580739e+01,-3.757914055106269302e+01,-3.162410651094536895e+00,1.092494686682451288e+01,-6.211223830342841978e+00,5.455107748266170287e-01,3.179955644961337313e+00,3.798544840501400444e+01,-2.413356358069559704e+01,-1.170148122598613938e+01,-5.125616610875976420e+00,2.477801463852991048e+01,5.686934129549390704e+00,9.000739644610654011e+00,2.846091696906108481e+01,1.055916951150820182e+00,1.377022673962196464e+00,-3.041767200605223564e+01,-2.146742824024268614e+01,5.700755485430888392e+00,-3.837347272695371458e+01,9.805153015145393169e+00,-1.328567821597557241e+01,1.135323784550154258e+01,-5.737482326328422477e-01,1.162333632813598960e+01,3.352644175748485722e+00,-6.464720369046153436e+00,1.322747692748585635e+01,1.556623969700197563e+00,-1.110136155721406448e+00,-2.079799913842810710e+01,2.874579905601533270e+01,4.539080175714797605e+00
-3.841767380859889336e+00,3.249649058567818827e+00,3.042947989689099408e+00,1.482939475120907247e+01,3.859597487351964062e+00,-2.097373013816288534e+01,2.289823884609909754e+01,-8.631330491433317320e+00,1.245313987920227916e+01,2.114357162741403506e+00,-6.896967351584898154e+00,-2.665466883686810462e+01,1.350310395597890611e+01,-5.497898037038699393e+00,-1.429000318598506070e+00,-1.382879974475555329e+01,-7.758916915189879582e-01,3.779551524071989377e+01,-5.385686825021081425e+00,-9.691001671591514821e-02,-1.639678727767604016e+01,-1.284154978691803173e+00,1.382156943177844877e+00,-4.888396471267353327e+00,1.456829083157850313e+01,-4.122317694683157008e+00,1.086193410541360649e-01,-7.317821617100665144e+00,1.746741418975545912e-01,1.317567184230654398e+01,-2.722205930246273553e+01,2.937837049664080880e+00,3.378249911499773273e+00,1.308424296218464633e+01,-1.769902824927822138e+01,6.720235176981347536e+00,-4.612021261163823382e+00,4.779449657316600764e+00,1.183356442568084255e-01,-1.084151724941141559e+01,-5.653870703332036562e+00,-8.904730370891215330e+00,-1.027405240755940596e+01,3.055762204300485507e+01,1.125344963677375176e+01,1.431564527024828060e+01,-1.474358776138313232e+01,-4.995059740863512232e+00,1.681701484171255601e+01,2.372596539213563283e+00,2.548165833304049954e+01,-9.006234087318460979e+00,-7.082228575541152260e+00,-4.870088949921415278e+00,1.368117470008477721e+00,1.192647608289104433e+00,-7.750974420712756441e+00,-3.106114185596571708e+00,-4.887541858199594635e+00,-1.694460210609018347e+01,-3.520246026572967146e+00,-1.206063043503626453e+01,2.380364022025305815e+01,1.936581832115636814e+01,-1.276493610095366193e+01,-9.851113512554142915e+00,-4.395993219997533785e+00,-1.731430588241951440e+01,6.581979909081696611e-01,1.185545089048515699e+01,-3.085317547678003258e+00,-1.038859580903170599e-01,6.094399568415935775e+00,1.367091977199427077e+01,-1.338302018704251850e+01,-6.900889160323267824e+00,-3.218442937353932720e+00,1.656970880985696581e+01,-2.136962536651727973e+00,1.669494653011526886e+00,5.585524085278041007e+00,2.606556823666875911e+00,-8.091933228438080050e+00,-1.190556751312121797e+01,-1.000247718055099710e+01,3.866633660517918791e+00,1.019172876561182051e+00,8.858662611683549848e-01,4.522826549510090111e+00,1.490566533351698730e+01,2.213833091005185771e+00,3.660293701712115766e+00,-7.210718704413279667e+00,-3.271808990578838117e+00,2.230541371169699616e+01,-6.154145409240230791e+00,-3.137941511719669840e+00,-8.598139243307315382e+00,7.786204190486069265e+00,5.135018091742078461e+00
-4.686055310457003742e+00,-5.870253914440748133e+01,2.406561367509921467e+01,4.066218689743980264e+01,-3.822417732415449620e+01,-4.111586398455271762e+01,4.813309124466046995e+01,4.242411057549844600e+00,6.572298910100955993e+01,-3.289910417765835859e+01,1.069600591036271275e+01,-1.176573410321437478e+02,9.869038898605598575e+00,-4.277382028106828216e+00,4.882068883068181009e+01,-8.877521225335694766e+00,1.939096971319701979e+01,1.150863635168856831e+02,-2.757081621125106707e+01,-1.081603695011603250e+01,-4.102263025250574202e+01,-1.151694849726577274e+01,-5.477334260313659442e+00,4.178125707721960680e+00,6.566455429795952092e-01,-2.644779830350466199e+01,-4.431659836465405533e+01,1.041098531900455626e+01,1.662477511550955356e+01,9.025803335097742774e+01,3.141383229303750113e+01,5.451690001861926760e+01,2.844309287899458383e+01,2.295432769899269587e+01,-6.568479638821422384e+01,1.243484313369132011e+01,1.474854857206760705e+01,-5.574849041796559845e+01,1.591209328371661513e+01,8.334200364683296414e+01,-2.448965967921438036e+01,-8.696345975432993924e+00,-1.533248529586995090e+00,8.846416120369180192e+01,3.250858250534497529e+01,4.632140310003459405e+01,-6.713584080631267170e+01,-2.393161142622091475e+01,5.182453947566786212e+01,-2.573291186010983722e+01,9.235282511835308128e+01,-2.550139612994420091e+01,3.345359224506277940e+01,-3.971158796716787265e+01,-4.944395429787381779e+00,4.736199380071939657e+01,-5.398151495477775086e+01,-3.820021960239427727e+01,-2.562615591550689231e+01,3.216482073109414586e+01,2.206970822014054434e+01,-1.717600964780251616e+01,3.785792018806114356e+01,2.671495480476945517e+01,-4.806556515620616210e+01,-1.649404243422721805e+01,-2.877831934462887276e+01,-7.670845244669206409e+01,-8.387643732400334784e+00,1.606851023755026375e+01,-1.247445041974194879e+01,1.438037497396232656e+00,2.262073088328415693e+00,8.103722601765183242e+01,-4.719471034859853376e+01,-2.250665142293369669e+01,-9.679898960367925298e+00,4.587028232369139147e+01,1.595432923165675199e+01,2.063608908560866695e+01,6.497266237142814305e+01,2.186395595719392571e-01,1.078275297454054282e+01,-6.401688805360933543e+01,-4.371852681875962787e+01,1.050383324258310402e+01,-9.541259292116905044e+01,2.333255760163648418e+01,-3.684321737934509144e+01,1.433653667737546478e+01,-3.435084050567049019e+00,2.527466052453317147e+01,1.484201959758561884e+01,-1.292823142316319185e+01,1.219124121997727883e+01,9.454712638472990704e+00,1.333054768997955497e-01,-4.335320599821809395e+01,6.366367726962694462e+01,6.484885408414623242e+00
-3.470787778895198183e+00,-3.607284807617580213e+01,1.541906858863394270e+01,2.744919032800695291e+01,-2.323750384680732850e+01,-2.861731880203346279e+01,3.326284194029824448e+01,1.396596403134808373e+00,4.270655350396804550e+01,-2.017432096585994117e+01,5.663858327454869723e+00,-7.708195891729867810e+01,8.089811212305390242e+00,-3.455131575297532898e+00,3.018402222208062113e+01,-7.519558899529415363e+00,1.195868926233212548e+01,7.708755385154911721e+01,-1.793870736948422362e+01,-6.746761795780407134e+00,-2.789950380566534704e+01,-7.354211413606617675e+00,-3.210302182569589213e+00,1.896133931926633487e+00,2.508808626697918598e+00,-1.705753049395970677e+01,-2.757064193897837256e+01,5.425770767426688401e+00,1.037380861107527608e+01,5.808334011170018130e+01,1.563042254131960185e+01,3.435930444551306095e+01,1.819230674825742966e+01,1.617479242185598309e+01,-4.343898815737550478e+01,8.709210218824566141e+00,8.515875688801449073e+00,-3.401348004383624613e+01,9.922055412789017481e+00,5.031609126302958401e+01,-1.605940127995965128e+01,-6.696962639458953426e+00,-2.435452463491061703e+00,5.947234133904674991e+01,2.185823348966794555e+01,3.089789408245635371e+01,-4.391620296841447413e+01,-1.561705672411077472e+01,3.468407843651676359e+01,-1.567626692408767752e+01,6.116125209479116620e+01,-1.717244156410681910e+01,1.980334794472644333e+01,-2.542179851995513218e+01,-2.880581001848921741e+00,2.965392794328564818e+01,-3.471986341992696623e+01,-2.422671669351934298e+01,-1.665638174516461589e+01,1.757942272452003607e+01,1.323055059634761221e+01,-1.243033499479835768e+01,2.699724549733321766e+01,1.942122238295632997e+01,-3.176006525014115667e+01,-1.168731463259567427e+01,-1.854768974196782594e+01,-5.024556057514402596e+01,-5.126279057132522077e+00,1.171135898972397094e+01,-8.209881884995525070e+00,8.801775010461349025e-01,2.286624659962798845e+00,5.241494173895548414e+01,-3.130707200078712305e+01,-1.500477473708104270e+01,-6.489513345820382639e+00,3.094200869976007340e+01,9.623239235143614678e+00,1.308626310903877688e+01,4.124950304788731614e+01,5.118414529268983104e-01,5.545599291936936126e+00,-4.156560170525072095e+01,-2.865589477137523389e+01,7.095836322355378201e+00,-5.924573728687143159e+01,1.465180498802882170e+01,-2.228227441707199930e+01,1.107293267082833310e+01,-1.819149142158936971e+00,1.626067094448589856e+01,8.199450513088152093e+00,-8.519235788363765494e+00,1.080421780717237823e+01,4.998254975268867639e+00,-3.693624186840974710e-01,-2.822604991596356427e+01,4.075191690931163890e+01,4.776953316174516573e+00
-2.907435830652798536e+00,-2.345175536634085844e+01,1.071876924047028723e+01,2.055657554141684784e+01,-1.483044636753023404e+01,-2.229530872447465484e+01,2.568261463333069017e+01,-4.248562100430688382e-01,3.031874482082345068e+01,-1.306924142497052799e+01,2.681398221537271809e+00,-5.537759267979519962e+01,7.489500410423499233e+00,-3.156552022870137808e+00,1.982546600678883664e+01,-7.161753381154281506e+00,7.821839875139623643e+00,5.712707949340843783e+01,-1.275951751802340084e+01,-4.496644886789293416e+00,-2.110130148295175090e+01,-5.086177589029555079e+00,-1.915822409862078857e+00,4.934735577099826909e-01,3.949298262661808501e+00,-1.197623597059087608e+01,-1.829646182487872608e+01,2.457303436093838833e+00,6.918054742551482228e+00,4.064581958870235212e+01,6.116632547812322684e+00,2.328313264472233968e+01,1.261340266441718860e+01,1.279422087516823936e+01,-3.162728675176210658e+01,6.838053668764843884e+00,4.933869034256131769e+00,-2.184412405876064156e+01,6.609154623832505848e+00,3.172302056354962474e+01,-1.155323442644484722e+01,-5.843751669048438124e+00,-3.227665184879028093e+00,4.429219901409144455e+01,1.628249609131013642e+01,2.276683289383212383e+01,-3.148115373851135601e+01,-1.115617646544758479e+01,2.567372696563888823e+01,-1.004099454693803750e+01,4.461863517224099951e+01,-1.281787394606681474e+01,1.204436148719241473e+01,-1.764928075138427488e+01,-1.699008885057052165e+00,1.988416915183643141e+01,-2.427684834977010553e+01,-1.657904654869831873e+01,-1.182968813173387623e+01,9.021710918975033522e+00,8.236618891021342037e+00,-1.014660793952446305e+01,2.166264048768043438e+01,1.593494746919217420e+01,-2.309652409608429835e+01,-9.306833927413217467e+00,-1.300894209838278037e+01,-3.608818837140060509e+01,-3.301932414268433646e+00,9.636884748840667925e+00,-5.936789022983162134e+00,5.683688752106303976e-01,2.473856495425863944e+00,3.695825636922567980e+01,-2.289248229512123345e+01,-1.104811862059864325e+01,-4.814914712182637224e+00,2.314934724053480153e+01,6.057264220666654708e+00,8.954009860168847368e+00,2.827476049968631955e+01,7.484322207044262765e-01,2.415594881819330020e+00,-2.947507610298580616e+01,-2.060173721676638081e+01,5.319229265785958560e+00,-3.919359664424932532e+01,9.871108529500549622e+00,-1.409201819939733724e+01,9.690785945421161784e+00,-8.614413310563094894e-01,1.137453200870962355e+01,4.316471397634485285e+00,-6.171497008717559574e+00,1.067183562684103393e+01,2.355679019902086058e+00,-7.370601290870812949e-01,-2.009615797400514836e+01,2.828909115324590573e+01,3.977693662134796249e+00
-3.765387664296548031e+00,-2.007281100414585850e+01,1.053656350310468426e+01,2.291255769626822314e+01,-1.215081886105356190e+01,-2.632156433403510931e+01,2.994094234148973399e+01,-2.977795395534857725e+00,3.096029096771416178e+01,-1.109495305323394199e+01,3.321112087493096610e-01,-5.772522808712705000e+01,1.078454675097236048e+01,-4.487185814633663838e+00,1.736552454351093289e+01,-1.058833469112768988e+01,6.787503491560128666e+00,6.264691826153534748e+01,-1.307307817260793925e+01,-4.065352472270170381e+00,-2.387300208193511253e+01,-4.951661010445422839e+00,-1.303872190010537668e+00,-1.027565277097566732e+00,7.927277294385381978e+00,-1.198996078025334633e+01,-1.639027821471239932e+01,4.363388411638524644e-03,6.262209083595538850e+00,4.044724993125185364e+01,-2.698528613932499098e+00,2.178275035531218151e+01,1.233805571232600862e+01,1.542007777201004970e+01,-3.371288945239744805e+01,8.159410170483898384e+00,3.041283598194778115e+00,-1.816960820045986935e+01,5.967991989538232289e+00,2.521336426363992445e+01,-1.207098930335444464e+01,-7.924053423025291032e+00,-5.987761395791394214e+00,4.894902056358557729e+01,1.800043071663878180e+01,2.474194643358837098e+01,-3.269267593655754212e+01,-1.151640806796513417e+01,2.810363454765774449e+01,-8.299108056604444172e+00,4.771509882492309629e+01,-1.421457803090392247e+01,8.680602307911989612e+00,-1.730704246899496823e+01,-1.113483094895000303e+00,1.820685059522196170e+01,-2.412258150886166419e+01,-1.581576536854243464e+01,-1.208861081392088721e+01,3.000702217597366328e+00,6.334264217956338427e+00,-1.273565423139036490e+01,2.660496221274669182e+01,2.012880140974899135e+01,-2.457139981822074404e+01,-1.131721254669432142e+01,-1.299924654890213915e+01,-3.760127588917578123e+01,-2.765826728319705552e+00,1.221640402929660141e+01,-6.256990822207457725e+00,4.789188392594452282e-01,4.053833773679654584e+00,3.728626196443687491e+01,-2.457418101206218353e+01,-1.199271926799240440e+01,-5.290039728165202071e+00,2.576335097023425647e+01,4.794183655357199925e+00,8.539353901068951203e+00,2.705971569426969126e+01,1.455889052355090030e+00,-2.659395706145337712e-01,-3.003829309517598034e+01,-2.150108032870930685e+01,5.937700026400042574e+00,-3.487369267572853460e+01,9.126816048106414669e+00,-1.128849378669517378e+01,1.318233955516272893e+01,-1.072753465473257339e-01,1.131088544397423234e+01,1.705375764376206860e+00,-6.523764964695024204e+00,1.628889593512206702e+01,2.631976027407647578e-01,-1.605530511960044260e+00,-2.062482357230097207e+01,2.773457897386566273e+01,5.115084591454525764e+00
-3.503645907995339481e+00,-1.274424792877256252e+01,7.877029600172251733e+00,1.918255917746655825e+01,-7.241383902217526369e+00,-2.302123623912055450e+01,2.594688737897096331e+01,-4.169282707102620833e+00,2.402368936609022754e+01,-6.964645291752989742e+00,-1.500185516748856251e+00,-4.565107990894869516e+01,1.065992303120407492e+01,-4.405225445085459768e+00,1.137102757765557648e+01,-1.060884083994755045e+01,4.390143801932580025e+00,5.176069842861287640e+01,-1.017590885702731107e+01,-2.769888802754993495e+00,-2.022312793098868511e+01,-3.665337293103439809e+00,-5.350209079865166917e-01,-1.916269799226079540e+00,8.996514863060985689e+00,-9.128505851962888329e+00,-1.104250782674917630e+01,-1.826768361640608518e+00,4.273045670287382691e+00,3.061165060599954657e+01,-8.629013979680284052e+00,1.544619809583220693e+01,9.177558843676296263e+00,1.368593796584468691e+01,-2.719439780869826961e+01,7.191000122455977639e+00,9.008530765974782639e-01,-1.107635828784046161e+01,4.060250696428006734e+00,1.431783823701947611e+01,-9.566173545391592370e+00,-7.578246260240200982e+00,-6.612892443940451948e+00,4.069968156769063938e+01,1.497089344901585051e+01,2.028963617288195564e+01,-2.576640088967592845e+01,-9.026894317236259013e+00,2.318548440985637527e+01,-5.011818410581283523e+00,3.859714426478699778e+01,-1.185212046492367222e+01,4.091896729487308093e+00,-1.290652599083161967e+01,-4.099462829827973387e-01,1.259474748121523646e+01,-1.822992860826577655e+01,-1.145829088346365943e+01,-9.386465333117088861e+00,-2.210137997479876049e+00,3.397848996362553109e+00,-1.161699243950754656e+01,2.392021553445704640e+01,1.843673279545133070e+01,-1.978672002748967884e+01,-1.010654755349908918e+01,-9.878585901502546562e+00,-2.972434208413127266e+01,-1.703411251943955262e+00,1.121499905136097652e+01,-4.997285587823205866e+00,2.974770387271551408e-01,4.261694701020759091e+00,2.860061204398961010e+01,-1.994314136390658376e+01,-9.825110430772104664e+00,-4.377512208756967560e+00,2.154306833610483096e+01,2.703579348353613021e+00,6.184742013777819736e+00,1.967217087663694741e+01,1.635010166863162473e+00,-2.202880977518471006e+00,-2.326407788003409038e+01,-1.702237472942943342e+01,4.976999739738221074e+00,-2.329816603461652846e+01,6.385567284039522562e+00,-6.493155950392256237e+00,1.263003455494154181e+01,4.810852738575279730e-01,8.554349526305843554e+00,-6.511590475810313805e-01,-5.224088999229847374e+00,1.657834058931056020e+01,-1.360996521783379265e+00,-1.868940064566652959e+00,-1.607943405752801169e+01,2.067820824222373233e+01,4.738562862514686280e+00
-5.471724575020520120e+00,-5.487589888759364243e+01,2.366088538599773372e+01,4.255586047403745908e+01,-3.526856904510810864e+01,-4.462137703126541055e+01,5.179654926935075565e+01,1.731935414723327682e+00,6.571991218762713061e+01,-3.067652224466183242e+01,8.321326225014482603e+00,-1.188121118632665372e+02,1.296362881402814438e+01,-5.524294339295219736e+00,4.597706683244230419e+01,-1.210879485706564651e+01,1.820609638772330996e+01,1.193349409722802221e+02,-2.761251739256969984e+01,-1.029605701671349394e+01,-4.331512901088944290e+01,-1.127747398026669501e+01,-4.833225179727579146e+00,2.666720303508896883e+00,4.499479337744630492e+00,-2.621003979411508311e+01,-4.205154100780848125e+01,7.938717005697728091e+00,1.583238325293823578e+01,8.920918289222984754e+01,2.258616442713726258e+01,5.254767363639773237e+01,2.790669137990305160e+01,2.527721066742292066e+01,-6.707934170100222104e+01,1.359534939880284909e+01,1.277730422601143623e+01,-5.166389649722255228e+01,1.514067328943226620e+01,7.625223281847964074e+01,-2.475818373573685705e+01,-1.062668797443266300e+01,-4.189346262674098043e+00,9.213038278742423870e+01,3.386227824559306754e+01,4.779283425404385355e+01,-6.767085842691258790e+01,-2.405301389998996697e+01,5.368379143248887431e+01,-2.380322089801995489e+01,9.447234395786898631e+01,-2.661078245854550772e+01,2.988130429975509017e+01,-3.900350398302381194e+01,-4.330913030759157678e+00,4.528947833958569902e+01,-5.331986289926759071e+01,-3.709908293789089839e+01,-2.563344817562157374e+01,2.603362829900576969e+01,2.001951987168743230e+01,-1.951812184553772411e+01,4.228073675093273209e+01,3.051932617988232721e+01,-4.903641413389902226e+01,-1.828271269547327549e+01,-2.849577849127538443e+01,-7.744440090663114518e+01,-7.789297106120162795e+00,1.841191637991304475e+01,-1.266586997546746574e+01,1.337836588953127404e+00,3.769377542440854878e+00,8.058540886435594075e+01,-4.837394593123102737e+01,-2.320701108186250039e+01,-1.004774667505820496e+01,4.796418143108175514e+01,1.458074460471168621e+01,2.003899601190670765e+01,6.318028214601720549e+01,9.010948835049092942e-01,8.085769442571024257e+00,-6.395421441678055885e+01,-4.417375563282202933e+01,1.100256070424193311e+01,-9.032703994422681149e+01,2.239091590223172901e+01,-3.378083512684793277e+01,1.757886092459039773e+01,-2.672752656830634344e+00,2.497317322604435574e+01,1.217466225616629671e+01,-1.314637076168969365e+01,1.751055471474184344e+01,7.340298543247595120e+00,-7.082861190893724457e-01,-4.345323723735307198e+01,6.252284879752738078e+01,7.523863893866364450e+00
-3.986816989297882863e+00,-5.524973700336453675e+01,2.219819586163710667e+01,3.650626044589045449e+01,-3.615597941383906289e+01,-3.629600977925093019e+01,4.266158678494452516e+01,4.860151503520363292e+00,6.019516880769558753e+01,-3.099430201422677911e+01,1.071811114116893648e+01,-1.073109800875709112e+02,7.837388352277646852e+00,-3.433456168307103429e+00,4.581757212159080694e+01,-6.876218648103435527e+00,1.821968556760662139e+01,1.037551854455349343e+02,-2.523520303331225278e+01,-1.010799751377265565e+01,-3.668154590651636227e+01,-1.064104400691933527e+01,-5.266609190033235244e+00,4.413406885669924229e+00,-8.904922764693827819e-01,-2.431515433601684251e+01,-4.146777778523765079e+01,1.049495487069909494e+01,1.553382755749199617e+01,8.307217581851540444e+01,3.219826145294715758e+01,5.069511849362285716e+01,2.625853433947558102e+01,2.012146209388424722e+01,-5.961759259619112328e+01,1.093820764348017249e+01,1.427310441928943341e+01,-5.264434561184376093e+01,1.487295895352742292e+01,7.908322055223597147e+01,-2.232519294109427932e+01,-7.215343430325651397e+00,-3.730900951979116975e-01,7.959869063026749814e+01,2.924822118377047531e+01,4.185331565519336294e+01,-6.128025936734418622e+01,-2.187120783990613759e+01,4.674293194676707230e+01,-2.431726451768365038e+01,8.376069042367362272e+01,-2.292536948014410925e+01,3.202613726623373935e+01,-3.664570755354826304e+01,-4.766614248604573056e+00,4.418222594894680810e+01,-4.969713589779028950e+01,-3.541407879869743169e+01,-2.346749782519826155e+01,3.183922413460419065e+01,2.100901219064589043e+01,-1.482178572967817232e+01,3.295602070996019961e+01,2.299056680665793806e+01,-4.364508843085740608e+01,-1.441205153943718820e+01,-2.646700364306813924e+01,-6.996955805576035914e+01,-7.914319569990289516e+00,1.380695351366425960e+01,-1.135070981077509522e+01,1.355961925060787276e+00,1.486595590983651460e+00,7.439529327068659370e+01,-4.276659361269739890e+01,-2.034135651590300498e+01,-8.722758496286587615e+00,4.119848620839518105e+01,1.514541910984682360e+01,1.913186504964776091e+01,6.020262227727609883e+01,-6.470219084878542359e-02,1.092268799266099855e+01,-5.865573242059117121e+01,-3.986392755571728230e+01,9.426567228142719301e+00,-8.936026485672068986e+01,2.173525387338424864e+01,-3.493264683933517034e+01,1.187169858386774735e+01,-3.442062651610235946e+00,2.326544931269711824e+01,1.462896286208529339e+01,-1.175594263931337125e+01,9.100532334895204301e+00,9.480200489744248671e+00,4.488206892657918279e-01,-3.966723747984531201e+01,5.875080607975107938e+01,5.535976825602103801e+00
-1.424344702187360756e+00,-3.992599306005256921e+00,2.816292490889562128e+00,7.370258112021765839e+00,-2.129732625649290334e+00,-9.064322273759792381e+00,1.016514013223429380e+01,-1.975043773551230952e+00,8.808139094076205211e+00,-2.158577596665601561e+00,-9.722333002031546823e-01,-1.694402189214746102e+01,4.458787763072168175e+00,-1.836922629631493775e+00,3.663843978786687661e+00,-4.464356953621648749e+00,1.399075247291064361e+00,1.973422541589486201e+01,-3.738580124255547865e+00,-9.231850172941575838e-01,-7.822702242852954235e+00,-1.301383760004758638e+00,-8.166605193530862561e-02,-9.713265537985515952e-01,3.981892568858367731e+00,-3.304850632939355659e+00,-3.646242673035485993e+00,-1.109329432744992516e+00,1.425913747981584212e+00,1.103780958508915333e+01,-4.733334968709479007e+00,5.313521278299090156e+00,3.269744642842814741e+00,5.431134226308426349e+00,-1.021919836324056163e+01,2.843012269809241488e+00,-2.013064454646640300e-02,-3.335181341853849624e+00,1.351617256373051745e+00,3.989470317422106227e+00,-3.555334576692023685e+00,-3.121862206354681035e+00,-2.896922381993650930e+00,1.557498930081677990e+01,5.729984618461027246e+00,7.701121024102809187e+00,-9.542794569876715371e+00,-3.331443911656682300e+00,8.831877964826629679e+00,-1.494610579508269144e+00,1.452908957966916859e+01,-4.543001740001134436e+00,8.652887216462006315e-01,-4.606511266123761494e+00,-4.125009948867475185e-02,4.249626883355151818e+00,-6.566680124273422514e+00,-4.005615694691630146e+00,-3.443000357274431433e+00,-1.900373698113887677e+00,8.814000367190497620e-01,-4.675939396305693663e+00,9.557024196033642838e+00,7.436468047241109325e+00,-7.427726050558280946e+00,-4.023719927171187649e+00,-3.571918678843646777e+00,-1.102976071261507940e+01,-5.182113921518641808e-01,4.528771855252408329e+00,-1.866368192108600610e+00,9.126141936562705281e-02,1.830586626660934080e+00,1.040656803332136526e+01,-7.522127048122634996e+00,-3.727048875092669800e+00,-1.670482959155826563e+00,8.271373786774503856e+00,7.471196051616466605e-01,2.161588858615963726e+00,6.894483948027158249e+00,7.208291187712431158e-01,-1.287186764106908576e+00,-8.519019909465162854e+00,-6.322466967735218546e+00,1.913562564421139811e+00,-7.638562572347441737e+00,2.173971702031423980e+00,-1.836400336922109577e+00,5.207425869650109007e+00,3.119235148564560856e-01,3.082997084358574558e+00,-7.129551781431464619e-01,-1.954279626566766792e+00,7.024380615149794060e+00,-8.749278971384204517e-01,-8.348943074058470248e-01,-5.913575819162044667e+00,7.379195738219890721e+00,1.922180335891250147e+00
-3.934744397835416407e+00,5.132357144813482819e+00,2.530636032597254559e+00,1.453842749660125300e+01,5.188947270767512165e+00,-2.103416379153562943e+01,2.287081349980978473e+01,-9.265444339386744943e+00,1.129976174543402578e+01,3.186884985639512280e+00,-7.613992949897195217e+00,-2.484857341547856890e+01,1.401994971743823193e+01,-5.700876245639469708e+00,-2.919231335153162910e+00,-1.439350886232471360e+01,-1.380149184736557455e+00,3.672427197200694593e+01,-4.911429312989321616e+00,2.087175487147479025e-01,-1.618841595897507091e+01,-1.028772740556253673e+00,1.621825353343738119e+00,-5.298641260183938329e+00,1.541352961250537135e+01,-3.605451172106177271e+00,1.390864383012747396e+00,-8.051605614960767099e+00,-2.935647489298984780e-01,1.135882825973569155e+01,-2.974113391741945378e+01,1.542647725120476210e+00,2.759806509543968556e+00,1.319953930346945725e+01,-1.685791826048105690e+01,6.760878445098429168e+00,-5.310177511251254145e+00,6.667858211186175055e+00,-3.327281189573834119e-01,-1.388387941838529649e+01,-5.284222404080612279e+00,-9.182575818780396304e+00,-1.083933529595705458e+01,2.982346053194109814e+01,1.098509810210392779e+01,1.383128456353154689e+01,-1.368539769238119774e+01,-4.602398260833714616e+00,1.632260079253044083e+01,3.254139351732555863e+00,2.433445929845490951e+01,-8.806310595875020297e+00,-8.465396798323400418e+00,-4.015735002783797469e+00,1.591610671443859371e+00,-1.000825433436887124e-01,-6.656697243553270305e+00,-2.190636939782423021e+00,-4.439719621597663313e+00,-1.887567188825452291e+01,-4.364405969001065699e+00,-1.228155777721255859e+01,2.412572557431312958e+01,1.974545452741476836e+01,-1.213838092528585122e+01,-9.960612380662091425e+00,-3.828268344448122029e+00,-1.613302248485693013e+01,9.387065967113055187e-01,1.209609075456262950e+01,-2.909209370516696147e+00,-1.514468658426080527e-01,6.390777698134411544e+00,1.214890455201408059e+01,-1.281819818240727926e+01,-6.662297397613254013e+00,-3.130681863440734958e+00,1.623203867711171355e+01,-2.723018985782688084e+00,1.174444396968904458e+00,4.046382513050792440e+00,2.754874825728404808e+00,-8.882337531195224400e+00,-1.076882505688324976e+01,-9.337206231751940422e+00,3.793601387905469746e+00,3.826398713379154159e+00,2.667068756005424035e-01,5.851761304193275670e+00,1.537709444215136578e+01,2.444040731993820437e+00,3.149794164014711129e+00,-8.065711915567275625e+00,-3.093699255123501857e+00,2.327753080120197993e+01,-6.791374486852880921e+00,-3.327911404742548651e+00,-7.860084628401360796e+00,6.415283169979927536e+00,5.252921071823037025e+00
-4.632482496152750429e+00,-4.265338139486101454e+01,1.879572078920112332e+01,3.465780862185109612e+01,-2.725186356892653095e+01,-3.683412258022889318e+01,4.262518311835884788e+01,5.692671441684131750e-01,5.257102216982817566e+01,-2.381681259997952438e+01,5.884536520700988760e+00,-9.541805213724383350e+01,1.137621134840968828e+01,-4.824489446506086132e+00,3.585443289358728691e+01,-1.073683211125613646e+01,1.417858172386157989e+01,9.684210870990564501e+01,-2.210192969541434849e+01,-8.067183326836534718e+00,-3.539483996543474120e+01,-8.943453384108110527e+00,-3.656887136597089416e+00,1.641846202834349899e+00,4.848655804026603455e+00,-2.088917613838524190e+01,-3.290234218868683769e+01,5.546744951549547942e+00,1.240735159531053355e+01,7.102105183648642139e+01,1.519763447802818668e+01,4.139480157615636813e+01,2.214930501302398014e+01,2.097545587965961644e+01,-5.411286451877212045e+01,1.125276226242234756e+01,9.580214458697980717e+00,-4.000010738883468520e+01,1.186084289182914731e+01,5.869230454377316164e+01,-1.989237462624394581e+01,-9.128290142321917600e+00,-4.214749211338364887e+00,7.489075042202755128e+01,2.752790804601930219e+01,3.870980148129215337e+01,-5.430660254594269531e+01,-1.928045013189211687e+01,4.354830102108724077e+01,-1.841380165111951683e+01,7.626133314351247350e+01,-2.164771535195984598e+01,2.274188395396039297e+01,-3.097027983580802868e+01,-3.265024291132290202e+00,3.555509665155526733e+01,-4.243761125561419334e+01,-2.931907126053880930e+01,-2.050760533365331284e+01,1.883204903767257221e+01,1.534789099810324942e+01,-1.637477881290083914e+01,3.525997314041434549e+01,2.565048184026311517e+01,-3.954184768121057658e+01,-1.520659598867460183e+01,-2.270307205907782233e+01,-6.219017988667195596e+01,-6.036446715901984561e+00,1.549030088071049249e+01,-1.019417517581096710e+01,1.037613515855803303e+00,3.505316172618701209e+00,6.431664622294705680e+01,-3.907966086498664993e+01,-1.879192236472664845e+01,-8.157190572695570907e+00,3.904923896794201710e+01,1.121716409362174716e+01,1.583588510001057870e+01,4.995775051974074898e+01,9.426946999959578966e-01,5.591321218934196757e+00,-5.113919349823962079e+01,-3.548437722579378573e+01,8.963535212747498093e+00,-7.060290271030474685e+01,1.760526532530417398e+01,-2.602705170517242905e+01,1.511615240778145619e+01,-1.890202427243810712e+00,1.987903761667799074e+01,8.871824113836080272e+00,-1.058723407935259075e+01,1.573675939243296362e+01,5.184387385374882307e+00,-8.401957853595881653e-01,-3.479252741902032398e+01,4.964366826451446002e+01,6.356425052115570296e+00
-2.590769035758845984e+00,-3.580286111240806690e+01,1.439256606214859069e+01,2.368687942745786401e+01,-2.342667286432667240e+01,-2.356152006261743992e+01,2.769061441572141291e+01,3.134651968690142620e+00,3.903598917968022164e+01,-2.008436910218506100e+01,6.934410187167550532e+00,-6.959804881610524774e+01,5.103566477142035929e+00,-2.235063480302676986e+00,2.969288965821986181e+01,-4.481188446990261198e+00,1.180722149439892554e+01,6.731323617226291844e+01,-1.636507996928450837e+01,-6.551398719219834632e+00,-2.380326880725275984e+01,-6.898986355393654790e+00,-3.410957114895843745e+00,2.851751848127242361e+00,-5.512833686127105448e-01,-1.576653211121858789e+01,-2.687603174631972180e+01,6.789030248970252757e+00,1.006814256110191863e+01,5.386438864841287710e+01,2.082010560136465926e+01,3.286189321526511975e+01,1.702476052541099705e+01,1.306441473739622339e+01,-3.867096249878559888e+01,7.101236450256646293e+00,9.242540246177576080e+00,-3.411153069137560578e+01,9.639718328227141697e+00,5.123641333202597536e+01,-1.447951136043276321e+01,-4.692240621801246903e+00,-2.600493549497749357e-01,5.164400341854359766e+01,1.897642763249549347e+01,2.715151727793266545e+01,-3.974332800583780312e+01,-1.418410344566102310e+01,3.032503158738521520e+01,-1.575636838563065645e+01,5.433247950734493514e+01,-1.487445158527379263e+01,2.074430516425950799e+01,-2.375957608838766788e+01,-3.086923770961488067e+00,2.863763863074064275e+01,-3.222362311931816947e+01,-2.295819719891039057e+01,-1.521850496339128078e+01,2.060565231413999143e+01,1.361017604725510566e+01,-9.627754704332822655e+00,2.140182035907847435e+01,1.493510038253162264e+01,-2.831005339610017302e+01,-9.358273629107975111e+00,-1.716168124665034611e+01,-4.537962736548779930e+01,-5.128284719795104252e+00,8.969654219179099996e+00,-7.362135025186263171e+00,8.786457991542185875e-01,9.743172295753641521e-01,4.824157993982881720e+01,-2.774177798942054096e+01,-1.319595516767663312e+01,-5.659135435764068411e+00,2.673110916119076919e+01,9.812301883903961297e+00,1.240276774250194158e+01,3.902862685013437982e+01,-3.730717803092531426e-02,7.064879569998479880e+00,-3.803727271339428029e+01,-2.585449109426109970e+01,6.116440960247967240e+00,-5.791464218474915526e+01,1.408869288001760367e+01,-2.263262523780890234e+01,7.720786296578797447e+00,-2.226949762625377360e+00,1.508537374018194654e+01,9.468566470067059981e+00,-7.625106887198043637e+00,5.937867312077466764e+00,6.133410542846243096e+00,2.853198031928852463e-01,-2.572451838388600365e+01,3.809157843214169503e+01,3.597111407253323900e+00
-5.947421116814513020e+00,-6.019298886081354993e+01,2.589534473141337756e+01,4.645234956375087876e+01,-3.870900595028626867e+01,-4.863605248207240095e+01,5.647572587754608975e+01,2.011276773689323782e+00,7.187397146661155034e+01,-3.365275585659671265e+01,9.211350740911996127e+00,-1.298836089549558039e+02,1.403309744057318653e+01,-5.983386932642845935e+00,5.041500521114114974e+01,-1.309183897709955602e+01,1.996618719456998647e+01,1.303110051059815646e+02,-3.019616658793011155e+01,-1.128443240607406217e+01,-4.726410146432699833e+01,-1.234465644250000693e+01,-5.315862235989827767e+00,2.986966303528740152e+00,4.741456473776571201e+00,-2.867540561489999007e+01,-4.609489695979553403e+01,8.797469081198308061e+00,1.735188570451351708e+01,9.761154975699673741e+01,2.511309238477536354e+01,5.756006535383949085e+01,3.054486701011316896e+01,2.753572099268887996e+01,-7.329546804514845348e+01,1.481423631229880478e+01,1.406575137034093004e+01,-5.669225816255600137e+01,1.659442626959689449e+01,8.372326354317419828e+01,-2.706397136947142457e+01,-1.153166509039679433e+01,-4.457668714709670965e+00,1.005862311195861452e+02,3.696991421947620182e+01,5.219941216689890240e+01,-7.398248822419061810e+01,-2.629963672701585864e+01,5.862389004842619045e+01,-2.612217929989997600e+01,1.032196756727693128e+02,-2.905080113299599276e+01,3.284606650600840538e+01,-4.268878131363116779e+01,-4.765084951489408027e+00,4.962704391757841194e+01,-5.834353596287769506e+01,-4.062437710607242991e+01,-2.803338613355343867e+01,2.875752548272297560e+01,2.198980177724293128e+01,-2.123646214467564164e+01,4.603342696382600252e+01,3.319955847499832657e+01,-5.358280151876240893e+01,-1.991120058728613174e+01,-3.117726753370352100e+01,-8.466183324235598207e+01,-8.546600616451268451e+00,2.002661284106692463e+01,-1.384294969366703398e+01,1.467786074133211383e+00,4.051989649032179841e+00,8.815239432373155637e+01,-5.284857523618478581e+01,-2.534739515568380241e+01,-1.097143517429630322e+01,5.235775306928938733e+01,1.601017009130935520e+01,2.194328476229964053e+01,6.918004212562034638e+01,9.536214597375400892e-01,8.968778892312133877e+00,-6.994571777655106359e+01,-4.828887516330096474e+01,1.200954834108966551e+01,-9.902247674559760071e+01,2.453151526489806145e+01,-3.708694603011759483e+01,1.907359822674058591e+01,-2.958603761384221542e+00,2.732569494782399744e+01,1.343916692718152461e+01,-1.436719683594165353e+01,1.890196152700868382e+01,8.126314314375235881e+00,-7.353313768012786911e-01,-4.751746578230610396e+01,6.843063935678445375e+01,8.179897634755775471e+00
-3.522523898633433959e+00,-3.024683812401455896e+01,1.358198231656462518e+01,2.556600074585310267e+01,-1.922417745684415280e+01,-2.746654652834591914e+01,3.170710436590306358e+01,-8.252936008557831826e-02,3.821155051886452725e+01,-1.687226750546480858e+01,3.807812650273458832e+00,-6.958455892330221104e+01,8.880784553137921478e+00,-3.753273395361623521e+00,2.549924334328996878e+01,-8.443062497843678571e+00,1.007170317455267039e+01,7.123129239793583167e+01,-1.607341490624004976e+01,-5.760974084995210909e+00,-2.618057090741377735e+01,-6.453360972230381520e+00,-2.530734005318510782e+00,8.946055361213818280e-01,4.284042486618742096e+00,-1.513665588988713395e+01,-2.346784496738372638e+01,3.542990108714858977e+00,8.861845874968214076e+00,5.141552915203036633e+01,9.301469243539282061e+00,2.969922090212560306e+01,1.599356187586704436e+01,1.570559845403905186e+01,-3.960856971576420449e+01,8.408692797598456892e+00,6.573837788595824350e+00,-2.826726350305661839e+01,8.468752604778348569e+00,4.125989951948582757e+01,-1.451220348086329004e+01,-7.016676871738942722e+00,-3.588663489922029548e+00,5.516043764698311236e+01,2.027675744029198412e+01,2.842778635129706188e+01,-3.957946635229397003e+01,-1.403833020216504046e+01,3.202140425056686723e+01,-1.300289871339946401e+01,5.585089247541169044e+01,-1.595433844490871422e+01,1.582410547270264978e+01,-2.237129939772421849e+01,-2.251956476095037019e+00,2.543411030290560149e+01,-3.071570744052394986e+01,-2.109338486811524049e+01,-1.490775009847896371e+01,1.247628894233241859e+01,1.075056655180710052e+01,-1.236531811491236432e+01,2.650369597699670976e+01,1.939660648499245355e+01,-2.893361044986268382e+01,-1.140679090777793547e+01,-1.644626429341217388e+01,-4.534950443664731523e+01,-4.269405191796071364e+00,1.172267580468477277e+01,-7.447655833345309340e+00,7.343980504356073524e-01,2.845887923905610517e+00,4.666034681773728465e+01,-2.863885915342785538e+01,-1.379769285914360921e+01,-6.001917407806675264e+00,2.879757181212420747e+01,7.881837958227188246e+00,1.139254468242707041e+01,3.595831056733344155e+01,8.201326887864859305e-01,3.530965836204944086e+00,-3.715901899210843595e+01,-2.588243165467627094e+01,6.613897393436122485e+00,-5.031355017377288164e+01,1.261053347908273459e+01,-1.831279293087654381e+01,1.162843203609768494e+01,-1.223216516618774286e+00,1.438982026585882501e+01,5.921313214800555613e+00,-7.738639906098018884e+00,1.249014349714367356e+01,3.350350586077056381e+00,-7.770901840318066300e-01,-2.530932748079657202e+01,3.585882362624797537e+01,4.825679656706942211e+00
-5.141669635877708089e+00,-7.364175566572779985e+01,2.940390058199839274e+01,4.794114110592895628e+01,-4.826515816704831252e+01,-4.740168623750517440e+01,5.578911144951280932e+01,6.830825947337935133e+00,7.955737287946369918e+01,-4.132427418644262218e+01,1.455095371941383497e+01,-1.416400277510637125e+02,9.856069591938755536e+00,-4.335468147274368356e+00,6.101621703285864839e+01,-8.563559077965665622e+00,2.427231298086044475e+01,1.364384376522301068e+02,-3.334530871826945031e+01,-1.344360786847890843e+01,-4.810808359368477483e+01,-1.410258632089421305e+01,-7.065137021132220418e+00,6.078252366294859321e+00,-1.800552238612737499e+00,-3.217467955564926285e+01,-5.517342415446624670e+01,1.427185666671214825e+01,2.065885808029635129e+01,1.099624554243325321e+02,4.398739194071760039e+01,6.732071914869946738e+01,3.479161070428118308e+01,2.621653754043542506e+01,-7.856720687935613512e+01,1.426813644650941093e+01,1.918393488100443278e+01,-7.024020522291441182e+01,1.978201845371822287e+01,1.056708080178128881e+02,-2.946248738327642158e+01,-9.222884598762160380e+00,-6.204933498940101710e-02,1.046065425039218013e+02,3.843619240187904751e+01,5.507659388865392458e+01,-8.090415687553573321e+01,-2.888635413411660835e+01,6.147601197949529706e+01,-3.245204368615798529e+01,1.103582512124119006e+02,-3.011925068446808140e+01,4.290703502783434686e+01,-4.854766736453117915e+01,-6.399349048955512487e+00,5.872972469804552276e+01,-6.578953696967124642e+01,-4.698367322315729666e+01,-3.101460727495942393e+01,4.307527325288946685e+01,2.809925083237151000e+01,-1.920910593715738912e+01,4.283852906508345626e+01,2.976806307989441081e+01,-5.752592521960561811e+01,-1.875739653942395435e+01,-3.502593614451483717e+01,-9.235575013732119487e+01,-1.055705374947762110e+01,1.786764415334614498e+01,-1.497058765712866801e+01,1.808366573537512956e+00,1.720144439931583502e+00,9.839777435082237389e+01,-5.633104556948639186e+01,-2.677047189331146626e+01,-1.146872727670686132e+01,5.411012213141511040e+01,2.023983736733813643e+01,2.538250601071621304e+01,7.985760078733324008e+01,-1.962658173004671047e-01,1.487363754368722724e+01,-7.753245025480742925e+01,-5.261223583247308966e+01,1.237767543725015784e+01,-1.189281970091002165e+02,2.887918682964071593e+01,-4.666566993054897949e+01,1.516403586819279781e+01,-4.672912954957834764e+00,3.079768037992439744e+01,1.976722344859492608e+01,-1.550182692568023235e+01,1.116446313544660640e+01,1.287263337937399399e+01,7.297610011960038445e-01,-5.240992385535950859e+01,7.783307257150151770e+01,7.148006618346607333e+00
-2.073367363758852111e+00,-1.064663687839210127e+01,5.669896016466745792e+00,1.247020473101510518e+01,-6.412408252352337357e+00,-1.439297704606938488e+01,1.635567472489926288e+01,-1.735437056920022147e+00,1.672035450451415173e+01,-5.879326434248707045e+00,5.900394950563692120e-02,-3.123379295437283787e+01,5.981180278888297508e+00,-2.486561312087413711e+00,9.234354180054754835e+00,-5.882140995176198928e+00,3.605626602499945932e+00,3.404862108567252221e+01,-7.062400574543633347e+00,-2.169192425833814220e+00,-1.300911914767189081e+01,-2.662071948733347071e+00,-6.715275490064807062e-01,-6.315533825450894145e-01,4.475998114935864081e+00,-6.463284854453775097e+00,-8.736983308597615405e+00,-1.229466839255226596e-01,3.341826811313072021e+00,2.179090743699192245e+01,-1.904792731074788747e+00,1.166425223014222823e+01,6.636141810299082344e+00,8.445546690623237041e+00,-1.827776772537088235e+01,4.465414790261730715e+00,1.542575476922114053e+00,-9.605713296294819514e+00,3.183993945428317929e+00,1.325747311448878385e+01,-6.532705537042298616e+00,-4.377325260165692455e+00,-3.368389236186391855e+00,2.662137627948838769e+01,9.789978286798776352e+00,1.343678934796449376e+01,-1.768322419592941230e+01,-6.225740045155164104e+00,1.527196913564226222e+01,-4.384238478968780051e+00,2.587658839594654836e+01,-7.732996527561343925e+00,4.507016894195337464e+00,-9.311006691945397762e+00,-5.702576928547967716e-01,9.727805699767987591e+00,-1.299418110817640404e+01,-8.485701688805816545e+00,-6.528982125097051004e+00,1.309818279423076604e+00,3.316991612983107629e+00,-6.996763218898978565e+00,1.459252192512840196e+01,1.106364153977657416e+01,-1.331931216336800183e+01,-6.202664848132768860e+00,-7.006093121329653783e+00,-2.034436173759173982e+01,-1.463394637516610475e+00,6.716400931134195673e+00,-3.388871618161640509e+00,2.535678570522538755e-01,2.265721451997991576e+00,2.011403423569497306e+01,-1.333137594414093030e+01,-6.512321715669051159e+00,-2.875599016018632437e+00,1.401996108863147228e+01,2.519543581885074435e+00,4.581527105611544748e+00,1.452310962535447381e+01,8.208611607814336741e-01,-2.803166873906994816e-01,-1.621939691313063747e+01,-1.163501249806825122e+01,3.232009881399597440e+00,-1.857624069901741493e+01,4.881330801678386067e+00,-5.941286629102290995e+00,7.283627365139156318e+00,-1.929783891546943408e-02,6.093311331480552262e+00,7.858195254755084846e-01,-3.534300738153882016e+00,9.066632873529279379e+00,3.497742311019225170e-02,-9.097425718920679749e-01,-1.114377591215571428e+01,1.492060129192661044e+01,2.815127454437243770e+00
-4.958292289259157215e+00,-5.626179040170395496e+01,2.356328699098486013e+01,4.091677350654158118e+01,-3.643630928647973377e+01,-4.205421387871943750e+01,4.904309640467820230e+01,3.109760690630261948e+00,6.482296286619471459e+01,-3.149783284124715976e+01,9.533236879810353059e+00,-1.165427846437187327e+02,1.105876353857961902e+01,-4.752647829182443218e+00,4.693585905551050530e+01,-1.013931315557519852e+01,1.861861472048322241e+01,1.153313037112945381e+02,-2.721165811237511178e+01,-1.044555276349148087e+01,-4.144300992564998865e+01,-1.125695356999083252e+01,-5.126717598001416576e+00,3.474018227156555838e+00,2.292636913218771610e+00,-2.598437054622695541e+01,-4.274101985138659643e+01,9.210339749493247297e+00,1.605825194743103523e+01,8.857485433946094133e+01,2.720548567818135410e+01,5.292847451586793284e+01,2.782454340481933031e+01,2.363478322823938527e+01,-6.538356113748795906e+01,1.276157507114994161e+01,1.370305954334109266e+01,-5.323771580289532324e+01,1.536429272401969826e+01,7.916750835533976272e+01,-2.426972813823593356e+01,-9.403736154888882481e+00,-2.649256645902222651e+00,8.882385432652321811e+01,3.264351920888581304e+01,4.631785860513915054e+01,-6.644683268995521530e+01,-2.365633361308811899e+01,5.191175529075155737e+01,-2.455500789727556565e+01,9.199725947431582540e+01,-2.562757094897168386e+01,3.146698110222212819e+01,-3.886546014800700277e+01,-4.614176391627196949e+00,4.582719178559882067e+01,-5.296013307372709988e+01,-3.720650768247899975e+01,-2.527886033954132117e+01,2.910046316396049804e+01,2.089031529508140750e+01,-1.794371033773705548e+01,3.923348247161770530e+01,2.797815541688097341e+01,-4.782389052204808166e+01,-1.703416110967902242e+01,-2.826385397046657744e+01,-7.597455737230575323e+01,-8.016820083906321059e+00,1.685190898133001625e+01,-1.238581172798707719e+01,1.375481304459758691e+00,2.876360559154457430e+00,7.973570131564288488e+01,-4.705414630667084452e+01,-2.249868826698914503e+01,-9.704995677661944598e+00,4.613936131529434448e+01,1.514818743395844614e+01,2.009831437571900992e+01,6.331696380018039605e+01,5.077829147215134897e-01,9.480831772737639440e+00,-6.311468029870462004e+01,-4.331557713344064098e+01,1.057368794401886269e+01,-9.193097117290191989e+01,2.261042273337901776e+01,-3.502852699794027558e+01,1.552841129950097887e+01,-3.061787060880211353e+00,2.479999462264481735e+01,1.349727302412166097e+01,-1.284482535955220861e+01,1.430153085622639253e+01,8.420327062226164117e+00,-2.287706081661357027e-01,-4.280320525756301464e+01,6.230478245564768969e+01,6.840956838338355439e+00
-6.820745787826436590e+00,-6.367035134061475787e+01,2.795645644505990646e+01,5.134214883722520995e+01,-4.072001824533881376e+01,-5.444890015553691853e+01,6.304023460100859211e+01,1.042912385074687975e+00,7.810464395738928545e+01,-3.555901985255471232e+01,8.929106645583853918e+00,-1.416712489318928192e+02,1.665852953133257941e+01,-7.069786202911006789e+00,5.349200104949457568e+01,-1.569787400717073211e+01,2.115807244944210197e+01,1.435439927858154476e+02,-3.283340842534914827e+01,-1.202619399230207087e+01,-5.240583009198674347e+01,-1.330603328784467898e+01,-5.483595871849010983e+00,2.557975273512482772e+00,6.901823496545777203e+00,-3.105357580809433671e+01,-4.906066376506255722e+01,8.434916023723747713e+00,1.849574525889071808e+01,1.055978529564801107e+02,2.327228655474430852e+01,6.165461905496691486e+01,3.294919396465176220e+01,3.098066518254089630e+01,-8.028558841940359514e+01,1.662701221397410478e+01,1.438806653450057915e+01,-5.974865856155510357e+01,1.768215408410442890e+01,8.775553268960626951e+01,-2.953287464577413957e+01,-1.341024094384284560e+01,-6.053231274373235493e+00,1.109767466961119879e+02,4.079171138419895470e+01,5.739532659667735004e+01,-8.064092527741563288e+01,-2.863529663242221091e+01,6.455339486018777961e+01,-2.750880231307970547e+01,1.131344797199350438e+02,-3.207473640518681179e+01,3.406800281198142244e+01,-4.606793776745061564e+01,-4.899002748522802264e+00,5.298672166990122889e+01,-6.310122591391429125e+01,-4.364561641820854732e+01,-3.046743404916699305e+01,2.846014767246239074e+01,2.296326322856059221e+01,-2.414396109854682848e+01,5.203815832345708969e+01,3.780997246875935502e+01,-5.867080426564874784e+01,-2.245186366190179328e+01,-3.375198528150693278e+01,-9.233772157031364713e+01,-9.015297122704078348e+00,2.282979676315912698e+01,-1.513038239320534650e+01,1.549444306345526545e+00,5.089450161090228519e+00,9.559027708078987473e+01,-5.796777121952939638e+01,-2.786402685727369999e+01,-1.209019302338622914e+01,5.785074199769738357e+01,1.677313499224358040e+01,2.357415618707468496e+01,7.436264446880727519e+01,1.346959439660351254e+00,8.518790320719116238e+00,-7.598206638221670062e+01,-5.268314200149326609e+01,1.327789522247018361e+01,-1.052936276099066646e+02,2.622997066135524591e+01,-3.890870909202543260e+01,2.220333189721250022e+01,-2.868129074196847483e+00,2.955782486333180969e+01,1.339028403020064673e+01,-1.571224887986240226e+01,2.296225038983775946e+01,7.868460403388979785e+00,-1.182180004675556617e+00,-5.168316041844646236e+01,7.384484608149355722e+01,9.362102033357826869e+00
-4.056206636630201423e+00,-5.234287211197347744e+01,2.132807620064855314e+01,3.574813386029477158e+01,-3.413501981504175120e+01,-3.596887200944784269e+01,4.215696906368358299e+01,4.032932636249141112e+00,5.812338036450977086e+01,-2.934364074216081519e+01,9.725053586447751641e+00,-1.039225998486637224e+02,8.381320408801771649e+00,-3.643145430956257869e+00,4.349365246451107936e+01,-7.489153560470295901e+00,1.728134280103732578e+01,1.013025071208490715e+02,-2.437796396656021969e+01,-9.623534195851215500e+00,-3.602224052780817942e+01,-1.021198687498077362e+01,-4.916077242802384895e+00,3.864215224750223943e+00,1.504319543210854704e-01,-2.341609859040718788e+01,-3.944561585590298591e+01,9.483918664898174811e+00,1.479107418852837341e+01,7.993838175543582736e+01,2.876969063652665071e+01,4.843326976596188160e+01,2.521410400703528154e+01,2.003988475616167619e+01,-5.793311252094348163e+01,1.086698403573315552e+01,1.326380322203199214e+01,-4.975930123967326324e+01,1.415845592060167490e+01,7.449849619342285223e+01,-2.162770317609174953e+01,-7.474593873550322343e+00,-1.058546639732015793e+00,7.782400003501106767e+01,2.859784211986955782e+01,4.080021853584802471e+01,-5.931260496284807004e+01,-2.115065865870616690e+01,4.562356917450733107e+01,-2.297332433002793195e+01,8.143617795210545296e+01,-2.242829507614273865e+01,2.998513636200783239e+01,-3.519877700248276398e+01,-4.441336139690276852e+00,4.211729460389434365e+01,-4.781338563160105792e+01,-3.390618751310520906e+01,-2.266202945818166725e+01,2.913191364182274157e+01,1.974721152383138900e+01,-1.492759604867188550e+01,3.298495392017447614e+01,2.319976535658837236e+01,-4.239874253610256005e+01,-1.438645772198472628e+01,-2.548214143035098189e+01,-6.775577847076849025e+01,-7.484725723282756427e+00,1.394801872069621140e+01,-1.101051980759285165e+01,1.282967864724740670e+00,1.831722976633378241e+00,7.171698331260076031e+01,-4.160525700087863754e+01,-1.982564977557408881e+01,-8.519364873531879212e+00,4.033156596785519099e+01,1.426323216616968281e+01,1.831666768354543962e+01,5.766016659925788446e+01,1.169424844565301047e-01,9.837857876426863157e+00,-5.662123930718190223e+01,-3.861211289115529866e+01,9.233367980418124787e+00,-8.494887700013659071e+01,2.073990603596244497e+01,-3.292570422671192176e+01,1.231567216074347471e+01,-3.123222317304108042e+00,2.238575364930152034e+01,1.342440930482119477e+01,-1.140883551319823042e+01,1.018589017431760269e+01,8.598156780219593287e+00,2.121234527148666560e-01,-3.832880779170371710e+01,5.642959332192756250e+01,5.618663949815699610e+00
-3.965658308433879675e+00,-4.168430858934856076e+01,1.776959398517610111e+01,3.153157299956869863e+01,-2.687145886957578611e+01,-3.281365705004517253e+01,3.815643096018165181e+01,1.706066057431309790e+00,4.917321945689061380e+01,-2.331583997988037993e+01,6.614167769146213516e+00,-8.870848588773327492e+01,9.193953864862736580e+00,-3.929626253950509351e+00,3.486543443587680713e+01,-8.532019396252477961e+00,1.381570451222798823e+01,8.859415725899151539e+01,-2.065332477044187343e+01,-7.788641839415812562e+00,-3.203450343922428090e+01,-8.477120442283521129e+00,-3.721543718391735922e+00,2.242242620228202643e+00,2.738677720148847250e+00,-1.964963082316155507e+01,-3.183375601777647645e+01,6.343838937640358999e+00,1.197552319900086637e+01,6.691915323282822214e+01,1.834175108008154353e+01,3.963879686214056619e+01,2.096789067396451500e+01,1.853327226860573163e+01,-4.996199999638132283e+01,9.982640554814844691e+00,9.882283604563909307e+00,-3.932318448531834321e+01,1.145454771889396994e+01,5.821161733138072947e+01,-1.848060337092186600e+01,-7.635650707351425481e+00,-2.700539879864395587e+00,6.833441548119952813e+01,2.511512274641340881e+01,3.551895575498651425e+01,-5.054502654828058894e+01,-1.797702291712040079e+01,3.986329792210916168e+01,-1.812526569534630383e+01,7.033943545972125833e+01,-1.972935397231605137e+01,2.294138244047394437e+01,-2.929876031169900585e+01,-3.340701225848190070e+00,3.422497314086614040e+01,-4.000290814426336539e+01,-2.793806476652598647e+01,-1.917817501359387578e+01,2.048060479650280641e+01,1.531392738185800440e+01,-1.422108551739892945e+01,3.091246717143458156e+01,2.221343872242670514e+01,-3.653121612771065685e+01,-1.338716273312762084e+01,-2.136717531260407554e+01,-5.782491995992194944e+01,-5.925847803710795780e+00,1.339319300990558581e+01,-9.445534417099036517e+00,1.017363791241354010e+00,2.574021480196143852e+00,6.036915069565365144e+01,-3.600149685403928856e+01,-1.724943000411911953e+01,-7.457783815085239354e+00,3.554545128398846998e+01,1.113399163297764183e+01,1.509106870436406034e+01,4.756539293264749801e+01,5.627029960543105114e-01,6.490583720280573843e+00,-4.786183332225927956e+01,-3.297714590458285500e+01,8.150806014016591661e+00,-6.841513629387974049e+01,1.690711188466807613e+01,-2.577575845988867798e+01,1.262300695183557941e+01,-2.124359867221508935e+00,1.873460003815586461e+01,9.545119594957608200e+00,-9.800687064237878943e+00,1.223252583215902689e+01,5.837620208391722798e+00,-3.924379650671535602e-01,-3.249608034739590323e+01,4.696702907457604681e+01,5.459712717010998695e+00
-8.733246710119231260e-01,-3.477362479801203055e+00,2.061111713646529342e+00,4.889799273474332075e+00,-2.011012295052540644e+00,-5.812847673464515807e+00,6.564508723462500583e+00,-9.683643886146359181e-01,6.230672490777733330e+00,-1.906263995958004109e+00,-2.822440953281435405e-01,-1.178763997693699572e+01,2.625432090759391990e+00,-1.086399270268160411e+00,3.076995838353427271e+00,-2.606035030071174763e+00,1.191885254872117716e+00,1.323298767983388302e+01,-2.637241837419036283e+00,-7.417615862280082517e-01,-5.141728627659749584e+00,-9.613768453446717155e-01,-1.677336358591831056e-01,-4.289910300162572687e-01,2.160367022769205114e+00,-2.378170193194350190e+00,-2.965766805267026740e+00,-3.625530574745605694e-01,1.143859554377198773e+00,7.986303199483378634e+00,-1.840805830031054580e+00,4.094553701127424006e+00,2.404326954538593242e+00,3.444944189852018113e+00,-6.990120374255133662e+00,1.812775901675300005e+00,3.223151641596506689e-01,-3.056400398999097323e+00,1.087727814507535085e+00,4.032269146432058804e+00,-2.468903276302715888e+00,-1.878575853446050825e+00,-1.595562559663564528e+00,1.039051557652584101e+01,3.821797164722760876e+00,5.195914429778453858e+00,-6.658437053225008562e+00,-2.335659905406351378e+00,5.929504811761589167e+00,-1.386623013179731467e+00,9.914804047165722167e+00,-3.023935272190823476e+00,1.221936305973017056e+00,-3.379156453819450956e+00,-1.339177970333936263e-01,3.359677752322810740e+00,-4.757689951036594422e+00,-3.021239312136119626e+00,-2.434047915613554380e+00,-2.973778102605884044e-01,9.734614513176638173e-01,-2.907498953871186398e+00,6.004731359631087173e+00,4.610413993761026674e+00,-5.088002746886344241e+00,-2.540663074615659323e+00,-2.574717747803419332e+00,-7.675888327957652635e+00,-4.686965062528112846e-01,2.803183922092204128e+00,-1.287432699538312075e+00,8.165823221231516271e-02,1.037460512058049122e+00,7.437882757058312144e+00,-5.119195983344609679e+00,-2.516631701589897574e+00,-1.118757849089927259e+00,5.492988928408001570e+00,7.629649009342246435e-01,1.630871424775040213e+00,5.182602343186930582e+00,3.933379799228112206e-01,-4.499885715930178609e-01,-6.036348605665636136e+00,-4.394266838192306679e+00,1.268346881380518099e+00,-6.271150864309059436e+00,1.698455396457184907e+00,-1.821763061907837100e+00,3.129733670471917861e+00,9.047468718737383675e-02,2.232129915507814033e+00,-4.888289698087810997e-02,-1.345052043920749174e+00,4.060288862829074752e+00,-2.578539109862543199e-01,-4.468486278742778151e-01,-4.165694636140353069e+00,5.414206724709115903e+00,1.182204398602050288e+00
-1.768568252963152343e+00,-1.920776611320971483e+01,8.125375023776939543e+00,1.428470128591549404e+01,-1.240712079758057484e+01,-1.478706222279492444e+01,1.721581955096479533e+01,9.064673685504522904e-01,2.242799039837066744e+01,-1.074793663314060055e+01,3.138103583033237776e+00,-4.040077921553965723e+01,4.035156324094048230e+00,-1.728555776253057230e+00,1.604743666911404887e+01,-3.726261843311584165e+00,6.361892126042384632e+00,4.019048161861799429e+01,-9.417819342260999704e+00,-3.578968977518400152e+00,-1.449369955290058520e+01,-3.878643883828114092e+00,-1.730316868129699870e+00,1.099945182107293418e+00,1.052664842194851458e+00,-8.974321724221001162e+00,-1.463511692027076982e+01,3.019795639010704580e+00,5.502524851848961340e+00,3.057534366453939612e+01,8.816907762685515237e+00,1.817986197546677474e+01,9.590844452361690031e+00,8.334254650677271670e+00,-2.271630691256801882e+01,4.493743696523543107e+00,4.608063177287218259e+00,-1.814404722829336336e+01,5.263836639076227897e+00,2.691265549318231010e+01,-8.415249334344750309e+00,-3.383931800358156217e+00,-1.095935057777957633e+00,3.097981265871148793e+01,1.138577091549622722e+01,1.612492533369434256e+01,-2.302616271099546807e+01,-8.193087746217429412e+00,1.808654837616356303e+01,-8.365551021869867654e+00,3.197336530939304566e+01,-8.941818561490713080e+00,1.064614279855397072e+01,-1.339931809447370981e+01,-1.555049560037884193e+00,1.571590497485638949e+01,-1.827909062935636797e+01,-1.279879933895031208e+01,-8.746764658245668400e+00,9.654594517009901011e+00,7.089463462537660021e+00,-6.366489632313086844e+00,1.387304062311644337e+01,9.937040869983315261e+00,-1.661220509051067040e+01,-6.014430106217792726e+00,-9.759980472255712414e+00,-2.633623999952783734e+01,-2.733357387594242738e+00,5.988822931421375451e+00,-4.298309175470669707e+00,4.691403056143903516e-01,1.096955430871158432e+00,2.755737735624465401e+01,-1.635994838172628363e+01,-7.831637942767809335e+00,-3.382680206765079856e+00,1.610518993068515314e+01,5.148413567736166208e+00,6.913537087045263263e+00,2.178613058231314881e+01,2.217615366670532273e-01,3.098212948746725814e+00,-2.183291563841568816e+01,-1.501755690281489741e+01,3.692076163696573765e+00,-3.146401176602060090e+01,7.759444712854865145e+00,-1.191283163624957098e+01,5.591590356601346734e+00,-1.007887074651454551e+00,8.560235283886305169e+00,4.489867808081294598e+00,-4.458927885652764544e+00,5.307318760028680416e+00,2.770616850544046272e+00,-1.359690101495772407e-01,-1.481630097445707506e+01,2.147991099497686562e+01,2.437055343928156148e+00
-4.101860915766013527e+00,-5.701596024308160793e+01,2.289459216839621902e+01,3.762162193698035395e+01,-3.731708811938084125e+01,-3.738598656247924623e+01,4.394806125507300010e+01,5.040921275503391641e+00,6.207080885132445758e+01,-3.198601442674013029e+01,1.107982069593191987e+01,-1.106411593600429484e+02,8.045432508351467504e+00,-3.525868680139203182e+00,4.727841513217481406e+01,-7.052716908238344296e+00,1.880123222590174947e+01,1.069384210879812542e+02,-2.602101226689567071e+01,-1.042902543942168592e+01,-3.779770898724461858e+01,-1.097540340558088090e+01,-5.438236067392628215e+00,4.568583015360278665e+00,-9.631405319554591227e-01,-2.507556138651850830e+01,-4.278632654610401431e+01,1.085085143897762805e+01,1.602710037559384659e+01,8.567285335668236712e+01,3.330466493969020547e+01,5.229772268873735896e+01,2.708298411245738890e+01,2.072127922278701107e+01,-6.145890556534853033e+01,1.126546817844611859e+01,1.474086904788723018e+01,-5.433240226873559919e+01,1.534539490916938043e+01,8.163019261417539951e+01,-2.301767968446014478e+01,-7.417609141895685099e+00,-3.536798812244822399e-01,8.203604549021275716e+01,3.014374088094445270e+01,4.314021821324406858e+01,-6.318342206287272944e+01,-2.255126803580854400e+01,4.817765716469764214e+01,-2.509750673395527443e+01,8.634580032385217407e+01,-2.362673188269658553e+01,3.306577100319885432e+01,-3.779581432036741973e+01,-4.922304068218677386e+00,4.558310366647349099e+01,-5.125336586214803702e+01,-3.653040222764812484e+01,-2.419862968818265259e+01,3.290293346419755949e+01,2.168758147037530293e+01,-1.525624707045409956e+01,3.393120947720875336e+01,2.366247107278422490e+01,-4.499366938709412977e+01,-1.484021279175173369e+01,-2.729498281231684587e+01,-7.214112035007882184e+01,-8.167910987473300466e+00,1.420977886783066957e+01,-1.170214669419875264e+01,1.399382755151597824e+00,1.515303872835771948e+00,7.671863425462186115e+01,-4.408536690248778456e+01,-2.096698367520363959e+01,-8.990250316447138346e+00,4.245771188451977451e+01,1.563338057726497432e+01,1.973496611924187150e+01,6.209940170821841576e+01,-7.469238948009676582e-02,1.129453786427617423e+01,-6.048410196401947303e+01,-4.110071717208943909e+01,9.714459557023596759e+00,-9.220403809054577948e+01,2.242349907722178770e+01,-3.605688567661724875e+01,1.220372045701009256e+01,-3.558220374664144980e+00,2.399389354403906083e+01,1.511594932721066797e+01,-1.211969384904629266e+01,9.321939611214066446e+00,9.800297261715543939e+00,4.726389572388934313e-01,-4.090204879872109700e+01,6.059473571579511741e+01,5.696330785284525078e+00
-3.187887341729986446e+00,-1.517885658678652305e+01,8.330932809240508163e+00,1.874450436288353217e+01,-9.043548343708016191e+00,-2.183463797791315031e+01,2.476363115301659690e+01,-2.948976354522008680e+00,2.474800255153914108e+01,-8.365551170032588857e+00,-2.723817700660182695e-01,-4.640531653928267986e+01,9.321753005122191738e+00,-3.869341291392735194e+00,1.323738757051127379e+01,-9.195865796498319256e+00,5.157348517325943682e+00,5.104030583208322724e+01,-1.045965979103321430e+01,-3.131942451908388048e+00,-1.960258718742683470e+01,-3.903964131628820944e+00,-8.963854289040691370e-01,-1.163734855643600685e+00,7.207216191991750343e+00,-9.530552052813961339e+00,-1.258884978355397521e+01,-5.564769156842936937e-01,4.826340839275990113e+00,3.209471820076070259e+01,-4.156573197293793598e+00,1.696643055455079008e+01,9.741166214096653064e+00,1.285246279041210471e+01,-2.726490391386653300e+01,6.785233082131318483e+00,1.984624352478623788e+00,-1.359906900469142244e+01,4.595902885045337172e+00,1.854896201555391144e+01,-9.709995951824385685e+00,-6.771462753699636572e+00,-5.388033296306603326e+00,3.995872719408383489e+01,1.469559778468794953e+01,2.011122392154308613e+01,-2.625469510246926319e+01,-9.233358050596160993e+00,2.288629427405748373e+01,-6.196978455727167656e+00,3.862204257070268909e+01,-1.161396849029851097e+01,6.129887540541973934e+00,-1.367433479994252998e+01,-7.511311671803362344e-01,1.408457202119825169e+01,-1.913298276580414736e+01,-1.239322817626911721e+01,-9.664913452756424661e+00,1.009963171341409449e+00,4.599050565965939086e+00,-1.071097299063629826e+01,2.226894528051795419e+01,1.695202568442743996e+01,-1.986151315626335645e+01,-9.451760833090876446e+00,-1.032720076410416965e+01,-3.022398867426110058e+01,-2.075391814477277386e+00,1.029619350802967226e+01,-5.045001256935210954e+00,3.601375666944116039e-01,3.581911476516395965e+00,2.970314924347527352e+01,-1.991093559397340584e+01,-9.745239388076855747e+00,-4.312011145210802532e+00,2.106869114122394038e+01,3.521207451270846889e+00,6.690854876463947498e+00,2.122472888562597859e+01,1.318367754338066522e+00,-8.234463873474258122e-01,-2.399748739177693224e+01,-1.729040752096094025e+01,4.859374821567428171e+00,-2.672508208291847609e+01,7.082414235245754419e+00,-8.330048201322590273e+00,1.127193603857497628e+01,8.691426263464396840e-02,8.973285752276256133e+00,7.590724340032286577e-01,-5.264304247823097249e+00,1.422565595862469401e+01,-2.685194306078031445e-01,-1.474030625623651503e+00,-1.650950326874119156e+01,2.191176917249467238e+01,4.324167478643571094e+00
-3.804812104276639850e+00,-4.384910704616793709e+01,1.830112504330225676e+01,3.164149742506234020e+01,-2.842291957821307946e+01,-3.243838945979577915e+01,3.785176658628577684e+01,2.545620172037299955e+00,5.028777816586513438e+01,-2.455292228860083625e+01,7.521547725513302751e+00,-9.034897167168607268e+01,8.414891357199991262e+00,-3.620813425420871479e+00,3.656219972289758857e+01,-7.694360428953009645e+00,1.450658589385388630e+01,8.924503499720394473e+01,-2.110773615833075567e+01,-8.130912984178998215e+00,-3.202857979721143522e+01,-8.745493069363543981e+00,-4.011312325328148631e+00,2.775205023460661558e+00,1.574716294980853526e+00,-2.017046874130221568e+01,-3.327728607362083579e+01,7.276230783103562416e+00,1.249951822799880574e+01,6.876922023824955943e+01,2.157341461122279824e+01,4.116470079780441438e+01,2.161385816390749071e+01,1.821190615643292787e+01,-5.064853718892203460e+01,9.838470503460012395e+00,1.073496512039356787e+01,-4.151680801889793315e+01,1.196005406588931663e+01,6.179173181809365900e+01,-1.881344785830962607e+01,-7.192729557221229975e+00,-1.914319893167266917e+00,6.871228030070338377e+01,2.525200964237143708e+01,3.585388672890974959e+01,-5.151898259274235414e+01,-1.834539960358814170e+01,4.017288419951596978e+01,-1.915136104186712984e+01,7.125615146809346356e+01,-1.982221688632287027e+01,2.460058228917839074e+01,-3.018816069987322948e+01,-3.612074422627297388e+00,3.566122796181160481e+01,-4.111990153512457624e+01,-2.892204666294560766e+01,-1.961015764804074379e+01,2.290044667030797854e+01,1.631479949332950241e+01,-1.379593088081186814e+01,3.020149733781753554e+01,2.150277356269793927e+01,-3.704877178531580029e+01,-1.311968798382594770e+01,-2.194119569324026386e+01,-5.889963343802462958e+01,-6.250935473839716927e+00,1.294887710575274653e+01,-9.598369362878555577e+00,1.072370174070345072e+00,2.151436556763045349e+00,6.188041440790984637e+01,-3.644057478325118637e+01,-1.741662456276630166e+01,-7.509318166520902338e+00,3.568239595619859017e+01,1.182434760378281169e+01,1.562331211093196792e+01,4.921438328551435859e+01,3.577218461365198610e-01,7.497989778376526360e+00,-4.896570754941155457e+01,-3.357871466853562481e+01,8.176279907972451966e+00,-7.158691293640487174e+01,1.759040297010633580e+01,-2.733647009316991827e+01,1.187446703357615974e+01,-2.415675171791221487e+00,1.925504759590771542e+01,1.061224703320643492e+01,-9.953040371279904264e+00,1.081251996650035352e+01,6.644381777857087279e+00,-1.328316529612837416e-01,-3.320007378989735969e+01,4.839460393367289726e+01,5.251887488982345253e+00
-5.946196653770501328e+00,-4.560954372634174803e+01,2.115735862610176454e+01,4.119397099192251233e+01,-2.871857918682550803e+01,-4.501437669673148889e+01,5.176662874374822820e+01,-1.423569677378554665e+00,6.010932485575493445e+01,-2.539652583121406693e+01,4.766340696349907091e+00,-1.100591496956915591e+02,1.556519463433093620e+01,-6.546886424951745553e+00,3.864764866721769465e+01,-1.494704863325602595e+01,1.523327114316005293e+01,1.142439942655860392e+02,-2.530671393520951185e+01,-8.794671516697599500e+00,-4.236628600744528228e+01,-1.002842607281074194e+01,-3.649185368678062424e+00,6.284277030668308228e-01,8.719619221088459327e+00,-2.368907443543865909e+01,-3.575019486142095815e+01,4.299455063753750750e+00,1.353229486697612849e+01,8.034168810755616619e+01,1.008299164291561212e+01,4.570527736327257173e+01,2.488317851787250845e+01,2.590367713458887522e+01,-6.302723450444618436e+01,1.382583745063541691e+01,9.325503361290763849e+00,-4.236252511594898351e+01,1.292472413633147177e+01,6.125266964543851600e+01,-2.296764946809355834e+01,-1.203277068984273512e+01,-7.014143186831229393e+00,8.866268813710087215e+01,3.259514721367510504e+01,4.547827260029774266e+01,-6.253850497319696444e+01,-2.214637818283283721e+01,5.133128162140584294e+01,-1.946052702011428792e+01,8.895177460995591900e+01,-2.566961186820768148e+01,2.305209933059095206e+01,-3.482757647790398892e+01,-3.226421175216758197e+00,3.894256739121562561e+01,-4.797816284383331009e+01,-3.261472366123271627e+01,-2.345526464786061638e+01,1.646692183231685647e+01,1.585526759952438880e+01,-2.065896366815053042e+01,4.397242925183712714e+01,3.247349923335151090e+01,-4.601602000191303432e+01,-1.886588714037256409e+01,-2.572615237763238838e+01,-7.171894744334477423e+01,-6.407886695228067531e+00,1.964868447981427835e+01,-1.181461549661290178e+01,1.103650452699240114e+00,5.253660547854243745e+00,7.316894451311624437e+01,-4.565973368220402051e+01,-2.206618786492081696e+01,-9.631232290505595373e+00,4.638076624036588669e+01,1.169112581467506651e+01,1.761400315415977857e+01,5.564263923745949825e+01,1.641852377259944262e+00,4.164735418086574548e+00,-5.842286626420973761e+01,-4.095046669019109231e+01,1.066139036858642619e+01,-7.652789186295571255e+01,1.935247274137913109e+01,-2.722984792320551506e+01,1.996367495719081120e+01,-1.531394262141954066e+00,2.248137922350249340e+01,7.940278405823431918e+00,-1.228613468522408958e+01,2.238959076862667175e+01,4.180827886181954334e+00,-1.656150728539341088e+00,-3.986586510606294098e+01,5.582190449800034315e+01,8.126741624244690598e+00
-6.749223448821505933e+00,-6.191026818558724898e+01,2.730848361334690111e+01,5.041025555161656513e+01,-3.954461313598130801e+01,-5.360717173934928326e+01,6.202701119681675834e+01,7.744866274306305698e-01,7.640471696312634720e+01,-3.456767289817296529e+01,8.502362374690388691e+00,-1.387013894175117912e+02,1.659893076136661705e+01,-7.037992043696015720e+00,5.204962782122616716e+01,-1.567255886024555167e+01,2.058167606846740583e+01,1.408362095454899077e+02,-3.212300635663578419e+01,-1.171359660412419679e+01,-5.148982808167608738e+01,-1.299304197793269289e+01,-5.301221135884308211e+00,2.354371680805054101e+00,7.127779052861908937e+00,-3.035455031401929915e+01,-4.777135156065885013e+01,8.009373579000209631e+00,1.801570043987877412e+01,1.031972868350684962e+02,2.190178890047090832e+01,6.012020790388516644e+01,3.217968629542485104e+01,3.053386769982403592e+01,-7.867500459580419658e+01,1.637878678187419368e+01,1.388201965874815613e+01,-5.804866580288258149e+01,1.722186649954205961e+01,8.515193214062560401e+01,-2.891649703695392404e+01,-1.330736855935748864e+01,-6.181492519665285457e+00,1.089206530869421243e+02,4.003655064781204231e+01,5.629038078486095031e+01,-7.893847648545121842e+01,-2.802405051629270005e+01,6.333064396297240251e+01,-2.672130401449647508e+01,1.108800371578780499e+02,-3.148535115823202091e+01,3.297698940680230351e+01,-4.499615001068141851e+01,-4.732347082871344313e+00,5.163082142751210313e+01,-6.166332367306882389e+01,-4.258806761636768101e+01,-2.980514964250883025e+01,2.724069474118137890e+01,2.226288530428693235e+01,-2.384781851670761199e+01,5.133867752659106998e+01,3.735957470154543358e+01,-5.748910481479641277e+01,-2.213837045454365438e+01,-3.298985662381890194e+01,-9.040040776025166736e+01,-8.760548791181760109e+00,2.256237820854426701e+01,-1.481986853242455382e+01,1.505919141223933222e+00,5.126237632916429199e+00,9.346592359937787364e+01,-5.682176774159987787e+01,-2.732623389661286950e+01,-1.186310554947782414e+01,5.679681452485073834e+01,1.627368721960650433e+01,2.300271696468410454e+01,7.256900560012365986e+01,1.384448695667184426e+00,8.069427060735799628e+00,-7.432249508195026522e+01,-5.158126927890860003e+01,1.303777311032434127e+01,-1.025045600760467579e+02,2.556701337456894407e+01,-3.776226838521783691e+01,2.203753391831120467e+01,-2.731097329606892110e+00,2.888511030790780865e+01,1.283781265695496643e+01,-1.539168848514721333e+01,2.298323810795564626e+01,7.490272116488934095e+00,-1.238831626525728424e+00,-5.056828062901256970e+01,7.212625032915784118e+01,9.260072027622788582e+00
-1.007394586671445103e+00,-1.414206608711569402e+01,5.668017404165084372e+00,9.289828339681658775e+00,-9.260276836702781011e+00,-9.216310999907870283e+00,1.083829789290106049e+01,1.270846204542166014e+00,1.535654644776282574e+01,-7.934430216370047084e+00,2.763607005842913633e+00,-2.736207369595847894e+01,1.961244020806288013e+00,-8.605367998910173899e-01,1.172368364930330209e+01,-1.714352307498721917e+00,4.662673821001884988e+00,2.641678994381222267e+01,-6.437288198407439488e+00,-2.585084480134567819e+00,-9.329626786661240345e+00,-2.717611366791484073e+00,-1.351519301664522388e+00,1.144554111488690795e+00,-2.745714422284992184e-01,-6.206019516866614794e+00,-1.060686319985619086e+01,2.707880793338250047e+00,3.972638542994618494e+00,2.120564313884632313e+01,8.323039558883698064e+00,1.295721964898149459e+01,6.705482391364260053e+00,5.104576323593855491e+00,-1.519196204437529296e+01,2.776154485459648491e+00,3.665552534473102586e+00,-1.348058105157333131e+01,3.803784387294826264e+00,2.026251952143294233e+01,-5.692112216018256454e+00,-1.816912346729625094e+00,-6.242035084980479542e-02,2.026136138111276352e+01,7.444875498965974003e+00,1.065913395687427290e+01,-1.562672937135661577e+01,-5.578109726765012155e+00,1.190175038487494952e+01,-6.227425565549745912e+00,2.134221387767149380e+01,-5.834853531615197042e+00,8.214310559292895775e+00,-9.357492154653167304e+00,-1.223586864838126287e+00,1.129697669048856667e+01,-1.268649516188657955e+01,-9.048136685825157954e+00,-5.986749816527581203e+00,8.198187433371714405e+00,5.384936948746799068e+00,-3.752328244080851860e+00,8.352926078753521111e+00,5.818247126835069061e+00,-1.112241066066263784e+01,-3.654626108429172238e+00,-6.755534377110999245e+00,-1.784099532306067815e+01,-2.026417511785464143e+00,3.493416432434379271e+00,-2.893341112674993276e+00,3.471579706649193797e-01,3.606577621736051231e-01,1.898470287652869359e+01,-1.089572594204483025e+01,-5.180685671684669202e+00,-2.220743253788713290e+00,1.048440181555266904e+01,3.880719128907340387e+00,4.888132251159952091e+00,1.538051657205602929e+01,-2.492347429944764825e-02,2.819772196185130309e+00,-1.496455283375013146e+01,-1.016415071855222862e+01,2.398679064517085902e+00,-2.285959727053108281e+01,5.556537464802792314e+00,-8.949506959205562495e+00,2.988622773620864592e+00,-8.875137413591785984e-01,5.939013202571408634e+00,3.764921904762406513e+00,-2.996391307898832235e+00,2.256048199424400380e+00,2.444591145912867525e+00,1.248794360306721002e-01,-1.011835360989006460e+01,1.500210485576895003e+01,1.399479585354134192e+00
-3.338850554908288082e+00,-3.007509251527987360e+01,1.333025539081694788e+01,2.473918113300395660e+01,-1.918460401331190468e+01,-2.638272166158082754e+01,3.050689389631246584e+01,2.530304348932865821e-01,3.735239498443171158e+01,-1.678816297189560913e+01,4.037809051898462620e+00,-6.786576495156538158e+01,8.269665995700329120e+00,-3.503098942240512770e+00,2.530362729647887932e+01,-7.823621856660187390e+00,1.000263984374635484e+01,6.906421315258216964e+01,-1.570630214396121183e+01,-5.700499607973161353e+00,-2.528691303568271209e+01,-6.340025334010352509e+00,-2.559423199959802275e+00,1.075384044048812937e+00,3.676867304589021224e+00,-1.482776240997213257e+01,-2.324101967812757508e+01,3.791915567138335774e+00,8.767827810433418634e+00,5.039836035682844084e+01,1.026564562309875583e+01,2.929289837640170902e+01,1.570508931309896994e+01,1.504353510855358422e+01,-3.853221038610239901e+01,8.065280674887143064e+00,6.687986391497863892e+00,-2.817433652210502970e+01,8.380789457489843386e+00,4.127416579582247635e+01,-1.415005971406685426e+01,-6.602248087436064949e+00,-3.154876882478667266e+00,5.343227973888612325e+01,1.964069495571256141e+01,2.759271748652227529e+01,-3.861801384674339488e+01,-1.370640220008159460e+01,3.105394653287851980e+01,-1.296690285795661879e+01,5.431279729791054223e+01,-1.544798295563860968e+01,1.594298800081159229e+01,-2.196218112695611069e+01,-2.282845708609943181e+00,2.513746059256148868e+01,-3.011271071611167471e+01,-2.076525940726340735e+01,-1.457143261792533728e+01,1.301062090495018531e+01,1.078125369000663625e+01,-1.177583796743419597e+01,2.531959836486252158e+01,1.845458846716576318e+01,-2.815370268197203885e+01,-1.091243862359275951e+01,-1.611386398306543200e+01,-4.423154697509484379e+01,-4.252900229829720935e+00,1.114747982696470352e+01,-7.254677335821879680e+00,7.311969880511701714e-01,2.581512552371315383e+00,4.567078505898293628e+01,-2.783788213183518323e+01,-1.339422046797601773e+01,-5.818009037784709570e+00,2.787144352600204300e+01,7.887119723484714129e+00,1.121563887114676383e+01,3.538768336572003648e+01,7.109689758370086876e-01,3.810031900376241509e+00,-3.633146189084192201e+01,-2.523969827816196698e+01,6.398825499089248581e+00,-4.985774627109341850e+01,1.245202804389132289e+01,-1.830791383920511706e+01,1.093586796970495634e+01,-1.297032792508468368e+00,1.410619787624190380e+01,6.142670641854644842e+00,-7.535564045216013085e+00,1.150211291303676830e+01,3.556041914794445535e+00,-6.477416241879503378e-01,-2.472670041978933853e+01,3.520382728841104836e+01,4.579021010943875147e+00
-1.968818659791665704e+00,8.888981794017967175e-01,1.811639122660845480e+00,7.879431330225326491e+00,1.446003449700240751e+00,-1.094102206209323924e+01,1.198515045226974607e+01,-4.240344507390396700e+00,7.008086624446501212e+00,6.439650761568036508e-01,-3.297771361307872517e+00,-1.471490911529740586e+01,6.838237043020211736e+00,-2.787454231782724445e+00,-1.058155715559152554e-01,-6.987940814100655373e+00,-1.456347381365239446e-01,2.022410580471258257e+01,-3.020263926503631069e+00,-1.822166440450539993e-01,-8.663461589141460806e+00,-7.813939054548790786e-01,6.195672726891753301e-01,-2.379541514929361945e+00,7.253875309336719646e+00,-2.377995118383940287e+00,-4.950856465005819551e-01,-3.510620571767610443e+00,2.928674118245480074e-01,7.671451562056170737e+00,-1.315002819842176329e+01,2.136670272796415304e+00,2.032645694492306809e+00,6.792045284801806027e+00,-9.616727861788032072e+00,3.496476144726484492e+00,-2.111108701999496517e+00,1.686367888286700811e+00,2.560161369792195440e-01,-4.359520265564279740e+00,-3.115471494735130076e+00,-4.536642565266454596e+00,-5.128938614624106940e+00,1.629437554647961406e+01,5.999858025542701867e+00,7.694032034311934609e+00,-8.164778337161793687e+00,-2.780888285391090786e+00,9.006309594994014844e+00,8.611973461602722146e-01,1.381795829159464262e+01,-4.795351378056096792e+00,-3.107933564035112450e+00,-2.914255627802022630e+00,6.191879768316953525e-01,1.180022853114003123e+00,-4.523916362172108130e+00,-2.018191854861073331e+00,-2.748409205343292694e+00,-8.029088832381185981e+00,-1.477385813399228365e+00,-6.211340776174768763e+00,1.230814876314676098e+01,9.962869271464139587e+00,-6.944376782242135171e+00,-5.103957278074799042e+00,-2.542987930519061468e+00,-9.561970563842448811e+00,2.234359048361640454e-01,6.095569342811915980e+00,-1.689090808598859184e+00,-3.385096650732080659e-02,3.059161568313017998e+00,7.803518629303497711e+00,-7.240998964267253868e+00,-3.711122563203564262e+00,-1.720676393743863386e+00,8.809531769980399218e+00,-8.651639902349685940e-01,1.086039438836642779e+00,3.583086805531654928e+00,1.299115829070391470e+00,-3.891029167712716230e+00,-6.714604399655733857e+00,-5.516567597097230546e+00,2.053271967292658484e+00,-6.753190758131957239e-01,7.297019655164853624e-01,1.792980425887513718e+00,7.591175113901138083e+00,1.058517494230130751e+00,2.133665280581866330e+00,-3.402448325071066648e+00,-1.787467499344802757e+00,1.124495988764802412e+01,-2.943699049632075848e+00,-1.559046477537709308e+00,-4.813574337851901142e+00,4.661406110261384406e+00,2.634323195738714318e+00
-4.811298462319485658e+00,-6.790767022133688613e+01,2.718903606007739171e+01,4.449968446536804123e+01,-4.447725847022181256e+01,-4.410751005905384403e+01,5.188132048753191583e+01,6.155668202732064387e+00,7.363725578703582642e+01,-3.810157430390582078e+01,1.331036295030365579e+01,-1.311772648736206008e+02,9.328371470806697374e+00,-4.095745836437152398e+00,5.628694703077621853e+01,-8.141122845736942892e+00,2.238743661872170776e+01,1.265683742164003007e+02,-3.086683587399340212e+01,-1.240869764759071359e+01,-4.468071465173553491e+01,-1.303728636399374707e+01,-6.496601811108884128e+00,5.525502481784132947e+00,-1.411138107452931445e+00,-2.976473819794546571e+01,-5.091737723811323235e+01,1.304554694336191112e+01,1.906894942055525277e+01,1.017103648420452657e+02,4.012748644127234598e+01,6.218044855861009523e+01,3.216709104584520418e+01,2.442015151768735137e+01,-7.281366887515257247e+01,1.328357481073612334e+01,1.762541759090696658e+01,-6.474208498623525543e+01,1.825874996896144964e+01,9.733652032946852728e+01,-2.728801460188300254e+01,-8.664914363244227147e+00,-2.339835617216671215e-01,9.706640045987511201e+01,3.566611234685066734e+01,5.107611732122343540e+01,-7.491959201863208762e+01,-2.674497257720669197e+01,5.702512934193615024e+01,-2.990900040096360613e+01,1.022873113749531910e+02,-2.795180003177020467e+01,3.947684571448372282e+01,-4.488813938241888479e+01,-5.882391289172320015e+00,5.422184959122136405e+01,-6.085011730902083826e+01,-4.341439670617738500e+01,-2.870727617658638664e+01,3.946247433002336180e+01,2.587209202870667468e+01,-1.793542533857232968e+01,3.994487354190818706e+01,2.780588071389634663e+01,-5.330991861722063874e+01,-1.748054051435808987e+01,-3.240085435601720576e+01,-8.553242116504267756e+01,-9.731724728618528886e+00,1.669386855185686258e+01,-1.386934080864464391e+01,1.667144540711596346e+00,1.692338277590513806e+00,9.104590365555601750e+01,-5.221780218952850561e+01,-2.482501782422421144e+01,-1.063978320743721362e+01,5.022293688728812810e+01,1.864247629301022258e+01,2.345408938173888913e+01,7.379620819902940809e+01,-1.362986143731835242e-01,1.358761207256976355e+01,-7.175904748182732362e+01,-4.872758647305106905e+01,1.148979558512234078e+01,-1.097406396991338511e+02,2.666767783421995119e+01,-4.298969183985671094e+01,1.425118867472122375e+01,-4.274526333496583952e+00,2.848596630398103002e+01,1.811903252881715431e+01,-1.436282630906597291e+01,1.068728448184705293e+01,1.177422735553853528e+01,6.195182764063533742e-01,-4.851671859845509971e+01,7.196563513806670187e+01,6.685180203326122061e+00
-4.483355977540466775e+00,-4.963231316807537752e+01,2.090337736559209603e+01,3.655069970947322133e+01,-3.209644804451379230e+01,-3.771855257457258404e+01,4.394556607575978546e+01,2.519530031354935584e+00,5.761359965322052545e+01,-2.777854583619047446e+01,8.241860765579641424e+00,-1.036942926138574990e+02,1.013015256719492996e+01,-4.345482557194959128e+00,4.143922798350485692e+01,-9.326261566859564311e+00,1.643266447455606638e+01,1.029187176500000191e+02,-2.418946632156724519e+01,-9.233267504836456752e+00,-3.705723730250143433e+01,-9.981737736260477334e+00,-4.493864666509003847e+00,2.940535203834798939e+00,2.411760570461502162e+00,-2.307146255041906713e+01,-3.776722544167510165e+01,7.945373494893755328e+00,1.419525088045918970e+01,7.862220215457952577e+01,2.332056677042526971e+01,4.685051574015580655e+01,2.467791465238265047e+01,2.123244934866814759e+01,-5.824790835758967233e+01,1.145531296216160300e+01,1.198722443325398856e+01,-4.691943944133161182e+01,1.358050951928277605e+01,6.967299161010814146e+01,-2.159679371606827303e+01,-8.545846409416578027e+00,-2.613193916983963305e+00,7.930251235095315110e+01,2.914496138369632305e+01,4.131001726621469317e+01,-5.910925867815903700e+01,-2.103729379868121541e+01,4.631956140279672240e+01,-2.163635566856860137e+01,8.197243001052470390e+01,-2.288548478380220530e+01,2.761973425681695815e+01,-3.447424076238521451e+01,-4.041305414111659111e+00,4.052892286973620628e+01,-4.700594298387324699e+01,-3.296152019680409495e+01,-2.246826839702362832e+01,2.526729677967298571e+01,1.836748914064035887e+01,-1.617616155089060825e+01,3.530081662405308407e+01,2.523700791999500836e+01,-4.259983043077594544e+01,-1.531388836854307200e+01,-2.509308157422325891e+01,-6.759695028435503161e+01,-7.067009182384341059e+00,1.520590710365443066e+01,-1.102700039250549757e+01,1.212757526650001472e+00,2.703208748530685046e+00,7.082418512336235494e+01,-4.193597665809602404e+01,-2.006475222097196820e+01,-8.661497005807726524e+00,4.121196682654915833e+01,1.332981823635931207e+01,1.780502351753755974e+01,5.610090037188795264e+01,5.177471022134093603e-01,8.163908142548867986e+00,-5.608949626768662711e+01,-3.854269917825755698e+01,9.446321493980537554e+00,-8.121211584609265799e+01,2.000421530193700193e+01,-3.083483322765802015e+01,1.411710538097613288e+01,-2.647069620964099812e+00,2.201259907919460090e+01,1.173655868802180002e+01,-1.143756750803602351e+01,1.322885857559390743e+01,7.278055682262554171e+00,-2.852557591881963450e-01,-3.805273128233692859e+01,5.526471243677422507e+01,6.181305535581893551e+00
-3.449164865062486207e+00,-6.611587267279340097e+00,5.827030326884207412e+00,1.674653960250189755e+01,-3.063132202295505202e+00,-2.119230443414692644e+01,2.363023526101442684e+01,-5.503224794331454284e+00,1.886465360831669003e+01,-3.496575513009086755e+00,-3.286446687463139060e+00,-3.687801052002481583e+01,1.111933157380858006e+01,-4.566728474609982769e+00,6.405835299136374950e+00,-1.120056183515320569e+01,2.395932716463074819e+00,4.442299289701698228e+01,-8.028833858445791449e+00,-1.713735362752644376e+00,-1.791784571178055074e+01,-2.666024107784496167e+00,1.516560316138402253e-01,-2.846805957278910171e+00,1.047724216390270691e+01,-6.958133626620104373e+00,-6.661479615418165245e+00,-3.629573362175515960e+00,2.652414799650190336e+00,2.311017055645788787e+01,-1.461417952352374705e+01,1.038262776519348840e+01,6.731521468279147768e+00,1.281073518417217727e+01,-2.259563558111138803e+01,6.677869073003467548e+00,-1.042581100731849730e+00,-5.072671174473558864e+00,2.503911820317842540e+00,4.950408123901613777e+00,-7.751343019976277837e+00,-7.665462886422496069e+00,-7.551636443396417597e+00,3.521902956408534635e+01,1.295944619520343366e+01,1.724113118957893320e+01,-2.071104268383907510e+01,-7.197196269761001908e+00,1.985974071282098308e+01,-2.222921995137696172e+00,3.219459831913462722e+01,-1.029316930077145820e+01,4.214130439734731226e-02,-9.507704387364254828e+00,2.226948539653972325e-01,8.051495270972296225e+00,-1.372974552111190505e+01,-8.021355899014803725e+00,-7.378283463281577248e+00,-7.179069464557779057e+00,8.483873609556331630e-01,-1.120292781828547923e+01,2.271271861214737697e+01,1.785711985530832635e+01,-1.640173872373629393e+01,-9.525327530049445102e+00,-7.507462901617438789e+00,-2.399786192806852014e+01,-8.065859784389535214e-01,1.088836470819094160e+01,-4.094640676983317462e+00,1.446694531630576264e-01,4.685181743964908385e+00,2.206081862040232267e+01,-1.670959334452718537e+01,-8.338088962338296994e+00,-3.764525608212207608e+00,1.877816409589231128e+01,9.038237706386813564e-01,4.327183047826696161e+00,1.385856736640857889e+01,1.889968321076925362e+00,-4.124462635116711517e+00,-1.821517042333000802e+01,-1.377294622242680155e+01,4.351538322535418502e+00,-1.378260531595011784e+01,4.179012407018037223e+00,-2.380705063700828461e+00,1.279774915287173442e+01,1.054629476834582524e+00,6.450632123952566133e+00,-2.879490940482256178e+00,-4.296486285306482245e+00,1.774257507768854225e+01,-2.946067343112908077e+00,-2.214970833489071644e+00,-1.271704667699793312e+01,1.522712558573610053e+01,4.643915635205275727e+00
-5.339343355373719291e+00,-7.469047280963144431e+01,2.995540218607952099e+01,4.914217325884180099e+01,-4.889958236716717721e+01,-4.878225112884373971e+01,5.735930808823100335e+01,6.673307024011613464e+00,8.117863538634502163e+01,-4.190386946813688951e+01,1.456684681130080250e+01,-1.446635916009455229e+02,1.042276484130539771e+01,-4.571230503694420300e+00,6.192378480264613927e+01,-9.120065736006882418e+00,2.462699936349389063e+01,1.397216823166861559e+02,-3.402991893246993982e+01,-1.365616577085431693e+01,-4.935966193536237512e+01,-1.436173356969545623e+01,-7.133009123775935656e+00,6.023489386229678999e+00,-1.383008485156111744e+00,-3.280239500438846534e+01,-5.603028726769292689e+01,1.427052536887294210e+01,2.098628455479216370e+01,1.120798515718626049e+02,4.384051147206000110e+01,6.846015072794784828e+01,3.543736604978526117e+01,2.702548980418638180e+01,-8.033349354803864628e+01,1.469614373383766015e+01,1.934195083955592409e+01,-7.118909663409260702e+01,2.009405120774811948e+01,1.069866562594871766e+02,-3.009476538721014194e+01,-9.639052911765379150e+00,-3.772798041274278980e-01,1.071721165912160103e+02,3.937965577425838859e+01,5.637315728621976518e+01,-8.261647682528644054e+01,-2.948949815437836008e+01,6.294885798543372601e+01,-3.288541673204825599e+01,1.128582340018807457e+02,-3.086431021941674047e+01,4.335934903642197469e+01,-4.945352000865889863e+01,-6.457270572285011667e+00,5.968183579201541988e+01,-6.705232095275012227e+01,-4.781118577137466730e+01,-3.164764323067901231e+01,4.322853955675602577e+01,2.842965697858092611e+01,-1.987749799608680945e+01,4.423451309045938729e+01,3.082452673187187386e+01,-5.881324196023022921e+01,-1.935116140480999292e+01,-3.570647552792525659e+01,-9.432524026177642895e+01,-1.070151133422478473e+01,1.850884600859786744e+01,-1.529836157372106342e+01,1.833382385998138187e+00,1.933378198713617380e+00,1.003500190990210967e+02,-5.761863942411338968e+01,-2.739892366548957625e+01,-1.174597721055695665e+01,5.546056505232164113e+01,2.049002264100861126e+01,2.582930050959004475e+01,8.127347714215909491e+01,-1.195962610421671402e-01,1.485800980369165813e+01,-7.910539388462620991e+01,-5.373844712338597418e+01,1.268892327930243624e+01,-1.207511818287270415e+02,2.935652694969965992e+01,-4.725487031038696273e+01,1.585638697691564936e+01,-4.678049562131142203e+00,3.138979520929434841e+01,1.985484416222382720e+01,-1.584358757641096638e+01,1.202080236327619289e+01,1.288508195157100289e+01,6.451549292157687798e-01,-5.349002504636273159e+01,7.928469984365214884e+01,7.416518290003502045e+00
-5.063136990332937515e+00,-5.058910580420869962e+01,2.183265721952490424e+01,3.930999892079312730e+01,-3.250544555149598835e+01,-4.124252137067493607e+01,4.786781610206369919e+01,1.558043089414097970e+00,6.065997626742620952e+01,-2.827878754002641060e+01,7.642298949395378571e+00,-1.096832193471859824e+02,1.201551927852616330e+01,-5.119109044516317653e+00,4.239128687658412531e+01,-1.122870805544376438e+01,1.678524113154879416e+01,1.102157642966725746e+02,-2.548725691679960903e+01,-9.494947917314863872e+00,-4.001725168787670128e+01,-1.040533450058595122e+01,-4.450703801924976943e+00,2.436993712475092888e+00,4.215124052679144917e+00,-2.418824475278949038e+01,-3.877733849966014645e+01,7.287571261692955993e+00,1.460062327858903686e+01,8.232387792472704291e+01,2.070463850343260503e+01,4.847013436610610171e+01,2.574944478393232217e+01,2.336859366735024324e+01,-6.193731458886445296e+01,1.256736446403703233e+01,1.176171978169732135e+01,-4.762023454840932857e+01,1.396250795005878231e+01,7.026693579658305566e+01,-2.285634670229904586e+01,-9.839699190217716662e+00,-3.909701185820692260e+00,8.509632479023039764e+01,3.127702876172808644e+01,4.413694950005172757e+01,-6.246940686869288584e+01,-2.220309285390714393e+01,4.958061586034440182e+01,-2.193940378896504484e+01,8.723299301807278994e+01,-2.457989185225063267e+01,2.752299510673141825e+01,-3.598912226639431111e+01,-3.987560171470467374e+00,4.176909143015021897e+01,-4.920399064819950752e+01,-3.422497743659727121e+01,-2.366000380443060536e+01,2.393022822421803042e+01,1.844507004597409860e+01,-1.805321732851909999e+01,3.909690665226777639e+01,2.823103804000666628e+01,-4.527669897350706663e+01,-1.690398553417723804e+01,-2.629727729757566124e+01,-7.149371324259206517e+01,-7.179921922654146194e+00,1.703220137535623735e+01,-1.169379510593170046e+01,1.233215921326016096e+00,3.503511933596600514e+00,7.437370564560922048e+01,-4.466860104532165110e+01,-2.143157618429989952e+01,-9.280095070913763067e+00,4.430515810394680898e+01,1.343596330744126988e+01,1.848651621877701245e+01,5.828697683446377198e+01,8.427406914040135311e-01,7.419672417938771858e+00,-5.902925995734322839e+01,-4.078009671189351337e+01,1.016351025924137907e+01,-8.329047086258731269e+01,2.065179290847062887e+01,-3.113053021199280934e+01,1.627780304843991033e+01,-2.454660224058494045e+00,2.304557730588084752e+01,1.119423302314087643e+01,-1.213773289311527215e+01,1.624830214699434450e+01,6.741005889103211857e+00,-6.673468717264902095e-01,-4.010931529507756466e+01,5.769068385929601561e+01,6.961369962791699173e+00
-2.253999787182786374e+00,-1.606793152876146991e+01,7.623424062122913014e+00,1.517536317328396400e+01,-1.004967904303572013e+01,-1.676074532619394830e+01,1.922930007738216318e+01,-8.274396506615682156e-01,2.180072577490608055e+01,-8.935644540305130334e+00,1.434413941213423360e+00,-4.006056667879751387e+01,6.028868215684472176e+00,-2.529026479767952029e+00,1.366474100009303960e+01,-5.821611511086581814e+00,5.378127689628202646e+00,4.196178804139891838e+01,-9.183683718612279279e+00,-3.125306380033697984e+00,-1.564997769824696761e+01,-3.607541072941546911e+00,-1.243701855285849645e+00,4.061620273513222301e-02,3.638770123866900352e+00,-8.562347034460724871e+00,-1.268556242875160223e+01,1.252984574046641875e+00,4.809839337434134166e+00,2.900921751265202175e+01,2.562994689837676532e+00,1.633284298894758280e+01,8.958426861973400435e+00,9.682904253329837729e+00,-2.303223279804087298e+01,5.158327694942581587e+00,3.137978737050505895e+00,-1.485829906216738650e+01,4.592077991006009441e+00,2.133715092030028515e+01,-8.363436457571113536e+00,-4.603404562501255626e+00,-2.873136951160502495e+00,3.261150876121803321e+01,1.198972817660362722e+01,1.667691191701694819e+01,-2.274845355955256565e+01,-8.047335996762662091e+00,1.884780794140071691e+01,-6.819009641719402381e+00,3.252467456901079146e+01,-9.447621979707422568e+00,7.918072922693804472e+00,-1.254389318277128673e+01,-1.094164687481033127e+00,1.386726876159169919e+01,-1.731924593756367514e+01,-1.169260041963116414e+01,-8.507915543993993523e+00,5.212563119086526697e+00,5.496481470325782048e+00,-7.783077317211251511e+00,1.649652207594797915e+01,1.224932036468313079e+01,-1.680991075689367165e+01,-7.064156529610317037e+00,-9.295626846937150134e+00,-2.610301820804773598e+01,-2.249929164246458058e+00,7.416818574941092201e+00,-4.308776584813128530e+00,3.878660899553834085e-01,2.092255639662077726e+00,2.648171892606897515e+01,-1.670651434021781157e+01,-8.090001995620133002e+00,-3.538748076505082274e+00,1.708138077690386325e+01,4.070036660633405745e+00,6.314441348045921387e+00,1.995895062172509071e+01,6.800618188328036995e-01,1.176273970228656207e+00,-2.118167669938707220e+01,-1.490877957339910864e+01,3.928597028508835187e+00,-2.712571870345074387e+01,6.902268511972515341e+00,-9.496497188824104541e+00,7.642465897030519706e+00,-4.609469044758752743e-01,8.116429007779778715e+00,2.549300758759955432e+00,-4.483103708092793127e+00,8.779725331098770624e+00,1.254308529736684275e+00,-7.049694968000563833e-01,-1.447138469425513208e+01,2.010471546822914846e+01,3.076256347668510305e+00
-1.187414778573373297e+00,-1.227163817024915993e+01,5.252552397165447751e+00,9.365797496036330827e+00,-7.902334245655781686e+00,-9.773241387361981225e+00,1.135737467848502646e+01,4.614203852666802774e-01,1.455459441272644838e+01,-6.862633309735147513e+00,1.916511975269655998e+00,-2.627661779075102189e+01,2.774980554481336181e+00,-1.184751713726005740e+00,1.027039219737985754e+01,-2.581427651487341102e+00,4.068716882425174930e+00,2.629645147934084548e+01,-6.113845016115789122e+00,-2.296317989646220248e+00,-9.521577608795462666e+00,-2.504965306155050975e+00,-1.090355174288008655e+00,6.374543965379582122e-01,8.772819403584812825e-01,-5.811916107142900856e+00,-9.383091270822891516e+00,1.834805042588134816e+00,3.530855650346986341e+00,1.978902238978614037e+01,5.275776608866285855e+00,1.169841641250339670e+01,6.196923196918248777e+00,5.525911957250452922e+00,-1.481231034669414548e+01,2.974867959308805432e+00,2.890831790076410890e+00,-1.156830029414238759e+01,3.377017366239805529e+00,1.710690037837659361e+01,-5.474682185858139150e+00,-2.293544448788159329e+00,-8.454053018846955370e-01,2.028972237159977610e+01,7.457241885870278253e+00,1.053868674262615102e+01,-1.496996710948294407e+01,-5.323076406281001205e+00,1.183128497712323401e+01,-5.331370588407523314e+00,2.085634951932904357e+01,-5.858884351367121823e+00,6.728383000082633458e+00,-8.659776227615468613e+00,-9.781619713280372830e-01,1.009420148913088511e+01,-1.182887343175165995e+01,-8.250208694230650508e+00,-5.676622492578112578e+00,5.955630447832099605e+00,4.497159717230206688e+00,-4.249893104130568311e+00,9.226427373578660607e+00,6.640896330918218737e+00,-1.082961849576362034e+01,-3.993461066449936148e+00,-6.319510524682929287e+00,-1.712820889401106683e+01,-1.743595077903711488e+00,4.004869895614953101e+00,-2.799078980799415639e+00,2.993883928510633341e-01,7.880273992487234480e-01,1.786066266159503968e+01,-1.067644356113132709e+01,-5.117762306254258320e+00,-2.213790872379808761e+00,1.055732808936331146e+01,3.271690069338528239e+00,4.456405689524395974e+00,1.404765612434622390e+01,1.783926425131244775e-01,1.874341116691706333e+00,-1.416540686383590497e+01,-9.768713557328149832e+00,2.421187225374703544e+00,-2.016178283364346058e+01,4.987953913337455525e+00,-7.576168465471337043e+00,3.792499670737342399e+00,-6.155580572984508114e-01,5.539973016709883069e+00,2.778958877367808444e+00,-2.904663202478960926e+00,3.712955277802885146e+00,1.691179038442719218e+00,-1.307571647463473818e-01,-9.620162053867900909e+00,1.388185160267943452e+01,1.634030473329858291e+00
-5.139072711236387647e+00,-5.307897522442875271e+01,2.272237170400810058e+01,4.052315795554132194e+01,-3.417894235864495300e+01,-4.229015841283368360e+01,4.914381946953908198e+01,1.989445571045446393e+00,6.296570689716856606e+01,-2.968298254149045334e+01,8.284790250903897757e+00,-1.136803338003392980e+02,1.201335772741502161e+01,-5.128790064377574787e+00,4.442387491028026858e+01,-1.117638103088209434e+01,1.759879834282603284e+01,1.137744433192299738e+02,-2.644967233463600564e+01,-9.932876403708675639e+00,-4.119816057807320675e+01,-1.083627413785735705e+01,-4.715337595394737846e+00,2.753681488903909624e+00,3.805591089080422762e+00,-2.514272496148025127e+01,-4.058680946462884975e+01,7.931049819644221621e+00,1.527297043938683707e+01,8.560794827028621512e+01,2.280023177804595846e+01,5.060410422111946360e+01,2.680753108814676011e+01,2.391229530759069988e+01,-6.408438300405477150e+01,1.287291334950671384e+01,1.250095083318679201e+01,-5.003552034923413316e+01,1.460749547839238360e+01,7.398840319174638580e+01,-2.368515131964272413e+01,-9.927455627439243813e+00,-3.664501320054426081e+00,8.778672167360205947e+01,3.226496374448376514e+01,4.559614796482161836e+01,-6.476412621356338661e+01,-2.302888330522309346e+01,5.118919461098231238e+01,-2.305925909330640167e+01,9.023389736708259079e+01,-2.534953427800461512e+01,2.909856890386001638e+01,-3.746180216595486456e+01,-4.230052441331822344e+00,4.366371324637123763e+01,-5.117199431734842818e+01,-3.568888637339110659e+01,-2.455807903100602729e+01,2.574863697785058037e+01,1.944999381467926014e+01,-1.839206671007824667e+01,3.992700813177150110e+01,2.873988941919415652e+01,-4.685342565074031285e+01,-1.728121121837669349e+01,-2.733854676422332375e+01,-7.410159619103026785e+01,-7.541490258833693616e+00,1.733205702798888126e+01,-1.210981797882948641e+01,1.294937434016229405e+00,3.413190492197128556e+00,7.726713036780431310e+01,-4.619132358213629175e+01,-2.214221292936285934e+01,-9.578233123636920254e+00,4.567846473856742762e+01,1.415021466338816936e+01,1.927758570629493207e+01,6.076779990378128105e+01,7.735897952586124893e-01,8.101486512796551409e+00,-6.128185365754291070e+01,-4.226238154751241893e+01,1.047581729168588893e+01,-8.720973821057583564e+01,2.157623111313800024e+01,-3.276760563719345498e+01,1.641571958024280065e+01,-2.660965041456958780e+00,2.396608061511271615e+01,1.201510033164242763e+01,-1.256666547686811164e+01,1.607717246623923302e+01,7.310659345920044849e+00,-5.679376176771221418e-01,-4.161876827126780398e+01,6.005224974294177542e+01,7.071890164447029115e+00
-4.205016920827072902e+00,-2.086399811623406109e+01,1.126253990633592217e+01,2.502850550022023413e+01,-1.250594652068778245e+01,-2.900995663041305761e+01,3.293623296413969115e+01,-3.691378528157859940e+00,3.332322509685296552e+01,-1.151145568163228461e+01,-1.024889219404316876e-01,-6.235568060680973446e+01,1.220724029097385888e+01,-5.071256201451020296e+00,1.814043717209471396e+01,-1.202252365173812798e+01,7.076167095066971946e+00,6.825233806497503508e+01,-1.407916317043152077e+01,-4.274988945197685908e+00,-2.613951966599690735e+01,-5.283290225300424581e+00,-1.278652661462493123e+00,-1.398755723546914798e+00,9.276772895403359698e+00,-1.285923105913539821e+01,-1.720280253990394925e+01,-4.741592628106889862e-01,6.586791416280502354e+00,4.333186832295277213e+01,-4.614374668896036980e+00,2.306423949957133601e+01,1.317605538486250616e+01,1.704717839139257052e+01,-3.655666549956842459e+01,9.007084652514050660e+00,2.891645302385518868e+00,-1.876554022480531358e+01,6.274175644105318028e+00,2.576494623941024997e+01,-1.304450765733443696e+01,-8.902870746608229524e+00,-6.959333088503381504e+00,5.339593634554123724e+01,1.963679457087818747e+01,2.691576654888492470e+01,-3.529208552510495167e+01,-1.241909320088051594e+01,3.060920560823228342e+01,-8.558904239246427181e+00,5.176823399309159157e+01,-1.551460676567993247e+01,8.651366017721381141e+00,-1.849112471228592369e+01,-1.079661238731360440e+00,1.919534692042941515e+01,-2.583596017228793329e+01,-1.680987177459359927e+01,-1.301287619710046783e+01,2.042222023072536530e+00,6.420723616945366530e+00,-1.416154862047739726e+01,2.949266259920973710e+01,2.240232001084632785e+01,-2.663524209844561241e+01,-1.252762547309971630e+01,-1.393689247346847182e+01,-4.061432987011683338e+01,-2.861077592583851192e+00,1.360290912282988884e+01,-6.771730060753095692e+00,4.960718365202398950e-01,4.655257340889596307e+00,4.004520823045267264e+01,-2.667859818955600204e+01,-1.304390503879254481e+01,-5.765133769501420424e+00,2.813571216478768733e+01,4.894124186477758265e+00,9.075602638231625718e+00,2.877830551749081422e+01,1.699217985971738454e+00,-8.086226194214729546e-01,-3.231929792672794122e+01,-2.323066137961843935e+01,6.487587114049043535e+00,-3.655094948950890199e+01,9.641176136499863603e+00,-1.155710980983302250e+01,1.481669705047482566e+01,3.219179600463184521e-02,1.211597095696149751e+01,1.318922618429071214e+00,-7.064045303909997742e+00,1.856270391685234600e+01,-1.262523766299379346e-01,-1.891106418531552036e+00,-2.221871205347627409e+01,2.963088794225883760e+01,5.706814326848647312e+00
-6.727156539328902340e+00,-5.826133685962451381e+01,2.609977534949594613e+01,4.900392680591885153e+01,-3.705415464702397799e+01,-5.257762860949371486e+01,6.071311138039897060e+01,-4.039699250582451384e-02,7.337569878572922732e+01,-3.250343266276150445e+01,7.423627221615106464e+00,-1.335651147236501970e+02,1.690773236675212488e+01,-7.148557740464686283e+00,4.909855379408750053e+01,-1.606076971767980410e+01,1.939587191695470736e+01,1.365817306343306257e+02,-3.086293961102060734e+01,-1.108694111304450125e+01,-5.016529368224685470e+01,-1.240330034113559776e+01,-4.889925848359021998e+00,1.788950762198114219e+00,8.045666089274853050e+00,-2.907727674094065407e+01,-4.517055775783388327e+01,6.919693012861573678e+00,1.705418873094947330e+01,9.877976571433067932e+01,1.827631079877114928e+01,5.712241438422706352e+01,3.073679312048723844e+01,3.004934691220608656e+01,-7.599258163784962505e+01,1.609216951502532922e+01,1.271609878006292860e+01,-5.447220059212116894e+01,1.629836678068591027e+01,7.956259790971229506e+01,-2.785436199433663162e+01,-1.338294829567663413e+01,-6.766185622036364755e+00,1.057491367159331190e+02,3.887267941596824272e+01,5.451911752009350920e+01,-7.597712372092072997e+01,-2.695132884036049958e+01,6.140150469585972104e+01,-2.505951898570585712e+01,1.071477282231139299e+02,-3.058406526423610217e+01,3.055418744705493950e+01,-4.299168929672465111e+01,-4.353164061821858333e+00,4.893721355835262443e+01,-5.901281653155158580e+01,-4.055626694160284273e+01,-2.862619554292251323e+01,2.424591562942366707e+01,2.074015608212942041e+01,-2.363428451810797881e+01,5.068557411340258056e+01,3.706730664167754696e+01,-5.551396868289187125e+01,-2.181970807033706095e+01,-3.159415257902078267e+01,-8.704756206837060972e+01,-8.226448767895615077e+00,2.240019271845532955e+01,-1.429232347183958751e+01,1.414937403380831960e+00,5.393907480782784702e+00,8.962056739546240181e+01,-5.493817244717425297e+01,-2.646201497460221930e+01,-1.150785265540407387e+01,5.519991871598088551e+01,1.519966930305739616e+01,2.190456563904736953e+01,6.913308459695409169e+01,1.542756896360024443e+00,6.907172886363478703e+00,-7.135738308228400228e+01,-4.967920871373739544e+01,1.267684850883101433e+01,-9.685356100540369084e+01,2.425960878516359287e+01,-3.530909479325257649e+01,2.217694115380323794e+01,-2.384731965564348410e+00,2.764616653886846365e+01,1.149583298067559589e+01,-1.484982753995895521e+01,2.373394792114176965e+01,6.532946266904990473e+00,-1.452619787521708838e+00,-4.859541469523082924e+01,6.891139967260764365e+01,9.217621048021324981e+00
-3.347677318705329697e+00,-3.153466504566497264e+01,1.381373869635732810e+01,2.530171263128304560e+01,-2.018078740889483669e+01,-2.679453891352305561e+01,3.103245382287957810e+01,5.789838828678686156e-01,3.856400225539055526e+01,-1.761385906606019347e+01,4.469303113128575866e+00,-6.992027482911002778e+01,8.146145353546124568e+00,-3.458872663533044456e+00,2.648405690733434525e+01,-7.668337513686486417e+00,1.047696150435143458e+01,7.076600471704588813e+01,-1.621032884220728221e+01,-5.951161804405039391e+00,-2.581672679545440019e+01,-6.575921988729191092e+00,-2.723941314969916760e+00,1.301552411491589067e+00,3.309712490023843934e+00,-1.533867183920359167e+01,-2.428133719925756395e+01,4.227787793593790866e+00,9.152432494005140029e+00,5.216536880512355623e+01,1.171583686377866229e+01,3.049201578426495018e+01,1.628224658307401640e+01,1.523734342360076255e+01,-3.960517956928422478e+01,8.179927581626689204e+00,7.154354742971955616e+00,-2.960492260640959827e+01,8.750189345032303834e+00,4.350989948818779851e+01,-1.457491373111377264e+01,-6.572016192908407106e+00,-2.920999641530235280e+00,5.470088628728972679e+01,2.010624344845008338e+01,2.830122279242925387e+01,-3.980255495255558884e+01,-1.413549087045447727e+01,3.182560223972359026e+01,-1.363161686947286455e+01,5.580572087181619878e+01,-1.580849731323697860e+01,1.691210878471053292e+01,-2.276396541253881978e+01,-2.434518917029737217e+00,2.621490374022527803e+01,-3.117291357271856711e+01,-2.157797967716933840e+01,-1.504301425775986623e+01,1.420853254965327217e+01,1.139034537886964138e+01,-1.186125156687404925e+01,2.558083973013791734e+01,1.857149569111291854e+01,-2.894375713473385403e+01,-1.103990357727539795e+01,-1.667214560098467757e+01,-4.557268525184726116e+01,-4.466540239144179303e+00,1.121235402300027850e+01,-7.465695360055865315e+00,7.675896831884105875e-01,2.474444613224772826e+00,4.720892754054911933e+01,-2.859132024960543106e+01,-1.373990803678027639e+01,-5.960110195414209500e+00,2.851020184954998271e+01,8.316726890104357395e+00,1.165489940140145642e+01,3.676205176698785948e+01,6.476456955598726140e-01,4.274933570125169169e+00,-3.751750669070843713e+01,-2.600052250423045308e+01,6.543195339686579182e+00,-5.211814589935064390e+01,1.297498987965346195e+01,-1.928918327599122406e+01,1.088010507550814410e+01,-1.435578938125485760e+00,1.460177538385764251e+01,6.679462512366394655e+00,-7.752308423291315975e+00,1.120182898776231895e+01,3.938972254628023695e+00,-5.622263597895582610e-01,-2.551584679330203898e+01,3.648976755103112168e+01,4.596001402784461121e+00
-2.361737410004481674e+00,-1.374980771727610573e+01,6.985436503387395746e+00,1.478902375138491720e+01,-8.415755679419001822e+00,-1.679693315080029947e+01,1.915350717949737103e+01,-1.594401927271781760e+00,2.035415067959654678e+01,-7.615554072410287922e+00,5.619262380798994982e-01,-3.778224619738099932e+01,6.642148324233204448e+00,-2.769519913027806091e+00,1.182776901320798402e+01,-6.493379176831744815e+00,4.633633809157281291e+00,4.057018826419516699e+01,-8.588381063054720599e+00,-2.747852370661934884e+00,-1.536272667978152917e+01,-3.289937073890169206e+00,-9.503788671747979144e-01,-4.568500816211156224e-01,4.655478269495343824e+00,-7.916760305684960919e+00,-1.110291675303905734e+01,3.605805576718985606e-01,4.231510241171129394e+00,2.674231596229476793e+01,-4.967749643351488942e-01,1.460519565965810607e+01,8.188813120527040468e+00,9.801265958574852277e+00,-2.196152371251236346e+01,5.196190932184213018e+00,2.284599082658995695e+00,-1.253594024229416704e+01,4.035053609960914223e+00,1.760141724880031333e+01,-7.896775607023875487e+00,-4.930076909582605360e+00,-3.552123424370130955e+00,3.164926978594334628e+01,1.163785567842737123e+01,1.605278231702184399e+01,-2.141518672023262582e+01,-7.553473547530157539e+00,1.820668690845115734e+01,-5.735150192820890780e+00,3.106186539750213527e+01,-9.184335043223546435e+00,6.223616597456270938e+00,-1.148033155397883931e+01,-8.207831851047717731e-01,1.226929665571479156e+01,-1.595423899282703495e+01,-1.055681694368916368e+01,-7.946157797972196235e+00,2.859822402836206479e+00,4.460870563421083901e+00,-8.033708083130274957e+00,1.685051820857844262e+01,1.268248700332233270e+01,-1.601309184755107395e+01,-7.181283129596037540e+00,-8.586757690636233065e+00,-2.461309272116202251e+01,-1.904865790033261064e+00,7.692158900028513102e+00,-4.085732209438771356e+00,3.293456396496072802e-01,2.446952452595844818e+00,2.457785596262823447e+01,-1.598476882499584306e+01,-7.782837641724762001e+00,-3.424518393803892558e+00,1.663420242840540908e+01,3.350503539428982158e+00,5.700277671808304802e+00,1.804875475402097962e+01,8.583764279276820952e-01,2.153938111995783444e-01,-1.975664010045390029e+01,-1.406922811429450171e+01,3.831361890411200122e+00,-2.366225525814167341e+01,6.136335742496556556e+00,-7.864300855294880321e+00,8.197113431620360657e+00,-1.808258111877170116e-01,7.479548088164828634e+00,1.507076023204314552e+00,-4.257246985221957658e+00,9.938885595960790909e+00,4.789637442024612390e-01,-9.337273106932808542e-01,-1.354455877907212624e+01,1.839814592242030855e+01,3.212394791776246095e+00
-6.073572497305594453e+00,-5.948162284968970681e+01,2.579887350378150046e+01,4.672148843105507865e+01,-3.816802504104762761e+01,-4.917488895722333808e+01,5.703269911207245713e+01,1.585332092718945596e+00,7.179530697922993454e+01,-3.324100418390924006e+01,8.800499561905500201e+00,-1.299373132904566148e+02,1.454019391997386812e+01,-6.187355129847907698e+00,4.988019975266023209e+01,-1.362303048821559415e+01,1.974447719622873620e+01,1.308864665301120738e+02,-3.017037473341724052e+01,-1.118439292027159659e+01,-4.759967779569393542e+01,-1.229081238138926402e+01,-5.201359602668840232e+00,2.728599730756131603e+00,5.384955783549329134e+00,-2.860409556956415500e+01,-4.566244786861850713e+01,8.370595338635565597e+00,1.719926735999738554e+01,9.732837978311519578e+01,2.359571426184436405e+01,5.716508578200613044e+01,3.042111468639033944e+01,2.789787577372296923e+01,-7.345117089023156609e+01,1.499401816752714467e+01,1.371772045313999477e+01,-5.594115681506167448e+01,1.644617143906442180e+01,8.243551123586784968e+01,-2.707987176458492584e+01,-1.184496101891465258e+01,-4.901160429139746810e+00,1.010957115977105047e+02,3.715821685546863051e+01,5.239102975264833617e+01,-7.399235938197692519e+01,-2.629153463114809952e+01,5.887398515714924940e+01,-2.576805404720701276e+01,1.034652159001811924e+02,-2.920647542098985738e+01,3.220736710941690717e+01,-4.252284620098969015e+01,-4.656350809167450144e+00,4.922325476915919040e+01,-5.816841770511108933e+01,-4.039434085244892003e+01,-2.800413768261486780e+01,2.769133885530852268e+01,2.161982999917868398e+01,-2.160871162176584548e+01,4.672993019233590672e+01,3.380562435976187174e+01,-5.368841880853468496e+01,-2.019147224531403850e+01,-3.109567825942590602e+01,-8.469400955674923637e+01,-8.436309869676113848e+00,2.040039614170378712e+01,-1.386020974947863493e+01,1.449276721472243290e+00,4.302010879640413954e+00,8.798028559051827813e+01,-5.299016561288227223e+01,-2.543805396720107836e+01,-1.102159763423799355e+01,5.265426851734925151e+01,1.576090759234275573e+01,2.181864003878289537e+01,6.880227961176260010e+01,1.067780272002673225e+00,8.503787892333248166e+00,-6.985909010610342307e+01,-4.831321373162919031e+01,1.208067407099610158e+01,-9.805639403136451904e+01,2.434589809817070361e+01,-3.652970570314798238e+01,1.960015135656214369e+01,-2.826708623967572720e+00,2.724509522176994736e+01,1.297431626756474721e+01,-1.438839709195720040e+01,1.977928847295616066e+01,7.760574599672197316e+00,-8.765890706316861181e-01,-4.748268718387544141e+01,6.816367087659935464e+01,8.346379300677632784e+00
-4.336954144813983447e+00,-2.686175367712999673e+01,1.335135310415291876e+01,2.773851469522323043e+01,-1.655884635418320627e+01,-3.124455377086569285e+01,3.569218100812546624e+01,-2.547812559916337705e+00,3.867738361638929945e+01,-1.489761367559661842e+01,1.523560353615976304e+00,-7.157187457254300966e+01,1.202738550757892000e+01,-5.023288834508040424e+00,2.302083209769646288e+01,-1.171846069460735862e+01,9.032216513652743473e+00,7.627567876394196844e+01,-1.631156839595453079e+01,-5.321251133004930800e+00,-2.875211043597954585e+01,-6.297476304896689747e+00,-1.929531644072279839e+00,-5.780058356690940258e-01,8.108714217512257960e+00,-1.508899914312297241e+01,-2.153242480075474674e+01,1.159695937477663641e+00,8.192772216922360684e+00,5.101684807782452680e+01,7.504022493248108105e-01,2.813064556868268795e+01,1.566327282002096588e+01,1.817843570469496939e+01,-4.146344327084153747e+01,9.651014196451473737e+00,4.719534599689102272e+00,-2.460468374653653001e+01,7.815441599404490347e+00,3.480687170661735763e+01,-1.495384922322723398e+01,-8.997585298631118889e+00,-6.239908669515775053e+00,5.943599794570186390e+01,2.185433310483356451e+01,3.022094314481900312e+01,-4.059027464677602381e+01,-1.432974772490969428e+01,3.423933751187052366e+01,-1.126826830537748592e+01,5.861668878997221555e+01,-1.723906537414814011e+01,1.251172596163623396e+01,-2.195074210528494874e+01,-1.677396531970338778e+00,2.371181427115357820e+01,-3.044311287610322481e+01,-2.027132906084953845e+01,-1.509782532433974289e+01,6.611023842642385517e+00,8.870020523286342495e+00,-1.481604564784155542e+01,3.117030973168042962e+01,2.336895392663689819e+01,-3.024160466661473379e+01,-1.330250148210263106e+01,-1.637071823237086221e+01,-4.662834347016600844e+01,-3.734456419886652334e+00,1.416678828558915448e+01,-7.726934609926741082e+00,6.450523495152047371e-01,4.360369448481079324e+00,4.678936491042522050e+01,-3.014778805850794186e+01,-1.465445930789756979e+01,-6.436638077537093494e+00,3.120627733854571773e+01,6.630243698136659702e+00,1.094622687612364054e+01,3.464012519965808679e+01,1.500090463061628299e+00,9.269447721392216621e-01,-3.755343774113674016e+01,-2.664685787283170271e+01,7.184597937315173155e+00,-4.593894050528690798e+01,1.184095308063736240e+01,-1.553147038769990118e+01,1.495376175159820420e+01,-4.899245536458372019e-01,1.427044402520549227e+01,3.375702489662579353e+00,-8.047717047057751927e+00,1.786480881098795592e+01,1.315960683844484613e+00,-1.612727213027699502e+00,-2.571806154965049629e+01,3.517897756315942814e+01,5.904746632079289625e+00
-2.833632801421959613e+00,-2.562883399253937000e+01,1.134714724868865154e+01,2.103343637787298448e+01,-1.635331426853607795e+01,-2.241653786830662654e+01,2.592445239130808332e+01,2.393859332408627694e-01,3.178472962852984907e+01,-1.430705464995419618e+01,3.458708745643401361e+00,-5.773871797993007249e+01,7.007328674976475824e+00,-2.968975899574717303e+00,2.155917085844082948e+01,-6.626460640274272507e+00,8.523021811406382042e+00,5.872886203586242715e+01,-1.336474323565239608e+01,-4.855777106494794104e+00,-2.149569998177409502e+01,-5.397286393608695221e+00,-2.184095299587871075e+00,9.295810349082942459e-01,3.091951439153929115e+00,-1.261983700158479849e+01,-1.979846499364839474e+01,3.250403528667032305e+00,7.468505769729242516e+00,4.289610942763436441e+01,8.820107743892876329e+00,2.494542266845169465e+01,1.336925436186996308e+01,1.277889405536722123e+01,-3.277528223541883534e+01,6.851953823142087785e+00,5.709986055776528069e+00,-2.401387538877885675e+01,7.138957712987023640e+00,3.518987807618007224e+01,-1.203829718292391604e+01,-5.599617173087596100e+00,-2.659147260819139991e+00,4.543258633514607681e+01,1.670010090884229115e+01,2.346567736022397455e+01,-3.285653759010138231e+01,-1.166218131146111858e+01,2.640726188447609957e+01,-1.105257772883563483e+01,4.619668585685634099e+01,-1.313469117126900088e+01,1.360080199946884605e+01,-1.869531915965842117e+01,-1.948450389761451351e+00,2.141037892305700296e+01,-2.563049718765588025e+01,-1.768057769933757939e+01,-1.239936567883320606e+01,1.113006558940493562e+01,9.193873713404343562e+00,-9.998090820810821455e+00,2.150308659482845997e+01,1.566729530728815867e+01,-2.394784276445823323e+01,-9.268695268024359279e+00,-1.371466350214030960e+01,-3.763139881801626530e+01,-3.624706256318737996e+00,9.463382443790928633e+00,-6.171470014048411556e+00,6.231665879780565742e-01,2.182263079349408219e+00,3.886749508652841456e+01,-2.367709984805487267e+01,-1.139098157652542831e+01,-4.947257756122594330e+00,2.369688831930081818e+01,6.724647581033973864e+00,9.549576961143822373e+00,3.013003197707062242e+01,5.984491855376788960e-01,3.267974163179002467e+00,-3.091654681646182468e+01,-2.147313976829413207e+01,5.440243593211887330e+00,-4.247478468670481533e+01,1.060497544904128375e+01,-1.560832609362753409e+01,9.274693815643841432e+00,-1.111008592553929031e+00,1.200643891829735388e+01,5.252629019642710340e+00,-6.410231945795048958e+00,9.736619750055858447e+00,3.046257559509951918e+00,-5.431205247353523280e-01,-2.104001447539040370e+01,2.996733377975938595e+01,3.886516342000907898e+00
-2.257504940452707221e+00,-2.671421488200726913e+01,1.108505932750315459e+01,1.902498762304755076e+01,-1.734183279613313289e+01,-1.941946355151525339e+01,2.268333604901080491e+01,1.674738899478321441e+00,3.039946058379335625e+01,-1.496271438632235906e+01,4.675369190775920281e+00,-5.455404112354587198e+01,4.919343987407787999e+00,-2.121308951539481846e+00,2.225601946409609866e+01,-4.476379448884943102e+00,8.833465423796679872e+00,5.371923309901490029e+01,-1.275750858499051787e+01,-4.943337661526784110e+00,-1.923739264599567278e+01,-5.299671328139684334e+00,-2.459731096907119774e+00,1.759443733291301326e+00,7.439097563790260104e-01,-1.220605168885309233e+01,-2.023894915395279881e+01,4.532356054194467632e+00,7.598934328781822956e+00,4.162822320174895907e+01,1.351912258134347766e+01,2.499092980470339143e+01,1.309475598753437531e+01,1.088347744851399490e+01,-3.054188703148701123e+01,5.884600970128816222e+00,6.596062848827848768e+00,-2.531828802008367418e+01,7.271689450554544187e+00,3.773728675642487218e+01,-1.135831799364969363e+01,-4.243561074530800781e+00,-1.013441648390882355e+00,4.133857081347879614e+01,1.519172962848564623e+01,2.159426120540985039e+01,-3.111460416699178211e+01,-1.108334357880264065e+01,2.418413055236847953e+01,-1.168158044102425919e+01,4.296008238515185695e+01,-1.192260877233874794e+01,1.506458618065570576e+01,-1.828727185345512396e+01,-2.216731293397827152e+00,2.166963527434478820e+01,-2.489306797787681447e+01,-1.754317391199074194e+01,-1.185407507592932497e+01,1.417535916778173899e+01,9.973382901387660482e+00,-8.212950330610786054e+00,1.801759288392280922e+01,1.279263400102004589e+01,-2.234367415451677630e+01,-7.834115428554606630e+00,-1.327889194156271735e+01,-3.556537975038131094e+01,-3.811120911897035057e+00,7.700830686628616917e+00,-5.791915930021216852e+00,6.536788335003352879e-01,1.218965628742669782e+00,3.743157653796954065e+01,-2.196473486333542624e+01,-1.049055336979550113e+01,-4.519520442447428010e+00,2.145689905421469135e+01,7.222249804263300099e+00,9.476716632820233244e+00,2.984744316381802776e+01,1.793031924839799396e-01,4.678574903111226035e+00,-2.960348619798595848e+01,-2.027391277239656020e+01,4.915618561440302514e+00,-4.355004800977724244e+01,1.068448682916440973e+01,-1.669084669469839000e+01,7.002683317456314782e+00,-1.501557397630567614e+00,1.165612326708955493e+01,6.559560284864144108e+00,-6.004870527017678761e+00,6.248299684383845864e+00,4.131028131422053384e+00,-3.474137126389537089e-02,-2.006424907967915772e+01,2.931661194816403793e+01,3.118559672578445685e+00
-2.795432824485879930e+00,-1.643598308498910399e+01,8.320571813802688510e+00,1.756287522090723741e+01,-1.007164031483732103e+01,-1.992138852788686876e+01,2.272272528030991623e+01,-1.849183183263416019e+00,2.422188904123547815e+01,-9.105315439969949409e+00,7.142822734414977504e-01,-4.493943365463530171e+01,7.844886874991097159e+00,-3.271848796478610488e+00,1.412985222297762888e+01,-7.665225246292481920e+00,5.536855460522555283e+00,4.819775614058936242e+01,-1.021953790265017403e+01,-3.279977483962427165e+00,-1.823793772337948127e+01,-3.919684704379838625e+00,-1.143332031582025898e+00,-5.146506651880251582e-01,5.466349691246569442e+00,-9.425660219997256561e+00,-1.325615923311453237e+01,4.765501514196648358e-01,5.050787462863365107e+00,3.184400077007721563e+01,-4.217347394026678131e-01,1.741826021652637380e+01,9.755140402529136168e+00,1.161910952904434779e+01,-2.610786803959651792e+01,6.161292351829360747e+00,2.756552542627905833e+00,-1.499640861694782146e+01,4.816597769901362902e+00,2.108210441946204838e+01,-9.392160529346599063e+00,-5.829835439445717249e+00,-4.176114291321708194e+00,3.759286958051352912e+01,1.382328898891072733e+01,1.907487663150374502e+01,-2.547421418491023104e+01,-8.986448320021127145e+00,2.163062065963820757e+01,-6.861977023358638128e+00,3.692353427649935327e+01,-1.090824158063836080e+01,7.474789193619895578e+00,-1.367540576450733525e+01,-9.885228383018056508e-01,1.464047808283014973e+01,-1.899855028043735672e+01,-1.258394984977411823e+01,-9.455940330406171768e+00,3.520924787100444320e+00,5.347872615749718506e+00,-9.515312647914431210e+00,1.996754918174648807e+01,1.501938239598602287e+01,-1.903725231421254804e+01,-8.511533277806300646e+00,-1.022382951387331929e+01,-2.927592706817862123e+01,-2.278311432021926208e+00,9.108837728587428018e+00,-4.858425670431445020e+00,3.938508746011276651e-01,2.882989397443952662e+00,2.925679245367075509e+01,-1.899954763084663867e+01,-9.248283572514518269e+00,-4.068182201557601907e+00,1.975483016225998156e+01,4.013527909242648128e+00,6.794900359420667613e+00,2.151276727398679256e+01,1.008385474233844947e+00,3.080882884135007771e-01,-2.351198387456757288e+01,-1.673391390157767233e+01,4.549821684142717260e+00,-2.825614930867036634e+01,7.320431050560292086e+00,-9.417447894064871150e+00,9.692489606780181788e+00,-2.298182665523005319e-01,8.906592490685378394e+00,1.844646272170572310e+00,-5.062018689927732851e+00,1.172536647705958757e+01,6.105598125869096116e-01,-1.095000031996050893e+00,-1.611636493403717907e+01,2.191604367873625137e+01,3.802869454984175057e+00
-5.798906829724235656e+00,-7.446364320126382097e+01,3.037199436046015322e+01,5.097442993728719784e+01,-4.854880380760391034e+01,-5.133132036908654072e+01,6.015065740184596166e+01,5.678962886409786748e+00,8.279887225543218676e+01,-4.174260410549899092e+01,1.379118000807169508e+01,-1.480720790612016344e+02,1.202099006247955515e+01,-5.222630297177270009e+00,6.188347857302045441e+01,-1.075366360462474802e+01,2.458672797096943796e+01,1.444211194662736943e+02,-3.472842954044330810e+01,-1.369539702876221199e+01,-5.137540652983454947e+01,-1.454105597949700623e+01,-6.986178199557625312e+00,5.464924604760144078e+00,3.154798665555258452e-01,-3.335085761666447723e+01,-5.613213126197107528e+01,1.344510463326479410e+01,2.104958040843086664e+01,1.138476308998101274e+02,4.075107504810232228e+01,6.894317351312238884e+01,3.590432089559216422e+01,2.860873639074741348e+01,-8.256462865431714704e+01,1.551098644286975414e+01,1.884288534942201920e+01,-7.077645673835644402e+01,2.014894396368323370e+01,1.059392475583770477e+02,-3.081655140998468312e+01,-1.069866855776848347e+01,-1.577876184294489281e+00,1.109597645397543744e+02,4.077435106005376753e+01,5.816019773512201141e+01,-8.450713598190378661e+01,-3.013310966589645901e+01,6.504145464364583518e+01,-3.267555945724190281e+01,1.160647230711882401e+02,-3.197916519723250417e+01,4.262090039657369545e+01,-5.012334465807193595e+01,-6.310697962605103406e+00,5.994310839894075116e+01,-6.809455425065893053e+01,-4.827165276475756173e+01,-3.228310993977016352e+01,4.133807504992645221e+01,2.807666700863930487e+01,-2.132659412092796813e+01,4.710476930345917879e+01,3.314911417555362760e+01,-6.042417502675246510e+01,-2.054114969061138751e+01,-3.629283462688452033e+01,-9.654004653954467585e+01,-1.064652004354522319e+01,1.993118324463718594e+01,-1.568994200888862878e+01,1.824997895644394852e+00,2.649046775533131282e+00,1.021516581294545176e+02,-5.929931180628454968e+01,-2.826082865731061489e+01,-1.214584304930381187e+01,5.750897434235827177e+01,2.028234637236406357e+01,2.607706398389655789e+01,8.209189342184795635e+01,1.845584031937894665e-01,1.394338755303958521e+01,-8.065744630216873645e+01,-5.501640135231967577e+01,1.316641360857432730e+01,-1.208789823227064630e+02,2.951998650329035456e+01,-4.682327660605922404e+01,1.762951283471014463e+01,-4.429075704725644158e+00,3.188141427250136317e+01,1.905334576204628405e+01,-1.625806133998386827e+01,1.465024608936063544e+01,1.219272582535954719e+01,2.800183252391441613e-01,-5.460346998374429006e+01,8.035605095843625634e+01,8.031356123477642939e+00
-5.190660832421326809e+00,-5.585707509991208042e+01,2.367972876457170983e+01,4.173874236665658799e+01,-3.606025368719993907e+01,-4.327120988515645905e+01,5.036098418276591815e+01,2.538632333668328300e+00,6.540833115148312515e+01,-3.125209748690845046e+01,9.052601194336729051e+00,-1.178721583741469487e+02,1.189742481620832493e+01,-5.093254816927072604e+00,4.668146699675813949e+01,-1.100228726979984373e+01,1.850412971983202581e+01,1.173882092134076487e+02,-2.746764879319958297e+01,-1.041587900690616841e+01,-4.236493557797349752e+01,-1.130157225282279754e+01,-5.019323727029707527e+00,3.144659416631525595e+00,3.230642782070631380e+00,-2.616255812216133236e+01,-4.258680199994594773e+01,8.703490348753582850e+00,1.601430173744503449e+01,8.912535345545121857e+01,2.534431980131350315e+01,5.293698173128582596e+01,2.794808358410326221e+01,2.440294682312905294e+01,-6.630760776854664584e+01,1.315397055460468323e+01,1.335642490326385889e+01,-5.274408502798825538e+01,1.531907396158672263e+01,7.819099441760749869e+01,-2.455326125966838546e+01,-9.949529689504434060e+00,-3.307215387307302468e+00,9.050208311618921186e+01,3.326179304931470426e+01,4.708787344303231492e+01,-6.717532543745785745e+01,-2.389920304274988183e+01,5.282491991056011216e+01,-2.431641084933797714e+01,9.333498602800058563e+01,-2.612409328191965585e+01,3.089879465869680075e+01,-3.904784751660197628e+01,-4.509458860499547583e+00,4.574683720704248913e+01,-5.328104192371135639e+01,-3.728007458790024486e+01,-2.550916211175261239e+01,2.790007422143633420e+01,2.058982110788356934e+01,-1.866500755616333151e+01,4.064393310210077459e+01,2.913921834382365716e+01,-4.848803431529528041e+01,-1.761512906633883091e+01,-2.845196224751842706e+01,-7.683715770426503866e+01,-7.946480745299718151e+00,1.756364344009771372e+01,-1.254349064298835081e+01,1.364000086752360508e+00,3.262158010761355253e+00,8.034879108479869103e+01,-4.776107185538845812e+01,-2.286928666900279339e+01,-9.880548800134686616e+00,4.705634411593086952e+01,1.495727923579035057e+01,2.013751019154167565e+01,6.346161231599712949e+01,6.752748086324711352e-01,8.922788974625001757e+00,-6.367037737181876622e+01,-4.381588109207253012e+01,1.078833616220884295e+01,-9.154826206423669532e+01,2.259008893472705992e+01,-3.461425607146663452e+01,1.644274919666169410e+01,-2.907503500900454618e+00,2.495226162031697115e+01,1.298261695911850744e+01,-1.301303244722537400e+01,1.570054900376717910e+01,7.991753779660843549e+00,-4.317252984218332701e-01,-4.321409160449544373e+01,6.259580334888656239e+01,7.150812072102047168e+00
-3.739687840289545040e+00,-5.608986803039611857e+01,2.220742968969392805e+01,3.577966375306667146e+01,-3.683660859332002246e+01,-3.510325960158030512e+01,4.139206655845229221e+01,5.564128289139082639e+00,5.990299748394845381e+01,-3.148760001356221849e+01,1.135420893146378774e+01,-1.064538314171696669e+02,6.902292727559536267e+00,-3.055333955903389853e+00,4.641870515067357417e+01,-5.906185985702786745e+00,1.847440695551117784e+01,1.020186364519126130e+02,-2.510025749601357603e+01,-1.020949771429906860e+01,-3.583849995395733146e+01,-1.065864708500319757e+01,-5.427657638950102559e+00,4.829987191634616650e+00,-1.999967510022818473e+00,-2.426568696628125110e+01,-4.192239627043224459e+01,1.116042428995339897e+01,1.568786797291354951e+01,8.297173467031153393e+01,3.460012236903112637e+01,5.101906928295083787e+01,2.628616449968219726e+01,1.935023313503437592e+01,-5.892314506186378509e+01,1.054859219090087841e+01,1.477496246367074662e+01,-5.357192665275447041e+01,1.502413833379130281e+01,8.075310599249432641e+01,-2.213867237095763940e+01,-6.620722996517930170e+00,3.985722310191451845e-01,7.814853930481241662e+01,2.871346830684801432e+01,4.122306971057857083e+01,-6.082684339015954578e+01,-2.172953937944707903e+01,4.597647431072595481e+01,-2.475817820200076014e+01,8.273857400691193220e+01,-2.249221059223657093e+01,3.290561181221434595e+01,-3.667252786660812092e+01,-4.921220080673101904e+00,4.456782248174725680e+01,-4.964695681538318439e+01,-3.556081812340404014e+01,-2.335113156240683807e+01,3.346128401121433882e+01,2.150095734232032996e+01,-1.407078508750916157e+01,3.151365930090673473e+01,2.177597344733444729e+01,-4.315120837128498721e+01,-1.382345585089960593e+01,-2.642003964676779404e+01,-6.941559981312418870e+01,-8.049213677006953560e+00,1.306051859388661462e+01,-1.123996709398687344e+01,1.378402685321670429e+00,1.042479456161462981e+00,7.416405124499132739e+01,-4.221659157456651457e+01,-2.003933070507471470e+01,-8.573673982601833998e+00,4.039101162351185081e+01,1.546980398008838087e+01,1.921178265402008378e+01,6.042902805693621815e+01,-2.621906917930925673e-01,1.165120664704557107e+01,-5.838832949017223228e+01,-3.953790410739093630e+01,9.236121875437921958e+00,-9.039921157387699679e+01,2.190236105594435756e+01,-3.565017934465485183e+01,1.087414226075156876e+01,-3.646259663889517277e+00,2.323956369694251123e+01,1.533085045149008963e+01,-1.163548253905570640e+01,7.514471011997383876e+00,1.004688948023114214e+01,6.905633003918353330e-01,-3.944512243318993683e+01,5.879543371181490841e+01,5.207886127811635291e+00
-1.539852861624200431e+00,-2.165465494060280705e+01,8.676125182937402869e+00,1.421358288229495948e+01,-1.418069243143961522e+01,-1.409696069566888532e+01,1.657906545688370770e+01,1.951461749809005886e+00,2.350372968255145523e+01,-1.214957342768341064e+01,4.235837897455116519e+00,-4.187565536205573125e+01,2.993877070227887405e+00,-1.313908327794551134e+00,1.795073622660095225e+01,-2.615653026281810067e+00,7.139397396076609503e+00,4.042099382632991222e+01,-9.852384606007012380e+00,-3.957883701614109295e+00,-1.427348095017392460e+01,-4.160006899852612072e+00,-2.070185671836632046e+00,1.755625199655624913e+00,-4.300192272142679961e-01,-9.499131037925339527e+00,-1.623993199000087984e+01,4.150795332077008126e+00,6.082276019017389679e+00,3.245863409281121648e+01,1.276116021001130818e+01,1.983648052225086644e+01,1.026433603029184027e+01,7.806818767616474197e+00,-2.324827130885229565e+01,4.246046861930959260e+00,5.615269958859103738e+00,-2.064288574158295830e+01,5.823785569852728550e+00,3.103052229763427050e+01,-8.711290009868852380e+00,-2.775934947986946177e+00,-8.877797278134982872e-02,3.100138078665545294e+01,1.139119317274245624e+01,1.631042657482408487e+01,-2.391588473091706035e+01,-8.537179639123117170e+00,1.821130688179506762e+01,-9.536198902392522214e+00,3.265959829155187322e+01,-8.927620898060913746e+00,1.258137427318062151e+01,-1.432376492368454102e+01,-1.874302752160715624e+00,1.729568446511451896e+01,-1.941880023391930621e+01,-1.385128588597541111e+01,-9.162907690537469563e+00,1.256320848245591293e+01,8.247047743052553059e+00,-5.737107701315260044e+00,1.277318630994241921e+01,8.895346756784176634e+00,-1.702076123005313946e+01,-5.588979475722394952e+00,-1.034029635797867641e+01,-2.730438355817063467e+01,-3.103024122048948286e+00,5.340830987193171175e+00,-4.427870889868405158e+00,5.315921635200817619e-01,5.481637137234377510e-01,2.905788956077685725e+01,-1.667328223551484356e+01,-7.927435297352162458e+00,-3.397987835723208061e+00,1.604140914236015192e+01,5.943069060215547594e+00,7.482973644138455782e+00,2.354496971581962583e+01,-3.988276110699931487e-02,4.322620762181490051e+00,-2.290392163648227353e+01,-1.555542348192138036e+01,3.669991678995847995e+00,-3.500033921425289662e+01,8.506867498163572350e+00,-1.370532014812886246e+01,4.565939628716882304e+00,-1.360310042802245212e+00,9.090630861692597264e+00,5.769129473424953858e+00,-4.585524764281478483e+00,3.439424118216316106e+00,3.746910911862124660e+00,1.932737210392835303e-01,-1.548623324455404493e+01,2.296413969266443544e+01,2.139307867951806497e+00
-3.302487272538225938e+00,-4.275740930943732110e+01,1.741065911389839727e+01,2.915618783378076628e+01,-2.788857020480428872e+01,-2.932008599917243075e+01,3.436881248601110173e+01,3.316730994990826353e+00,4.743652431342224673e+01,-2.397076879998533272e+01,7.960897646539693007e+00,-8.480316951516699930e+01,6.809078405078327734e+00,-2.960722600681056083e+00,3.552534347690087202e+01,-6.079571978443691016e+00,1.411584756997742574e+01,8.263362351790242144e+01,-1.989527579003988578e+01,-7.859341319505487533e+00,-2.937587396261066885e+01,-8.336769199315392953e+00,-4.018675232921605556e+00,3.168960244645356639e+00,8.402143571383025034e-02,-1.911308239757658356e+01,-3.221576706515556765e+01,7.765083216057805160e+00,1.207949575987362500e+01,6.525104417343213470e+01,2.356895425259284238e+01,3.954791791032675974e+01,2.058350809211912846e+01,1.633181636938072145e+01,-4.726714650133348528e+01,8.857217496069498708e+00,1.084492489192449050e+01,-4.065146932018453185e+01,1.156298271430232028e+01,6.087228298570799723e+01,-1.764840591255633484e+01,-6.080807954625274903e+00,-8.371322047988979387e-01,6.347787745798147796e+01,2.332603354448263744e+01,3.328362610770377472e+01,-4.840166531804273120e+01,-1.726055702491613175e+01,3.721621794857114196e+01,-1.876878057215815687e+01,6.644149731177364515e+01,-1.829331726219043119e+01,2.450792595808882268e+01,-2.873407498539578953e+01,-3.630913821559273558e+00,3.439427454187881494e+01,-3.902882348745972507e+01,-2.768311172495950601e+01,-1.849518949803753287e+01,2.383738557825488158e+01,1.613705385892981781e+01,-1.215930750932547255e+01,2.687555751976385920e+01,1.889576441833384735e+01,-3.459328450700041202e+01,-1.172324680374505412e+01,-2.079970272890513883e+01,-5.529040392377402213e+01,-6.114576287367710528e+00,1.135982765364017411e+01,-8.984134287786110562e+00,1.048084706825197721e+00,1.479732522232762859e+00,5.853525714204823771e+01,-3.394359224559810428e+01,-1.617333340010958764e+01,-6.949237808905779801e+00,3.289486561234645023e+01,1.165456646664481966e+01,1.495488468163340734e+01,4.707652299487746461e+01,8.855888824956836824e-02,8.056211236949078369e+00,-4.621117621745967341e+01,-3.150808512111031234e+01,7.530640548774938381e+00,-6.938098821702182306e+01,1.693604743068872764e+01,-2.690268280001057732e+01,1.001854866516595344e+01,-2.556656715370240640e+00,1.827282503511218792e+01,1.098302067641964364e+01,-9.308944015425044682e+00,8.259415777613513754e+00,7.038573810161322442e+00,1.816078961584441931e-01,-3.128045189280086547e+01,4.606563947556407612e+01,4.575108139693770504e+00
-5.936925894313569430e+00,-6.996230067889037230e+01,2.905720531846016286e+01,4.992776147345076510e+01,-4.540630894679706842e+01,-5.099803068282022878e+01,5.955977568004713874e+01,4.335414452176670430e+00,7.971059930305032992e+01,-3.918433495448886816e+01,1.220641649696252173e+01,-1.430723135215592094e+02,1.296799652036745165e+01,-5.590081501115435003e+00,5.829433195216780916e+01,-1.180954089804019347e+01,2.313590187691132982e+01,1.409522847444951879e+02,-3.345249400238669324e+01,-1.295038026221379113e+01,-5.049359594212916846e+01,-1.389097508711692974e+01,-6.435330180326091387e+00,4.579778306222658024e+00,2.036227534861791533e+00,-3.200028830046815642e+01,-5.301824586102620174e+01,1.182924640076186407e+01,1.990757228590019068e+01,1.091303280937655273e+02,3.525192436537929552e+01,6.548504311607079842e+01,3.432391335293813484e+01,2.858940526960755335e+01,-8.011519493957391091e+01,1.545591442286810313e+01,1.725167092066474339e+01,-6.629628269024568965e+01,1.904996812240403870e+01,9.879328486128785869e+01,-2.978871866841272364e+01,-1.117008207372599671e+01,-2.716529550245385227e+00,1.084758769926496598e+02,3.986451478355829181e+01,5.665526692250075058e+01,-8.159777138742968816e+01,-2.906442829087752600e+01,6.345482437114386443e+01,-3.058737290875740911e+01,1.126931958769426814e+02,-3.128708387994876006e+01,3.942138322727374344e+01,-4.793542561095538446e+01,-5.798840801561797598e+00,5.677394904670571663e+01,-6.525757074452423012e+01,-4.597556351106648265e+01,-3.108282719032280283e+01,3.703272326493386402e+01,2.610560992389585522e+01,-2.158742324662392420e+01,4.734261135855908975e+01,3.362842647718446898e+01,-5.860915594365154391e+01,-2.058174690502955784e+01,-3.481239355526540180e+01,-9.327266212178680860e+01,-9.979839741321031354e+00,2.024461907522279347e+01,-1.519129361980615656e+01,1.711784067601975323e+00,3.229841250865032709e+00,9.813956894618775095e+01,-5.762017892626808191e+01,-2.752296714884865736e+01,-1.185886597641052020e+01,5.630895671181585982e+01,1.890691619601124529e+01,2.483567135948043259e+01,7.822328551450083012e+01,4.853569900798936354e-01,1.220764150101897627e+01,-7.762214074659767959e+01,-5.317053044789982863e+01,1.290039392631572923e+01,-1.140796251349767374e+02,2.799489889722242353e+01,-4.369697424782532380e+01,1.843402860483625716e+01,-3.920261371475912693e+00,3.055689676738074212e+01,1.714044831260272161e+01,-1.575027886501781182e+01,1.650222723657107693e+01,1.078489401514620560e+01,-1.098457391287390728e-01,-5.261285603773413300e+01,7.684590490240563554e+01,8.200347933771883646e+00
-6.398157827367988659e+00,-5.850658672206084532e+01,2.582845360025362424e+01,4.772207474391719018e+01,-3.736204399514007690e+01,-5.077330447037296324e+01,5.874151526459393580e+01,6.909791881129150326e-01,7.228260106473987889e+01,-3.266579439979422261e+01,8.004189876452775465e+00,-1.312375865376672550e+02,1.575484330390154675e+01,-6.679013004833164402e+00,4.919426937065999539e+01,-1.488072118869112614e+01,1.945159414144045229e+01,1.333086506911054130e+02,-3.039065049765740767e+01,-1.107300146755008008e+01,-4.875003229902747393e+01,-1.228808219758272102e+01,-5.004513196761401161e+00,2.202233154616429101e+00,6.807099640053385414e+00,-2.871295879794454109e+01,-4.515642343294369709e+01,7.536176119134706752e+00,1.703057687458050040e+01,9.761232063664914449e+01,2.057346472013777827e+01,5.684397073115078314e+01,3.043466458594502910e+01,2.892515926420272976e+01,-7.445363396824514268e+01,1.551443211459135085e+01,1.310031752873294053e+01,-5.484903218251528045e+01,1.627991913798955181e+01,8.044012114969874006e+01,-2.736090337519905091e+01,-1.262151263092755826e+01,-5.892142335825163890e+00,1.031052725197208986e+02,3.789906101253405524e+01,5.327794730989418071e+01,-7.468860627499577731e+01,-2.651415956816108022e+01,5.994483099979321139e+01,-2.524760801357737350e+01,1.049332411681711505e+02,-2.980514175321338755e+01,3.113849708226118906e+01,-4.255682167746148536e+01,-4.466839133389706618e+00,4.881087337683995742e+01,-5.832556640417961091e+01,-4.027212382954939329e+01,-2.819727120281005739e+01,2.566914933119032938e+01,2.102772011843830313e+01,-2.260014467007694705e+01,4.864244181155039826e+01,3.540723869473291785e+01,-5.440368013252282253e+01,-2.097372391940488967e+01,-3.120534501474353206e+01,-8.553550124337182581e+01,-8.277969316457248539e+00,2.138407588107066459e+01,-1.402351210460061459e+01,1.423008888642227410e+00,4.874726164998235411e+00,8.841589087259879420e+01,-5.377580950058569442e+01,-2.586361257870058594e+01,-1.122919985541365762e+01,5.376740403577808536e+01,1.537288665604516424e+01,2.175178770635145753e+01,6.862409000404139192e+01,1.321099404250632992e+00,7.589254971911132408e+00,-7.031172539422709633e+01,-4.880600516616616602e+01,1.234266882976422508e+01,-9.688987761131980392e+01,2.417201298272661347e+01,-3.567408288900375624e+01,2.090248697873189343e+01,-2.571083758361706550e+00,2.732173650341526994e+01,1.210087665649223432e+01,-1.456492622143925253e+01,2.183168917836757572e+01,7.051027848330199355e+00,-1.185983245176295497e+00,-4.784176434617496909e+01,6.821605020894847371e+01,8.777755076389333055e+00
-5.892644076775066075e+00,-7.126854785460949415e+01,2.943423212339118322e+01,5.021387797532444353e+01,-4.632002968740057725e+01,-5.107076816911941819e+01,5.970487833483357321e+01,4.733959738147030194e+00,8.059019018767416753e+01,-3.992702288947906908e+01,1.267280281142619813e+01,-1.444889887016401246e+02,1.267869347909923761e+01,-5.477535827138183322e+00,5.933455486315899918e+01,-1.148836525351218718e+01,2.355661103867138451e+01,1.419133542699675843e+02,-3.381562943296409429e+01,-1.316585959403709261e+01,-5.073023504142257423e+01,-1.407764036986441525e+01,-6.596293914161566185e+00,4.841442792541645446e+00,1.521819440757063990e+00,-3.238644891906450596e+01,-5.391944776228800862e+01,1.230510645630577926e+01,2.023784290220684667e+01,1.104805019971247333e+02,3.687400948302762060e+01,6.648241713030841993e+01,3.477742437140980059e+01,2.858020917772694247e+01,-8.080399222976794249e+01,1.546425451549444929e+01,1.771734113357698348e+01,-6.759813348825662160e+01,1.936784997589674973e+01,1.008733993688661172e+02,-3.007975632230016672e+01,-1.102360137614949309e+01,-2.375418795809451922e+00,1.091601093852824533e+02,4.011507767407758962e+01,5.707457360233586030e+01,-8.242300169838371460e+01,-2.936803119848564947e+01,6.389494532244619052e+01,-3.119432281789596573e+01,1.136400262877118763e+02,-3.147717421507007174e+01,4.035524753463960224e+01,-4.856304865591987152e+01,-5.948505704384436044e+00,5.768967490943806098e+01,-6.606976004725569851e+01,-4.663648220145004331e+01,-3.142463371858240251e+01,3.829773606719180634e+01,2.667996281732565222e+01,-2.149831297539573782e+01,4.724687902284789942e+01,3.346783518004205860e+01,-5.911994714467589773e+01,-2.055886370939624186e+01,-3.523582639751992218e+01,-9.419858838975621040e+01,-1.017350404655121388e+01,2.014051769219295096e+01,-1.533210221444530852e+01,1.744662695262430896e+00,3.054885201219159185e+00,9.928511217656939891e+01,-5.809094945802826260e+01,-2.772868492240472804e+01,-1.193827180277449429e+01,5.663748135907547265e+01,1.930734621223163927e+01,2.519301162006541617e+01,7.933644840093141681e+01,3.953671689798451405e-01,1.271906906983477903e+01,-7.848702317468328715e+01,-5.369337197881647228e+01,1.297300252277128507e+01,-1.160483379604500271e+02,2.843521904894686259e+01,-4.460675898436343800e+01,1.818437332696986530e+01,-4.070001728374484706e+00,3.093604091313337889e+01,1.770214288580765682e+01,-1.589351982726430634e+01,1.594109771049997448e+01,1.119924113891092610e+01,6.518023482298351823e-03,-5.317916993856528762e+01,7.785285047831371230e+01,8.145641541691551524e+00
-1.114519977971134113e+00,-4.532219708394422675e+00,2.661036792773761483e+00,6.274299631868424321e+00,-2.631140091355680166e+00,-7.441660931843765425e+00,8.407956428117334013e+00,-1.213539297601986977e+00,8.027648047024991129e+00,-2.486224735783880924e+00,-3.313857195716551907e-01,-1.517152358490984199e+01,3.340572726233894674e+00,-1.382779979305321483e+00,4.003033390456519847e+00,-3.313724801322119884e+00,1.551721914825997306e+00,1.699168474641070858e+01,-3.397259216489581846e+00,-9.627500260745738281e-01,-6.593468039754945664e+00,-1.241892182895473651e+00,-2.248578798975879867e-01,-5.321814730985113817e-01,2.731218077055887594e+00,-3.067267198360186242e+00,-3.851866474956359809e+00,-4.335302317587717003e-01,1.484514027962918981e+00,1.030381076376878191e+01,-2.251780466219004850e+00,5.302178324408562737e+00,3.105024403797571164e+00,4.406916099788866781e+00,-8.987136188495648881e+00,2.319818291869586879e+00,4.420488755565092909e-01,-3.993355708396599368e+00,1.411908939617018799e+00,5.291488901065119599e+00,-3.177290414782086181e+00,-2.394137493533944561e+00,-2.019644060120211915e+00,1.333735091459544542e+01,4.905619497889173175e+00,6.674434573578592378e+00,-8.571470906539849111e+00,-3.007618005440996889e+00,7.614325138415219740e+00,-1.812739976758388272e+00,1.274545417475614428e+01,-3.880971962737167047e+00,1.622870646346635137e+00,-4.363328107997132221e+00,-1.808734743255394073e-01,4.356766321430265876e+00,-6.138801657627746877e+00,-3.907526487463302001e+00,-3.135931327659374990e+00,-2.998551080816680425e-01,1.282058952982831457e+00,-3.714209771737319699e+00,7.676423355389550451e+00,5.888384144650865792e+00,-6.542200992895354617e+00,-3.249095984958107586e+00,-3.321107642774514979e+00,-9.879626936669360759e+00,-6.119971769606673551e-01,3.579792576895476586e+00,-1.656129638773570445e+00,1.065697096421577283e-01,1.316190024518404389e+00,9.589115007780298683e+00,-6.579559649832478208e+00,-3.232917672407805032e+00,-1.436412129192169873e+00,7.048730052592467210e+00,1.001663869385773120e+00,2.109327770852403638e+00,6.701619260271501233e+00,4.975065935566328479e-01,-5.431296999567267747e-01,-7.778090478646293882e+00,-5.655395022892688139e+00,1.627364940167830731e+00,-8.148841383901066493e+00,2.201083433567367909e+00,-2.388761572220298834e+00,3.988308673435820850e+00,1.062121015501134580e-01,2.879974420795705203e+00,-2.674709147227938288e-02,-1.730003509669215678e+00,5.159023085095412853e+00,-3.034968537179951742e-01,-5.642880537315834166e-01,-5.365727356585475505e+00,6.991167880568061932e+00,1.509040024206327324e+00
-1.817263452400176282e+00,-1.863130520268315848e+01,7.990089871616111949e+00,1.427985053318135655e+01,-1.199149175476853202e+01,-1.492023336246685261e+01,1.733349685946191698e+01,6.708988065673842094e-01,2.215420314922625167e+01,-1.041809674523269358e+01,2.887464299184616223e+00,-4.001135897423105803e+01,4.262699044285161776e+00,-1.818988310876575643e+00,1.559742856355058827e+01,-3.969795316352739079e+00,6.178343794584869819e+00,4.008030787537744999e+01,-9.306697260806638283e+00,-3.488820743911038136e+00,-1.452196733349302171e+01,-3.809926928440049210e+00,-1.651612191799282092e+00,9.513648795096946165e-01,1.383495529016990577e+00,-8.843615820240376735e+00,-1.425407377957396093e+01,2.761871696694516043e+00,5.364556577328165154e+00,3.010867398532774786e+01,7.919918265377135391e+00,1.778204666516078092e+01,9.425912068877547512e+00,8.440354900081469935e+00,-2.256399421396489657e+01,4.542727057266970014e+00,4.375577140112025809e+00,-1.755748947243471747e+01,5.130654729354746202e+00,2.595040783178670196e+01,-8.336638688980769984e+00,-3.515296550670831355e+00,-1.320107191739674501e+00,3.092988354028051035e+01,1.136798227134569750e+01,1.605987130681272035e+01,-2.279320295294754928e+01,-8.104029173795748164e+00,1.803225527828377039e+01,-8.090958118489432138e+00,3.177299668557666479e+01,-8.931985405168584080e+00,1.019683888313758402e+01,-1.317258719230057906e+01,-1.481221261425142099e+00,1.533890068595594158e+01,-1.799700275492834933e+01,-1.254424078351972049e+01,-8.640748949903333198e+00,8.988537537103503894e+00,6.819656413539361139e+00,-6.498306703261198969e+00,1.409939364146532625e+01,1.015608577909930332e+01,-1.649644111586722062e+01,-6.101045778692426147e+00,-9.615688438960818374e+00,-2.608088286993464777e+01,-2.646513087021289401e+00,6.125361412469005451e+00,-4.263009592948512783e+00,4.544580255225550980e-01,1.218377510943760900e+00,2.718090536664610113e+01,-1.626589690885122508e+01,-7.798763953613867095e+00,-3.374324959215855735e+00,1.609604444519951372e+01,4.962787134825597413e+00,6.775827091587625084e+00,2.136015189651648782e+01,2.800897176285336299e-01,2.819236214805386886e+00,-2.156105561026333106e+01,-1.487512748493249148e+01,3.691652487539681893e+00,-3.062549875467591676e+01,7.580605479011495618e+00,-1.149368161810450495e+01,5.813364187369332470e+00,-9.274197905613916770e-01,8.428879891941535973e+00,4.196569170132234738e+00,-4.424059112443922359e+00,5.718306323462559959e+00,2.547734896696116635e+00,-2.095751405614185714e-01,-1.464456026038227243e+01,2.111593555037881487e+01,2.500251931928781701e+00
-4.353551445226168326e+00,-4.830150565359800652e+01,2.033265666047665832e+01,3.553071038567455275e+01,-3.123991291917318236e+01,-3.665282162011066447e+01,4.270745915722679342e+01,2.471608688028694267e+00,5.603115657113293224e+01,-2.703439606867385336e+01,8.035613315637883503e+00,-1.008363384014124335e+02,9.825674064031705512e+00,-4.215554820703775185e+00,4.032512594325125121e+01,-9.042704758548653743e+00,1.599135420351429104e+01,1.000558385160444743e+02,-2.352470223150962880e+01,-8.984066023128525202e+00,-3.601995392153764897e+01,-9.709600098514759026e+00,-4.375892367094769142e+00,2.872580569584107124e+00,2.312939461246002359e+00,-2.243977570611618333e+01,-3.674907731456266902e+01,7.748096945129861801e+00,1.381206826779289187e+01,7.647158258419896981e+01,2.275485832289832899e+01,4.558036954978717858e+01,2.400463521889139429e+01,2.062956685580518723e+01,-5.663619448516360677e+01,1.113083245807110622e+01,1.167468320896027301e+01,-4.566533305044341517e+01,1.321403418147172282e+01,6.781939105069480433e+01,-2.100131952399821955e+01,-8.294753798654374677e+00,-2.518900546145414587e+00,7.709323495521881853e+01,2.833296265002877234e+01,4.016288360144235980e+01,-5.748117275294850259e+01,-2.045843457198151327e+01,4.503154316863359696e+01,-2.105843008867649857e+01,7.970293024726923647e+01,-2.224748582629016269e+01,2.689138862230712945e+01,-3.353334167722088210e+01,-3.935503895438435151e+00,3.943328710645364055e+01,-4.572044278709265086e+01,-3.206550299798125536e+01,-2.185107204345910148e+01,2.462525838416559054e+01,1.788037082538754774e+01,-1.571199678637195341e+01,3.429371707823413118e+01,2.451157322148791451e+01,-4.142151320821400873e+01,-1.487809938435075630e+01,-2.440624668572605671e+01,-6.573403007935969811e+01,-6.877972533311392134e+00,1.476838128847807319e+01,-1.072249970729488844e+01,1.180296239112676115e+00,2.616181783463273902e+00,6.888269188288762734e+01,-4.077412687889236764e+01,-1.950769765285669521e+01,-8.420473794435164194e+00,4.006224936617776677e+01,1.297533344101462660e+01,1.732103586813844132e+01,5.457517523642249557e+01,4.977406938113712598e-01,7.962534127205625367e+00,-5.454942086695353254e+01,-3.748019007219095755e+01,9.182632030584846561e+00,-7.902458022075866495e+01,1.946274348200761395e+01,-3.001385596922198218e+01,1.370186508187832430e+01,-2.580825350209714486e+00,2.141053622977020510e+01,1.143680374729806992e+01,-1.112156328571860087e+01,1.282040812391801055e+01,7.096074618212830032e+00,-2.702861062909520662e-01,-3.700669126373819751e+01,5.375643132603288166e+01,6.002716111872694604e+00
-4.885229252794802690e+00,-1.541831988967958011e+01,1.021944833603858704e+01,2.589976437665215059e+01,-8.485988594894759984e+00,-3.151632429249979594e+01,3.542042272454553853e+01,-6.367559795302152992e+00,3.160081147681072267e+01,-8.379804037165179409e+00,-2.808735699154729204e+00,-6.045778710483315166e+01,1.511112306332873700e+01,-6.233457043459987190e+00,1.395770908081986050e+01,-1.509200721167774617e+01,5.358209332822728932e+00,6.958294951479376778e+01,-1.340053922096535288e+01,-3.460733413283535675e+00,-2.740886893371304467e+01,-4.737319592861597428e+00,-4.772189432969700107e-01,-3.052405913309470531e+00,1.318620092436396618e+01,-1.192443275345262421e+01,-1.372907548559755142e+01,-3.272666097039506283e+00,5.342232803782490436e+00,3.989906345421881895e+01,-1.445624573097739685e+01,1.962595927182817945e+01,1.188390826053765181e+01,1.882022899166193852e+01,-3.626334059062878623e+01,9.867602093906796767e+00,4.916167134480344814e-01,-1.313356103524474783e+01,5.069689357149176345e+00,1.634045102094577828e+01,-1.267825219910486645e+01,-1.064780251000203393e+01,-9.633223517732796282e+00,5.482791597432386510e+01,2.016959725538345793e+01,2.720753702468104152e+01,-3.408253734147037051e+01,-1.191710716173903428e+01,3.115329278195027740e+01,-5.913991245574222511e+00,5.151806875744382808e+01,-1.598107755860813128e+01,4.126080480195666311e+00,-1.672877619189097231e+01,-3.234631717235401105e-01,1.583869355156292968e+01,-2.374776398278316591e+01,-1.468543863355209211e+01,-1.234996424947945926e+01,-5.064037294476431583e+00,3.748513428740296582e+00,-1.610540458916800333e+01,3.302155612543680974e+01,2.559077914201009918e+01,-2.636989186625481096e+01,-1.392381458639077607e+01,-1.289537071497033516e+01,-3.935967956026398440e+01,-2.030272166944253165e+00,1.557705869054012737e+01,-6.640999140006926815e+00,3.560685004938916043e-01,6.136245869970925249e+00,3.746366184188278936e+01,-2.664895825654729933e+01,-1.317077313502910130e+01,-5.887780649044525916e+00,2.907532106906383262e+01,3.073241547732721735e+00,7.925666917401734679e+00,2.524721081371608378e+01,2.390830991983410758e+00,-3.846468533704902271e+00,-3.058061887508989685e+01,-2.255216637867302509e+01,6.722413274233737468e+00,-2.885860438156032970e+01,8.068643000244030361e+00,-7.464175289827291948e+00,1.775466791397594335e+01,9.010011025404625062e-01,1.114674311307590138e+01,-1.794838982688512274e+00,-6.948746033514656695e+00,2.367906074165795616e+01,-2.534088512829021589e+00,-2.754531426829396779e+00,-2.118683291697511706e+01,2.679979063711890674e+01,6.598801682591503237e+00
-7.021312429070361016e-01,-6.807362927052830415e+00,2.960060026186547066e+00,5.376361615398745464e+00,-4.365138281682471089e+00,-5.667734537952632934e+00,6.570991864445648645e+00,1.670148786354316295e-01,8.244231796772957921e+00,-3.803756996757489350e+00,9.963449964752273402e-01,-1.492760575968908654e+01,1.688174914930141046e+00,-7.179580777257037472e-01,5.710716901132339984e+00,-1.583675343108854383e+00,2.260163854053906185e+00,1.505511770876897160e+01,-3.464711717956757919e+00,-1.281190273148233416e+00,-5.479591565297219802e+00,-1.409919560699942842e+00,-5.934158782458113235e-01,3.042770523772516666e-01,6.413588256170470459e-01,-3.283183032149524561e+00,-5.229856255430314960e+00,9.463949197310090877e-01,1.970247130596552321e+00,1.116993239683868389e+01,2.656648360666262754e+00,6.552474345468764838e+00,3.490043418959648758e+00,3.217416871242600784e+00,-8.442741255118111354e+00,1.728709334565689426e+00,1.563404260030432980e+00,-6.399267240734606510e+00,1.883894723105014934e+00,9.423621981853729679e+00,-3.111187323509750691e+00,-1.371711856859857637e+00,-5.787003676802421337e-01,1.163076113444243376e+01,4.274979270555978594e+00,6.024866949933550764e+00,-8.499740420910871563e+00,-3.019781896263242782e+00,6.771625926358379566e+00,-2.947392001838198716e+00,1.189359197941382718e+01,-3.360418810037264503e+00,3.676984649082221779e+00,-4.878656666439858292e+00,-5.310158989632770554e-01,5.639896101344281654e+00,-6.675514537778409974e+00,-4.631887573636563893e+00,-3.215756879397550172e+00,3.143090819982110151e+00,2.470330371697261551e+00,-2.495347693261323219e+00,5.392471430081340777e+00,3.904672013625032356e+00,-6.170849364547177807e+00,-2.329293070277533850e+00,-3.569023218150736643e+00,-9.729813033759683094e+00,-9.651589494490220300e-01,2.356604654947205280e+00,-1.592712855647876236e+00,1.658205051634117910e-01,5.030229358363886849e-01,1.010006545355815000e+01,-6.091916482028362445e+00,-2.925242635824568449e+00,-1.267811388128331718e+00,6.058820978145298852e+00,1.801601127122680612e+00,2.501858516665289578e+00,7.889831192164563411e+00,1.266985828331029518e-01,9.603441776493337745e-01,-8.021539375446371523e+00,-5.550528225484868017e+00,1.390208561120231057e+00,-1.122936492945390441e+01,2.790000783684662089e+00,-4.176370992428165785e+00,2.270093879158626482e+00,-3.200271424903712858e-01,3.126747608985078308e+00,1.473872000925468884e+00,-1.653524527415924039e+00,2.303097859176141515e+00,8.784885363174718131e-01,-1.056967626988661590e-01,-5.453032565675212773e+00,7.820400240418703852e+00,9.646339024669113860e-01
-6.693982175813349755e+00,-5.708999478450270004e+01,2.568393462003597705e+01,4.844382068400682329e+01,-3.626578577284706739e+01,-5.209922578771552537e+01,6.012871279958329751e+01,-2.485661594888721737e-01,7.230098513934258619e+01,-3.184265651255087448e+01,7.117452802309303550e+00,-1.317053149667598859e+02,1.691748164881077088e+01,-7.147567751860394836e+00,4.814312823601376579e+01,-1.609428732413292806e+01,1.901332442207838724e+01,1.349350259414871971e+02,-3.041447395350171945e+01,-1.088135303341630511e+01,-4.962134603217894835e+01,-1.220176216411078940e+01,-4.764760071514115403e+00,1.637072546054136879e+00,8.247405560428960669e+00,-2.863172026369950629e+01,-4.432076180705229973e+01,6.612782757564213298e+00,1.673856818463815088e+01,9.724609210564138095e+01,1.727461430674543053e+01,5.612220463151681571e+01,3.024210204225426324e+01,2.980248847245680466e+01,-7.499576880396935508e+01,1.595303092791407096e+01,1.236597344717643310e+01,-5.333489338574592864e+01,1.599555784800418934e+01,7.780798804804477697e+01,-2.746881329997170695e+01,-1.334749781504795507e+01,-6.887976796003937530e+00,1.045054947267449990e+02,3.841602524530598117e+01,5.384313922762734705e+01,-7.490906249413249895e+01,-2.656676945619845753e+01,6.065699553795454335e+01,-2.453210142587983000e+01,1.057549889611164673e+02,-3.022846748479879864e+01,2.980971862086419222e+01,-4.230327046222850385e+01,-4.238405002708434566e+00,4.804827255513905726e+01,-5.809365761215870094e+01,-3.987082594941220037e+01,-2.820762175725915100e+01,2.338103247467378054e+01,2.026596791776556827e+01,-2.348296238319406726e+01,5.031115623895274780e+01,3.684087696317239136e+01,-5.478179621745178451e+01,-2.164893528041710624e+01,-3.110801697774898500e+01,-8.583410235641478891e+01,-8.056230908867632934e+00,2.226704928189594312e+01,-1.409895523886667945e+01,1.385885848289508893e+00,5.440264379893026359e+00,8.827066090869548987e+01,-5.423176006584153441e+01,-2.613276440037493487e+01,-1.136992912154918578e+01,5.456573313517576906e+01,1.486287535289303463e+01,2.153416010652149737e+01,6.797170553858461517e+01,1.576916086156420427e+00,6.581759583585221840e+00,-7.030726829649367460e+01,-4.898959919661010787e+01,1.253269050631212878e+01,-9.501241788281880929e+01,2.382606656632313857e+01,-3.453740036553900694e+01,2.212181713261605864e+01,-2.286419461992362123e+00,2.721626672722511131e+01,1.110569042913837734e+01,-1.465051754848807519e+01,2.382873806469927658e+01,6.261456903995378021e+00,-1.501331986714180555e+00,-4.789213867875553632e+01,6.780744713228661169e+01,9.169042362180427119e+00
-1.652764096419718998e+00,-1.875393013390131713e+01,7.854428996994952783e+00,1.363892450218052588e+01,-1.214543642882657792e+01,-1.401807129290648035e+01,1.634769880155939958e+01,1.036586896876753983e+00,2.160765428873157035e+01,-1.049927761374905266e+01,3.177745626603451612e+00,-3.884759488123957283e+01,3.686254512859873156e+00,-1.584215943060814480e+00,1.564528635183683747e+01,-3.379771051858399211e+00,6.206204906827742285e+00,3.844376790376485076e+01,-9.070552704125036669e+00,-3.481850921163827106e+00,-1.381433664188332955e+01,-3.752317856663610840e+00,-1.708905866000472340e+00,1.158006075718851946e+00,7.642123044062572035e-01,-8.661456848742318471e+00,-1.424700661712886607e+01,3.070113249831082136e+00,5.352750649143677819e+00,2.952495144648698400e+01,9.068495226060452552e+00,1.764282483862264428e+01,9.274847801606442843e+00,7.878261076079795089e+00,-2.179452037916265539e+01,4.253858357049980832e+00,4.567686514447030000e+00,-1.774590526763177323e+01,5.121430908006566973e+00,2.638916945177992446e+01,-8.089909379411977852e+00,-3.134578718296293864e+00,-8.830855486340745131e-01,2.960795144217440722e+01,1.088117306962860553e+01,1.543928620171305255e+01,-2.214894422998507295e+01,-7.885444537696039369e+00,1.730391843025051912e+01,-8.185002632425188551e+00,3.066575315810527513e+01,-8.542523649657226770e+00,1.048899370074071058e+01,-1.295515338266900152e+01,-1.538058797209065576e+00,1.527573059519960808e+01,-1.765337769124236189e+01,-1.240216922749299933e+01,-8.426286779847107056e+00,9.700154387986831495e+00,6.963438431693801611e+00,-5.981236779245684865e+00,1.307782749053923510e+01,9.326051805626990543e+00,-1.594129684068269626e+01,-5.678053703226340510e+00,-9.421284656822193071e+00,-2.532485245743525226e+01,-2.672273361302107020e+00,5.617302993776672082e+00,-4.128603909329026322e+00,4.584937681532528231e-01,9.587868530514858101e-01,2.657856710521429378e+01,-1.568471543555694758e+01,-7.499562755663048641e+00,-3.234998559220648051e+00,1.537978710509811364e+01,5.049395811319481453e+00,6.699438125239669084e+00,2.110565460006012728e+01,1.692609715738378484e-01,3.160277257579213295e+00,-2.103822676623487098e+01,-1.443852571114688033e+01,3.524562648006287269e+00,-3.064365705763397330e+01,7.536807577793005031e+00,-1.167617566598009304e+01,5.176137099833659327e+00,-1.020595686960070303e+00,8.266664874214939118e+00,4.499091008040553064e+00,-4.281608453184070129e+00,4.767176952075464769e+00,2.806775687408721076e+00,-7.625686938871190090e-02,-1.426773508585433881e+01,2.076826081854922990e+01,2.280318946112784850e+00
-3.527085279085251379e+00,-2.237251456156252871e+01,1.102928063670188941e+01,2.274849250172353265e+01,-1.382763143611745349e+01,-2.554063140830670875e+01,2.919698204156460974e+01,-1.947865161941556345e+00,3.187972691492587884e+01,-1.241394714673397104e+01,1.399703060274272381e+00,-5.892258929427043768e+01,9.725930484100047124e+00,-4.064837323522482393e+00,1.914708718344917315e+01,-9.463017685753339236e+00,7.516546540069757754e+00,6.261216083237673757e+01,-1.344215933355533465e+01,-4.417514869228460483e+00,-2.355976988914776626e+01,-5.205160743248125499e+00,-1.629438753937520357e+00,-3.848166036900981801e-01,6.450647246266767887e+00,-1.245140283974921225e+01,-1.788521422103697844e+01,1.105705034121397645e+00,6.800854182588813579e+00,4.211381723134309851e+01,1.153523542831369042e+00,2.330581855250339984e+01,1.294284314250767665e+01,1.484265712820735672e+01,-3.409141110125193563e+01,7.884441624644152213e+00,4.009509994050180381e+00,-2.052777532567514029e+01,6.488571257344570853e+00,2.911898339626359800e+01,-1.230932275026472134e+01,-7.299201094689911962e+00,-4.982221828625905680e+00,4.876747578653411352e+01,1.793122633245384279e+01,2.482020579488055390e+01,-3.342380106518508853e+01,-1.180382827787895827e+01,2.810883261846170456e+01,-9.404735752437799690e+00,4.818590598206705522e+01,-1.414193350059474952e+01,1.052919763779154572e+01,-1.813564706763753520e+01,-1.419762135383323187e+00,1.966989027568620330e+01,-2.513260528306145503e+01,-1.677522496315497591e+01,-1.244382619096398912e+01,5.820673738910596029e+00,7.435301058493778648e+00,-1.207006718866120920e+01,2.542384216896861915e+01,1.903111527437265948e+01,-2.486757421141015101e+01,-1.085608181183937759e+01,-1.351056417052104308e+01,-3.838845592329204237e+01,-3.114360844650826632e+00,1.153484330555452786e+01,-6.357266129653221576e+00,5.377522946575691298e-01,3.502649699710923770e+00,3.859316242030781297e+01,-2.477761709170154347e+01,-1.203638102596837278e+01,-5.283056372109950161e+00,2.559463470889887304e+01,5.548175692218402233e+00,9.058532035695968432e+00,2.866048987519763358e+01,1.195077271133646812e+00,9.274807535189646401e-01,-3.095693496462353878e+01,-2.193588110645144340e+01,5.891624514292576720e+00,-3.817303902114207403e+01,9.816885066428660878e+00,-1.298729572880095873e+01,1.212902033784973632e+01,-4.500185044436240123e-01,1.178057733583536582e+01,2.944055224292750239e+00,-6.620049242512661358e+00,1.440255068694979634e+01,1.212816933061235503e+00,-1.278272636435608511e+00,-2.119185489915828668e+01,2.906514686854956153e+01,4.803974285504641450e+00
-2.860725324335089415e+00,-3.729927415093055743e+01,1.516659021796560047e+01,2.535022015862443112e+01,-2.433707783701525074e+01,-2.546282751680376677e+01,2.985568073790836152e+01,2.934669502698548538e+00,4.130187474683469162e+01,-2.091225794513927738e+01,6.975695951614785173e+00,-7.381447724219610507e+01,5.870718151634992665e+00,-2.554547317297863440e+00,3.098413796296895484e+01,-5.233002783274933734e+00,1.231244481892658449e+01,7.186774214945133110e+01,-1.732154965675090708e+01,-6.852644140478658663e+00,-2.553404898953002444e+01,-7.263091542609842577e+00,-3.510988078274097646e+00,2.787355437467576635e+00,1.405621802452960978e-03,-1.664573087900984305e+01,-2.809176860622564931e+01,6.807027216755674459e+00,1.053211523921310011e+01,5.683206559724001750e+01,2.068573183686247319e+01,3.447016888732487416e+01,1.793157041791542738e+01,1.417634092955876213e+01,-4.112830655531545432e+01,7.690093974192419246e+00,9.479215114723883673e+00,-3.547050016499606784e+01,1.008200844224711368e+01,5.313237610214390116e+01,-1.536102018475359898e+01,-5.258368689781650396e+00,-6.792783019130650413e-01,5.520017747159952393e+01,2.028412988995540189e+01,2.895176306124547949e+01,-4.213215253303479102e+01,-1.502607659467127021e+01,3.236853321852149179e+01,-1.637754590327721615e+01,5.780940710997999332e+01,-1.590682887645825616e+01,2.140514793887440348e+01,-2.503127443427013787e+01,-3.172801903157159931e+00,2.998494662922976417e+01,-3.399379231699875703e+01,-2.412356523147524001e+01,-1.610317134118319871e+01,2.086910234871725223e+01,1.408841586885262487e+01,-1.054308085739293688e+01,2.331730954664907784e+01,1.638104659995303081e+01,-3.010139688116836965e+01,-1.017374685252905842e+01,-1.811506593393361797e+01,-4.812625654777912132e+01,-5.334983244873712671e+00,9.846969212523976722e+00,-7.818691185277435451e+00,9.144124841067637899e-01,1.260223812498749263e+00,5.097364743653462682e+01,-2.953183497835600591e+01,-1.406864792831969879e+01,-6.043662670906448930e+00,2.860165670440638408e+01,1.017299121921004890e+01,1.303199935597783110e+01,4.102183862495452615e+01,6.436388594506847749e-02,7.064700909538565554e+00,-4.023610697223200816e+01,-2.742481668305451592e+01,6.547432101255499681e+00,-6.050327601279743561e+01,1.476338221808716966e+01,-2.348068345744188790e+01,8.662366767828286740e+00,-2.240251779026114942e+00,1.591532930330532025e+01,9.612448891857001243e+00,-8.100996155379741381e+00,7.091953353423519957e+00,6.167791793107325837e+00,1.738349443288550455e-01,-2.723325393405007588e+01,4.012952199701165767e+01,3.964035522778206477e+00
-2.387605469873599340e+00,-1.083680274119548059e+01,6.066893367352736988e+00,1.384742896030799031e+01,-6.409092484437413084e+00,-1.622154701395652410e+01,1.837563839229978058e+01,-2.333964808881975106e+00,1.810664918704478765e+01,-5.964527342212720740e+00,-3.660966005108061694e-01,-3.403354620038277289e+01,7.037634994649470066e+00,-2.918590823059851846e+00,9.485379573812656062e+00,-6.955130975988876862e+00,3.690140765267552858e+00,3.764205753738853133e+01,-7.655734831432634557e+00,-2.254958515269336772e+00,-1.450326023065574432e+01,-2.839511853202051128e+00,-6.105947785492585878e-01,-9.576142795237416738e-01,5.543095199455755129e+00,-6.956323003648674508e+00,-9.051518267241736027e+00,-5.808097716840161517e-01,3.475528873117597506e+00,2.340841048245985334e+01,-3.661251613225310564e+00,1.227515388796437712e+01,7.089440684331847820e+00,9.566668974666386660e+00,-2.004631449170671331e+01,5.045932221571158394e+00,1.313580132556183777e+00,-9.662831971904353168e+00,3.308402205955580655e+00,1.307332137702843156e+01,-7.123176707475694869e+00,-5.089934025722599564e+00,-4.128728937585614212e+00,2.949331793991152750e+01,1.084711765373939230e+01,1.481772845144219808e+01,-1.924681841217237377e+01,-6.764110286557290408e+00,1.687534981547620916e+01,-4.398466087476784026e+00,2.840668558781240094e+01,-8.575283483624493996e+00,4.233995361444375938e+00,-9.955081992863380691e+00,-5.064709222278293010e-01,1.015938783552476821e+01,-1.395216100312552854e+01,-8.990151030987114211e+00,-7.071841974629371030e+00,3.082555117423986246e-01,3.220878541150827612e+00,-8.001199643187279165e+00,1.660374344841019223e+01,1.267017905434039626e+01,-1.459986444741183576e+01,-7.041021267187168142e+00,-7.536044966358408814e+00,-2.216506465191366715e+01,-1.476428857365036151e+00,7.697817307508913132e+00,-3.704619183613663935e+00,2.564559143443434497e-01,2.726584084567250432e+00,2.170055850201913472e+01,-1.465066240131621278e+01,-7.179296702756045256e+00,-3.180720424797038870e+00,1.556198398458747789e+01,2.479802900970769386e+00,4.853418458502450683e+00,1.540315851374404588e+01,1.012522045857475961e+00,-7.919229166664174535e-01,-1.755334874388276134e+01,-1.268249655594502379e+01,3.590392425951572264e+00,-1.919616170159240198e+01,5.115699988023513001e+00,-5.879560112197152577e+00,8.474863114255038354e+00,1.171405015823647755e-01,6.544122748851290972e+00,3.680073740605154242e-01,-3.866949044089084353e+00,1.078184844094643680e+01,-3.449884503934441682e-01,-1.137591193367135656e+00,-1.208619756148863189e+01,1.595159928088847678e+01,3.236757962042458914e+00
-4.236374827085426453e+00,-4.186833436746237425e+01,1.811816786101599064e+01,3.272532902338033267e+01,-2.688243950547658656e+01,-3.439397865089163275e+01,3.990314356164553544e+01,1.195194291130385889e+00,5.038380109005531438e+01,-2.340067542971278769e+01,6.254101935260251821e+00,-9.114791937565216529e+01,1.010196319451604907e+01,-4.301037412305839247e+00,3.509799004731910799e+01,-9.453826263855427570e+00,1.389506839767516588e+01,9.171214130858673741e+01,-2.117125186246081725e+01,-7.865977391380177153e+00,-3.332848345179053950e+01,-8.633192258002665653e+00,-3.671358806539823938e+00,1.964609186266623730e+00,3.652467503838680685e+00,-2.008128741592982180e+01,-3.211905441995794064e+01,5.955621726326870480e+00,1.209599726171548184e+01,6.833654486154082974e+01,1.684938636546137403e+01,4.018150547592995991e+01,2.136624744424238287e+01,1.950137490646298843e+01,-5.149981761715915241e+01,1.048412288325823383e+01,9.691570507352608388e+00,-3.939223926270855713e+01,1.156680760834164623e+01,5.808409408096161286e+01,-1.899496540680960521e+01,-8.248866145823654961e+00,-3.352028549944998659e+00,7.082509589084727963e+01,2.603190315256696152e+01,3.671793811222990911e+01,-5.190790686095942164e+01,-1.844657907874963243e+01,4.125470428122791589e+01,-1.814674938616592215e+01,7.253886531346553568e+01,-2.045966377278151782e+01,2.271974057593698859e+01,-2.986451660256703278e+01,-3.287880301258576665e+00,3.461157780148536744e+01,-4.084256031570020440e+01,-2.838373948159746263e+01,-1.965218740679996401e+01,1.963478563050976433e+01,1.523962295456997396e+01,-1.508720318275052108e+01,3.264798072433383425e+01,2.359846973807815473e+01,-3.764488690637010393e+01,-1.411085110722561353e+01,-2.183127664607215834e+01,-5.941137438998739384e+01,-5.940038937598529856e+00,1.423920258672875505e+01,-9.720358959908192986e+00,1.020356183564226082e+00,2.969388359087081319e+00,6.175668745945453253e+01,-3.714801349935369501e+01,-1.782857079256631039e+01,-7.722500877611499170e+00,3.688217597666652381e+01,1.110573725728226258e+01,1.533129821005143434e+01,4.834230125877834894e+01,7.268648237548311908e-01,6.056490879372995906e+00,-4.902698690984952634e+01,-3.388971306867214395e+01,8.461418341833532253e+00,-6.898035159648955528e+01,1.711619315396196583e+01,-2.573623381250906306e+01,1.364801880671040912e+01,-2.008795548259721730e+00,1.912968177960866356e+01,9.192792351662916417e+00,-1.009014455515534969e+01,1.370534640513943359e+01,5.515745849816835467e+00,-5.874532326651507042e-01,-3.331857046728691785e+01,4.787269317982959649e+01,5.823019270668831737e+00
-4.961945441082374231e+00,-5.830396392730516908e+01,2.423047892373217138e+01,4.166762396303604987e+01,-3.783382532105898832e+01,-4.258110835803041994e+01,4.972423008868483407e+01,3.583626714926881895e+00,6.648407043566392360e+01,-3.265373428145125700e+01,1.015033550875860691e+01,-1.193470345206630014e+02,1.085614556234216366e+01,-4.678607368468565397e+00,4.858476655424504287e+01,-9.891678452770069185e+00,1.928163498986625157e+01,1.176187214211195737e+02,-2.790221405694559920e+01,-1.079479373100187800e+01,-4.214471697524683691e+01,-1.158293526884729374e+01,-5.359192530736638815e+00,3.800339434179857534e+00,1.747958712661512148e+00,-2.668736743586567073e+01,-4.419161706967605596e+01,9.834490041819886841e+00,1.659405290461346283e+01,9.100864388372305314e+01,2.928857224863929076e+01,5.459360027806992122e+01,2.862157516203341245e+01,2.387551094006825991e+01,-6.683957216483092623e+01,1.290627372001209849e+01,1.436363168483574526e+01,-5.524292354127784677e+01,1.587902289236322773e+01,8.230886122205946265e+01,-2.484930193519248931e+01,-9.341532837133224021e+00,-2.300058302310694636e+00,9.052365124413317687e+01,3.326721530656093506e+01,4.727337468416206434e+01,-6.806504745737944972e+01,-2.424329493565556959e+01,5.294967841619162385e+01,-2.548705872986063525e+01,9.402121901015941319e+01,-2.610989561848985829e+01,3.283402613332344799e+01,-3.997229434581280572e+01,-4.828712052622378792e+00,4.732661669730061504e+01,-5.442075152827429463e+01,-3.833256113492534212e+01,-2.592530514404441533e+01,3.080868818688234256e+01,2.174740538839846238e+01,-1.803562562516550827e+01,3.954407878892674688e+01,2.809752423062451854e+01,-4.889659045483774946e+01,-1.718967843584343314e+01,-2.903227813324139461e+01,-7.780530126290784665e+01,-8.316147479754423699e+00,1.691565149586951122e+01,-1.267305235738608715e+01,1.426451944658051918e+00,2.713366293613634461e+00,8.184930328933089072e+01,-4.807440570917702161e+01,-2.296508402358714918e+01,-9.895856429092816597e+00,4.699256332760587185e+01,1.575193472826973107e+01,2.070694674863487350e+01,6.522045144950359941e+01,4.136305108584185652e-01,1.014719678805976599e+01,-6.474138336988535514e+01,-4.435374767117901484e+01,1.076625167750811762e+01,-9.508458951246899460e+01,2.333751172003576357e+01,-3.640674458334592600e+01,1.541709846877723145e+01,-3.259926469051245057e+00,2.548265719812326680e+01,1.426187862446217025e+01,-1.313962932585408794e+01,1.383265436195481435e+01,8.968047840978922380e+00,-1.024825672329725545e-01,-4.388402387459240828e+01,6.408003204657413221e+01,6.853064596125697960e+00
-6.487945925489006171e+00,-7.047753750509444615e+01,2.981238609570319653e+01,5.240822031199819264e+01,-4.552502927739381988e+01,-5.424950528311550357e+01,6.316040708881893551e+01,3.328735067240075729e+00,8.228806590634880536e+01,-3.943664855519646295e+01,1.151642729208750993e+01,-1.482286954367696410e+02,1.480135219268022695e+01,-6.340604860478769034e+00,5.888118009260107044e+01,-1.366786282159066701e+01,2.334309186933027647e+01,1.474535224805561597e+02,-3.455383228922320171e+01,-1.313180369327993979e+01,-5.317456955732237134e+01,-1.423098200177701678e+01,-6.349262596402216019e+00,4.037442782440363587e+00,3.857753080950954150e+00,-3.292696874021316233e+01,-5.369872172879465921e+01,1.108247002549143190e+01,2.018962647950457523e+01,1.121818344793713038e+02,3.235939522670086888e+01,6.670401069324246635e+01,3.518933104124235456e+01,3.057559530606395981e+01,-8.334427292855934866e+01,1.648615079100204639e+01,1.690922511195863009e+01,-6.657506363310044151e+01,1.931385756426955425e+01,9.875048603227790522e+01,-3.087514996880203100e+01,-1.241336842663462825e+01,-4.017889372575471185e+00,1.136603507169405987e+02,4.177270223729655640e+01,5.916047351682510680e+01,-8.448212890408139231e+01,-3.006021229712786180e+01,6.635719752420889961e+01,-3.069536047508594478e+01,1.173074814094461260e+02,-3.280615034775907191e+01,3.906473564294692835e+01,-4.916278042325969011e+01,-5.706173104017078224e+00,5.766389817773805504e+01,-6.706656091776106621e+01,-4.695993989362199272e+01,-3.209177963198368388e+01,3.542972737708056741e+01,2.601354850929723739e+01,-2.335586368905843102e+01,5.089490419496164009e+01,3.645448053066455429e+01,-6.094887924732347528e+01,-2.206480375758508572e+01,-3.580959448630563458e+01,-9.662653450644424424e+01,-1.002935462722008531e+01,2.197020700838299945e+01,-1.577022911237644642e+01,1.721387254755287310e+00,4.022967365467917666e+00,1.011082542224508103e+02,-6.002310999104610545e+01,-2.873338432235143003e+01,-1.241059108647641906e+01,5.908734157018236743e+01,1.889107090023867030e+01,2.536638879332135588e+01,7.993516711934107377e+01,8.128481289283255862e-01,1.137044330850508445e+01,-8.010481205039720010e+01,-5.509873057744273694e+01,1.354560960935635094e+01,-1.154470368430151268e+02,2.847041520279666216e+01,-4.371161152283959694e+01,2.051172080401444830e+01,-3.698812543806830888e+00,3.140776393623150042e+01,1.647637603144045215e+01,-1.635950644766382922e+01,1.946631898889179624e+01,1.016782002899403992e+01,-4.978914186603082825e-01,-5.436073722075582992e+01,7.881089391591639526e+01,8.940323871061083949e+00
-3.428786651582603984e+00,-3.344193347066889288e+01,1.451974455363359162e+01,2.632655270781584989e+01,-2.145295157704748590e+01,-2.772709872831304523e+01,3.215288343291545203e+01,8.624737881771786796e-01,4.042023258662256069e+01,-1.868784872148472331e+01,4.926189846918955340e+00,-7.316764928286370662e+01,8.223081136518237244e+00,-3.498367865400710208e+00,2.804816705315142400e+01,-7.708360848956240297e+00,1.110182010685072562e+01,7.373905759424197015e+01,-1.698621501371926357e+01,-6.290511519720332068e+00,-2.682574239582574904e+01,-6.916776581862973394e+00,-2.920618290714569021e+00,1.518087348339880460e+00,3.077702912417204395e+00,-1.610106458748710168e+01,-2.568052846706679659e+01,4.682988285673873818e+00,9.673583381192234043e+00,5.478265805471576044e+01,1.317853480861398197e+01,3.215997728493957197e+01,1.712045840004941155e+01,1.573412566705952464e+01,-4.136920614031340904e+01,8.455424724973759965e+00,7.699382004440863625e+00,-3.144558675315644081e+01,9.249846592564837877e+00,4.632574770899674377e+01,-1.524899856854781000e+01,-6.691744053357933097e+00,-2.791120878407066463e+00,5.696009280145503340e+01,2.093603082626816558e+01,2.951341048408321299e+01,-4.166360063581404916e+01,-1.480340866957585177e+01,3.316791357176650479e+01,-1.448413535274540109e+01,5.827558925888805419e+01,-1.645632942707114665e+01,1.808975833463674832e+01,-2.393159539987627937e+01,-2.614148734315704381e+00,2.768754379240829167e+01,-3.274050164392718898e+01,-2.272855543142276602e+01,-1.576622631966672294e+01,1.551662792506706268e+01,1.214727074312075139e+01,-1.219359926044459641e+01,2.636158625760798557e+01,1.907788548050402255e+01,-3.023783833193925119e+01,-1.138907688899307935e+01,-1.750327252277677559e+01,-4.769096258643578068e+01,-4.742421188790082454e+00,1.151334135712900597e+01,-7.805495627788630486e+00,8.147332508175714194e-01,2.440049498219582169e+00,4.952689277062238915e+01,-2.984722150168414601e+01,-1.432983659404949606e+01,-6.209488654335994617e+00,2.966906479540701724e+01,8.856838118359611656e+00,1.227659704625821036e+01,3.871375558824998819e+01,6.093239230004302565e-01,4.755284319409749827e+00,-3.932944211959388525e+01,-2.720546102817946732e+01,6.807308479239162935e+00,-5.514419453602931753e+01,1.369530093342622656e+01,-2.052931055257232629e+01,1.107357154383796782e+01,-1.582290492969933515e+00,1.533519362522680574e+01,7.272516091039186392e+00,-8.103181418817580806e+00,1.119929187600433629e+01,4.343835272525676139e+00,-5.035898822749611536e-01,-2.673362752597557090e+01,3.836202410637052651e+01,4.711394238493033626e+00
-4.634615187825362526e+00,-4.732032944127956853e+01,2.031381328190268221e+01,3.634782849305542385e+01,-3.044822827708134128e+01,-3.800298876621960886e+01,4.414302424381163092e+01,1.664911769083692761e+00,5.634273760727692348e+01,-2.645882082642723532e+01,7.304338346315638830e+00,-1.017762918905320362e+02,1.089187806185152319e+01,-4.646594343071923205e+00,3.962072577893541592e+01,-1.014921234581445475e+01,1.569332087140557341e+01,1.020025702749170478e+02,-2.366957083087973857e+01,-8.864244032935848949e+00,-3.697014735445359435e+01,-9.685501825958658273e+00,-4.189793819792642537e+00,2.394641456461477524e+00,3.581776016920001915e+00,-2.248725737806993408e+01,-3.621381632242520254e+01,6.983323602074007930e+00,1.363014978328609494e+01,7.655541202097759879e+01,1.999670294872209553e+01,4.519106145489908499e+01,2.396324301469118723e+01,2.150383070009905495e+01,-5.740792841761917487e+01,1.157221130226927386e+01,1.109556253170784856e+01,-4.458514451967771208e+01,1.303563350931726461e+01,6.588062945156694639e+01,-2.120624200006668758e+01,-8.971912083582603614e+00,-3.401031421512211494e+00,7.872153462645384536e+01,2.893344784630713207e+01,4.086784441245389843e+01,-5.797670574240323305e+01,-2.061224542922160197e+01,4.589041469056236622e+01,-2.054524013735847632e+01,8.084028817713762294e+01,-2.273417500291600746e+01,2.587389826336541887e+01,-3.348899814364271776e+01,-3.756958065698044802e+00,3.897592823899685754e+01,-4.575926376264888518e+01,-3.188451134797190889e+01,-2.197535810732806283e+01,2.275881246173502603e+01,1.731006958919141425e+01,-1.656511107574634423e+01,3.593052072706608158e+01,2.589168105754659166e+01,-4.196989302681775058e+01,-1.554568301348519910e+01,-2.445006292948301052e+01,-6.634127328172580462e+01,-6.720788894131835889e+00,1.561665422829340244e+01,-1.084487903977400336e+01,1.154132741313442789e+00,3.123401315142773527e+00,6.911930966244487706e+01,-4.138700095473492269e+01,-1.984542206571639866e+01,-8.587671669358682536e+00,4.097008668132864528e+01,1.259879880993596402e+01,1.722252168850347331e+01,5.429384506644257158e+01,7.235607686838093633e-01,7.125514595151649644e+00,-5.483325791191531806e+01,-3.783806461294044254e+01,9.396856572617936720e+00,-7.780335810074875269e+01,1.926357044951228303e+01,-2.918043502460326977e+01,1.483797680980702438e+01,-2.346074506139894211e+00,2.143144783549758969e+01,1.062884904434585742e+01,-1.125490160018292229e+01,1.463041383489267844e+01,6.444619381799581603e+00,-5.468469269584911308e-01,-3.724583689659581864e+01,5.368347677467370005e+01,6.375767933637011886e+00
-5.645346691904613579e+00,-3.900462683147142684e+01,1.869114290089341779e+01,3.756177001677914262e+01,-2.432153232959666411e+01,-4.167170886074736558e+01,4.776210267857636893e+01,-2.364424279297998588e+00,5.360281384024449380e+01,-2.167870065868379825e+01,3.214825717597277865e+00,-9.865193669819447564e+01,1.523036520737768740e+01,-6.382194563432697976e+00,3.322489672447446196e+01,-1.473872949737931037e+01,1.306792200651461577e+01,1.037332178127746261e+02,-2.258615080388186414e+01,-7.616108407927205448e+00,-3.878115766596710756e+01,-8.838682594078621335e+00,-2.973341002764408714e+00,-9.876517232321990747e-02,9.451972081651415891e+00,-2.102169266533729797e+01,-3.089334667756007846e+01,2.755905303374238002e+00,1.172220579636392124e+01,7.118948158969610063e+01,5.141696065038129149e+00,3.990009076369146612e+01,2.195631818045542261e+01,2.411342183976120879e+01,-5.681449830677991741e+01,1.283571575311123070e+01,7.456539262585139660e+00,-3.599650434726254389e+01,1.118953441591289000e+01,5.153163895204196621e+01,-2.059915158410850822e+01,-1.157245425270913941e+01,-7.413484583187451626e+00,8.066639116463235837e+01,2.965802523163387150e+01,4.119825824631051603e+01,-5.600378657565731544e+01,-1.980259468751751228e+01,4.658698501631181443e+01,-1.651285046216086627e+01,8.024961449865108420e+01,-2.337543432542893740e+01,1.899933381232975194e+01,-3.074963313248203534e+01,-2.609686813551806317e+00,3.382420837590323970e+01,-4.249728364802858493e+01,-2.860483468399709039e+01,-2.092006253064785426e+01,1.201078104127879342e+01,1.324520686690635607e+01,-1.944468991705092975e+01,4.114259528580264913e+01,3.061837773211505365e+01,-4.145948593217848099e+01,-1.760428657906224714e+01,-2.281878202763174457e+01,-6.427833429241999852e+01,-5.453448137548854824e+00,1.854430980034489096e+01,-1.061949625170277756e+01,9.405093347663529002e-01,5.342491751943756917e+00,6.505337833092879407e+01,-4.123264328107267573e+01,-1.998358861346284243e+01,-8.749351003659963766e+00,4.227456456473247925e+01,9.826811396200229254e+00,1.544735968479245969e+01,4.883913805820195364e+01,1.761812794253926784e+00,2.537758234425242954e+00,-5.207287520583923168e+01,-3.671725631015797831e+01,9.725104785488237980e+00,-6.602785933600713975e+01,1.684741697814207129e+01,-2.294734667482117274e+01,1.921726461563017097e+01,-1.033180736081655837e+00,1.991690238372403243e+01,5.917624437242369417e+00,-1.105164009377883083e+01,2.228649846574118953e+01,2.806190446503348035e+00,-1.843969295069682879e+00,-3.559511724860443138e+01,4.928317001396013097e+01,7.700386137277760668e+00
-2.579345347320483484e+00,-1.378050814072393138e+01,7.227553878617919203e+00,1.570636477879114778e+01,-8.344273660340377319e+00,-1.803817498600371749e+01,2.051976250918056977e+01,-2.032681855576928154e+00,2.123271592642623418e+01,-7.617381363068311373e+00,2.367526574275005125e-01,-3.958384498783618710e+01,7.384375254772505670e+00,-3.072611676113351731e+00,1.192011792478600896e+01,-7.249294742880389997e+00,4.659385195759432996e+00,4.294745027479908828e+01,-8.965416887404995094e+00,-2.790005058017722916e+00,-1.636353203186950367e+01,-3.396777517637961097e+00,-8.966395741482467985e-01,-6.989873967064839100e-01,5.422014773645627450e+00,-8.223668087818122530e+00,-1.124909953535233598e+01,1.235117544687147628e-02,4.297650236620680353e+00,2.774287304607144833e+01,-1.817245801986894449e+00,1.494616087982187302e+01,8.463523639301527624e+00,1.056636418950431811e+01,-2.311516944030239884e+01,5.591366446514403066e+00,2.093187846885842696e+00,-1.247625973339074790e+01,4.095795465358841980e+00,1.731827481359414378e+01,-8.277321279752142047e+00,-5.427043545005989955e+00,-4.096378580963231819e+00,3.355557603982027359e+01,1.233965048236269269e+01,1.696256604819337710e+01,-2.241875623805328388e+01,-7.897543946394628200e+00,1.926655851202715652e+01,-5.698869781262820844e+00,3.271520208810997588e+01,-9.744220821211959205e+00,5.966718256386232433e+00,-1.187192660422864066e+01,-7.659539549180031104e-01,1.249418403140257183e+01,-1.654587761038844818e+01,-1.085069007923826412e+01,-8.290395079603355200e+00,2.081104394398021640e+00,4.351827340699847113e+00,-8.725301877813826934e+00,1.822905806049111987e+01,1.379001949788421300e+01,-1.684749937447305257e+01,-7.754623354378075817e+00,-8.916010248439587116e+00,-2.578433514244444069e+01,-1.899081219836719736e+00,8.369192897786263075e+00,-4.290347322653093265e+00,3.288239644956943986e-01,2.774431220987451319e+00,2.557279347524458402e+01,-1.684861788430018947e+01,-8.222008634923767545e+00,-3.626540125064626530e+00,1.766069344479513958e+01,3.293072013334350956e+00,5.858586907825968915e+00,1.856445756531458358e+01,9.958717148052904644e-01,-1.721731306411236062e-01,-2.060063131626325728e+01,-1.474381258323194999e+01,4.070212974086367730e+00,-2.393578375796755253e+01,6.262775327752745369e+00,-7.753291507667279703e+00,9.028232902825614303e+00,-7.645570350748354116e-02,7.758196467754526537e+00,1.179651482602809054e+00,-4.473201060310620036e+00,1.115086056814454096e+01,1.885061695587153530e-01,-1.097894080078632983e+00,-1.414421642628160569e+01,1.902481534096187588e+01,3.504014561513160597e+00
-1.056089786108469042e+00,-1.356560517658913412e+01,5.532732252004255891e+00,9.284977586947517736e+00,-8.844647793890738185e+00,-9.349482139579798456e+00,1.095597520139818215e+01,1.035277642559097933e+00,1.508275919861841174e+01,-7.604590328462139226e+00,2.512967721994292969e+00,-2.697265345464987263e+01,2.188786740997401559e+00,-9.509693345145353582e-01,1.127367554373984149e+01,-1.957885780539877052e+00,4.479125489544369287e+00,2.630661620057168193e+01,-6.326166116953077179e+00,-2.494936246527206247e+00,-9.357894567253678630e+00,-2.648894411403418747e+00,-1.272814625334104388e+00,9.959738088910922160e-01,5.625924459363984553e-02,-6.075313612885991255e+00,-1.022582005915938375e+01,2.449956851022061510e+00,3.834670268473822308e+00,2.073897345963467487e+01,7.426050061575317329e+00,1.255940433867550254e+01,6.540550007880118422e+00,5.210676572998056422e+00,-1.503964934577217072e+01,2.825137846203075398e+00,3.433066497297909692e+00,-1.289402329571468364e+01,3.670602477573345457e+00,1.930027186003733064e+01,-5.613501570654274353e+00,-1.948277097042300676e+00,-2.865924848115218859e-01,2.021143226268178239e+01,7.427086854815442507e+00,1.059407992999264891e+01,-1.539376961330869698e+01,-5.489051154343331795e+00,1.184745728699516043e+01,-5.952832662169309508e+00,2.114184525385511293e+01,-5.825020375293068930e+00,7.765006643876508186e+00,-9.130761252480034784e+00,-1.149758566225383971e+00,1.091997240158811699e+01,-1.240440728745856092e+01,-8.793578130394568149e+00,-5.880734108185247777e+00,7.532130453465315512e+00,5.115129899748501074e+00,-3.884145315028963097e+00,8.579279097102403995e+00,6.037292035951058011e+00,-1.100664668601918805e+01,-3.741241780903806102e+00,-6.611242343816105205e+00,-1.758563819346749568e+01,-1.939573211212510584e+00,3.629954913482009271e+00,-2.858041530152836796e+00,3.324756905730841261e-01,4.820798422462074795e-01,1.860823088693014427e+01,-1.080167446916977347e+01,-5.147811682530726962e+00,-2.212388006239489613e+00,1.047525633006702961e+01,3.695092695996771148e+00,4.750422255702314800e+00,1.495453788625936298e+01,3.340470666203276817e-02,2.540795462243790936e+00,-1.469269280559777435e+01,-1.002172130066982092e+01,2.398255388360194029e+00,-2.202108425918640222e+01,5.377698230959421011e+00,-8.530356941060494691e+00,3.210396604388849884e+00,-8.070464572691156135e-01,5.807657810626640327e+00,3.471623266813345765e+00,-2.961522534689989605e+00,2.667035762858279924e+00,2.221709192064937000e+00,5.127330561883078341e-02,-9.946612895815260202e+00,1.463812941117089750e+01,1.462676173354759523e+00
-6.072960265783588163e+00,-5.218990028245380586e+01,2.342988045112569395e+01,4.409229914514089188e+01,-3.317281165931724729e+01,-4.736405106455288205e+01,5.467815054517352280e+01,-1.320911328149945163e-01,6.591298367380163370e+01,-2.911288917121791187e+01,6.577994539624455683e+00,-1.200250836608244782e+02,1.530624251685274295e+01,-6.469104876002357507e+00,4.399652148069850455e+01,-1.455063531629383000e+01,1.737801917052377121e+01,1.228529611099142898e+02,-2.772564840705694067e+01,-9.939512475583365259e+00,-4.515077006725307740e+01,-1.113269719654463152e+01,-4.368021169012957117e+00,1.549330430525176716e+00,7.374037157205274085e+00,-2.611092997983348951e+01,-4.049009681943121564e+01,6.121588329913286941e+00,1.528947194122869213e+01,8.869344895839489595e+01,1.608066389091449011e+01,5.123769178672267088e+01,2.759027044027001097e+01,2.708185384467296331e+01,-6.831705411988042442e+01,1.449981873669545074e+01,1.134759644861490990e+01,-4.877629029175815845e+01,1.461132037243170956e+01,7.120021428699999433e+01,-2.503171081389599095e+01,-1.209551381863762387e+01,-6.179397665200526468e+00,9.513394010646786114e+01,3.497083335256808567e+01,4.903045996934775275e+01,-6.827036775648008415e+01,-2.421490535905659058e+01,5.522768094363907210e+01,-2.243722790731416694e+01,9.633126536877449553e+01,-2.751588078859570174e+01,2.731038352170818229e+01,-3.859224378312610781e+01,-3.887018921031124563e+00,4.388101650597779724e+01,-5.298573114558890040e+01,-3.638951413002906321e+01,-2.571507693976845843e+01,2.154603703010546667e+01,1.855256291031941629e+01,-2.131996238350329165e+01,4.569943133634147614e+01,3.344259473893846746e+01,-4.990502805010999765e+01,-1.966881552185725468e+01,-2.837012068139033971e+01,-7.822256665724361824e+01,-7.366952909064513833e+00,2.021143196107746220e+01,-1.284604265095156883e+01,1.267208910755257767e+00,4.902846329051446794e+00,8.048856068521062923e+01,-4.939574483589188247e+01,-2.379745032181958209e+01,-1.035149619234263874e+01,4.966577510288750830e+01,1.360138545402561050e+01,1.965399923471296262e+01,6.203357816768216537e+01,1.411895730763875312e+00,6.101766155220468946e+00,-6.409766434993275652e+01,-4.464400949507425054e+01,1.140659508474448103e+01,-8.680910159004356785e+01,2.175637683641124198e+01,-3.160115664969193716e+01,2.004518972178725633e+01,-2.113103874346439426e+00,2.482293735960919179e+01,1.022487200688570042e+01,-1.334786601659841665e+01,2.152310309376515463e+01,5.787831385575557874e+00,-1.336998746500717150e+00,-4.365688684575385992e+01,6.185930344720730290e+01,8.319801295422090348e+00
-1.725342662606545785e+00,-1.993406373230998341e+00,2.488064883464981225e+00,7.903685093896019254e+00,-6.321417643599698266e-01,-1.027516636373359482e+01,1.139676390978413778e+01,-3.062501697475056517e+00,8.377022870168570279e+00,-1.005234363382737861e+00,-2.044574942064767420e+00,-1.666201032184044806e+01,5.700523442064644897e+00,-2.335291558665134382e+00,2.144224956261389092e+00,-5.770273448894879031e+00,7.721069191510521179e-01,2.077497452091530405e+01,-3.575874333775443947e+00,-6.329578120818637466e-01,-8.522122686179272932e+00,-1.124978682395205265e+00,2.260438910370852206e-01,-1.636640001941368272e+00,5.599721875226023826e+00,-3.031524638287065088e+00,-2.400301349984624188e+00,-2.221000860186668646e+00,9.827087844285284923e-01,1.000479995811440048e+01,-8.665080711879859621e+00,4.125746824326377293e+00,2.857307611913012746e+00,6.261544037780805816e+00,-1.037829135480365039e+01,3.251559341009349957e+00,-9.486785161235327113e-01,-1.246420891006533083e+00,9.219256855866246880e-01,4.517180414137698108e-01,-3.508524721555044135e+00,-3.879818813703076685e+00,-4.008077944815521043e+00,1.654402113863450907e+01,6.088801246295359348e+00,8.019302168720049195e+00,-9.329577127401389447e+00,-3.226181147499487700e+00,9.277775084392963834e+00,-5.117671707419040317e-01,1.481980141067654344e+01,-4.844517159666734685e+00,-8.614139869531767246e-01,-4.047910138667680791e+00,2.500464837679843288e-01,3.065044297616247970e+00,-5.934355734312203090e+00,-3.290984632014024580e+00,-3.278487747054959378e+00,-4.698803932849193288e+00,-1.283505684077366205e-01,-5.552255421434213467e+00,1.117638367140234124e+01,8.867644725884195722e+00,-7.523196655459390314e+00,-4.670878915701629275e+00,-3.264448096993530779e+00,-1.083875621180838067e+01,-2.107855980286025277e-01,5.412876937573763314e+00,-1.865588721209644252e+00,3.956043395185576683e-02,2.452051167950006327e+00,9.685878577296248793e+00,-7.711256328642541291e+00,-3.875492508973275463e+00,-1.762452631489983101e+00,8.855259197408599903e+00,6.296817431787604669e-02,1.774589416124830787e+00,5.712980234514987821e+00,1.007474924262989457e+00,-2.496145498006018926e+00,-8.073904540417522924e+00,-6.228714686509262854e+00,2.055390348077118734e+00,-4.867884132536592467e+00,1.623898134733339882e+00,-3.027696648378164213e-01,6.482305960061210293e+00,6.561810737798163817e-01,2.790442240305706090e+00,-1.935955135325762466e+00,-1.961811365389015016e+00,9.190022070478624627e+00,-1.829289280392424111e+00,-1.191015825478502821e+00,-5.672277908225919596e+00,6.481283333251647960e+00,2.318340255735587441e+00
-3.179820808008248179e+00,-1.240689679599275586e+01,7.421999223723001471e+00,1.771238815724951365e+01,-7.147940611337302741e+00,-2.110183487263105206e+01,2.381971750572640900e+01,-3.585819102805920533e+00,2.248109134659051733e+01,-6.796801682746195006e+00,-1.105227429629328739e+00,-4.257381172356608090e+01,9.586131302436749380e+00,-3.965494891460346061e+00,1.099826526634900858e+01,-9.521142670790297302e+00,4.257167417640379092e+00,4.790199234002633943e+01,-9.517090497339692590e+00,-2.657370386182051902e+00,-1.863597325794414417e+01,-3.460034105412939986e+00,-5.816514386637894329e-01,-1.603140246388290224e+00,7.935471799831598894e+00,-8.572100448559515584e+00,-1.061809380469952657e+01,-1.398563321238659007e+00,4.098237540307702709e+00,2.877742443235103309e+01,-6.964755388091681709e+00,1.470174608841718111e+01,8.655555821895045909e+00,1.251483092105964268e+01,-2.527240829493266006e+01,6.583210979899387638e+00,1.090868035246924883e+00,-1.087856822415660751e+01,3.896472772930581030e+00,1.428974230265154688e+01,-8.917995146344372515e+00,-6.848782018719123954e+00,-5.854170260372347556e+00,3.762462700227206369e+01,1.383912744064407008e+01,1.880145518956669193e+01,-2.404420978213892468e+01,-8.431852392842266397e+00,2.146254329519488380e+01,-4.932570617383978728e+00,3.585162124790626592e+01,-1.095138664198114853e+01,4.278282117491179370e+00,-1.216660845934537427e+01,-4.607589019752564852e-01,1.204642553566456442e+01,-1.714226288295350642e+01,-1.086081458886980577e+01,-8.782677828336067805e+00,-1.297217673931980286e+00,3.437414628217380752e+00,-1.057635090348791884e+01,2.182772828057121117e+01,1.677420325871031892e+01,-1.839378599709278461e+01,-9.232511030085145620e+00,-9.279635792369731462e+00,-2.772267564528280204e+01,-1.669244413971945118e+00,1.020001389547239157e+01,-4.652251615419211284e+00,2.909705789274978915e-01,3.798439711630490656e+00,2.682047602900417260e+01,-1.851395713258210307e+01,-9.105999847076724052e+00,-4.050099814965181011e+00,1.989610996713844671e+01,2.702656573649738991e+00,5.862592238420737623e+00,1.863405703566884597e+01,1.444181798339729372e+00,-1.722262237544017083e+00,-2.177776192066294314e+01,-1.587182487018831623e+01,4.594626167779506609e+00,-2.244126392922278512e+01,6.093844330707934631e+00,-6.461195897523888121e+00,1.141113031639713071e+01,3.543267436141865900e-01,8.042834422989942667e+00,-2.739291015931542006e-01,-4.861128092483568253e+00,1.484467441553349509e+01,-1.007705379277351376e+00,-1.643076298756010356e+00,-1.503411146495544770e+01,1.949354945025819319e+01,4.303569524935936030e+00
-5.035748470313213154e+00,-5.612688530110666818e+01,2.360210091551380884e+01,4.119076312657991679e+01,-3.631095742005313554e+01,-4.245987921419845179e+01,4.948239233070743381e+01,2.919384571642950732e+00,6.501808562795751811e+01,-3.141592105646758881e+01,9.373024984652477798e+00,-1.169859092205281286e+02,1.133831729778918884e+01,-4.866183491763985458e+00,4.685106170259305713e+01,-1.042697119365007907e+01,1.858045305359949140e+01,1.160169388786655702e+02,-2.729698833931660218e+01,-1.043566151129637731e+01,-4.175031847642449634e+01,-1.127182646426815360e+01,-5.090919641010846597e+00,3.364231956981545757e+00,2.605305536169391534e+00,-2.604376640487174654e+01,-4.268961390090638730e+01,9.041389949246692481e+00,1.604360187743570165e+01,8.875835404479104795e+01,2.658509705255873357e+01,5.293131025434056625e+01,2.786572346458063976e+01,2.389083775986927449e+01,-6.569157668117418325e+01,1.289237356563485548e+01,1.358751466331534630e+01,-5.307317221125963158e+01,1.534921980320870816e+01,7.884200370942900804e+01,-2.436423917871341871e+01,-9.585667333094065157e+00,-2.868576226370582738e+00,8.938326392307854462e+01,3.284961048902877678e+01,4.657453021777021007e+01,-6.668966360578943409e+01,-2.373729008964203757e+01,5.221614349735440896e+01,-2.447547554796303615e+01,9.244316832554407881e+01,-2.579307839328767571e+01,3.127758562104701667e+01,-3.892625593753866298e+01,-4.579270547917980494e+00,4.580040692608004349e+01,-5.306710269038851635e+01,-3.723102998428608146e+01,-2.535562759694508372e+01,2.870033351645243869e+01,2.079015056601546263e+01,-1.818414274387914631e+01,3.970363268177872840e+01,2.836517639252853229e+01,-4.804527178646382168e+01,-1.722781709523229310e+01,-2.832655672948386183e+01,-7.626209081629218645e+01,-7.993373637704120682e+00,1.708915380091924874e+01,-1.243837136632083507e+01,1.371654231890625963e+00,3.004959709690090186e+00,7.994006457202814886e+01,-4.728978815624338949e+01,-2.262222106766036234e+01,-9.763513385152858604e+00,4.644502224883984809e+01,1.508455136790241546e+01,2.011137964765989850e+01,6.336517997211930009e+01,5.636135460251660012e-01,9.294817506700091769e+00,-6.329991265640933307e+01,-4.348234511965127069e+01,1.064523735008218885e+01,-9.180340147001352591e+01,2.260364480049502944e+01,-3.489043668911573803e+01,1.583319059855455180e+01,-3.010359207553626071e+00,2.485075028853553647e+01,1.332572100245394253e+01,-1.290089438877659767e+01,1.476787023873998805e+01,8.277469301371056076e+00,-2.964221715847015215e-01,-4.294016737320716004e+01,6.240178942006064489e+01,6.944241916259586311e+00
-4.866055265050114542e+00,-1.512394934972673610e+01,1.010338228491206891e+01,2.571387079480383164e+01,-8.292470477304462406e+00,-3.133466149529508016e+01,3.520601031285746529e+01,-6.397688090632657421e+00,3.128820480287257766e+01,-8.214518635079620879e+00,-2.869020624948560361e+00,-5.990275722608780740e+01,1.507644903731643282e+01,-6.218054958154636935e+00,1.371423524572252717e+01,-1.506259083498859574e+01,5.261284889773540918e+00,6.905241024105271208e+01,-1.326957101536811656e+01,-3.407228759008696706e+00,-2.722284175359166625e+01,-4.681593026418005898e+00,-4.486144637370714783e-01,-3.078268601591196418e+00,1.319830896694497824e+01,-1.179769824503567932e+01,-1.350931735878648965e+01,-3.331982191752595135e+00,5.260020667432181440e+00,3.946561719785765376e+01,-1.464064631210123935e+01,1.935885857264242560e+01,1.174649996504068383e+01,1.872025947017814573e+01,-3.595645509576921484e+01,9.813058671412473899e+00,4.136559420150680566e-01,-1.285221825909611049e+01,4.990950031208850390e+00,1.591595567728921168e+01,-1.256283774187722280e+01,-1.061409155807369409e+01,-9.636458553395033988e+00,5.442169016433299333e+01,2.002034397252112896e+01,2.699305326500592273e+01,-3.376534355888227878e+01,-1.180376379575529988e+01,3.091417191229518124e+01,-5.783950876195619095e+00,5.108721710741406952e+01,-1.586418382484938405e+01,3.952808190701480484e+00,-1.653709173075444738e+01,-2.975148684545230182e-01,1.560521393197515039e+01,-2.348839232205687466e+01,-1.449938472872697659e+01,-1.222810893898206075e+01,-5.241322182741996016e+00,3.635418548785394499e+00,-1.603299436570534908e+01,3.285902466422871271e+01,2.547879509765571626e+01,-2.614512837354869035e+01,-1.385245437767168575e+01,-1.275737418676221679e+01,-3.899775251121090491e+01,-1.988006930697084673e+00,1.550992113151239238e+01,-6.582426326102983616e+00,3.488316954787565871e-01,6.131461156328905204e+00,3.707643834456024479e+01,-2.642916270824890290e+01,-1.306650194181232649e+01,-5.843198679017767461e+00,2.886545012304306823e+01,2.991914636496363578e+00,7.825150072469382323e+00,2.493108090855902859e+01,2.392496025088629352e+00,-3.908443512307431256e+00,-3.027589061785184654e+01,-2.234603477594433230e+01,6.674431219420258188e+00,-2.838464217592281713e+01,7.953935466271106591e+00,-7.276802150280278880e+00,1.769933093511888700e+01,9.203607230494472713e-01,1.102533574118557880e+01,-1.876003393542741371e+00,-6.888120831892503126e+00,2.364215952893814432e+01,-2.587437974824237763e+00,-2.758501138158246935e+00,-2.098103103049582074e+01,2.649246903111156826e+01,6.572076022644433024e+00
-3.295476965998384689e+00,-2.146484260294573332e+01,1.048738858313791589e+01,2.145693893425359633e+01,-1.330426269860946320e+01,-2.400264954852982413e+01,2.746074054275381471e+01,-1.687626105288952960e+00,3.023905469564769177e+01,-1.191662910795087527e+01,1.478987147414700054e+00,-5.581622062567026177e+01,9.028126861631696087e+00,-3.776157657137996004e+00,1.834278654889475035e+01,-8.770036102846969328e+00,7.205172101640472171e+00,5.911873340267044341e+01,-1.274762605728340503e+01,-4.223278756519314392e+00,-2.220104406711325851e+01,-4.952508688919118995e+00,-1.586616749679064853e+00,-2.686948164669811234e-01,5.873742170689579822e+00,-1.182567308879185042e+01,-1.710899361475317448e+01,1.206340255762151870e+00,6.501305777178247425e+00,4.001303279523827428e+01,1.656698469581243671e+00,2.223174427881513537e+01,1.231084984099718227e+01,1.393066997901240534e+01,-3.224783803444120167e+01,7.404670945697027662e+00,3.928756668369804306e+00,-1.973149140435195648e+01,6.203759795205250782e+00,2.807201131345882317e+01,-1.165864284039917287e+01,-6.800494930566187257e+00,-4.556522810338138996e+00,4.602375335345994500e+01,1.692203064071859586e+01,2.344892753091797388e+01,-3.166936410316429829e+01,-1.118854186083617819e+01,2.654357272663562028e+01,-9.043638973548443261e+00,4.557068167949149995e+01,-1.334334367692778045e+01,1.021489944216502010e+01,-1.724731764402811862e+01,-1.385780609725685952e+00,1.878954151637263692e+01,-2.388117940683344997e+01,-1.598196474024035041e+01,-1.180287043416686643e+01,5.911793480864455219e+00,7.183250996806060940e+00,-1.129956148252640347e+01,2.383341590381420261e+01,1.780913714566001360e+01,-2.352575771175420272e+01,-1.018332900585647494e+01,-1.283317253965400795e+01,-3.636568083910687221e+01,-2.992192792066555196e+00,1.079180343026512290e+01,-6.017855597369934806e+00,5.164592197352939618e-01,3.226312544071578525e+00,3.663554191824709960e+01,-2.342715119936287493e+01,-1.137223065175885139e+01,-4.987693077021088328e+00,2.414382905772479049e+01,5.350140179385032724e+00,8.630334112084781850e+00,2.729953791069159053e+01,1.090076140947215944e+00,1.051609371183938713e+00,-2.936755722026190796e+01,-2.077781872311540567e+01,5.556597482912003727e+00,-3.653232960436882593e+01,9.371610796304938873e+00,-1.251398378826200286e+01,1.129811382431436328e+01,-4.754357290608561826e-01,1.119343651649263549e+01,2.962501624211267170e+00,-6.265410377575272527e+00,1.332226707104336327e+01,1.285134606790583778e+00,-1.158848354913877943e+00,-2.009472312195281418e+01,2.764184651569428652e+01,4.490501489873899743e+00
-5.010028408997392546e+00,-5.043578044954271178e+01,2.172620071891554261e+01,3.903358392438772739e+01,-3.242298289651655807e+01,-4.090344160503189386e+01,4.748735883028301430e+01,1.630634927409874813e+00,6.032795988109120344e+01,-2.819577938085202717e+01,7.677191202628941724e+00,-1.090453846497222656e+02,1.184973687941215204e+01,-5.050789649246533841e+00,4.225108017671985294e+01,-1.106281675388946084e+01,1.673162863270377088e+01,1.094750422576812667e+02,-2.534636564913093437e+01,-9.459765052706286426e+00,-3.972407702739841540e+01,-1.035610312861459725e+01,-4.447149420750338145e+00,2.472489831351303735e+00,4.067870773139595109e+00,-2.406349594215438614e+01,-3.863822287979196091e+01,7.327559090781417872e+00,1.454628921132397323e+01,8.190704337979111926e+01,2.087653238040103787e+01,4.826839097248046784e+01,2.562579853242894146e+01,2.316558926042245403e+01,-6.155314269587665876e+01,1.246105764992383058e+01,1.176102164313546794e+01,-4.749149926211569550e+01,1.391098991600903290e+01,7.011131661179601338e+01,-2.272253033913957054e+01,-9.723450387168870890e+00,-3.802467672333191384e+00,8.451195063445958056e+01,3.106204315950985873e+01,4.384775087397986226e+01,-6.211009607383470410e+01,-2.207760709114238296e+01,4.924908110480166101e+01,-2.188163968658735570e+01,8.668689985493634254e+01,-2.440946782977357898e+01,2.748773863019833286e+01,-3.581496102577608553e+01,-3.985551865873311783e+00,4.160737414521877753e+01,-4.895597709432408351e+01,-3.407317585707489371e+01,-2.353022869285567253e+01,2.399732938177287878e+01,1.841033125054089581e+01,-1.787869345785106034e+01,3.873993295128119740e+01,2.795353951891710054e+01,-4.499743572176961948e+01,-1.675363738486128540e+01,-2.616242852191093249e+01,-7.107850123380904961e+01,-7.159946218569870346e+00,1.686322579629081986e+01,-1.162358567633686413e+01,1.229701853849231252e+00,3.435623823097269103e+00,7.398110639442468539e+01,-4.438593345931158041e+01,-2.129160638905171155e+01,-9.217399739648236334e+00,4.399492442765847500e+01,1.340678615704201704e+01,1.840459594910729990e+01,5.802577131962652146e+01,8.160741505811011098e-01,7.466198317005646956e+00,-5.870809758556232794e+01,-4.054211401674167803e+01,1.009174901509960520e+01,-8.299878405980336993e+01,2.056915122443292887e+01,-3.105904551174482009e+01,1.608391066477033249e+01,-2.465854435340048667e+00,2.292914394401774558e+01,1.121913572583406093e+01,-1.206422947728646200e+01,1.598745654619768786e+01,6.772422673034352414e+00,-6.364983735138449727e-01,-3.988648282239602594e+01,5.741168917258402615e+01,6.889683178870781077e+00
-2.696669964014522858e+00,-1.160956959921498743e+01,6.647599345445660113e+00,1.541297214781625868e+01,-6.807109355518807803e+00,-1.816519420921242300e+01,2.055117581713981423e+01,-2.784579984521889706e+00,1.994244416808577824e+01,-6.379933596216249114e+00,-6.055925828091082153e-01,-3.758303944579235178e+01,8.014992376327390033e+00,-3.320806152025880920e+00,1.020488285544962359e+01,-7.935770596970128210e+00,3.963353536813105205e+00,4.182112013446587184e+01,-8.435598334646053686e+00,-2.439303375783379302e+00,-1.616929460346475267e+01,-3.107036801808379156e+00,-6.176188258171442236e-01,-1.183522336921868590e+00,6.432668897983563561e+00,-7.641448613250830135e+00,-9.776332923045320200e+00,-8.503947935713269679e-01,3.760427208532829191e+00,2.569269462389476999e+01,-4.784815165597796849e+00,1.335206390012526967e+01,7.762614045603652535e+00,1.073471065549122727e+01,-2.219790310220367502e+01,5.656501395003196819e+00,1.278788578210815707e+00,-1.029457230159184888e+01,3.578140747283909295e+00,1.379478881392245526e+01,-7.868367657818726713e+00,-5.770571368051507832e+00,-4.773747536341740982e+00,3.279644996954102254e+01,1.206240462561760296e+01,1.644567832803583229e+01,-2.124408629002738635e+01,-7.460353180153989960e+00,1.874499791390514503e+01,-4.680030517053609174e+00,3.146781874161619896e+01,-9.539380751607456688e+00,4.358898075895791813e+00,-1.090420720600445570e+01,-5.055466041762501916e-01,1.101295173531955385e+01,-1.531055649601495183e+01,-9.807933555708819640e+00,-7.789564988830257164e+00,-1.829938777195163624e-01,3.372763873772598675e+00,-9.012137755464177502e+00,1.866431992372563187e+01,1.427917815870060458e+01,-1.616306221148351696e+01,-7.907430058723340593e+00,-8.276139356242728340e+00,-2.447537318008526697e+01,-1.575150463747107210e+00,8.678102002387550584e+00,-4.096589354230708580e+00,2.739219166974858344e-01,3.131520390742227988e+00,2.386254226046511562e+01,-1.623677014322742096e+01,-7.966979877636783058e+00,-3.534601427376816485e+00,1.731845056930706761e+01,2.614202347748106892e+00,5.294681654054528508e+00,1.681232665018900363e+01,1.173353807347559341e+00,-1.102065800368936532e+00,-1.932795884594910873e+01,-1.400732692549168945e+01,3.996968863395472304e+00,-2.070930141547724190e+01,5.554196325263248468e+00,-6.214781743911562018e+00,9.610548926843984319e+00,1.939855795261822280e-01,7.182019234084737747e+00,1.780089524742827223e-01,-4.277656938250861351e+00,1.232847143936646539e+01,-5.601638849778991514e-01,-1.324667038307432154e+00,-1.332029145433824802e+01,1.747190659815671054e+01,3.653515835594431493e+00
-3.866114980578401639e+00,3.537879513831097000e+00,2.975305413608686056e+00,1.482696937484200284e+01,4.067412008757984587e+00,-2.104031570799884676e+01,2.295707750034765837e+01,-8.749114772424851694e+00,1.231624625463007128e+01,2.279277106695357880e+00,-7.022286993509208486e+00,-2.645995871621379791e+01,1.361687531607446111e+01,-5.543114304350458710e+00,-1.654004371380237259e+00,-1.395056648127613208e+01,-8.676658572477458087e-01,3.774042836909961807e+01,-5.330125784293901603e+00,-5.183589991223391813e-02,-1.641092116797226197e+01,-1.249796500997770732e+00,1.421509281343053877e+00,-4.962686622566153005e+00,1.473370617498957458e+01,-4.056964742692844794e+00,2.991409114025405103e-01,-7.446783588258759856e+00,1.056900046371564983e-01,1.294233700270072163e+01,-2.767055405111692679e+01,2.738929394511085746e+00,3.295783719757702457e+00,1.313729308688674635e+01,-1.762287189997665848e+01,6.744726857353061433e+00,-4.728264279751419608e+00,5.072728535245921933e+00,5.174468939606802209e-02,-1.132264108010922143e+01,-5.614565380650045512e+00,-8.970412746047552233e+00,-1.038613847454026207e+01,3.053265748378936806e+01,1.124455531469848601e+01,1.428311825680746949e+01,-1.462710788235917292e+01,-4.950530454652673384e+00,1.678986829277265969e+01,2.509892990903780152e+00,2.538147402113230555e+01,-9.001317509157395591e+00,-7.306880533249345611e+00,-4.756723498834849906e+00,1.405031619314848657e+00,1.004145463838880481e+00,-7.609930483498747122e+00,-2.978834907881276362e+00,-4.834534004028427923e+00,-1.727763059604338025e+01,-3.655149551072116143e+00,-1.212653897051032104e+01,2.391681672942750225e+01,1.947534077571436484e+01,-1.270705411363193527e+01,-9.894421348791460957e+00,-4.323847203350086765e+00,-1.718662731762291784e+01,7.016201411946465516e-01,1.192372013100897199e+01,-3.067667756416924796e+00,-1.112270981362347422e-01,6.155110608452237564e+00,1.348268377719499611e+01,-1.333599445060498923e+01,-6.884452165746296259e+00,-3.214265313579320882e+00,1.656513606711414610e+01,-2.229775753107012370e+00,1.600639655282707796e+00,5.372534742379707851e+00,2.635720914147615890e+00,-8.231421595408750846e+00,-1.176963749904503942e+01,-9.931262471609793252e+00,3.866421822439472855e+00,1.438429382233522347e+00,7.964466442466693330e-01,4.732401558582624013e+00,1.501655224890098062e+01,2.254066733050217763e+00,3.594616005739732056e+00,-7.357368023387809153e+00,-3.254374603974416580e+00,2.251090749341393860e+01,-6.265586386164196497e+00,-3.174744576925590867e+00,-8.512268886269913182e+00,7.604216468187042111e+00,5.166616385742391238e+00
-5.520419774457543838e+00,-5.429943797706708608e+01,2.352560023383690435e+01,4.255100972130331627e+01,-3.485294000229606581e+01,-4.475454817093734050e+01,5.191422657784787731e+01,1.496366852740259823e+00,6.544612493848271129e+01,-3.034668235675392367e+01,8.070686941165861938e+00,-1.184226916219579380e+02,1.319117153421925615e+01,-5.614726873918737482e+00,4.552705872687884181e+01,-1.235232833010680054e+01,1.802254805626579426e+01,1.192247672290396849e+02,-2.750139531111533486e+01,-1.020590878310613192e+01,-4.334339679148187940e+01,-1.120875702487862924e+01,-4.754520503397161590e+00,2.518140000911297971e+00,4.830310024566769833e+00,-2.607933389013446046e+01,-4.167049786711167769e+01,7.680793063381538666e+00,1.569441497841744138e+01,8.874251321301821349e+01,2.168917492982888362e+01,5.214985832609173855e+01,2.774175899641891263e+01,2.538331091682712071e+01,-6.692702900239908104e+01,1.364433275954627689e+01,1.254481818883624378e+01,-5.107733874136390284e+01,1.500749137971078540e+01,7.528998515708403261e+01,-2.467957309037287317e+01,-1.075805272474533858e+01,-4.413518396635815577e+00,9.208045366899325757e+01,3.384448960144253249e+01,4.772778022716223489e+01,-6.743789866886467621e+01,-2.396395532756828928e+01,5.362949833460908877e+01,-2.352862799463951760e+01,9.427197533405259833e+01,-2.660094930222338050e+01,2.943200038433870347e+01,-3.877677308085068120e+01,-4.257084732146415362e+00,4.491247405068525467e+01,-5.303777502483956852e+01,-3.684452438246031392e+01,-2.552743246727924031e+01,2.536757131909937613e+01,1.974971282268913697e+01,-1.964993891648583713e+01,4.250708976928160610e+01,3.073837108899831705e+01,-4.892065015925557248e+01,-1.836932836794790802e+01,-2.835148645798049216e+01,-7.718904377703796627e+01,-7.702452805547209458e+00,1.854845486096067475e+01,-1.263057039294530881e+01,1.323154308861291817e+00,3.890799622513457123e+00,8.020893687475738432e+01,-4.827989445835596172e+01,-2.317413709270855904e+01,-1.003939142750898128e+01,4.795503594559611571e+01,1.439511817180111564e+01,1.990128601644907391e+01,6.275430346022053385e+01,9.594230644663896967e-01,7.806792708629687105e+00,-6.368235438862819819e+01,-4.403132621493961807e+01,1.100213702808504301e+01,-8.948852693288212379e+01,2.221207666838835948e+01,-3.336168510870286497e+01,1.780063475535838080e+01,-2.592285372740571248e+00,2.484181783409958655e+01,1.188136361821723597e+01,-1.311150198848085147e+01,1.792154227817572831e+01,7.117416589399665483e+00,-7.818922495012137208e-01,-4.328149652327826402e+01,6.215887335292932647e+01,7.587060481866990003e+00
-3.969163461703800522e+00,-5.233059194259435287e+01,2.123122925055634269e+01,3.538119744933228361e+01,-3.416361262267319887e+01,-3.547237527536647406e+01,4.161046693181030065e+01,4.208244607571199225e+00,5.777195426577789306e+01,-2.934290982589760688e+01,9.855123018708711768e+00,-1.032019603324816472e+02,8.084429636586051515e+00,-3.521908725722039613e+00,4.345671289987987507e+01,-7.186787334050837472e+00,1.727104224639646546e+01,1.003516023166075115e+02,-2.422714963682011202e+01,-9.606673120908899577e+00,-3.562191838697298607e+01,-1.016925069748165811e+01,-4.937572960013006274e+00,3.961070150784371968e+00,-1.561826473390279801e-01,-2.329333547755392431e+01,-3.938714274297767304e+01,9.623210417788184756e+00,1.476461819034855516e+01,7.953815892192515946e+01,2.929787897158734467e+01,4.829688367789637482e+01,2.510421979952548810e+01,1.973384546378989057e+01,-5.747165422982746463e+01,1.070891383000108021e+01,1.334036771634125351e+01,-4.978317344323463800e+01,1.413415917844250380e+01,7.461175316750532716e+01,-2.147548490700044610e+01,-7.275807219380968860e+00,-8.408445770947753362e-01,7.706147753346029106e+01,2.831712419829543137e+01,4.043630504337941289e+01,-5.891117715571980540e+01,-2.101303049916037935e+01,4.519962053307692429e+01,-2.298783649465115886e+01,8.077484327586232382e+01,-2.220434076494737496e+01,3.008789569843584744e+01,-3.504213898238284486e+01,-4.463267831764984983e+00,4.202733965361922941e+01,-4.757673018457649761e+01,-3.378863825888556960e+01,-2.252433454552920367e+01,2.944340084519801692e+01,1.979082881291988372e+01,-1.465095853079846400e+01,3.243353797940940808e+01,2.275675235876362024e+01,-4.206497952533376861e+01,-1.415712163207191132e+01,-2.535044040722964098e+01,-6.728728150225552440e+01,-7.487039551361373668e+00,1.367720512159311141e+01,-1.092867376230712395e+01,1.283176534786306000e+00,1.700731469276735908e+00,7.131900830755422760e+01,-4.125971737715689613e+01,-1.964998137829448766e+01,-8.438556181027585978e+00,3.992096956129930163e+01,1.428620477660753707e+01,1.825334398913837219e+01,5.745388547474043861e+01,6.194436970548677923e-02,9.992884653163143227e+00,-5.628364282085816228e+01,-3.834227910358031011e+01,9.137827546948058099e+00,-8.483946560020622485e+01,2.068933020185996696e+01,-3.297010796576296343e+01,1.198322437226137360e+01,-3.164970360376201164e+00,2.227429429746564082e+01,1.355537912106179554e+01,-1.132245388316276546e+01,9.701100185444101243e+00,8.714339810077092352e+00,2.777901604690074522e-01,-3.808894473281992532e+01,5.617892555451093273e+01,5.502016041920934519e+00
-6.543483195603757352e+00,-5.808959125088983200e+01,2.584804842374826706e+01,4.817710719306970191e+01,-3.701458120349172987e+01,-5.149380374272862326e+01,5.951290091080837641e+01,2.951628024730403865e-01,7.251654325129639744e+01,-3.241932812919230855e+01,7.653623623240109808e+00,-1.318463207519133960e+02,1.629661380931453252e+01,-6.898383287343575532e+00,4.890293774727641107e+01,-1.544132907649631292e+01,1.932680858614839181e+01,1.344146513889769778e+02,-3.049582684874177119e+01,-1.102646663602245347e+01,-4.927163581051578944e+01,-1.228996470291556875e+01,-4.918615043000312603e+00,1.969729270125545550e+00,7.438490907245132178e+00,-2.876838326102565446e+01,-4.494373246857772841e+01,7.168618471285050475e+00,1.696017066641467963e+01,9.776259691912875383e+01,1.924048717833062483e+01,5.671609185850316948e+01,3.044832055771916401e+01,2.938728356672061182e+01,-7.491622230818781247e+01,1.574875739231401539e+01,1.283024738296496636e+01,-5.437927361116959446e+01,1.621040363339740509e+01,7.957686418604895096e+01,-2.749221822754019584e+01,-1.296851951137375814e+01,-6.332399014593002917e+00,1.040209788078361299e+02,3.823661693138882356e+01,5.368404865531873327e+01,-7.501567121537016192e+01,-2.661940083827705550e+01,6.043404697817137361e+01,-2.502352313026300834e+01,1.056096330456127816e+02,-3.007770977496599585e+01,3.067306997516388378e+01,-4.258257102595653976e+01,-4.384053294336764495e+00,4.864056384800851163e+01,-5.840981980713930710e+01,-4.022814148075100604e+01,-2.828987806236888858e+01,2.478024759204143734e+01,2.077084322032895969e+01,-2.304480437062981224e+01,4.950147650126839949e+01,3.612528862385084949e+01,-5.473406091500122272e+01,-2.132535578615188143e+01,-3.126175226867404078e+01,-8.592960460681814538e+01,-8.209943805929263760e+00,2.182499674073526208e+01,-1.409934497431615874e+01,1.411736340996394556e+00,5.129532109248490457e+00,8.863100563670805343e+01,-5.413719542558158082e+01,-2.605854258343462959e+01,-1.132394428538210640e+01,5.427379042985872104e+01,1.520495106831492294e+01,2.172765982776706295e+01,6.856245739534070083e+01,1.433593183410547311e+00,7.186238950534775682e+00,-7.052982598101749545e+01,-4.903647533722308083e+01,1.246177661448414042e+01,-9.639775710272422771e+01,2.410110334997218118e+01,-3.530421570158114974e+01,2.148437708741050756e+01,-2.458548241454042937e+00,2.736254414925154421e+01,1.171719040772968512e+01,-1.464675167907695119e+01,2.274591733703486085e+01,6.738637595622379628e+00,-1.323271227677852435e+00,-4.801278763422359930e+01,6.825640333477072375e+01,8.970962402258258805e+00
-3.391198906168529703e+00,-3.154080513035453492e+01,1.386216217140343510e+01,2.548518083676428958e+01,-2.016649100507910930e+01,-2.704278728056373993e+01,3.130570488881621927e+01,4.913278972068395589e-01,3.873971530475649416e+01,-1.761422452419179763e+01,4.404268396998095803e+00,-7.028059458720106534e+01,8.294590739653987299e+00,-3.519491016150153584e+00,2.650252668964995451e+01,-7.819520626896214743e+00,1.048211178167186475e+01,7.124145711916666812e+01,-1.628573600707733604e+01,-5.959592341876197352e+00,-2.601688786587199687e+01,-6.597290077478748849e+00,-2.713193456364606515e+00,1.253124948474515499e+00,3.463019790853901103e+00,-1.540005339563022346e+01,-2.431057375572022039e+01,4.158141917148785893e+00,9.165660493095050043e+00,5.236548022187889728e+01,1.145174269624831531e+01,3.056020882829770358e+01,1.633718868682891312e+01,1.539036306978665536e+01,-3.983590871484223328e+01,8.258962684492727746e+00,7.116072495817324928e+00,-2.959298650462891089e+01,8.762337716111888497e+00,4.345327100114656105e+01,-1.465102286565942435e+01,-6.671409519993083848e+00,-3.029850672848855897e+00,5.508214753806511510e+01,2.024660240923714838e+01,2.848317953866355978e+01,-4.000326885611972472e+01,-1.420430495022737105e+01,3.203757656043879365e+01,-1.362436078716124932e+01,5.613638820993776335e+01,-1.592047446883466222e+01,1.686072911649652539e+01,-2.284228442258878289e+01,-2.423553070992383596e+00,2.625988121536283160e+01,-3.129124129623085082e+01,-2.163675430427915813e+01,-1.511186171408609802e+01,1.405278894796563449e+01,1.136853673432539225e+01,-1.199957032581076000e+01,2.585654770052045137e+01,1.879300219002529104e+01,-2.911063864011825331e+01,-1.115457162223180454e+01,-1.673799611254534980e+01,-4.580693373610374408e+01,-4.465383325104871126e+00,1.134776082255182850e+01,-7.506618382698730052e+00,7.674853481576281444e-01,2.539940366903094215e+00,4.740791504307239279e+01,-2.876409006146630176e+01,-1.382774223542007874e+01,-6.000514541666356116e+00,2.871550005282792739e+01,8.305240584885432042e+00,1.168656124860499013e+01,3.686519232924658240e+01,6.751447529353942212e-01,4.197420181757028246e+00,-3.768630493387029645e+01,-2.613543939801794025e+01,6.590965556421612526e+00,-5.217285159931581973e+01,1.300027779670470096e+01,-1.926698140646570323e+01,1.104632896974919376e+01,-1.414704916589438977e+00,1.465750505977558227e+01,6.613977604246093378e+00,-7.795499238309047563e+00,1.144422398219906967e+01,3.880880739699274606e+00,-5.950597136666285758e-01,-2.563577832274393131e+01,3.661510143473944368e+01,4.654325356731843222e+00
-2.532930838109368032e+00,-1.041980727002447793e+01,6.086488190847378021e+00,1.430246140946050382e+01,-6.061629692789070489e+00,-1.694204628631218057e+01,1.914702403851422119e+01,-2.729781194521849308e+00,1.834059137360132041e+01,-5.718061071610801349e+00,-7.166628537234713825e-01,-3.464228041462891383e+01,7.579405500062455836e+00,-3.137961105570262976e+00,9.194047950429071747e+00,-7.515738863794065416e+00,3.565355209975492379e+00,3.874805823526008197e+01,-7.760911182516998963e+00,-2.208423683741709276e+00,-1.502486374214405984e+01,-2.841394358534898412e+00,-5.246966247881696965e-01,-1.190118164014624558e+00,6.174486466647501004e+00,-7.011747466729786105e+00,-8.838827302875769121e+00,-9.483674195336710966e-01,3.405122664951775846e+00,2.355868676493945912e+01,-4.994229155032467560e+00,1.214727501531676523e+01,7.103096656105985396e+00,1.002879327718426872e+01,-2.050890283164938666e+01,5.280257499293823820e+00,1.043509986788213162e+00,-9.193073400558658292e+00,3.238886701363433929e+00,1.221006441337864068e+01,-7.254491559816841573e+00,-5.436940906168798548e+00,-4.568985616353453239e+00,3.040902422802675176e+01,1.118467357259415351e+01,1.522382979686674886e+01,-1.957388335254676193e+01,-6.869351556673265691e+00,1.736456579385436427e+01,-4.174381204162422421e+00,2.908307746525403203e+01,-8.847851505377105852e+00,3.768568254347066215e+00,-9.980831341358431530e+00,-4.236850831748883994e-01,9.989078306693322418e+00,-1.403641440608521940e+01,-8.946168682188719856e+00,-7.164448834188200443e+00,-5.806462274064916329e-01,2.964001643041485501e+00,-8.445859343740139025e+00,1.746277813812819346e+01,1.338822898345832790e+01,-1.493024522989023950e+01,-7.392653133934162568e+00,-7.592452220288914866e+00,-2.255916801535999028e+01,-1.408403346837050707e+00,8.138738167173510618e+00,-3.780452053329207196e+00,2.451833666985105686e-01,2.981390028817505033e+00,2.191567326612839395e+01,-1.501204832631209030e+01,-7.374226707490090682e+00,-3.275464854765488099e+00,1.606837037866811357e+01,2.311867313240526745e+00,4.829290579918055215e+00,1.534152590504334768e+01,1.125015825017390281e+00,-1.194938938042773735e+00,-1.777144933067316757e+01,-1.291296672700194037e+01,3.709500210671487164e+00,-1.870404119299682932e+01,5.044790355269079818e+00,-5.509692924774551415e+00,9.056753222933652481e+00,2.296760184900281665e-01,6.584930394687564359e+00,-1.567887470203199740e-02,-3.948774501726783015e+00,1.169607659961372370e+01,-6.573787031012647830e-01,-1.274879175868692593e+00,-1.225722084953726743e+01,1.599195240671071971e+01,3.429965287911385108e+00
-4.505718884139663594e+00,-3.607302483874895671e+01,1.652319896417719747e+01,3.175948046863271301e+01,-2.279763109643479169e+01,-3.448444821240750002e+01,3.971366131693355328e+01,-7.222114003951478622e-01,4.676736335178148352e+01,-2.010044925997567944e+01,4.072882677426441056e+00,-8.545211817211090022e+01,1.163516346588788153e+01,-4.902270995455475067e+00,3.050556008010646991e+01,-1.113324542821833418e+01,1.203383369649786161e+01,8.823314186557738026e+01,-1.968299522356691966e+01,-6.922342367950770736e+00,-3.261035590562694608e+01,-7.839182260374222722e+00,-2.938051336262194724e+00,7.209434753760040060e-01,6.194237867909787809e+00,-1.846732059399041148e+01,-2.816244023067658020e+01,3.724611685390014415e+00,1.065017452105796814e+01,6.266929098564767742e+01,9.199962230029310462e+00,3.586238715270626898e+01,1.944221309062648473e+01,1.979727916957552125e+01,-4.882304490333788038e+01,1.057878097636231551e+01,7.558121371373834663e+00,-3.358634221302551026e+01,1.017424665572890774e+01,4.874475990221168331e+01,-1.782831328044151320e+01,-9.065547013527027076e+00,-5.049494732969067812e+00,6.841949845266056229e+01,2.515222190712632155e+01,3.515761411224215038e+01,-4.857473976265956850e+01,-1.721192295566836705e+01,3.965190169885401161e+01,-1.543710076391963959e+01,6.888184238469391119e+01,-1.980144643157182927e+01,1.848359976284316275e+01,-2.720561253058591333e+01,-2.604426545317923392e+00,3.061664753679309570e+01,-3.743004295385859592e+01,-2.554428079174246236e+01,-1.824779304174547079e+01,1.375293383988396556e+01,1.265059568730822548e+01,-1.571378009754807970e+01,3.353297105591000360e+01,2.468138633467615861e+01,-3.565283963301360615e+01,-1.440366760718991301e+01,-2.005910375531986389e+01,-5.568656067277310484e+01,-5.077380502065538259e+00,1.492755339944730508e+01,-9.162748021472301829e+00,8.740550577997857618e-01,3.856130391421499048e+00,5.699703005085268614e+01,-3.534364971129878086e+01,-1.706065990782788333e+01,-7.436926670858526656e+00,3.576423010542039549e+01,9.306904454271204941e+00,1.379588901945739288e+01,4.356681158951808186e+01,1.172651346492027180e+00,3.654290481800302359e+00,-4.546439541251659477e+01,-3.179083442091063105e+01,8.218330496589443257e+00,-6.032169298321688444e+01,1.520136123027206843e+01,-2.165574297868599984e+01,1.503463764318501461e+01,-1.308492815039325352e+00,1.753747948057128525e+01,6.587230512773813551e+00,-9.525502747978263685e+00,1.660324706729448252e+01,3.577383885981278766e+00,-1.159347767398211992e+00,-3.100150567932940859e+01,4.360626931530750028e+01,6.163365380938170546e+00
-3.638920049390055311e+00,3.715765207255348201e+00,2.675155012814903976e+00,1.381668155651161278e+01,4.092689048474508873e+00,-1.970824247419307440e+01,2.148361596482041946e+01,-8.325898991784956849e+00,1.128137767083130960e+01,2.363747098396161483e+00,-6.727255875753725078e+00,-2.438084498638593800e+01,1.285731137252900957e+01,-5.232321498612238386e+00,-1.868090200506928866e+00,-1.317994272688290991e+01,-9.418794653744915202e-01,3.509789672162517604e+01,-4.887605857145008947e+00,1.706911458097315482e-02,-1.531710222582359648e+01,-1.115092774028183520e+00,1.382072228096452582e+00,-4.733480651621647439e+00,1.397322369212979609e+01,-3.686689706351210294e+00,5.552027571213491441e-01,-7.128212253390276310e+00,-1.556058987548958328e-03,1.172505679074346041e+01,-2.644228350402709893e+01,2.264413824754441862e+00,2.952369053234731755e+00,1.232221009521538591e+01,-1.631578342475684451e+01,6.322279631775709063e+00,-4.575833429694750265e+00,5.153719414416823241e+00,-4.836682897202360110e-02,-1.125174631673133874e+01,-5.176312479307955350e+00,-8.456590634659999495e+00,-9.843500835778280944e+00,2.842323832491700131e+01,1.046813386933200007e+01,1.326609264579837699e+01,-1.346494147324447255e+01,-4.549788372796335523e+00,1.561043625436911597e+01,2.538632764035012368e+00,2.351271150550959277e+01,-8.382984864289610982e+00,-7.136618336926400907e+00,-4.269286218016786094e+00,1.363176540762588873e+00,6.625182783572105549e-01,-6.888606035574188269e+00,-2.591934819919619493e+00,-4.429369067148570593e+00,-1.658755503173797763e+01,-3.602653768328331285e+00,-1.139874006409544194e+01,2.245701114691078004e+01,1.831181625897529130e+01,-1.176026484035689279e+01,-9.285401019649876631e+00,-3.925596381442673533e+00,-1.583442137181395992e+01,7.169681891216892478e-01,1.121311735373735274e+01,-2.833766236250630843e+00,-1.143238254898894801e-01,5.825239483239621485e+00,1.229413451591737605e+01,-1.236224761715144638e+01,-6.393145575938905090e+00,-2.989952597305207682e+00,1.543370957771403162e+01,-2.213007682630560247e+00,1.392071996798867062e+00,4.698766978507577186e+00,2.499058143822617151e+00,-7.874842142869312944e+00,-1.077328215461665906e+01,-9.153612201308000351e+00,3.603579711357565607e+00,1.948938984878157754e+00,6.126532920040186347e-01,4.715078780728526375e+00,1.415776428826720057e+01,2.159376435624476454e+00,3.255263940204872419e+00,-7.070525688213419535e+00,-3.008107928074678306e+00,2.128048191487027907e+01,-6.001803542518057810e+00,-3.012562663204664037e+00,-7.809710295820787351e+00,6.823886246641804654e+00,4.861633786031942073e+00
-5.040161852211733517e+00,-5.685667156629921237e+01,2.384384256828399984e+01,4.147202887571945951e+01,-3.680904911784460865e+01,-4.266578784016955694e+01,4.974517229399098994e+01,3.082361295630241305e+00,6.562388926343695061e+01,-3.182876910354988098e+01,9.588772015267537085e+00,-1.180131641593004588e+02,1.127655697671208657e+01,-4.844070352410252411e+00,4.744127650802078477e+01,-1.034932902216322859e+01,1.881761388390203038e+01,1.168678346608974294e+02,-2.754900168843963826e+01,-1.056099260951231500e+01,-4.201522535631033861e+01,-1.138977479162757334e+01,-5.173178698515903839e+00,3.477316140702933822e+00,2.421728128886803333e+00,-2.629922111948747698e+01,-4.320977266147137641e+01,9.259326062474418251e+00,1.623590421922156324e+01,8.964185826893860565e+01,2.731019267289868679e+01,5.353086895827218683e+01,2.815430209956816299e+01,2.398774191739286721e+01,-6.622806127276510324e+01,1.294969701900462944e+01,1.382069883905239394e+01,-5.378846525341191409e+01,1.553391974697993660e+01,7.995987055561167267e+01,-2.457666618723687790e+01,-9.570551385830235347e+00,-2.751637605896366523e+00,9.001756719728035705e+01,3.308238473539753954e+01,4.692878287072370114e+01,-6.728193415869552041e+01,-2.395183442482847980e+01,5.260197135077694242e+01,-2.480783255372115903e+01,9.318963011249689998e+01,-2.597333557208685662e+01,3.176214601299648876e+01,-3.932714808033001930e+01,-4.655107152127877512e+00,4.633912849991193639e+01,-5.359720411869196255e+01,-3.763739011923905053e+01,-2.559141841686234997e+01,2.929928933880398745e+01,2.109469641044696431e+01,-1.822684954359907294e+01,3.983425336441642628e+01,2.842363000450211530e+01,-4.844029901284472572e+01,-1.729154957207361321e+01,-2.860569753844348639e+01,-7.693265995466839513e+01,-8.100193642361348978e+00,1.712159089893703623e+01,-1.254388037843782833e+01,1.389850579459246172e+00,2.951425740116818908e+00,8.070913581281124038e+01,-4.766650721512851163e+01,-2.279506485206249167e+01,-9.834563963967609013e+00,4.676440141061382150e+01,1.529935495121223710e+01,2.033100991278724479e+01,6.405236417275321514e+01,5.319519058865980199e-01,9.527268341574558264e+00,-6.389293505634257997e+01,-4.386275723268551729e+01,1.071742227038085460e+01,-9.293360128414212795e+01,2.286512571837609897e+01,-3.538107140750878443e+01,1.580530915145614479e+01,-3.079632280362134100e+00,2.509853904234340405e+01,1.359411693770981877e+01,-1.300926657781425000e+01,1.461772827610276337e+01,8.468934471287845156e+00,-2.536645393855054831e-01,-4.333474055996350671e+01,6.304475955137068865e+01,6.952732112179878854e+00
-3.324533944722011469e+00,-4.698178757585845133e+00,5.072600994561839549e+00,1.553823132048784217e+01,-1.805264437958578050e+00,-2.001149625231625251e+01,2.223655458504191529e+01,-5.699058713979734847e+00,1.683271022771874925e+01,-2.422220399452952755e+00,-3.678298705123038470e+00,-3.327031630818009234e+01,1.089395040472860821e+01,-4.466614920125207000e+00,4.823255371003695835e+00,-1.100935538667372171e+01,1.765923836643352729e+00,4.097448761770012027e+01,-7.177540522063758921e+00,-1.365955109966193293e+00,-1.670866904099160166e+01,-2.303801425901154776e+00,3.375851487531824624e-01,-3.014913431110127995e+00,1.055594444067928883e+01,-6.134359321909962581e+00,-5.233051791146276166e+00,-4.015127977810593052e+00,2.118035913373187196e+00,2.029276989011035681e+01,-1.581278330082871797e+01,8.646473220486116773e+00,5.838367547548855896e+00,1.216093329452752236e+01,-2.060087986452419528e+01,6.323336826790359133e+00,-1.549326115046128383e+00,-3.243943129507401935e+00,1.992106201705722723e+00,2.191188390133902431e+00,-7.001149047996586106e+00,-7.446341698888293337e+00,-7.572664175200966241e+00,3.257856179914466566e+01,1.198929985659828645e+01,1.584698675169066462e+01,-1.864928309701648601e+01,-6.460464390866732742e+00,1.830545506006286871e+01,-1.377659594176773084e+00,2.939406259394120724e+01,-9.533360031339604745e+00,-1.084128577314858788e+00,-8.261755389976835673e+00,3.913588252140101087e-01,6.533877743651722803e+00,-1.204382972639100657e+01,-6.812005517651557263e+00,-6.586223945048488737e+00,-8.331421238283933661e+00,1.132706412487705094e-01,-1.073226136577822309e+01,2.165626411429477471e+01,1.712922356700484272e+01,-1.494077602114650105e+01,-9.061486173375355335e+00,-6.610485468264672981e+00,-2.164533610922351770e+01,-5.318619428323589915e-01,1.045197057451066414e+01,-3.713917386607688442e+00,9.763022056467951515e-02,4.654081105291777654e+00,1.954386588780578293e+01,-1.528092228058759972e+01,-7.660326206429276752e+00,-3.474742803038275873e+00,1.741400294675732852e+01,3.751988476023533359e-01,3.673823555766409399e+00,1.180372298288772726e+01,1.900791036260846001e+00,-4.527299996033152141e+00,-1.623443675128268637e+01,-1.243309080469030015e+01,4.039654966247802292e+00,-1.070185097930626839e+01,3.433413436194035828e+00,-1.162779656645247073e+00,1.243805879030086103e+01,1.180467010142983941e+00,5.661484206665463148e+00,-3.407059611034747526e+00,-3.902422474762484494e+00,1.750271719500977596e+01,-3.292838846081811877e+00,-2.240773957126598326e+00,-1.137933441488249997e+01,1.322953514668839148e+01,4.470198845549319344e+00
-2.858128399693768529e+00,-1.673649370963151384e+01,8.485061339975310091e+00,1.793223700823680389e+01,-1.025086202861189300e+01,-2.035129969213226886e+01,2.321038875793463774e+01,-1.906710873593940203e+00,2.471020876453956205e+01,-9.270966300187112097e+00,7.095324831048479552e-01,-4.585478329147168353e+01,8.028006287111260519e+00,-3.347869234401069427e+00,1.439179584039056969e+01,-7.845824736191362447e+00,5.638930180892174349e+00,4.920374781645120521e+01,-1.042591327311746596e+01,-3.341912675708424096e+00,-1.862412597391845281e+01,-3.996779359572987467e+00,-1.161188652536614185e+00,-5.372154399233730615e-01,5.607548949495613222e+00,-9.613776284840835018e+00,-1.350515391638824525e+01,4.662203696877478265e-01,5.146227598303584116e+00,3.247755844319371477e+01,-5.014283258091740691e-01,1.775355395974488104e+01,9.947490801781002645e+00,1.187209869671403517e+01,-2.664548268001409070e+01,6.294870877189723046e+00,2.796231066906241125e+00,-1.526581529131577497e+01,4.907485466921275297e+00,2.144997127607738463e+01,-9.583684121119897981e+00,-5.962939718458732941e+00,-4.281730286978090660e+00,3.838035664127978919e+01,1.411290123256012308e+01,1.947131713741316972e+01,-2.599212187106244798e+01,-9.168605765777755323e+00,2.208171585000850712e+01,-6.984761310425628977e+00,3.768505326465069061e+01,-1.113711246999478988e+01,7.596681814900072993e+00,-1.394540923569381974e+01,-1.003505295533469344e+00,1.491893517755548615e+01,-1.937624966467593168e+01,-1.282877838170905171e+01,-9.646643097229798514e+00,3.542466073678371075e+00,5.439158851160371455e+00,-9.726041630313796205e+00,2.040578861333711558e+01,1.535287293925278007e+01,-1.942889731230306438e+01,-8.697561531481799335e+00,-1.042767655364210810e+01,-2.987210260148818008e+01,-2.319419754229786523e+00,9.311382087166713006e+00,-4.957921506978252957e+00,4.009833445854802392e-01,2.953269864764294095e+00,2.984300345351656958e+01,-1.939211299100590580e+01,-9.440388964371091873e+00,-4.153168517836506979e+00,2.016999931155869419e+01,4.083368515260080045e+00,6.927079051556552791e+00,2.193203774140256712e+01,1.034219498504147960e+00,2.925498786478897273e-01,-2.398551037496749672e+01,-1.707496239809385585e+01,4.645573955691230772e+00,-2.878481721427305473e+01,7.460426501584453085e+00,-9.582619164086363384e+00,9.914050479878289579e+00,-2.283038655252387361e-01,9.083729538493640732e+00,1.860325774904501017e+00,-5.165834706567618895e+00,1.200466268421614657e+01,6.058177596533766973e-01,-1.123863674544271163e+00,-1.644209834995836772e+01,2.234869916845190474e+01,3.887919068878628259e+00
-2.830571643811929938e+00,1.082977884364015608e+01,-4.978180145903705611e-01,7.887489948302057741e+00,8.622752640115828981e+00,-1.336234840495435350e+01,1.415170955681341347e+01,-8.347730194428834238e+00,2.373113101388331536e+00,6.333520413502419899e+00,-7.653816365761822560e+00,-8.177569831769437414e+00,1.083757165937084466e+01,-4.377724630346966350e+00,-7.859220501367814471e+00,-1.126448478066544823e+01,-3.309268317118446490e+00,1.856133493487358166e+01,-1.141111603850905487e+00,1.368625116946360576e+00,-9.251161339569813791e+00,3.932895306144670311e-01,1.982596868691542280e+00,-4.966765466246478411e+00,1.303735830743364765e+01,-1.540090529314764034e-01,6.063290252288035198e+00,-7.994631514944363637e+00,-2.080471324114229859e+00,-2.785446959670554445e-01,-2.875514411075650756e+01,-4.691547307965578284e+00,-7.849668687316799787e-01,8.698784410117204047e+00,-7.104698383663150096e+00,4.380956668983619018e+00,-6.140633966848887404e+00,1.181045722773870210e+01,-2.035297620176535816e+00,-2.098660666815917253e+01,-1.797492429479253584e+00,-6.852381171702448981e+00,-9.050333441123036948e+00,1.562372887893292273e+01,5.763183394339562504e+00,6.662828443721094729e+00,-4.246579462617248168e+00,-1.279034951003570342e+00,8.175740816925241461e+00,5.601552970628586259e+00,1.052693319982287079e+01,-4.681718009298233341e+00,-1.088411593907479258e+01,9.576929296595189101e-01,1.898209050920175667e+00,-5.300812392849962862e+00,2.829356099550787151e-01,2.343555912761698501e+00,-9.540619646011585520e-01,-1.959644353661037641e+01,-6.142461730892000205e+00,-8.554344629498043417e+00,1.635059231485627507e+01,1.385214720317112658e+01,-5.030888972334801146e+00,-6.655411650740436613e+00,-8.687561196247722828e-02,-5.274184320488229716e+00,1.722078546739262972e+00,8.518561540659312925e+00,-1.100634521413082600e+00,-2.871724656068712633e-01,5.186440326404570200e+00,1.408870559990141436e+00,-5.704995963102947876e+00,-3.187963349617962017e+00,-1.596750546645823610e+00,8.754421246992075467e+00,-4.072963110551746091e+00,-1.273627059205840073e+00,-3.713475243331482378e+00,2.319026479343689662e+00,-8.742134522384894524e+00,-2.109418035608497277e+00,-3.127118585519460758e+00,2.069848661953787694e+00,1.376167751989992993e+01,-2.342630859756042572e+00,9.034419173652665336e+00,1.149988564176941530e+01,2.457015155551739660e+00,-1.043503925064092064e-01,-8.494592283752513850e+00,-1.207576569001136413e+00,1.845569285410082827e+01,-6.817458510973247954e+00,-2.845168904080507488e+00,-1.911012784782486040e+00,-1.554503367200866570e+00,3.753626315723194384e+00
-5.019467404316439563e+00,-5.918707554716370822e+01,2.457867707711172756e+01,4.222530470858099960e+01,-3.841437967382987750e+01,-4.312609674964457440e+01,5.036746732374906799e+01,3.674011600918396070e+00,6.742189045747835507e+01,-3.314959048770793970e+01,1.033119028614009949e+01,-1.210121241568990342e+02,1.096016764037907265e+01,-4.724813624384616162e+00,4.931518805953704998e+01,-9.979927582837524014e+00,1.957240831901381384e+01,1.192103392423427408e+02,-2.829511867373730638e+01,-1.095530769382639491e+01,-4.270279851561096507e+01,-1.175011496817806744e+01,-5.445005969416335745e+00,3.877927499025034308e+00,1.711634584918473756e+00,-2.706757096111650540e+01,-4.485089145010923772e+01,1.001243832595915251e+01,1.684068931366438804e+01,9.230898265280653447e+01,2.984177399201081471e+01,5.539490237562716857e+01,2.903380004852431640e+01,2.417541950451963828e+01,-6.776022864940962620e+01,1.306990398749507243e+01,1.459751399913464098e+01,-5.608695186972376945e+01,1.611524087018420559e+01,8.358234725302918378e+01,-2.519554530687542382e+01,-9.442665692918239984e+00,-2.290353195323979740e+00,9.174232867410580639e+01,3.371497515514792553e+01,4.791682596318741361e+01,-6.901662880514372489e+01,-2.458332503360677279e+01,5.366704102515690522e+01,-2.587717983799644728e+01,9.531377396024868176e+01,-2.646057681976609999e+01,3.335384300180600547e+01,-4.054734772922238761e+01,-4.906556962429431401e+00,4.802705555606395649e+01,-5.519886651045317194e+01,-3.889072284940068869e+01,-2.629087107553661085e+01,3.134054285167903231e+01,2.208669002826316330e+01,-1.825285629555347100e+01,4.003167317255102375e+01,2.843347636368766018e+01,-4.957088093295611486e+01,-1.740375906200070943e+01,-2.944626771786574793e+01,-7.889108241006707090e+01,-8.442943188495929618e+00,1.711706417295271621e+01,-1.284877079909791497e+01,1.448162359703457192e+00,2.727720434539694594e+00,8.301097378129851734e+01,-4.873379235407221444e+01,-2.327789760323746293e+01,-1.002960233917309196e+01,4.762217616566816503e+01,1.599591546197880731e+01,2.100849728343192879e+01,6.616884116497476498e+01,4.086354115427628941e-01,1.033312172386735384e+01,-6.565556814159950250e+01,-4.497214247936509679e+01,1.091019784194855546e+01,-9.650647612938153941e+01,2.368163432195453311e+01,-3.696886400198696521e+01,1.558310940534840405e+01,-3.318005330578199796e+00,2.584687931379423631e+01,1.450537185702485843e+01,-1.332150493072054864e+01,1.394335800011424631e+01,9.128096226964569126e+00,-9.057343324642175286e-02,-4.450142953403030077e+01,6.500199686459615123e+01,6.933241575966908599e+00
-5.188992373717423945e+00,-6.708595944837399827e+01,2.732507265715888067e+01,4.577668577463555977e+01,-4.375374007929367792e+01,-4.604500533784651850e+01,5.397059391183407229e+01,5.188723460130257870e+00,7.445656625888075553e+01,-3.760937267896518676e+01,1.247916101161736613e+01,-1.331153728182949578e+02,1.070880325384838727e+01,-4.655723106692192914e+00,5.574122334864026129e+01,-9.564704847766778428e+00,2.214816606277844713e+01,1.297312804163849762e+02,-3.122800290590224037e+01,-1.233248905947777452e+01,-4.612424381554735930e+01,-1.308378755215855627e+01,-6.303309786376085633e+00,4.963639786768220041e+00,1.582590285906744221e-01,-2.999835023696095604e+01,-5.055046842230660786e+01,1.217113989477259040e+01,1.895459300240342770e+01,1.024111402405151523e+02,3.693334302259733448e+01,6.206107690138038180e+01,3.230428719690327455e+01,2.565043941509490466e+01,-7.420030384615391483e+01,1.391029557191352772e+01,1.700871280506176575e+01,-6.377869563998250158e+01,1.814401570193632551e+01,9.549674942808647415e+01,-2.770286257565660293e+01,-9.557714778305978598e+00,-1.332198981894584744e+00,9.966033553765635133e+01,3.662194210613431977e+01,5.225223350454114524e+01,-7.597514970650912858e+01,-2.709308327698443364e+01,5.842750994012286725e+01,-2.944631846971165245e+01,1.043014298060795966e+02,-2.872089038647079562e+01,3.844323216386108300e+01,-4.509627609950890559e+01,-5.694887918991731190e+00,5.397118548383357961e+01,-6.125527956196479096e+01,-4.344398126280022865e+01,-2.903018480835650905e+01,3.737318364835030593e+01,2.531472094339949663e+01,-1.910138225755146735e+01,4.221435886210925759e+01,2.968499356995695848e+01,-5.430444319294623057e+01,-1.841314033776489367e+01,-3.264536988699956055e+01,-8.678912486044829677e+01,-9.593359879483941199e+00,1.784652387028916110e+01,-1.410285259336145991e+01,1.644390775358365087e+00,2.332941673447666009e+00,9.187410818882108288e+01,-5.328611366324200560e+01,-2.539054623097190699e+01,-1.091008075987840442e+01,5.164630608200528172e+01,1.828363250711188570e+01,2.346915731897716029e+01,7.387922410614545754e+01,1.436870586976886632e-01,1.262655325308077181e+01,-7.253284514173186892e+01,-4.945836060273988721e+01,1.182355158803223638e+01,-1.088658100818730503e+02,2.657643440281355751e+01,-4.220555372596047050e+01,1.574741668056055488e+01,-4.007707256609163160e+00,2.867904094748945099e+01,1.722069021505145514e+01,-1.461285885437683518e+01,1.300053078805512285e+01,1.103326382026539321e+01,2.792756036490985361e-01,-4.909862823343616611e+01,7.229700915712781750e+01,7.188242762958740428e+00
-4.337418377782691792e+00,-4.275758607201047568e+01,1.851478948944165026e+01,3.346647797440652994e+01,-2.744869745443174835e+01,-3.518721540954646798e+01,4.081963186264641053e+01,1.197923191460870562e+00,5.149733416123568475e+01,-2.389689709410107099e+01,6.369921996511264339e+00,-9.317332876997923563e+01,1.035443065866081902e+01,-4.407862020838997807e+00,3.584688133492672080e+01,-9.693258507132609836e+00,1.419099200414316009e+01,9.377921153193068449e+01,-2.163956364412258182e+01,-8.034921891675852024e+00,-3.408672606257226079e+01,-8.821740046082998887e+00,-3.746424386614210622e+00,1.993769788094727602e+00,3.769450676925699462e+00,-2.052287249760728827e+01,-3.280756535685377884e+01,6.063924134021131174e+00,1.235586166985631706e+01,6.983699504737963082e+01,1.713849394130254922e+01,4.105100061751996776e+01,2.183341443448818353e+01,1.995430311710025961e+01,-5.265120324729586088e+01,1.072678825360724630e+01,9.887170574496876085e+00,-4.022433148937379599e+01,1.181517395724221053e+01,5.930095162489008942e+01,-1.941731791303819321e+01,-8.449392328693349441e+00,-3.451174474276904380e+00,7.242503457159529034e+01,2.662002196194101700e+01,3.754334613748957139e+01,-5.306020211228782557e+01,-1.885542325647372763e+01,4.218404121090839709e+01,-1.852961441199011716e+01,7.416208760167639014e+01,-2.092232212965543781e+01,2.318817777620554210e+01,-3.051788899602657068e+01,-3.354759365028275209e+00,3.535699413538626601e+01,-4.173900302139136187e+01,-2.900067582318262893e+01,-2.008660079461838777e+01,2.001089669361881107e+01,1.555709894989043462e+01,-1.544275261207519456e+01,3.341128307834064515e+01,2.415592837005367244e+01,-3.848605888987286505e+01,-1.443959977833929287e+01,-2.231111674225718389e+01,-6.073140402140310101e+01,-6.065677732300727598e+00,1.457602206336351003e+01,-9.937000424262887321e+00,1.041962263578848802e+00,3.049238253691462841e+00,6.311734545394543971e+01,-3.798016995610976210e+01,-1.822921857085643182e+01,-7.896651133943922041e+00,3.771708701800677233e+01,1.133823168577241169e+01,1.566451059205202334e+01,4.939383153650823743e+01,7.493687818146970159e-01,6.164902426812442826e+00,-5.010996992472554723e+01,-3.464302477064570951e+01,8.653134723009003437e+00,-7.045694391336726881e+01,1.748560367293197260e+01,-2.627615136162457787e+01,1.398025363752263317e+01,-2.046000388250629687e+00,1.954963357119757461e+01,9.370800676105302429e+00,-1.031521097503954287e+01,1.405844503773561627e+01,5.617702720873733568e+00,-6.083774525556702173e-01,-3.405590765616670978e+01,4.891999188155993039e+01,5.961520204457424477e+00
-5.552537910791200737e+00,-7.399138696788672576e+01,2.995577790853985078e+01,4.977824853710848885e+01,-4.833000865029708848e+01,-4.981758433807604547e+01,5.846278345463065307e+01,6.072050371719175388e+00,8.145139699769528363e+01,-4.149284871171261813e+01,1.402592620003334822e+01,-1.454379354526284089e+02,1.122675209292179943e+01,-4.896435406133699431e+00,6.142591890879643302e+01,-9.953623473542377198e+00,2.441558991979350424e+01,1.412480485450581966e+02,-3.415494140769718001e+01,-1.357298735999416728e+01,-5.009556040756450557e+01,-1.435062568608382882e+01,-6.997010773244327630e+00,5.668267887422922868e+00,-4.328945737232392510e-01,-3.285384807190589385e+01,-5.565631128944120576e+01,1.370435987342018791e+01,2.086012220845585574e+01,1.121969044314917170e+02,4.179494501406830409e+01,6.820155724417999465e+01,3.542349793357222865e+01,2.769368387759225669e+01,-8.095065468423776167e+01,1.503399579479807713e+01,1.891735542804572390e+01,-7.041412308303689827e+01,1.997009311937481968e+01,1.055856469780983531e+02,-3.026288405141495019e+01,-1.015113549445259089e+01,-1.038473581194745421e+00,1.084441195708911323e+02,3.984867633182495439e+01,5.692868836443781078e+01,-8.302777579020099097e+01,-2.961902421805638852e+01,6.362290173558719175e+01,-3.251677931473206939e+01,1.137651089055357545e+02,-3.124393881860597233e+01,4.261789030340245432e+01,-4.944422291611734721e+01,-6.326604737888346541e+00,5.936800159387130549e+01,-6.711385814200808397e+01,-4.769869877197079688e+01,-3.175608969239290502e+01,4.185086572596629395e+01,2.801606791142819120e+01,-2.052638499105043479e+01,4.548243225973435955e+01,3.187360561446017471e+01,-5.925262226077130379e+01,-1.986076915275071286e+01,-3.575658727676898962e+01,-9.482591354468263489e+01,-1.058890675937101378e+01,1.915344290833783347e+01,-1.539746767481839385e+01,1.814664363275605208e+00,2.314390936678494715e+00,1.005758853708543512e+02,-5.810576942453261040e+01,-2.766525087428644980e+01,-1.187694836300294199e+01,5.616767690693739468e+01,2.021778753160415576e+01,2.576797948048036346e+01,8.110199575281879447e+01,4.956066597400909934e-02,1.423799202697649235e+01,-7.935636270050230223e+01,-5.403261947928918829e+01,1.285558944267893899e+01,-1.198945105144243115e+02,2.922148561707478009e+01,-4.665322624436630150e+01,1.671538789521930823e+01,-4.504406381642399815e+00,3.142065483507617785e+01,1.925902368636644724e+01,-1.595116946246197642e+01,1.338291929809716763e+01,1.240315920701046792e+01,4.382305276312207232e-01,-5.369510950681586081e+01,7.926839913088369372e+01,7.699647863820123561e+00
-6.005091078601875410e+00,-5.247199065302751819e+01,2.344909955215999986e+01,4.391125631602671575e+01,-3.339492258453899609e+01,-4.704921712767622921e+01,5.434606082498832080e+01,7.334913383756891392e-02,6.587416424900790446e+01,-2.927744365704025853e+01,6.768348897679246079e+00,-1.198594740233877474e+02,1.504402577064932522e+01,-6.363270256073489506e+00,4.420305575116462649e+01,-1.427768546656352378e+01,1.746464305893210067e+01,1.224325955794137855e+02,-2.770580228291406755e+01,-9.976156054915888305e+00,-4.493647510653926247e+01,-1.114568758548910665e+01,-4.418121365783475696e+00,1.672048044841049741e+00,7.055314512964146800e+00,-2.611490137539717082e+01,-4.065138183331696808e+01,6.320196177516386626e+00,1.534522807939918110e+01,8.872667238124537903e+01,1.679325280709903012e+01,5.136840639784291085e+01,2.761779452825718550e+01,2.687578407378497047e+01,-6.816248132362397882e+01,1.439629195345770007e+01,1.150212171435713771e+01,-4.908150527146816700e+01,1.466576295621286441e+01,7.173796660473902875e+01,-2.499490700203233118e+01,-1.193043811639661023e+01,-5.958460566901047528e+00,9.477764341490795630e+01,3.483936871385628820e+01,4.888103023655425972e+01,-6.818613373193990412e+01,-2.419062056549453743e+01,5.504285317186376858e+01,-2.258178044131599904e+01,9.610078234256111784e+01,-2.740882021115908174e+01,2.758641514763038316e+01,-3.862729022416270652e+01,-3.934898916374849787e+00,4.402454117529046584e+01,-5.300844735929062779e+01,-3.645801878063453927e+01,-2.569923733761339335e+01,2.203480912174630291e+01,1.870927507936281131e+01,-2.111573508909252439e+01,4.531054685678449800e+01,3.311156578546809470e+01,-4.979602853204732327e+01,-1.951083964066352650e+01,-2.837641618647711539e+01,-7.811599673778373187e+01,-7.411531973390299122e+00,2.000775592100209721e+01,-1.282276941956978256e+01,1.274654385831957892e+00,4.776639535336824061e+00,8.047780917748663398e+01,-4.927000076046854105e+01,-2.372605311775675219e+01,-1.031526946986510396e+01,4.946504964235238333e+01,1.370568497569982114e+01,1.969119238523824578e+01,6.214342694832177472e+01,1.355232582907613503e+00,6.318767910559279777e+00,-6.406479612084707753e+01,-4.458030731022796544e+01,1.135903670608789362e+01,-8.717365239575073588e+01,2.182050853628168952e+01,-3.183293352828999190e+01,1.976807891216221336e+01,-2.174211537927517313e+00,2.483288537966363663e+01,1.043700623398053118e+01,-1.332210958818510527e+01,2.107521431761146147e+01,5.957363877428272225e+00,-1.267362327417726142e+00,-4.362282567334936800e+01,6.191595728579801516e+01,8.229879047474394582e+00
-2.746441627942261654e+00,-3.422066365080481631e+01,1.404474363122936964e+01,2.376527396017960569e+01,-2.227654479468569093e+01,-2.405186488023558411e+01,2.815085254705681450e+01,2.443010430406190814e+00,3.837093076921604506e+01,-1.917749213950411757e+01,6.212634798518602786e+00,-6.870730303155208674e+01,5.803531650721526880e+00,-2.514062126825906240e+00,2.846460225907814845e+01,-5.226497054458302038e+00,1.130503872155097334e+01,6.724798457941182050e+01,-1.609719782772003782e+01,-6.307706345535168957e+00,-2.398108573909076213e+01,-6.720698772451254577e+00,-3.189145325684539234e+00,2.418942284475308568e+00,4.351546705632003409e-01,-1.543778165348518527e+01,-2.584278138763482957e+01,6.044916469378232904e+00,9.695343805714683683e+00,5.268110273895852202e+01,1.822133740000143831e+01,3.180199763394000811e+01,1.659866752270705703e+01,1.343270024635071991e+01,-3.836746715040600719e+01,7.275458243734088448e+00,8.584062520368480165e+00,-3.249252881187398145e+01,9.279542262032860478e+00,4.856191801966743071e+01,-1.430138665295463518e+01,-5.103190348703444457e+00,-9.309482390038070765e-01,5.169732896824610435e+01,1.899768834147506524e+01,2.706359707712535823e+01,-3.920304562298809969e+01,-1.397359941138785366e+01,3.028171272857339602e+01,-1.499760986017865072e+01,5.394679946091067535e+01,-1.490339898318678458e+01,1.948302956275743725e+01,-2.317522561243653456e+01,-2.878413026757769888e+00,2.762336557383318336e+01,-3.150704532639726096e+01,-2.228754848503117358e+01,-1.496138549361298153e+01,1.869612381855357697e+01,1.285730234023765917e+01,-1.005941102890848349e+01,2.216214514472917330e+01,1.564822713205677651e+01,-2.807514321852288219e+01,-9.653800750891420535e+00,-1.679780341086972228e+01,-4.479451950123478099e+01,-4.888884436199828265e+00,9.412838441835859271e+00,-7.285522684571763108e+00,8.382173613862802242e-01,1.340975826614181354e+00,4.730577571969443795e+01,-2.756952134494456885e+01,-1.314946879682319292e+01,-5.656360678129775721e+00,2.680860817774422955e+01,9.296086040790434879e+00,1.203989617859520500e+01,3.790875574532289960e+01,1.368448483009066241e-01,6.258936857475725368e+00,-3.737405675755622525e+01,-2.553026864197822476e+01,6.139160959184031263e+00,-5.563608425353388043e+01,1.360952894547395253e+01,-2.146886175314721257e+01,8.413776278311283718e+00,-1.995227720609680677e+00,1.475201125029280469e+01,8.629252761646991843e+00,-7.550813168382592977e+00,7.189280608739011313e+00,5.491439412300060496e+00,6.648626762178644345e-02,-2.531219718490124038e+01,3.715331290135121378e+01,3.800064001228735222e+00
-2.059514986541284287e+00,-1.165555515578553525e+00,2.575678005500368073e+00,8.997218197682290253e+00,7.708022275244097443e-02,-1.196441327548558675e+01,1.321278626814965662e+01,-3.941790454415834866e+00,9.020620292647576477e+00,-5.126672803105050136e-01,-2.810742164620577466e+00,-1.823979850842376038e+01,6.932509838998475615e+00,-2.834650476303065325e+00,1.580031491809826605e+00,-7.042672337714986242e+00,5.276860858873615445e-01,2.346242831877918888e+01,-3.861634200814228812e+00,-5.483186864977664943e-01,-9.765490779573498870e+00,-1.150111781810457590e+00,4.085880571645735815e-01,-2.150075233940207831e+00,7.015811710439574078e+00,-3.203755120875921847e+00,-2.004155977715345927e+00,-3.025762032330983953e+00,8.551243671867958529e-01,1.050546393982894955e+01,-1.159512996302452592e+01,3.938182123063910023e+00,2.939561659216185507e+00,7.338812289002465405e+00,-1.153419718024700380e+01,3.799244999320718463e+00,-1.527101054814104852e+00,-2.949676465344603926e-01,7.950430474819167870e-01,-1.331424372927049404e+00,-3.847263560782990588e+00,-4.673225901680151395e+00,-4.997442333669818382e+00,1.875669496564035654e+01,6.904272044791948559e+00,9.013461605803453125e+00,-1.018442091171429631e+01,-3.505477767504333819e+00,1.046818136186447923e+01,-5.634132180156692371e-02,1.650325250368137731e+01,-5.501630358769638462e+00,-1.843647869361805469e+00,-4.177727845707744692e+00,4.265840079112200867e-01,2.769402715090909073e+00,-6.221190263743869409e+00,-3.261794561527058267e+00,-3.532548922498849109e+00,-6.632351012834613257e+00,-6.639130091706677561e-01,-6.579893581476643050e+00,1.317016102122087418e+01,1.052525108303243329e+01,-8.350839725800591751e+00,-5.488810694152026493e+00,-3.443113116415215558e+00,-1.186121142295750630e+01,-7.357766293332268503e-02,6.430125456454510058e+00,-2.058177483283595954e+00,1.691100362940739510e-02,3.027158810128837363e+00,1.031509560803804249e+01,-8.606797990495168804e+00,-4.353186717081168666e+00,-1.992345837679027731e+00,1.007333018884781595e+01,-2.843893063615348105e-01,1.757995506159572674e+00,5.692855579372311681e+00,1.259961539958339927e+00,-3.379690929126870635e+00,-8.678903957160210680e+00,-6.824571922410589409e+00,2.341376134251981433e+00,-3.938348815310627415e+00,1.507366786275710524e+00,4.591665795329058497e-01,7.812310071659490873e+00,9.021261291311905017e-01,2.927787207896191735e+00,-2.768812540971159475e+00,-2.168653095682144816e+00,1.126087338224994738e+01,-2.512161300736814873e+00,-1.498425144358687122e+00,-6.134256013765087445e+00,6.687323468604452259e+00,2.763078861420823262e+00
-3.564208791530616871e+00,-8.377810506996407725e+00,6.523426633643317096e+00,1.786190109359178990e+01,-4.224240907837283565e+00,-2.228228121737523892e+01,2.491670973114289822e+01,-5.322455022348426823e+00,2.074029365194556007e+01,-4.488287925522441491e+00,-2.924737132700154785e+00,-4.020818979249686720e+01,1.132737572988240160e+01,-4.659140986442082522e+00,7.866678309720387396e+00,-1.137706009528811357e+01,2.977479374758202901e+00,4.760622853946330935e+01,-8.814643092029207594e+00,-2.034763288401675752e+00,-1.903400879250880706e+01,-3.000383506446041793e+00,-1.997084574555274550e-02,-2.691629827588555290e+00,1.040459390841662923e+01,-7.718540677121772831e+00,-7.980028376284525216e+00,-3.273676793896983739e+00,3.145687617752040754e+00,2.571084809462484344e+01,-1.350777603678069738e+01,1.198523196030798665e+01,7.555971241260955651e+00,1.341055231307493578e+01,-2.443694855026880219e+01,7.005129607969414529e+00,-5.748164721340547345e-01,-6.760727831365397122e+00,2.976347775959800046e+00,7.497380185841041822e+00,-8.443829763342145966e+00,-7.867728597992529771e+00,-7.532226229422987807e+00,3.765638442403059827e+01,1.385496589237741460e+01,1.852803374762963884e+01,-2.261420537936761832e+01,-7.877256465663404761e+00,2.129446593075155292e+01,-3.003164211409318440e+00,3.477970821931317857e+01,-1.099453170332393626e+01,1.081775041362460499e+00,-1.065781115418341152e+01,6.700503435129290253e-02,9.452372988498975559e+00,-1.528597548546965790e+01,-9.137679327965493314e+00,-8.109415326265965618e+00,-6.115360134964406669e+00,1.526956640685044775e+00,-1.163738915906140825e+01,2.368790737939593427e+01,1.852902412143461319e+01,-1.775031967997302473e+01,-9.953488782363990595e+00,-8.335442070866147191e+00,-2.616942422238698285e+01,-1.060177395921963583e+00,1.129119006235735156e+01,-4.446077560406975770e+00,1.880902832538681735e-01,4.713890025817028651e+00,2.438415960433759366e+01,-1.802836663431757103e+01,-8.963716121638929835e+00,-4.032017428372760115e+00,2.003738977201690830e+01,1.391785238056830298e+00,4.930284117420806744e+00,1.575534679735090293e+01,1.879978122445614019e+00,-3.752612763501534943e+00,-2.004353996675830629e+01,-1.500973583879895834e+01,4.639430651416295959e+00,-1.662637854977520746e+01,4.867257610855576289e+00,-3.504943900982905092e+00,1.312977102601407964e+01,9.384717537806737120e-01,7.179076355294506939e+00,-2.392504475356880711e+00,-4.660237495039403655e+00,1.796398235400740617e+01,-2.625970571141612364e+00,-2.191152565515969819e+00,-1.395185799587371811e+01,1.707105522178014212e+01,4.804269594887696115e+00
-3.690528407883812534e+00,-4.077049654604219597e+01,1.717927845656602770e+01,3.005655122661751477e+01,-2.636238653588351966e+01,-3.102742682322760004e+01,3.614693839543421916e+01,2.053961099744941787e+00,4.735683418824648783e+01,-2.281815648296567645e+01,6.758486572417121252e+00,-8.524179746104205435e+01,8.347704856286524588e+00,-3.580328234948914723e+00,3.404266401900677863e+01,-7.687854700136378838e+00,1.349917979647827337e+01,8.462527742716443413e+01,-1.988338432929988642e+01,-7.585975189235508509e+00,-3.047561654677217646e+01,-8.203100299204956869e+00,-3.689469572738590664e+00,2.406791870468393046e+00,2.008465343741600684e+00,-1.896251951577755790e+01,-3.102829885503002316e+01,6.514120035726119973e+00,1.166274679450038931e+01,6.461825737996805685e+01,1.910902017436176337e+01,3.849652954441954478e+01,2.028095526869912391e+01,1.746826547322488565e+01,-4.788769778401258748e+01,9.423834773001681597e+00,9.839812526038164364e+00,-3.853883666577584677e+01,1.115758788567506343e+01,5.722127373561718855e+01,-1.775381432651066049e+01,-7.037551216143024035e+00,-2.165989830258009174e+00,6.520943179734997841e+01,2.396556809389109688e+01,3.396572074478962833e+01,-4.858987568269566282e+01,-1.729292242030472693e+01,3.808606370956788112e+01,-1.777142499876856263e+01,6.739354381902414559e+01,-1.881878699305139691e+01,2.267846391306142806e+01,-2.833211187803962972e+01,-3.317685546227907345e+00,3.329964690641502045e+01,-3.863315454452307307e+01,-2.708602991650154479e+01,-1.846837180047052485e+01,2.072746814014430328e+01,1.508368596471453671e+01,-1.331226105232741475e+01,2.904633293589762744e+01,2.076995409480168320e+01,-3.502251812267031994e+01,-1.259974188218831159e+01,-2.062393317017636818e+01,-5.556789639148028925e+01,-5.804836665165831633e+00,1.251474633506463086e+01,-9.065200862172883234e+00,9.961750513498615067e-01,2.232188570878477663e+00,5.821254269106966461e+01,-3.447826114983974577e+01,-1.649744543126979579e+01,-7.122016173744229128e+00,3.388934742953643564e+01,1.094744242536319767e+01,1.463120893354934005e+01,4.610130040588273914e+01,4.302028084923579798e-01,6.692225726313687062e+00,-4.610365733473577166e+01,-3.168416662745933365e+01,7.768008765900984436e+00,-6.671972117714130945e+01,1.643654969749311689e+01,-2.532464838887524294e+01,1.162587654405915316e+01,-2.170651113374787222e+00,1.809172954289519808e+01,9.629050902996425521e+00,-9.402857384282757636e+00,1.090984722181584488e+01,5.968029397049820162e+00,-2.401803296683523437e-01,-3.127901704074853129e+01,4.541839483801245336e+01,5.087915967432873998e+00
-1.629324725329806878e+00,-9.125663501111349163e+00,4.702177960465316886e+00,1.007299117792355325e+01,-5.559188894926652580e+00,-1.149867612372032255e+01,1.309760413896575315e+01,-1.184830648284310950e+00,1.375161673989592614e+01,-5.049975758768072254e+00,2.778570495803216467e-01,-2.557608549591782676e+01,4.620247059963899616e+00,-1.924604064623791189e+00,7.869226746043240794e+00,-4.525594206052610424e+00,3.079802168690562780e+00,2.759230550000098248e+01,-5.804302227597014863e+00,-1.834224854690360118e+00,-1.047769468372425017e+01,-2.212494406518925594e+00,-6.144880200494684530e-01,-3.734471198171296358e-01,3.310079921200473230e+00,-5.338559860955992775e+00,-7.404300222841067480e+00,1.376398540690773054e-01,2.824942136842248264e+00,1.802278482114343205e+01,-7.140422964512058712e-01,9.783204381951451367e+00,5.509563502775062460e+00,6.721541913717126171e+00,-1.489750708660898937e+01,3.560416854861805369e+00,1.459029596994328770e+00,-8.294488229797092771e+00,2.693110347090002854e+00,1.158802429253580080e+01,-5.346760174538847110e+00,-3.413623883846582885e+00,-2.513756163948620337e+00,2.154015722333093308e+01,7.920840186190611476e+00,1.090871657971445252e+01,-1.449154405447591110e+01,-5.108510577053341883e+00,1.238057022164518806e+01,-3.792085290568674161e+00,2.107699144082522480e+01,-6.252710613986149468e+00,4.051692792436472956e+00,-7.726032305863085980e+00,-5.282429448085399493e-01,8.200587800728639465e+00,-1.075070101644668341e+01,-7.085235147801682842e+00,-5.368925922000205908e+00,1.669342651596362082e+00,2.925986369562575629e+00,-5.528162030092021340e+00,1.157420085602766058e+01,8.731669326705659984e+00,-1.086044265676222409e+01,-4.928519444886052980e+00,-5.789306387803696552e+00,-1.666073861827447899e+01,-1.261323768595234984e+00,5.297458739583119858e+00,-2.768623367499009724e+00,2.182185122228388896e-01,1.717831854361321575e+00,1.658601672889609091e+01,-1.085023970776198965e+01,-5.288292160466780523e+00,-2.329454395867664118e+00,1.132822073230407334e+01,2.204799467454693573e+00,3.825648103321521276e+00,1.211733560149943933e+01,6.091938673033533425e-01,2.991552654177676018e-02,-1.334536968164542081e+01,-9.525019334124872117e+00,2.609937873451931623e+00,-1.576878407110843128e+01,4.105489795403867603e+00,-5.182035887571391441e+00,5.677151316925465707e+00,-8.949190865891820668e-02,5.040437064685417745e+00,9.038767361667701117e-01,-2.885648209901256145e+00,6.942966854436225077e+00,2.329622325641063085e-01,-6.669242975197561263e-01,-9.155314244224062037e+00,1.238132219222340069e+01,2.214907523122829680e+00
-2.503873859385741696e+00,-2.718647111538436079e+01,1.150127577942345525e+01,2.022116902322625620e+01,-1.756062795343995475e+01,-2.093319958252574864e+01,2.437120999622612061e+01,1.281651414168932135e+00,3.174693584153026293e+01,-1.521246978010872120e+01,4.440622998814268030e+00,-5.718818473211907616e+01,5.713581956965543718e+00,-2.447503842583052425e+00,2.271357912832012360e+01,-5.276419579967314810e+00,9.004603474972613597e+00,5.689230402023040511e+01,-1.333099671773664774e+01,-5.065747330294830597e+00,-2.051723876826571313e+01,-5.490101621552861744e+00,-2.448898523220416568e+00,1.556100450628522092e+00,1.492284196657790885e+00,-1.270306123361167217e+01,-2.071476912648266833e+01,4.273100814039073825e+00,7.788392528756835631e+00,4.327894967006738369e+01,1.247525261537749586e+01,2.573254607364578561e+01,1.357557894955431443e+01,1.179852996166915169e+01,-3.215586100156640015e+01,6.361591618200492348e+00,6.521592770204145850e+00,-2.568062167540321283e+01,7.450540294862960877e+00,3.809088733670355964e+01,-1.191198535221942834e+01,-4.791094137846692469e+00,-1.552844251490626437e+00,4.385421578234203110e+01,1.611740435671446292e+01,2.282577057609405813e+01,-3.259396435869457065e+01,-1.159742902664271291e+01,2.560268346042712295e+01,-1.184036058353409260e+01,4.525969655080433540e+01,-1.265783515096528156e+01,1.506759627382694688e+01,-1.896639359540971270e+01,-2.200824518114584016e+00,2.224474207941423742e+01,-2.587376408652766457e+01,-1.811612790477751389e+01,-1.238109532330657814e+01,1.366256849174189725e+01,1.003398199859877593e+01,-9.013159460488319397e+00,1.963992992764762135e+01,1.406814256211349701e+01,-2.351522692049793761e+01,-8.514495966415282169e+00,-1.381513929167824806e+01,-3.727951274524334480e+01,-3.868734196071246689e+00,8.478571022927969381e+00,-6.084390264091453560e+00,6.640123658691251540e-01,1.553621467597306127e+00,3.900734929656970706e+01,-2.315827724508736551e+01,-1.108613115281966621e+01,-4.788415128748299665e+00,2.279819648963557199e+01,7.286808645023206132e+00,9.785801136236425890e+00,3.083734083284721095e+01,3.143009297037603345e-01,4.383970429174318006e+00,-3.090456979965238560e+01,-2.125769464542704412e+01,5.226442727335689042e+00,-4.453451981805938686e+01,1.098298771537998242e+01,-1.686089705639130898e+01,7.916808256947152955e+00,-1.426226720713811957e+00,1.211688270451473670e+01,6.353882360543980923e+00,-6.311762404539570603e+00,7.515626475647313676e+00,3.920594749771131760e+00,-1.929535736559719328e-01,-2.097260955660757986e+01,3.040426377571661476e+01,3.450267932235965063e+00
-5.379507788120296397e+00,-5.544621971343064359e+01,2.374774706311245609e+01,4.237724302129034015e+01,-3.569849449173587885e+01,-4.423995752455279273e+01,5.140562089491699282e+01,2.055159962367424598e+00,6.581798638740559682e+01,-3.100599667443813701e+01,8.637000224993585107e+00,-1.188412123464841272e+02,1.258764070772916988e+01,-5.373243452054592417e+00,4.640860515569015377e+01,-1.171407827081476327e+01,1.838449444186039372e+01,1.189696623133999793e+02,-2.764823230915400387e+01,-1.037777471284969977e+01,-4.308670015987940616e+01,-1.132482284690520302e+01,-4.922677714663308279e+00,2.863728069123568698e+00,4.015341350092434425e+00,-2.627936414166907753e+01,-4.240334759204263548e+01,8.266286824458919824e+00,1.595712352836912551e+01,8.947574115468617606e+01,2.374724809197599029e+01,5.287729590267097279e+01,2.801668165963229740e+01,2.501809077183283136e+01,-6.700092525404733124e+01,1.346733093519338631e+01,1.304807251034125848e+01,-5.226239035486187845e+01,1.526170682807416235e+01,7.727110896691647213e+01,-2.476068524655518743e+01,-1.039592989703530890e+01,-3.856323097393761223e+00,9.179905065507983863e+01,3.373970792895653403e+01,4.767593153469117340e+01,-6.770310428139637793e+01,-2.407325839263875267e+01,5.352611020965346711e+01,-2.408506988371200208e+01,9.434204524356378840e+01,-2.650863845926995310e+01,3.038198788338548084e+01,-3.915191587514699023e+01,-4.415707175409253615e+00,4.562150515334859335e+01,-5.348362305018332563e+01,-3.729486686621167024e+01,-2.567061642763767537e+01,2.685542888059980626e+01,2.031113556522998209e+01,-1.924798601565290568e+01,4.177867576220130985e+01,3.007877477185396486e+01,-4.898529660315807632e+01,-1.808142897804223281e+01,-2.857422001300960801e+01,-7.746550955196784116e+01,-7.877298320732424308e+00,1.813997109931386120e+01,-1.266024653534675970e+01,1.352623204075745100e+00,3.582459708689931244e+00,8.076289335143121662e+01,-4.829522759224521167e+01,-2.315205087237664117e+01,-1.001569757635528291e+01,4.776802871328945344e+01,1.477785734284118391e+01,2.014504416016081478e+01,6.350312026955515421e+01,8.152676451679072844e-01,8.442259564880506773e+00,-6.405727620177104598e+01,-4.418126815691694276e+01,1.095521416366379164e+01,-9.111084725560630204e+01,2.254446721902386130e+01,-3.422218701451851075e+01,1.719086319958136144e+01,-2.774093962456743334e+00,2.504879894207118340e+01,1.253344580223566140e+01,-1.313804871988080514e+01,1.685717215687121495e+01,7.621272012024274289e+00,-6.018466348004607447e-01,-4.350504642198597338e+01,6.276149035841712731e+01,7.402343351918356795e+00
-6.490226615714915770e-01,-6.654037572386842569e+00,2.853603525577183220e+00,5.099946618993341119e+00,-4.282675626703047023e+00,-5.328654772309590726e+00,6.190534592664970859e+00,2.396067166312085828e-01,7.912215410437947405e+00,-3.720748837583104596e+00,1.031237249708791825e+00,-1.428977106222537685e+01,1.522392515816129333e+00,-6.496386824559198248e-01,5.570510201268067618e+00,-1.417784041554549734e+00,2.206551355208882015e+00,1.431439566977766020e+01,-3.323820450288084594e+00,-1.246007408539656636e+00,-5.186416904818936580e+00,-1.360688188728588877e+00,-5.898614970711720806e-01,3.397731712534624027e-01,4.941055460774966823e-01,-3.158434221514419882e+00,-5.090740635562128524e+00,9.863827488194701898e-01,1.915913063331487587e+00,1.075309785190276735e+01,2.828542237634691148e+00,6.350730951843136296e+00,3.366397167456267603e+00,3.014412464314811135e+00,-8.058569362130320712e+00,1.622402520452489227e+00,1.562706121468580456e+00,-6.270531954440970779e+00,1.832376689055266406e+00,9.268002797066678511e+00,-2.977370960350274487e+00,-1.255463053811011420e+00,-4.714668541927409806e-01,1.104638697867161135e+01,4.059993668337749106e+00,5.735668323861685458e+00,-8.140429626052696932e+00,-2.894296133498481804e+00,6.440091170815632537e+00,-2.889627899460511351e+00,1.134749881627737977e+01,-3.189994787560209044e+00,3.641728172549137721e+00,-4.704495425821635379e+00,-5.290075933661220198e-01,5.478178816412835772e+00,-6.427500983902981524e+00,-4.480085994114185510e+00,-3.085981767822619570e+00,3.210191977536965169e+00,2.435591576264057867e+00,-2.320823822593285346e+00,5.035497729094760011e+00,3.627173492535465726e+00,-5.891586112809720888e+00,-2.178944920961580767e+00,-3.434174442486006562e+00,-9.314601024976662202e+00,-9.451832453647462939e-01,2.187629075881787344e+00,-1.522503426053040343e+00,1.623064376866268366e-01,4.351348253370574404e-01,9.707466202373607800e+00,-5.809248896018295305e+00,-2.785272840576380915e+00,-1.205116056862805651e+00,5.748587301856969312e+00,1.772423976723427774e+00,2.419938246995580577e+00,7.628625677327316446e+00,1.000320420101906138e-01,1.006870076716209539e+00,-7.700377003665475506e+00,-5.312545530333032673e+00,1.318447316978457629e+00,-1.093767812666997230e+01,2.707359099646962530e+00,-4.104886292180180085e+00,2.076201495489047311e+00,-3.312213537719255751e-01,3.010314247121977260e+00,1.498774703618654947e+00,-1.580021111587115001e+00,2.042252258379486207e+00,9.099053202486129255e-01,-7.484826448622092232e-02,-5.230200092993668726e+00,7.541405553706719722e+00,8.929471185459934013e-01
-2.608402326044110264e+00,2.986155704635952368e+00,1.812766290041842421e+00,9.787657165025395400e+00,3.154724600310506055e+00,-1.404702168979014765e+01,1.529557655146866679e+01,-6.044114464267709153e+00,7.826371458497296985e+00,1.877027345429607585e+00,-4.920533195110238012e+00,-1.703794067034602477e+01,9.250198797869417788e+00,-3.763068939100562282e+00,-1.599413253105043786e+00,-9.488614026707141491e+00,-7.798630692376868900e-01,2.480320448982876513e+01,-3.395331352185347207e+00,6.731858853539818277e-02,-1.087115700574785038e+01,-7.480702546199972103e-01,1.027562324284000628e+00,-3.445206011349630337e+00,1.010421704363533912e+01,-2.532354320936236469e+00,6.268422882545641173e-01,-5.209117058125873889e+00,-8.561962718437987618e-02,8.022610140943529089e+00,-1.928672757239685254e+01,1.360889821492854423e+00,1.991041345853199918e+00,8.796627505019435134e+00,-1.146821127038538535e+01,4.510032327607734537e+00,-3.384894936530089105e+00,4.011288541453808421e+00,-1.158581281406854124e-01,-8.562548109730776957e+00,-3.619827487349555284e+00,-6.072890313328096035e+00,-7.112519945826058176e+00,2.011038448550499425e+01,7.406919698242383276e+00,9.360625268966067836e+00,-9.398675231905469829e+00,-3.169466476425182311e+00,1.102844084545440317e+01,1.967109598108851554e+00,1.653858300255967606e+01,-5.934237175623785276e+00,-5.332309763093645572e+00,-2.886364350177360372e+00,1.011185480021693062e+00,2.385202586816559389e-01,-4.708527929946002999e+00,-1.680730856649468308e+00,-3.073748590484974841e+00,-1.216211032475036724e+01,-2.718153014857444205e+00,-8.158001761065644786e+00,1.605190627097169198e+01,1.311010591922904212e+01,-8.262517683865354456e+00,-6.632780521896956216e+00,-2.693323177050253925e+00,-1.106399041256108617e+01,5.612496293974762462e-01,8.029360042031804312e+00,-1.986409111890847345e+00,-9.000503467492015908e-02,4.202199782207650003e+00,8.481117444803267347e+00,-8.702388965524914255e+00,-4.510104189594192903e+00,-2.113589851081814519e+00,1.093086733382767939e+01,-1.681869318448328210e+00,9.020763515075980177e-01,3.068642637510722526e+00,1.806586610118920300e+00,-5.751082497858214460e+00,-7.467510847284036579e+00,-6.399084664806842682e+00,2.553270457422165407e+00,1.894694867095005009e+00,3.245779676418423243e-01,3.597912623949476973e+00,1.016817786881211205e+01,1.579447035696356361e+00,2.226244157927352862e+00,-5.189909752643204754e+00,-2.110213157497832448e+00,1.533131069211095188e+01,-4.389467283313679857e+00,-2.179819682291353811e+00,-5.428827719211290592e+00,4.612503971955981719e+00,3.483711917188580198e+00
-5.121735418057717482e+00,-7.465977238618361866e+01,2.971328481084899309e+01,4.822483223143556330e+01,-4.897106438624579994e+01,-4.754100929364032879e+01,5.599305275854780461e+01,7.111586952316759636e+00,8.030007013951532713e+01,-4.190204217747886162e+01,1.489202039195320104e+01,-1.428619928104903636e+02,9.680537910766096488e+00,-4.268138740608875104e+00,6.183143589106811078e+01,-8.364150169958238124e+00,2.460124797689174159e+01,1.373444203060822417e+02,-3.365288310811966710e+01,-1.361401308349853068e+01,-4.835885658327440240e+01,-1.425489312594766389e+01,-7.186748416802487327e+00,6.265626701315047065e+00,-2.149544989306395593e+00,-3.249548722225529929e+01,-5.588410448537964470e+01,1.461875475109797051e+01,2.092014455934261008e+01,1.110792944880859068e+02,4.516098230971174843e+01,6.811918550778408132e+01,3.516265553101077757e+01,2.626039157325691420e+01,-7.917984782024861090e+01,1.430096821950746921e+01,1.953336207532907309e+01,-7.124877714299603326e+01,2.003330935235019084e+01,1.072697986946933497e+02,-2.971421971448187449e+01,-9.142086276341993667e+00,1.669753524656734101e-01,1.052658103373390759e+02,3.867786097032306714e+01,5.546337355504822852e+01,-8.161290730746577538e+01,-2.914542775551388587e+01,6.188898638185773393e+01,-3.292169714360633037e+01,1.112048973112729158e+02,-3.030442444142832770e+01,4.361624737749200875e+01,-4.906192495840910084e+01,-6.512099802471780663e+00,5.945694841632764138e+01,-6.646068233518870727e+01,-4.751731263582556153e+01,-3.130340594904785334e+01,4.400725756519420884e+01,2.853870020130216290e+01,-1.918590420140325747e+01,4.285597323854671004e+01,2.971699423730999357e+01,-5.797883443330824349e+01,-1.877782118002795642e+01,-3.537722297012190609e+01,-9.315399784049400012e+01,-1.070729590442132562e+01,1.783181201084011747e+01,-1.509374646050673974e+01,1.833904061152051179e+00,1.605899430322011323e+00,9.935508158640473653e+01,-5.675479036480904682e+01,-2.695975267229056982e+01,-1.154395547929622268e+01,5.443407403593190708e+01,2.054745416710324335e+01,2.567099127357237975e+01,8.075777433086548740e+01,-2.570915479197753983e-01,1.524557674553236097e+01,-7.826140266881685648e+01,-5.306386265444852768e+01,1.245007219562726952e+01,-1.204776533289011695e+02,2.923008736444347377e+01,-4.736587965801456335e+01,1.502526750571039571e+01,-4.782419669811374341e+00,3.111114682970464784e+01,2.018226870282533270e+01,-1.562763350132230400e+01,1.080882739109244106e+01,1.317553952621474878e+01,8.093216986011205760e-01,-5.289036739915325569e+01,7.865803042511058152e+01,7.124898520266587099e+00
-4.308193163196950337e+00,-2.642019786720072716e+01,1.317725402746314067e+01,2.745967432245075202e+01,-1.626856917779776168e+01,-3.097205957505861562e+01,3.537056239059334928e+01,-2.593005002912094792e+00,3.820847360548208371e+01,-1.464968557246827707e+01,1.433132964925230013e+00,-7.073932975442500037e+01,1.197537446856046550e+01,-5.000185706550015929e+00,2.265562134505045577e+01,-1.167433612957363032e+01,8.886829849078962340e+00,7.547986985333038490e+01,-1.611511608755867897e+01,-5.240994151592673234e+00,-2.847306966579748178e+01,-6.213886455231302897e+00,-1.886624924732431818e+00,-6.167998680916828569e-01,8.126876281383777822e+00,-1.489889738049755508e+01,-2.120278761053815586e+01,1.070721795408029919e+00,8.069454012396896303e+00,5.036667869328278613e+01,4.738013776390488374e-01,2.772999451990406072e+01,1.545716037677551391e+01,1.802848142246928020e+01,-4.100311502855218748e+01,9.569199062709987658e+00,4.602593442539654411e+00,-2.418266958231356512e+01,7.697332610494001415e+00,3.417012869113250417e+01,-1.478072753738576672e+01,-8.947018870738610019e+00,-6.244761223009132500e+00,5.882665923071554914e+01,2.163045318054007282e+01,2.989921750530632494e+01,-4.011448397289388623e+01,-1.415973267593409268e+01,3.388065620738788652e+01,-1.107320775130957813e+01,5.797041131492758126e+01,-1.706372477351002104e+01,1.225181752739495877e+01,-2.166321541358015779e+01,-1.638474077066812917e+00,2.336159484177190748e+01,-3.005405538501378970e+01,-1.999224820361186516e+01,-1.491504235859364513e+01,6.345096510244040644e+00,8.700378203353988482e+00,-1.470743031264757406e+01,3.092651253986829119e+01,2.320097786010532559e+01,-2.990445942755555109e+01,-1.319546116902399469e+01,-1.616372344005868555e+01,-4.608545289658639632e+01,-3.671058565515900263e+00,1.406608194704755199e+01,-7.639075389070826283e+00,6.341971419925021003e-01,4.353192378018048814e+00,4.620852966444140009e+01,-2.981809473606034544e+01,-1.449805251807241113e+01,-6.369765122496955811e+00,3.089147091951456758e+01,6.508253331282121579e+00,1.079545160872511289e+01,3.416593034192251110e+01,1.502588012719456190e+00,8.339823042354277405e-01,-3.709634535527965937e+01,-2.633766046873866529e+01,7.112624855094953347e+00,-4.522799719683064268e+01,1.166889177967797764e+01,-1.525041067837938158e+01,1.487075628331261967e+01,-4.608851228823598323e-01,1.408833296737000573e+01,3.253955873381235264e+00,-7.956779244624520686e+00,1.780945699190824172e+01,1.235936490851660352e+00,-1.618681780020974736e+00,-2.540935871993155004e+01,3.471799515414841864e+01,5.864658142158683418e+00
-5.442203363328185439e+00,-5.574673033807305700e+01,2.391223658928507945e+01,4.274660480861990663e+01,-3.587771620551045260e+01,-4.466986868879820349e+01,5.189328437254171433e+01,1.997632272036900858e+00,6.630630611070968428e+01,-3.117164753465529969e+01,8.632250434656935312e+00,-1.197565619833204948e+02,1.277076011984933324e+01,-5.449263889977051356e+00,4.667054877310309280e+01,-1.189467776071364113e+01,1.848656916223001190e+01,1.199756539892618292e+02,-2.785460767962129580e+01,-1.043970990459569492e+01,-4.347288841041837770e+01,-1.140191750209835142e+01,-4.940534335617896566e+00,2.841163294388220795e+00,4.156540608341478205e+00,-2.646748020651265421e+01,-4.265234227531635014e+01,8.255957042727004591e+00,1.605256366380934097e+01,9.010929882780267519e+01,2.366755450556948759e+01,5.321258964588947293e+01,2.820903205888416210e+01,2.527107993950251696e+01,-6.753853989446490402e+01,1.360090946055374772e+01,1.308775103461959333e+01,-5.253179702922983552e+01,1.535259452509407296e+01,7.763897582353180837e+01,-2.495220883832848457e+01,-1.052903417604832548e+01,-3.961939093050142802e+00,9.258653771584609160e+01,3.402932017260592801e+01,4.807237204060059810e+01,-6.822101196754860553e+01,-2.425541583839537907e+01,5.397720540002376310e+01,-2.420785417077899382e+01,9.510356423171511153e+01,-2.673750934862637862e+01,3.050388050466566270e+01,-3.942191934633347472e+01,-4.430689632640916642e+00,4.589996224807393332e+01,-5.386132243442190060e+01,-3.753969539814660550e+01,-2.586131919446130212e+01,2.687697016717773124e+01,2.040242180064063149e+01,-1.945871499805226890e+01,4.221691519379194091e+01,3.041226531512072029e+01,-4.937694160124859621e+01,-1.826745723171773506e+01,-2.877806705277839683e+01,-7.806168508527741778e+01,-7.918406642940283291e+00,1.834251545789314974e+01,-1.275974237189356586e+01,1.359755674060097563e+00,3.652740176010272677e+00,8.134910435127703465e+01,-4.868779295240447880e+01,-2.334415626423321655e+01,-1.010068389263418709e+01,4.818319786258815896e+01,1.484769794885861316e+01,2.027722285229669907e+01,6.392239073697092522e+01,8.411016694382102976e-01,8.426721155114893946e+00,-6.453080270217097336e+01,-4.452231665343312272e+01,1.105096643521230604e+01,-9.163951516120900465e+01,2.268446267004802408e+01,-3.438735828454001364e+01,1.741242407267946746e+01,-2.772579561429681760e+00,2.522593598987944574e+01,1.254912530496958745e+01,-1.324186473652068941e+01,1.713646836402777751e+01,7.616529959090740931e+00,-6.307102773486809033e-01,-4.383077983790716559e+01,6.319414584813277713e+01,7.487392965812809997e+00
-6.134747612362877689e+00,-6.240690799514946008e+01,2.681426358990836789e+01,4.803001963309449707e+01,-4.014609542839777134e+01,-5.024677182814847498e+01,5.835707003114332281e+01,2.149583003007079718e+00,7.439423457051357502e+01,-3.489276183037000578e+01,9.598452968235246630e+00,-1.344066528036368879e+02,1.444159802177332352e+01,-6.159520925050079754e+00,5.225952875668676256e+01,-1.346364491547792142e+01,2.069827079475932763e+01,1.347655020611602481e+02,-3.125383529477943512e+01,-1.169414785060650885e+01,-4.885946638565491185e+01,-1.278397377957649894e+01,-5.519647974083758513e+00,3.132509002624609629e+00,4.803953455249031279e+00,-2.968729598445370499e+01,-4.777231946734114132e+01,9.172693915101469031e+00,1.798170472623074190e+01,1.010625080964607747e+02,2.623200257567382465e+01,5.963151364176536617e+01,3.163037133009532553e+01,2.843851205000321869e+01,-7.582783840215323323e+01,1.530234708387227549e+01,1.461217490893354309e+01,-5.879039288189011359e+01,1.719711958522892914e+01,8.685035013355725653e+01,-2.800568893322441255e+01,-1.188389055694401364e+01,-4.542256978561503900e+00,1.040141859452930788e+02,3.822967280173073590e+01,5.398999711069659213e+01,-7.656215549716542057e+01,-2.721852605166675332e+01,6.062927089155459726e+01,-2.709022598792788727e+01,1.067817303861140630e+02,-3.003948129178426996e+01,3.409422900900079156e+01,-4.420473378220506788e+01,-4.948731379969685484e+00,5.142311853962432622e+01,-6.040715114183716139e+01,-4.207855601937061607e+01,-2.901614841861015393e+01,2.993141854302706051e+01,2.281620473236044333e+01,-2.191785757958226810e+01,4.752812089326923228e+01,3.426094530656855852e+01,-5.543540921944271105e+01,-2.056107019763572197e+01,-3.227809200682507651e+01,-8.761053459451055403e+01,-8.862432974265720631e+00,2.066555133332648708e+01,-1.432316882058947094e+01,1.521957776715942012e+00,4.153370755025651562e+00,9.125555805617391059e+01,-5.466981166028364214e+01,-2.621726330344939626e+01,-1.134620429574914091e+01,5.413708336772307916e+01,1.660863562036311336e+01,2.272882294649581425e+01,7.165415697655697613e+01,9.686327688239224631e-01,9.356077843462964339e+00,-7.239997794899831263e+01,-4.996977907755364612e+01,1.241718396892579790e+01,-1.026318989878441528e+02,2.541710968674622606e+01,-3.847004270719466490e+01,1.965484946240956532e+01,-3.082926893665561163e+00,2.829197991291936276e+01,1.398241510046794112e+01,-1.486507666312553688e+01,1.942111561684401266e+01,8.468343764410604990e+00,-7.383918957119720572e-01,-4.918091146034272754e+01,7.086088528554779487e+01,8.438664038306185944e+00
-3.508355287000453959e+00,3.734185461324045718e+00,2.529884587676589636e+00,1.326627694006787195e+01,4.049799837027335592e+00,-1.896349737307102146e+01,2.066386276701050306e+01,-8.062931034801868790e+00,1.075423852273349468e+01,2.364843472790976620e+00,-6.532151727362284888e+00,-2.329988571211282533e+01,1.241197521420543026e+01,-5.050466440760911446e+00,-1.923499547453743297e+00,-1.272639338725372404e+01,-9.573302973357824541e-01,3.367153951526282896e+01,-4.661384362534844783e+00,4.236072699444615175e-02,-1.471661901457081356e+01,-1.050988507779508030e+00,1.349828652280521624e+00,-4.588198262570426955e+00,1.351330178963962503e+01,-3.502545037071313594e+00,6.429124265093166812e-01,-6.919274624055260503e+00,-4.124005625727944491e-02,1.112472254047745146e+01,-2.565000100143605266e+01,2.059834692656182575e+00,2.787542741970039373e+00,1.186315115665770747e+01,-1.562359598808282257e+01,6.085174323177595213e+00,-4.460986688230858199e+00,5.117911109074771758e+00,-8.481194221077981155e-02,-1.108186085560763701e+01,-4.947985075670995769e+00,-8.158410653405969271e+00,-9.516947741822420426e+00,2.727945457259084705e+01,1.004705698697080685e+01,1.272022240709545748e+01,-1.286279976255208091e+01,-4.343346133477653304e+00,1.497451329222351646e+01,2.516864517100170229e+00,2.252070949114488840e+01,-8.047053397496561900e+00,-6.982479332284375673e+00,-4.034329187866905642e+00,1.330279002650527342e+00,5.275858529445436318e-01,-6.533622865037341576e+00,-2.415610938590159851e+00,-4.222826698169875215e+00,-1.612032422667506637e+01,-3.537227834695589657e+00,-1.098378378728530969e+01,2.162988723576317440e+01,1.764729676223816668e+01,-1.125962032420370562e+01,-8.941396884780653309e+00,-3.728044846760660835e+00,-1.513167591904450759e+01,7.134974470037640515e-01,1.080689695508270276e+01,-2.710997168322037520e+00,-1.140108203975417622e-01,5.628752222204656874e+00,1.169717200834756810e+01,-1.184393818156883960e+01,-6.129642980019501586e+00,-2.868739558548767388e+00,1.481781496788019226e+01,-2.178548766973781525e+00,1.297086455188268150e+00,4.389345291731414633e+00,2.416560971696052107e+00,-7.642301977764892840e+00,-1.026688742513104735e+01,-8.748861519945531739e+00,3.460269061152464687e+00,2.113056084773685228e+00,5.367895408503047250e-01,4.648473172151964761e+00,1.365909260554404803e+01,2.096754371016336993e+00,3.088074912451053589e+00,-6.874070963852516591e+00,-2.878535483021481767e+00,2.055329693156002691e+01,-5.827528997731810101e+00,-2.914062601573453204e+00,-7.449915707495100570e+00,6.447884595516862660e+00,4.686661924189793105e+00
-4.657886323053158861e+00,-2.384454402389991046e+01,1.271374126787773307e+01,2.798825055159087327e+01,-1.435534927369639924e+01,-3.231607480470434268e+01,3.671986347664031314e+01,-3.916031488818989548e+00,3.750357013243004189e+01,-1.316650245127750551e+01,1.101520392149968330e-01,-7.006789794280938111e+01,1.344465286774405754e+01,-5.588987170207174060e+00,2.068599421696169571e+01,-1.322378609788801640e+01,8.076313189481433952e+00,7.641044521511028620e+01,-1.584128821562421052e+01,-4.860618712773017158e+00,-2.920075788971623609e+01,-5.968764422233684641e+00,-1.500210305429619861e+00,-1.430693618832097780e+00,1.007553627457357415e+01,-1.449486548186464141e+01,-1.957580314679048783e+01,-2.988735743498338593e-01,7.488280774323044398e+00,4.886699938709638502e+01,-4.354933862839711622e+00,2.614440475562535227e+01,1.487979096236157162e+01,1.896499148334586238e+01,-4.100989532151214689e+01,1.002672949465352303e+01,3.441559533787395431e+00,-2.150735137560760535e+01,7.134459129986094439e+00,2.967012875372855518e+01,-1.465530703688480507e+01,-9.836340228399681251e+00,-7.580088919792721036e+00,5.974576195010229895e+01,2.197148116422387076e+01,3.015234462304194096e+01,-3.966830677237064151e+01,-1.396541133935521906e+01,3.427226022907443337e+01,-9.815771439162778833e+00,5.806075452211857169e+01,-1.735540703685349229e+01,1.007581090337919250e+01,-2.087788338395094456e+01,-1.273349195197411632e+00,2.180000796713255440e+01,-2.913964312062454809e+01,-1.902305858550366935e+01,-1.464451404003184010e+01,2.880609295602337028e+00,7.420820549228903218e+00,-1.571556340872420598e+01,3.277222503358586891e+01,2.485119944786439916e+01,-2.988416605781320712e+01,-1.392923583002906973e+01,-1.571196082491367640e+01,-4.563909126618651158e+01,-3.276788470819685273e+00,1.508672551041653875e+01,-7.602996335649713444e+00,5.678138764868954080e-01,5.096078999379724195e+00,4.511136821881773784e+01,-2.991317254370519407e+01,-1.461362216279907500e+01,-6.453379547281888229e+00,3.146621084466302776e+01,5.638475467527781504e+00,1.027074217077634266e+01,3.255844794261366815e+01,1.847561999172682601e+00,-6.539531636050215369e-01,-3.637936995807966412e+01,-2.610147876963030455e+01,7.254028962594039953e+00,-4.161880574567511104e+01,1.093997897853652290e+01,-1.329762998815002462e+01,1.636741020449170492e+01,-3.616027986893710633e-02,1.366442273137237073e+01,1.737657278249558068e+00,-7.929442210237926503e+00,2.038608601067095094e+01,5.869315374972661203e-02,-2.048409428505471475e+00,-2.499632009492061968e+01,3.345610730458211890e+01,6.324014650003646487e+00
-3.318008108459696626e+00,-4.100960632378894388e+01,1.685953323227760237e+01,2.859123095913460944e+01,-2.668457228781533885e+01,-2.897485431706616765e+01,3.390209121369254319e+01,2.872993266024710390e+00,4.608802341789119339e+01,-2.298015276186679046e+01,7.404083943385270317e+00,-8.255394951696806061e+01,7.046370407328087282e+00,-3.050165146700283714e+00,3.411990981326366779e+01,-6.356623057937969890e+00,1.354975174364358637e+01,8.087674508181844146e+01,-1.933568805106663291e+01,-7.563605006269929376e+00,-2.886019409313519901e+01,-8.066514066902522373e+00,-3.814804779746281849e+00,2.868501725903781274e+00,6.165915936900772110e-01,-1.853682001635481313e+01,-3.098492797367718055e+01,7.200249018444257132e+00,1.162590693904150463e+01,6.325070088553119518e+01,2.167026826325874822e+01,3.814989284731051811e+01,1.992388463040201430e+01,1.619105817903563960e+01,-4.611802096885009661e+01,8.767062269701664690e+00,1.026231352186280432e+01,-3.892760435795064211e+01,1.112699187189911854e+01,5.815542546264486390e+01,-1.718424657282742629e+01,-6.176722224309271425e+00,-1.183095512728188137e+00,6.218430635036238385e+01,2.285159072966984795e+01,3.254259378835598682e+01,-4.710064433320657429e+01,-1.678693906833241201e+01,3.641741569278617874e+01,-1.796677010895169246e+01,6.484838942595979461e+01,-1.792788632643100044e+01,2.331415321648168515e+01,-2.781892524872651151e+01,-3.442326463833108363e+00,3.312832924976479632e+01,-3.782757669363881803e+01,-2.674311217733827917e+01,-1.797060000403183366e+01,2.230644544359859793e+01,1.539305864556766323e+01,-1.213980244535967579e+01,2.672749266366291110e+01,1.888837964894468158e+01,-3.374534806691686839e+01,-1.163908968629973195e+01,-2.016927509433844534e+01,-5.382158708222500820e+01,-5.857514127766775047e+00,1.136322269812841412e+01,-8.755466472291047353e+00,1.004350871642039511e+00,1.647511501415606094e+00,5.680887866568277644e+01,-3.314312839139032718e+01,-1.581120883672835831e+01,-6.802959027501667144e+00,3.225153454605568726e+01,1.113214608356989288e+01,1.444676915364989611e+01,4.548916525071130934e+01,1.810462590074446987e-01,7.451821200229481690e+00,-4.488920140351698507e+01,-3.067604618610062417e+01,7.386058870099161844e+00,-6.670133208309225381e+01,1.632366597800490027e+01,-2.571183835415193641e+01,1.018519847474675899e+01,-2.377876927708192145e+00,1.771156983152406283e+01,1.029957948693336434e+01,-9.074765250745320699e+00,8.765193484604901997e+00,6.544202493403779464e+00,5.928956655413142318e-02,-3.040543516225076814e+01,4.459771149064496853e+01,4.589726041853498195e+00
-5.394268393966464181e+00,-5.501080398819094341e+01,2.362207146146878145e+01,4.228187085399911638e+01,-3.539392091153470687e+01,-4.421571169578640337e+01,5.135725334332151704e+01,1.922311533710638898e+00,6.552478942586432709e+01,-3.075843402944140337e+01,8.481538120172357864e+00,-1.183689872864571413e+02,1.268407505481857456e+01,-5.410758676713676607e+00,4.606186418535975946e+01,-1.182113681899076418e+01,1.824425805460704453e+01,1.186493058049091900e+02,-2.752718716562820589e+01,-1.030594826890859750e+01,-4.300782046011493520e+01,-1.126260108598937393e+01,-4.869023136718149125e+00,2.776506573683906520e+00,4.186810714794010124e+00,-2.615064393547029198e+01,-4.210294695828870459e+01,8.107666805944283794e+00,1.584703332293357114e+01,8.902568318689976934e+01,2.320655305275988312e+01,5.254483789792509896e+01,2.786551132014174215e+01,2.502115613579303144e+01,-6.677132615731598264e+01,1.346455090431793700e+01,1.289284910603717904e+01,-5.182844008885823683e+01,1.515574621024325808e+01,7.657773746439038121e+01,-2.466367269525937189e+01,-1.044475679622747855e+01,-3.970026682205738400e+00,9.157097319086889797e+01,3.365618696545009669e+01,4.753616264141280112e+01,-6.742802751107836912e+01,-2.397205742343604484e+01,5.337940322588602271e+01,-2.388275324733248439e+01,9.402643510664071869e+01,-2.644527501422951232e+01,3.007069978093019458e+01,-3.894270819349215884e+01,-4.365818874468373245e+00,4.531626319910448331e+01,-5.321289328260617424e+01,-3.707456063608381669e+01,-2.555668091821780763e+01,2.643375794651382904e+01,2.011968460075338072e+01,-1.927768943939562973e+01,4.181058654077170900e+01,3.013230520423476477e+01,-4.881503286948328935e+01,-1.808905670992000836e+01,-2.843307573225810003e+01,-7.715686746264471196e+01,-7.812743552322363172e+00,1.817467156032380871e+01,-1.261331033713370786e+01,1.341663661522259909e+00,3.640778391905222566e+00,8.038104560797067677e+01,-4.813830408165848240e+01,-2.308347828119128309e+01,-9.989228967567290951e+00,4.765852049753624442e+01,1.464438067076771688e+01,2.002593073996581907e+01,6.313206597407828724e+01,8.452642522012567827e-01,8.271783708608570151e+00,-6.376898205907584583e+01,-4.400698764661139251e+01,1.093101129817860695e+01,-9.045460964711520546e+01,2.239769383511571732e+01,-3.391892543567247742e+01,1.727408162553682303e+01,-2.724180510157220070e+00,2.492241756015363663e+01,1.234621427783401337e+01,-1.309030173246530637e+01,1.704421533222825147e+01,7.483156304102701384e+00,-6.406345556708065159e-01,-4.331627512170891947e+01,6.242584183311442558e+01,7.420578815945134465e+00
-3.586275701023219575e+00,-1.202674183295914467e+01,7.732134897494270298e+00,1.926822983928950705e+01,-6.714699396794612696e+00,-2.331182434723081087e+01,2.623060954756068597e+01,-4.507571402411970851e+00,2.376931182934268350e+01,-6.552528160933907664e+00,-1.846001979624873002e+00,-4.534446448635844718e+01,1.101857412449689555e+01,-4.548575289673411959e+00,1.081775233685905491e+01,-1.098884923785385936e+01,4.163283526270901369e+00,5.186070745062259135e+01,-1.007470983764438621e+01,-2.661418779481369956e+00,-2.035854319193802908e+01,-3.590125143243137806e+00,-4.312661332708387363e-01,-2.126208908981614520e+00,9.486706872003686897e+00,-8.995814250200423245e+00,-1.058082217910949652e+01,-2.183996227758346897e+00,4.107199326681342910e+00,3.012836921536265677e+01,-9.882297935080933016e+00,1.498302547996609135e+01,8.998864416198568250e+00,1.389507310069288337e+01,-2.711937150822337017e+01,7.291746874818279878e+00,5.911044065511719126e-01,-1.033719304212680967e+01,3.899847494815948501e+00,1.308671441675434721e+01,-9.505964805959440156e+00,-7.792148861673384275e+00,-6.947533127051907620e+00,4.082790079503961067e+01,1.501883712422121775e+01,2.029929701239707995e+01,-2.557555814389809967e+01,-8.949978141595606118e+00,2.322360519786423794e+01,-4.664949240199932845e+00,3.851201715407730575e+01,-1.189581759731985500e+01,3.504577001109820955e+00,-1.266227186814018602e+01,-3.121779866981928553e-01,1.214598085765845070e+01,-1.793648262698689422e+01,-1.116948000273033159e+01,-9.288369425852287975e+00,-3.120581023206693061e+00,3.049685862842555828e+00,-1.185092315766103965e+01,2.434101079258442013e+01,1.882129218130250337e+01,-1.972545581187756625e+01,-1.027215116657058580e+01,-9.731146115664264684e+00,-2.952226991426802982e+01,-1.594277419208109281e+00,1.145337555244628902e+01,-4.973622620991941190e+00,2.790720210969696580e-01,4.446220177950673147e+00,2.822951580825305484e+01,-1.991196192874319948e+01,-9.827935043649578262e+00,-4.387270322446510384e+00,2.163428558088675402e+01,2.465803154605938907e+00,6.028435443057539977e+00,1.919126780052047110e+01,1.721669921752773780e+00,-2.590358589129214906e+00,-2.300865196642457633e+01,-1.691179640397017181e+01,5.000355252909622905e+00,-2.227737762041827096e+01,6.174662200260927492e+00,-5.958117492948164617e+00,1.299036379052204992e+01,5.921063897381300123e-01,8.418020124333851939e+00,-1.050524799077508398e+00,-5.202098440227659992e+00,1.721327254082128277e+01,-1.668644721557666522e+00,-1.977364404519990071e+00,-1.592472392965545680e+01,2.028590587833032544e+01,4.846720574489159716e+00
-4.109907212178933733e+00,-1.807975815606116754e+01,1.025675937072620769e+01,2.362945288362372409e+01,-1.063893159594851667e+01,-2.778065679104959429e+01,3.144581718497622091e+01,-4.152909305119713679e+00,3.070488779317246397e+01,-9.941975278082683332e+00,-8.052651492427829183e-01,-5.780353627491106749e+01,1.217472781607269816e+01,-5.046173096284412907e+00,1.586437530330124268e+01,-1.204543429961064760e+01,6.165685440740546142e+00,6.416311976867658018e+01,-1.298577954699788783e+01,-3.783555804529033839e+00,-2.477258359567902701e+01,-4.796624021585427222e+00,-9.854143884328339098e-01,-1.741306188257456533e+00,9.698413901583094798e+00,-1.177801634202768888e+01,-1.517357344812419306e+01,-1.176953915475043466e+00,5.832232119132393144e+00,3.961435172103243474e+01,-6.894368524633229356e+00,2.066316894537222026e+01,1.198056078515110379e+01,1.640350722966832464e+01,-3.410271158951854176e+01,8.646992344550044507e+00,2.074453479463081784e+00,-1.606891164783186809e+01,5.550448789831391672e+00,2.161898350059035323e+01,-1.210028858276311681e+01,-8.781403357458362535e+00,-7.207767989931885388e+00,5.029931365217869654e+01,1.849960630526017979e+01,2.524208432443991512e+01,-3.268017239764635207e+01,-1.147995938358083201e+01,2.876150598793928026e+01,-7.309008565526464274e+00,4.833647799405203216e+01,-1.462807060616720456e+01,6.902519931098602513e+00,-1.682676035158884886e+01,-8.112206656009877115e-01,1.706724548462061364e+01,-2.360858484241272492e+01,-1.515990893297464659e+01,-1.199294566002764739e+01,4.652838117442215093e-02,5.302704968285303799e+00,-1.375028901545559634e+01,2.850002965849792247e+01,2.178148458730445469e+01,-2.483375192850624913e+01,-1.207903958018117052e+01,-1.275762647861269450e+01,-3.764451987262556543e+01,-2.457244020157135722e+00,1.323591591116950639e+01,-6.297134373951366548e+00,4.271135188148914019e-01,4.740794068647047332e+00,3.676456001093503545e+01,-2.493608010444295786e+01,-1.222899710051281197e+01,-5.422413746751505670e+00,2.655253458414630074e+01,4.098545919294503292e+00,8.184016305781351974e+00,2.598135254301623931e+01,1.770033915222358090e+00,-1.552411692881784155e+00,-2.976197596929021216e+01,-2.154224494127083744e+01,6.127298026791054397e+00,-3.215771993588285937e+01,8.602030397859568467e+00,-9.732661245085360235e+00,1.462344353981487899e+01,2.578562339120806790e-01,1.107406027583930452e+01,4.168908990732891340e-01,-6.574487518535004682e+00,1.869693238488764919e+01,-7.492552954419879896e-01,-1.994485383909770482e+00,-2.050345719080673845e+01,2.696200045260573575e+01,5.569568465246247158e+00
-4.198491084564758502e+00,-5.717542568243716516e+01,2.304947214405168410e+01,3.808150513886700139e+01,-3.738525437054453704e+01,-3.797331469516296920e+01,4.460176959279031905e+01,4.880673451846584854e+00,6.257853828702540255e+01,-3.206938804404612142e+01,1.097989372656787666e+01,-1.116393138155977169e+02,8.359660293573339729e+00,-3.654806428026096121e+00,4.743709161435469213e+01,-7.369791323002377048e+00,1.885999500206720469e+01,1.081545955290933421e+02,-2.623731069943439564e+01,-1.047263884150142133e+01,-3.829104471814049759e+01,-1.104600286630179262e+01,-5.431042589961957212e+00,4.484659433466994471e+00,-6.625799515858521449e-01,-2.526169175358024788e+01,-4.295467872243485630e+01,1.074121773344416120e+01,1.609466244194882023e+01,8.628979931837362471e+01,3.286867689519142743e+01,5.256765912639573912e+01,2.726157246771566633e+01,2.107730327590069308e+01,-6.207380660389432592e+01,1.145081009542535533e+01,1.470328493929445024e+01,-5.444920145324854843e+01,1.540906131429871451e+01,8.172918331192120434e+01,-2.322760518216527714e+01,-7.633251272029207612e+00,-5.697644260306035102e-01,8.300168089675895544e+01,3.049908544394974896e+01,4.361137358555024690e+01,-6.374344676129503995e+01,-2.274556787834619698e+01,4.872116624095558990e+01,-2.514801475402134656e+01,8.722256082511017894e+01,-2.390913306077132461e+01,3.304964781151792863e+01,-3.804829457103560486e+01,-4.913346527778478467e+00,4.578979842654248955e+01,-5.161970713953574830e+01,-3.674097843428032206e+01,-2.439725225608381365e+01,3.268008870495506812e+01,2.170051162126426192e+01,-1.556908970005884818e+01,3.456389114857787348e+01,2.416147609278616670e+01,-4.543981414421597975e+01,-1.510522898602409292e+01,-2.749568209954224329e+01,-7.279058084311832033e+01,-8.186729777518268136e+00,1.451416124644763705e+01,-1.181327914643645371e+01,1.402792487597600113e+00,1.648687737013424304e+00,7.731022100832967681e+01,-4.454080430035872240e+01,-2.119478766909162815e+01,-9.093349993964812583e+00,4.297324376408604962e+01,1.565107142244530003e+01,1.984854823611511421e+01,6.246374778531438210e+01,-2.052679128166279288e-02,1.117049857684115999e+01,-6.097406257896223991e+01,-4.147361676102876515e+01,9.833991017900403975e+00,-9.255043059329489097e+01,2.253142867831072493e+01,-3.610616850733971006e+01,1.256383673492072361e+01,-3.526152141846544019e+00,2.416605658182010075e+01,1.502556171639718130e+01,-1.223638807989283350e+01,9.825180206447473807e+00,9.710788962855653850e+00,4.089571051491777132e-01,-4.124481280084453516e+01,6.099906428621541465e+01,5.826341523152826163e+00
-3.271721360493060615e+00,1.266336625236929336e+01,-6.227421713133786119e-01,9.064268337544209686e+00,1.006647365405717487e+01,-1.540876899465256322e+01,1.631029273801721402e+01,-9.683091927670496091e+00,2.625439362547583144e+00,7.403124571347690086e+00,-8.891119693117959244e+00,-9.254032475108205702e+00,1.254198050969305278e+01,-5.065649659884608802e+00,-9.201693259397629276e+00,-1.303865880391244048e+01,-3.872323591772573792e+00,2.129371088312690219e+01,-1.270111410779583672e+00,1.606808382607762375e+00,-1.064407858420960373e+01,4.777270587535497048e-01,2.308248147699917041e+00,-5.764429959299652850e+00,1.510905549500096967e+01,-1.281949817675555325e-01,7.111642842545400356e+00,-9.285582524364510704e+00,-2.442886222222400594e+00,-4.944969444952187487e-01,-3.338697206595601585e+01,-5.541192280247157598e+00,-9.638734406483056016e-01,1.003823792088915923e+01,-8.109421559330041163e+00,5.053880760029003660e+00,-7.145048194173361900e+00,1.379435459585374879e+01,-2.389174414754042797e+00,-2.448199673346292471e+01,-2.036717206593056329e+00,-7.925373236269044774e+00,-1.048642458006964873e+01,1.793965737407224736e+01,6.617703545966252321e+00,7.634121706878813640e+00,-4.794100622128360634e+00,-1.436886109156924718e+00,9.377121333464723207e+00,6.541144441640491358e+00,1.202507287020982574e+01,-5.377611762636255399e+00,-1.267832150756910004e+01,1.185494796397455808e+00,2.209429020654387177e+00,-6.233722743382308806e+00,4.305909990163045986e-01,2.788836141697287552e+00,-1.057019378609080906e+00,-2.277346213227581018e+01,-7.161090829674076730e+00,-9.881822043168021708e+00,1.887834143197662584e+01,1.600383540072853350e+01,-5.739385839742159767e+00,-7.682254878499646722e+00,-4.595482889843299779e-02,-5.966888796977522169e+00,2.011842464856865131e+00,9.842455801149187167e+00,-1.251910525394691387e+00,-3.355680536054226337e-01,6.006784485549616193e+00,1.478755360196106317e+00,-6.522332453354660053e+00,-3.652045176026357254e+00,-1.832224242749799670e+00,1.005913674047039308e+01,-4.750910001434116126e+00,-1.515382537620197922e+00,-4.427492317488963991e+00,2.687336940409391417e+00,-1.015264593208716093e+01,-2.323061524665495536e+00,-3.541182787020320077e+00,2.378978123221606733e+00,1.613125775699649367e+01,-2.759486908913951542e+00,1.054096888454001402e+01,1.330110590433219642e+01,2.854214968828747256e+00,-1.690125228602974428e-01,-9.873464759868918250e+00,-1.374993353687658182e+00,2.136696989909981426e+01,-7.919419708015890791e+00,-3.297805628119949262e+00,-2.132410405411695464e+00,-1.922753318040498538e+00,4.338120927383215530e+00
-3.063108422836214650e+00,-2.186955790473760430e+01,1.037094680955106618e+01,2.063497007413858952e+01,-1.368031829788925435e+01,-2.278565354209279903e+01,2.614285276466609531e+01,-1.116497748327020201e+00,2.965368641035928121e+01,-1.216236446228958279e+01,1.959622832888324506e+00,-5.448684689524205282e+01,8.189465584002991960e+00,-3.435550669393367507e+00,1.859717860764712327e+01,-7.907061988622322346e+00,7.319657102291673212e+00,5.706182790055732568e+01,-1.249163537645893207e+01,-4.252952513104626853e+00,-2.127911841478975319e+01,-4.907890006087154866e+00,-1.694010620650774124e+00,6.066399405804911993e-02,4.935736301837719608e+00,-1.164748551285747347e+01,-1.726321146619383029e+01,1.713189656501818092e+00,6.545255987164248168e+00,3.946253367924798994e+01,3.517864346449099955e+00,2.222323706339723870e+01,1.218730966171325036e+01,1.316250638412273410e+01,-3.132379140338252199e+01,7.012275462242286928e+00,4.275391308447035854e+00,-2.022512217925901723e+01,6.248978557638225517e+00,2.904852525119108009e+01,-1.137510971896672096e+01,-6.254701395950634790e+00,-3.898564068933060511e+00,4.434552456379394414e+01,1.630375680028970464e+01,2.267891269302481305e+01,-3.094087135566164548e+01,-1.094567243117441535e+01,2.563040810682706550e+01,-9.282236021486033550e+00,4.423295512580673972e+01,-1.284682134397980491e+01,1.078308588569034399e+01,-1.706493027543314511e+01,-1.490498140853334430e+00,1.886989609492897557e+01,-2.356027055684919347e+01,-1.590839783481910530e+01,-1.157256866195557521e+01,7.112182423388619057e+00,7.483745184003898210e+00,-1.057826426410012388e+01,2.242296527333113332e+01,1.664807421871732984e+01,-2.286161391850700753e+01,-9.602361049196662890e+00,-1.264506426260215655e+01,-3.550308050714758679e+01,-3.062532130673157660e+00,1.008006897149742542e+01,-5.860176682368662071e+00,5.279404374426920343e-01,2.840515092464681146e+00,3.602245214909129345e+01,-2.272022565064525779e+01,-1.100163224974520304e+01,-4.812139954548344534e+00,2.322684625708826545e+01,5.541048377553127402e+00,8.591138296262110785e+00,2.715488939487484998e+01,9.225842470362584091e-01,1.609652169296575508e+00,-2.881186014714775467e+01,-2.027751476448350942e+01,5.341949264722022583e+00,-3.691503871303404338e+01,9.391944594956896708e+00,-1.292825471473564392e+01,1.038377592715364628e+01,-6.297192890406131394e-01,1.104116951882048347e+01,3.477157689214418035e+00,-6.097203289902108914e+00,1.192324892350257670e+01,1.713707889355903458e+00,-9.558936646581802643e-01,-1.968383677502038864e+01,2.735082562245541382e+01,4.180646256110208014e+00
-3.720029382267329154e+00,1.808496782251420854e+00,3.381160870091167059e+00,1.484152163304442062e+01,2.820524880321857886e+00,-2.064080228898306046e+01,2.260404557485629340e+01,-8.042409086475645452e+00,1.313760800206331147e+01,1.289757442971632528e+00,-6.270369141963344717e+00,-2.762821944013962394e+01,1.293424715550112225e+01,-5.271816700479904583e+00,-3.039800546898554501e-01,-1.321996606215266468e+01,-3.170208628751995938e-01,3.807094959882125096e+01,-5.663492028656988531e+00,-3.222806007343197443e-01,-1.632611782619494889e+01,-1.455947367161966266e+00,1.185395252351799877e+00,-4.516945714773355824e+00,1.374121411452315478e+01,-4.449082454634719852e+00,-8.439885106878843857e-01,-6.673011761310194245e+00,5.195948281995446116e-01,1.434234604033565930e+01,-2.497958555919178281e+01,3.932375325429063651e+00,3.790580870210126463e+00,1.281899233867414800e+01,-1.807980999578602876e+01,6.597776775122779824e+00,-4.030806168225840480e+00,3.313055267669980708e+00,4.512904185605108864e-01,-8.435898095922391704e+00,-5.850397316741993592e+00,-8.576318495109525486e+00,-9.713622072655111239e+00,3.068244483908230436e+01,1.129792124715008228e+01,1.447828033745233789e+01,-1.532598715650293109e+01,-5.217706171917710911e+00,1.695274758641203050e+01,1.686114280762474493e+00,2.598257989258144818e+01,-9.030816978123779037e+00,-5.958968787000186396e+00,-5.436916205354243914e+00,1.183546723476622375e+00,2.135158330540227745e+00,-8.456194106782804809e+00,-3.742510574173046667e+00,-5.152581129055427311e+00,-1.527945965632418535e+01,-2.845728404077220830e+00,-1.173108775766598733e+01,2.323775767438084827e+01,1.881820604836639887e+01,-1.305434603756228995e+01,-9.634574331367559807e+00,-4.756723303234767997e+00,-1.795269870640247944e+01,4.410872394757865411e-01,1.151410468786608021e+01,-3.173566503983396014e+00,-6.718025786072878702e-02,5.790844368234430384e+00,1.461209974599064765e+01,-1.361814886923016132e+01,-6.983074133208123868e+00,-3.239331056226992800e+00,1.659257252357106438e+01,-1.672896454375305986e+00,2.013769641655620557e+00,6.650470799769707675e+00,2.460736371263174682e+00,-7.394491393584731398e+00,-1.258521758350211428e+01,-1.035855072525701281e+01,3.867692850910149360e+00,-1.077109651800512324e+00,1.332964345776781911e+00,3.474951504147425929e+00,1.435123075659702430e+01,2.012664880780028476e+00,3.988682181574035646e+00,-6.477472109540626910e+00,-3.358980923600944024e+00,2.127794480311229464e+01,-5.596940524620404922e+00,-2.953926185690066930e+00,-9.027491028494324610e+00,8.696142801981201487e+00,4.977026621740515466e+00
-4.074156161330877879e+00,-3.805379751745451955e+01,1.670615614646346359e+01,3.067564887031472054e+01,-2.433811116917128459e+01,-3.252885902131165352e+01,3.766228434157378757e+01,6.282144805117662045e-01,4.667134042759130352e+01,-2.125269611886372800e+01,5.340328467679492874e+00,-8.465317046814480761e+01,9.948091628571823719e+00,-4.222047008570506854e+00,3.196976975568496115e+01,-9.373779593315916259e+00,1.264535119267658203e+01,8.576603555419458758e+01,-1.961947951943685808e+01,-7.187277960749591799e+00,-3.131045225104783825e+01,-7.951483071735100161e+00,-3.278004855050518529e+00,1.531539312570041389e+00,4.116486659051959762e+00,-1.855650191936280535e+01,-2.932067188433947535e+01,5.045220742166706351e+00,1.105369548734129381e+01,6.310196636235642131e+01,1.392399047579073468e+01,3.684558247458072344e+01,1.968982381029159257e+01,1.850781041954546424e+01,-4.797176447510076969e+01,9.933128596564092305e+00,8.601515984414792371e+00,-3.571091096921487917e+01,1.056749311327657814e+01,5.245239763934372235e+01,-1.764679573194153051e+01,-8.009410424924602978e+00,-3.611786076191336292e+00,6.630668286251668064e+01,2.437232839693079711e+01,3.429356272892199087e+01,-4.818581549444250101e+01,-1.711074348050687988e+01,3.857008161714207972e+01,-1.644171241962084906e+01,6.759912853932182486e+01,-1.916399954511317816e+01,2.036444147608456490e+01,-2.752925662789211714e+01,-2.928620666686643670e+00,3.166629769711933307e+01,-3.770738417328296777e+01,-2.608258797309060739e+01,-1.820576328298625057e+01,1.701859487968217977e+01,1.372577222606775216e+01,-1.442250779560942853e+01,3.108648766939369779e+01,2.258569015929594315e+01,-3.505672451195930961e+01,-1.341250448379024895e+01,-2.016902280248796941e+01,-5.517481972081034769e+01,-5.388277038306724442e+00,1.363722791847130011e+01,-9.040758424442662644e+00,9.260690483059048628e-01,3.038178589097462634e+00,5.712075699930799288e+01,-3.463621099519626512e+01,-1.664871367802787461e+01,-7.223743959767928935e+00,3.456445008495246185e+01,1.002551480077175228e+01,1.408790292033792646e+01,4.443889361625409151e+01,8.035083688737156837e-01,5.095789380803832813e+00,-4.540311605207862300e+01,-3.147983602077411547e+01,7.933192062728364746e+00,-6.292825432313220801e+01,1.567557104641643839e+01,-2.325597925934685506e+01,1.326108587005076345e+01,-1.715372438570825553e+00,1.766284529687034066e+01,8.006685194317331167e+00,-9.388398564102818256e+00,1.371042062865539890e+01,4.706019814021529690e+00,-7.047261876943449188e-01,-3.088300900193984688e+01,4.412818006915080815e+01,5.592233599251684950e+00
-5.801483517056738037e+00,-5.331826176474865520e+01,2.350675685526292824e+01,4.336812782868418026e+01,-3.406125536020422828e+01,-4.610471531704628489e+01,5.334979166443272192e+01,6.896699337952583164e-01,6.575770597462670253e+01,-2.977110711450730918e+01,7.339411971843616378e+00,-1.193626451110775406e+02,1.425737553203907559e+01,-6.045766396286884614e+00,4.482265856256300651e+01,-1.345883591737260332e+01,1.772451472415708196e+01,1.211714989879122442e+02,-2.764626391048544463e+01,-1.008608679291345744e+01,-4.429359022439781768e+01,-1.118465875232252849e+01,-4.568421956095034098e+00,2.040200887788668815e+00,6.099146580240768500e+00,-2.612681556208821121e+01,-4.113523687497421122e+01,6.916019720325685682e+00,1.551249649391064267e+01,8.882634264979684247e+01,1.893101955565264660e+01,5.176055023120363785e+01,2.770036679221870202e+01,2.625757476112099198e+01,-6.769876293485465624e+01,1.408571160374444631e+01,1.196569751158381756e+01,-4.999715021059819264e+01,1.482909070755632897e+01,7.335122355795614624e+01,-2.488449556644134475e+01,-1.143521100967356574e+01,-5.295649272002611596e+00,9.370875334022827019e+01,3.444497479772088866e+01,4.843274103817377352e+01,-6.793343165831939245e+01,-2.411776618480837442e+01,5.448836985653785803e+01,-2.301543804332149534e+01,9.540933326392098479e+01,-2.708763847884922527e+01,2.841451002539698578e+01,-3.873242954727252396e+01,-4.078538902406024569e+00,4.445511518322847166e+01,-5.307659600039580994e+01,-3.666353273245096744e+01,-2.565171853114819811e+01,2.350112539666881162e+01,1.917941158649299993e+01,-2.050305320586022617e+01,4.414389341811356360e+01,3.211847892505699065e+01,-4.946902997785931433e+01,-1.903691199708235615e+01,-2.839530270173744242e+01,-7.779628697940405857e+01,-7.545269166367654101e+00,1.939672780077600223e+01,-1.275294972542442373e+01,1.296990811062058713e+00,4.398019154192956748e+00,8.044555465431464825e+01,-4.889276853419852387e+01,-2.351186150556826249e+01,-1.020658930243249962e+01,4.886287326074700132e+01,1.401858354072245305e+01,1.980277183681410591e+01,6.247297329024061696e+01,1.185243139338827856e+00,6.969773176575710494e+00,-6.396619143358999793e+01,-4.438920075568911017e+01,1.121636157011813140e+01,-8.826730481287222574e+01,2.201290363589303212e+01,-3.252826416408414900e+01,1.893674648328708443e+01,-2.357534528670751861e+00,2.486272943982697115e+01,1.107340891526502524e+01,-1.324484030294517289e+01,1.973154798915039265e+01,6.465961352986415278e+00,-1.058453070168752674e+00,-4.352064215613588516e+01,6.208591880157015197e+01,7.960112303631307284e+00
-6.947657398392820483e+00,-6.164659806908223771e+01,2.743453493745090555e+01,5.114170299717447676e+01,-3.927961299931238415e+01,-5.466675077734798549e+01,6.317885411481187674e+01,3.060784037949790815e-01,7.697067553601789314e+01,-3.440421478674543465e+01,8.116903868244159881e+00,-1.399479583292216205e+02,1.730648366589361586e+01,-7.325681721476211550e+00,5.189850289770685521e+01,-1.639905804960504554e+01,2.051050301202036863e+01,1.426829322823527662e+02,-3.236907397538882236e+01,-1.170224463720514585e+01,-5.230460625364268168e+01,-1.304415585523689280e+01,-5.218877363297858452e+00,2.086371677437960592e+00,7.906423599593205509e+00,-3.053472358773551676e+01,-4.769777621616106700e+01,7.601828102062095027e+00,1.799962829897802052e+01,1.037643976624840150e+02,2.039691748169532559e+01,6.019407242486318665e+01,3.231698851870237377e+01,3.119899640926970719e+01,-7.952176482873466057e+01,1.671941887371006175e+01,1.361264765154203715e+01,-5.770764251783052146e+01,1.720386902899966231e+01,8.444429436176287140e+01,-2.918162825245454783e+01,-1.377062424285253428e+01,-6.728982711920624915e+00,1.104207335308281728e+02,4.058909216888503835e+01,5.698568075635736818e+01,-7.962485222068377766e+01,-2.825477754917343631e+01,6.415139469689330554e+01,-2.655498323355979906e+01,1.121025221984561426e+02,-3.192834320246168645e+01,3.254681877623806940e+01,-4.519606059979469848e+01,-4.651569549415558669e+00,5.162222918361209878e+01,-6.199559062990394409e+01,-4.269588684709166415e+01,-3.002753161364259427e+01,2.628469184447763141e+01,2.204074720161079171e+01,-2.446700208792850972e+01,5.255468591729564309e+01,3.835512315175293452e+01,-5.809874884901227432e+01,-2.264035047060660233e+01,-3.318111265341413230e+01,-9.120972313248100249e+01,-8.712498984738051178e+00,2.317227464727428554e+01,-1.496591083173493075e+01,1.498160661054885434e+00,5.448931687666015655e+00,9.407363761467166796e+01,-5.746582125260582785e+01,-2.766113369659510113e+01,-1.202054531071179966e+01,5.761343459521969379e+01,1.613492878227551586e+01,2.306050935576941541e+01,7.276857850626021218e+01,1.523609015650011056e+00,7.619885140292567804e+00,-7.486175804052157901e+01,-5.204972214511735729e+01,1.322864213918602871e+01,-1.023041263702351102e+02,2.557874542585221178e+01,-3.746388589804322322e+01,2.281331641065940019e+01,-2.607367601417674319e+00,2.904235131560718486e+01,1.242922370549923450e+01,-1.554701735861372214e+01,2.415831186741958803e+01,7.146465079849973812e+00,-1.406968107239930710e+00,-5.096213638974275284e+01,7.244559814169205936e+01,9.524966137412633316e+00
-5.817004352978209170e+00,-5.157045877910028508e+01,2.295563097364213334e+01,4.280317095403803052e+01,-3.285725744321527486e+01,-4.575948363494002535e+01,5.288307039211416338e+01,2.459322048291427976e-01,6.440920507909564208e+01,-2.878049107638877047e+01,6.782598268689192800e+00,-1.171134251128786019e+02,1.449466753428883337e+01,-6.135208942306112689e+00,4.341722489892580938e+01,-1.373588699686688130e+01,1.715841889782324259e+01,1.194146205518282642e+02,-2.708667617151219176e+01,-9.790350479677899287e+00,-4.377791035492234784e+01,-1.091440361990965613e+01,-4.364551502919709947e+00,1.739742369047093007e+00,6.631716738217015461e+00,-2.555055318086643723e+01,-3.990439778349582411e+01,6.351185522712135878e+00,1.505890767307852585e+01,8.682599936189589585e+01,1.703233356631854889e+01,5.036252516818740332e+01,2.704074333050158785e+01,2.611681657077591368e+01,-6.654963740237126046e+01,1.399555637737661229e+01,1.138308614152212961e+01,-4.827328524836430290e+01,1.439309986515313078e+01,7.063436603489303423e+01,-2.442033622671243620e+01,-1.153112527935756226e+01,-5.641612579931901905e+00,9.241518223260919740e+01,3.397053198290809917e+01,4.769170871882599272e+01,-6.663241067348324975e+01,-2.364414822822465112e+01,5.368956760075288770e+01,-2.221342758011503093e+01,9.381622537810713425e+01,-2.672220754308979807e+01,2.722073728378985180e+01,-3.781727981060325305e+01,-3.889951544679859374e+00,4.318916989111445304e+01,-5.187534920657490289e+01,-3.572353318482973350e+01,-2.512712903714250245e+01,2.197018526201252797e+01,1.843541637313084891e+01,-2.048354814189443118e+01,4.399582856201261194e+01,3.211109415566782133e+01,-4.862109353777577070e+01,-1.895275487963703398e+01,-2.776487506717074893e+01,-7.632747013785505885e+01,-7.288207006766718621e+00,1.940012284526424224e+01,-1.252428190992936052e+01,1.253256975878900281e+00,4.565798133375800205e+00,7.871917617794917987e+01,-4.809230467999074676e+01,-2.314973694218703670e+01,-1.006031052102838785e+01,4.821954219445623835e+01,1.349616315764752450e+01,1.929465630883059291e+01,6.088561554607446169e+01,1.277730510096704020e+00,6.365383139856112926e+00,-6.264421661964730959e+01,-4.355716182067941844e+01,1.107177989144235397e+01,-8.558764867894267070e+01,2.140052218320920119e+01,-3.133741971822551520e+01,1.910339629286788821e+01,-2.178754741008702922e+00,2.430147423623884961e+01,1.038996772577874772e+01,-1.301066153826544891e+01,2.023732569614178090e+01,5.971590036228871412e+00,-1.180771399773065555e+00,-4.264562542558578428e+01,6.061799081665105149e+01,7.974730205791034976e+00
-5.443723823478791246e+00,-5.312195581725571003e+01,2.306133602933083182e+01,4.180743539391005470e+01,-3.407886753193487550e+01,-4.402789698211846314e+01,5.105657693109556305e+01,1.375853671418241220e+00,6.419569824273013126e+01,-2.968554074841168955e+01,7.829547237990539088e+00,-1.162025721069765751e+02,1.305247543017004119e+01,-5.553118532697338239e+00,4.455316338648950136e+01,-1.223466282335019528e+01,1.763485028406904220e+01,1.171026101340754622e+02,-2.697752248872638958e+01,-9.991890166006777818e+00,-4.259928807099637282e+01,-1.098585075910426490e+01,-4.640102585157566573e+00,2.414689247784394421e+00,4.878742194890820727e+00,-2.557239585646668090e+01,-4.079146535986743771e+01,7.443528684529183259e+00,1.536556643301620895e+01,8.700872818757356697e+01,2.095157260533351362e+01,5.108145552934873734e+01,2.719212581443104071e+01,2.498343283089194955e+01,-6.569948702296080967e+01,1.342615906956898009e+01,1.223297510310437808e+01,-4.995196763676934637e+01,1.469253407594948158e+01,7.359200378245775198e+01,-2.421791526146229501e+01,-1.062320891703198100e+01,-4.426458539284768179e+00,9.045555042902977050e+01,3.324747646999320949e+01,4.686984518846176684e+01,-6.616912353851230932e+01,-2.351058186363335167e+01,5.267301485598871125e+01,-2.300846651712510393e+01,9.254856873393356409e+01,-2.613337436718839513e+01,2.873891122636196016e+01,-3.801003523630458147e+01,-4.153291519070346105e+00,4.397855557233413037e+01,-5.200028838193440350e+01,-3.610030876315985182e+01,-2.504001122528964629e+01,2.465843176603712550e+01,1.929733330286952864e+01,-1.936029802263521660e+01,4.185696392444923930e+01,3.029043491158078893e+01,-4.802159618843108291e+01,-1.808388753307154673e+01,-2.779950034514801871e+01,-7.574133558082566253e+01,-7.533391860558535491e+00,1.827990462484973477e+01,-1.239627913732953779e+01,1.294207088800751526e+00,3.871660767945376946e+00,7.866004288546720602e+01,-4.740071226516236891e+01,-2.275705231984147048e+01,-9.861063547401945684e+00,4.711555216151305103e+01,1.406981052685568301e+01,1.949921863671966804e+01,6.148978383959232730e+01,9.660831968872638509e-01,7.558892794219569389e+00,-6.246344135967600408e+01,-4.320679980402484688e+01,1.081020880883112412e+01,-8.759267811033207352e+01,2.175324653249666440e+01,-3.261219255051481269e+01,1.757928683993015184e+01,-2.514846890704632187e+00,2.435618834653829268e+01,1.155670597480031958e+01,-1.286900118199223897e+01,1.777393742729648451e+01,6.904018741418800786e+00,-7.977710948166147897e-01,-4.245828897736107166e+01,6.092958692889997252e+01,7.480157842078709152e+00
-4.467539144512402416e+00,-6.858833580901290361e+01,2.704338991247874446e+01,4.331320457065761076e+01,-4.508972139853906924e+01,-4.232743174869948888e+01,4.995809192332235682e+01,7.019892812007590521e+00,7.283735502758773350e+01,-3.851149868593527259e+01,1.404638770996255204e+01,-1.293219617476646306e+02,8.079048060866714565e+00,-3.588685876146546327e+00,5.672940357767911479e+01,-6.854015768572260470e+00,2.258339523046080544e+01,1.236156507816659058e+02,-3.051559190415599687e+01,-1.246658444603739291e+01,-4.334433296828062510e+01,-1.298428998135669943e+01,-6.664843737456422446e+00,6.026006369642109561e+00,-2.821173921375974558e+00,-2.952914046114814184e+01,-5.120364354697697706e+01,1.382065006814968378e+01,1.915542776962183069e+01,1.009929777321501234e+02,4.296533540185508571e+01,6.223446291027968869e+01,3.201613285079354654e+01,2.329289850572379805e+01,-7.150432030227942448e+01,1.270861744117759251e+01,1.816485974388105618e+01,-6.555286684263302277e+01,1.834626294409599367e+01,9.890741507198104898e+01,-2.689156853404123737e+01,-7.854651799302983406e+00,7.537633093015111418e-01,9.465061372787383220e+01,3.477601490692291719e+01,4.997471600430247207e+01,-7.390615134302514377e+01,-2.640900427420998042e+01,5.571516262963708499e+01,-3.029940606521464019e+01,1.003884344569334814e+02,-2.723623996578793083e+01,4.037244345214525509e+01,-4.466247944481055754e+01,-6.045954661681046893e+00,5.440075136395280708e+01,-6.043359694922602898e+01,-4.335055982425178911e+01,-2.839228734589379854e+01,4.130737896587600488e+01,2.635110702949215522e+01,-1.687158206679857031e+01,3.786983046148560561e+01,2.609228233457091406e+01,-5.236989380052637699e+01,-1.662692863154815015e+01,-3.215319107249145958e+01,-8.432900242936702284e+01,-9.847800045590224371e+00,1.564305125346225012e+01,-1.364746563961872106e+01,1.686175568526476987e+00,1.114838278590672749e+00,9.022307487615294974e+01,-5.121236275352667633e+01,-2.429518801950793261e+01,-1.038759901623478754e+01,4.889993042283852276e+01,1.894917031807145591e+01,2.342042486923796929e+01,7.365826790159356108e+01,-3.879527135159247520e-01,1.444017001438935033e+01,-7.100168393646561071e+01,-4.802866343578539698e+01,1.117981877154073622e+01,-1.104331939135410465e+02,2.672685541569111933e+01,-4.365794151445393112e+01,1.289351607369441410e+01,-4.510791578593465800e+00,2.828791765044537954e+01,1.891130772903543900e+01,-1.412567197796176544e+01,8.597982563715826032e+00,1.243042464488531706e+01,9.249427396221124864e-01,-4.795183954967628637e+01,7.160593419971023366e+01,6.227078767667351578e+00
-4.511800724742087709e+00,-2.557392675547958305e+01,1.311959672436021407e+01,2.800280280979328751e+01,-1.560223640213252594e+01,-3.191656138568855994e+01,3.636683155114894817e+01,-3.209325802869785083e+00,3.832493187986327854e+01,-1.415602211500122820e+01,8.620698907608588257e-01,-7.123615866673520713e+01,1.276202470717071513e+01,-5.317689566336619933e+00,2.203601853365208285e+01,-1.249318567876454900e+01,8.626958183853979278e+00,7.674096644483191199e+01,-1.617465445998729834e+01,-5.131063413595103206e+00,-2.911595454793892301e+01,-6.174915288397880175e+00,-1.736324334420874083e+00,-9.849527110393019314e-01,9.083044214107156122e+00,-1.488698319380651469e+01,-2.071893256888090917e+01,4.748982525987308634e-01,7.902185597885433843e+00,5.026700842473132269e+01,-1.663965370914571196e+00,2.733785068654333372e+01,1.537458811281399385e+01,1.864669073513326225e+01,-4.146683341732152428e+01,9.879779412423241425e+00,4.139017645312973670e+00,-2.326702464318354657e+01,7.534004859150536859e+00,3.255687173791538669e+01,-1.489113897297675315e+01,-9.442245977461652728e+00,-6.907572517907569321e+00,5.989554930539523525e+01,2.202484709667546525e+01,3.034750670368681114e+01,-4.036718604651439790e+01,-1.423258705662025747e+01,3.443513952271379708e+01,-1.063955014930408538e+01,5.866186039356771431e+01,-1.738490650581987751e+01,1.142372264962835438e+01,-2.155807609047034035e+01,-1.494834091035638357e+00,2.293102083383390166e+01,-2.998590674390860755e+01,-1.978673425179543699e+01,-1.496256116505884037e+01,4.878780235321531933e+00,8.230241696223798087e+00,-1.532011219587987227e+01,3.209316597853921849e+01,2.419406472051643320e+01,-3.023145798174356003e+01,-1.366938881260516858e+01,-1.614483692479835852e+01,-4.640516265496606962e+01,-3.537321372538545283e+00,1.467711006727364875e+01,-7.708895083216184219e+00,6.118607167624013909e-01,4.731812759161917015e+00,4.624078418761338582e+01,-3.019532696233036617e+01,-1.471224413026090261e+01,-6.478445289929560147e+00,3.149364730111994604e+01,6.195354766259488777e+00,1.068387215714925453e+01,3.383638400000367596e+01,1.672577456288241615e+00,1.829770382189970235e-01,-3.719495004253673898e+01,-2.652876702327752412e+01,7.255299991064716458e+00,-4.413434477970914571e+01,1.147649668006663504e+01,-1.455508004258522092e+01,1.570208871218774860e+01,-2.775621321391255059e-01,1.405848890720667299e+01,2.617553192096740311e+00,-8.034048529864454835e+00,1.915312332036931053e+01,7.273390152935172992e-01,-1.827591037269947760e+00,-2.551154223714503289e+01,3.454803363837627472e+01,6.134424886001770716e+00
-3.103441091444906430e+00,-3.572935685870643141e+01,1.491561473713858810e+01,2.579555110230866433e+01,-2.315835695974282515e+01,-2.644966906850327959e+01,3.086242100111704545e+01,2.067715993092538174e+00,4.098824243510239995e+01,-2.000611189872154227e+01,6.123851130704878187e+00,-7.364437097382503339e+01,6.867574097430204638e+00,-2.954782669055310951e+00,2.979279012845845287e+01,-6.280677617162432114e+00,1.182056260071949438e+01,7.275339536084179315e+01,-1.720448184492654775e+01,-6.625812841736307135e+00,-2.611218806220321653e+01,-7.127540137166559653e+00,-3.267680571852172200e+00,2.257690947781496593e+00,1.294458262638477519e+00,-1.643974353412970402e+01,-2.711699136046606284e+01,5.923621684273642884e+00,1.018577248200568697e+01,5.604900252129633031e+01,1.755877530043855117e+01,3.354665939406527997e+01,1.761536162272128081e+01,1.485066573088504427e+01,-4.128626949805188673e+01,8.022385973401938486e+00,8.744172894605526380e+00,-3.382762608193308296e+01,9.746129118212005338e+00,5.034462381570288159e+01,-1.533511374636677971e+01,-5.868105070853200544e+00,-1.567879248604337583e+00,5.601602552285279302e+01,2.058610852050910012e+01,2.922775635290678409e+01,-4.199329795731333803e+01,-1.495320071994388655e+01,3.274916300114006873e+01,-1.560427521320198352e+01,5.808506173978886977e+01,-1.615973058556661002e+01,2.004111300094432124e+01,-2.460356197841892723e+01,-2.942359466878734509e+00,2.906062852259742257e+01,-3.351386997110240884e+01,-2.357046577181566960e+01,-1.598374678405736127e+01,1.864808664975556596e+01,1.329192487274668721e+01,-1.125137469984202099e+01,2.462905027306484484e+01,1.753718634730294212e+01,-3.020024971435987027e+01,-1.069861006422532057e+01,-1.788288912127433861e+01,-4.800964565203906886e+01,-5.093269133199820331e+00,1.056096703428383421e+01,-7.823924889948665751e+00,8.737753762772602073e-01,1.757873916894209021e+00,5.043581822144678029e+01,-2.970511795760177165e+01,-1.419782995474586151e+01,-6.121696605776450362e+00,2.908975212751573736e+01,9.633802765658666445e+00,1.273245148647816016e+01,4.010824864466049888e+01,2.935140270279436581e-01,6.103731420279529196e+00,-3.991048750271770729e+01,-2.737042801834662242e+01,6.665692533661630392e+00,-5.833412948151250532e+01,1.433479411764599476e+01,-2.227251623372915290e+01,9.687804538042872338e+00,-1.966781693938325137e+00,1.569342616525205969e+01,8.642165367196332326e+00,-8.113084066599753896e+00,8.828156638958565949e+00,5.409637632703645060e+00,-1.106652989963845535e-01,-2.706079579394910439e+01,3.944192423363779199e+01,4.283636024648383334e+00
-3.017454143700402547e+00,-1.719646977362948093e+01,8.804430841803402075e+00,1.876148199745301781e+01,-1.049824999355016431e+01,-2.136853898906139904e+01,2.435176057327667110e+01,-2.124486387581270730e+00,2.570625792354459449e+01,-9.519990777710265917e+00,6.048557234041549435e-01,-4.776828738386280548e+01,8.525353484453296105e+00,-3.552827420210421749e+00,1.481241593998338857e+01,-8.343498640854274839e+00,5.799767677427246859e+00,5.142591393342513584e+01,-1.084858707612348283e+01,-3.447461269534154216e+00,-1.950364995535330337e+01,-4.144473475487049363e+00,-1.171851796060531914e+00,-6.437037965520051586e-01,6.049308788114265312e+00,-9.988022716746149499e+00,-1.392250077599280544e+01,3.462568824223648534e-01,5.309229800098776764e+00,3.372806207800146439e+01,-1.017109956714460139e+00,1.835878414062176489e+01,1.031842955629114655e+01,1.248111191749740456e+01,-2.779799835897746618e+01,6.613791319529323864e+00,2.798325482591798252e+00,-1.565202115019668305e+01,5.062039569070520884e+00,2.191682883043853991e+01,-9.985133210598323927e+00,-6.311686127605272034e+00,-4.603430827440593731e+00,4.013347910859226175e+01,1.475785803921480976e+01,2.033891301562876563e+01,-2.707005425563698253e+01,-9.545063054072038256e+00,2.307632011663674731e+01,-7.158053617558691073e+00,3.932333275406001860e+01,-1.164838453742595625e+01,7.702451244499327387e+00,-1.446789295754848936e+01,-1.009530212324933895e+00,1.540408703234982468e+01,-2.012029032630221792e+01,-1.328418312027618420e+01,-1.003596843195459165e+01,3.341162601013802913e+00,5.543375237459983396e+00,-1.024961324231790982e+01,2.147670971629685965e+01,1.618536850252148085e+01,-2.026668706751543780e+01,-9.148605979429657253e+00,-1.083222288063629790e+01,-3.111773862783725519e+01,-2.379346866482614065e+00,9.818308824362965481e+00,-5.168549795762761079e+00,4.115255470158351581e-01,3.156934196262287884e+00,3.102080120707019617e+01,-2.024011574903610722e+01,-9.860298350115654031e+00,-4.341254511633085400e+00,2.110070034042367837e+01,4.170899966457838559e+00,7.172839860565678904e+00,2.271565428591430802e+01,1.114219120972885113e+00,1.529721814472626562e-01,-2.494899749031018388e+01,-1.778891048354936189e+01,4.860857688116550612e+00,-2.965987762262485461e+01,7.708351553697553094e+00,-9.797073264830320483e+00,1.049572763088702843e+01,-1.947212316805762011e-01,9.433029624082944764e+00,1.785617666824942162e+00,-5.386344954054046674e+00,1.278719948660611294e+01,5.115674078599528052e-01,-1.216409169182206762e+00,-1.711059576800300164e+01,2.318568322858785535e+01,4.102979420641382546e+00
-3.487512840551862947e+00,-7.200328347185028122e+00,6.059162429137243677e+00,1.711832676619852833e+01,-3.450168437476098582e+00,-2.155563002855636512e+01,2.405906008439058041e+01,-5.442968203670445426e+00,1.948986695619298004e+01,-3.827146317180205592e+00,-3.165876835875477635e+00,-3.798807027751549725e+01,1.118867962583318842e+01,-4.597532645220682390e+00,6.892782969331046949e+00,-1.125939458853150832e+01,2.589781602561450846e+00,4.548407144449909367e+01,-8.290770269640264090e+00,-1.820744671302321427e+00,-1.828990007202330048e+01,-2.777477240671677894e+00,9.444707249404271643e-02,-2.795080580715458396e+00,1.045302607874068102e+01,-7.211602643453994155e+00,-7.100995869040285235e+00,-3.510941172749338701e+00,2.816839072350807438e+00,2.397706306918021113e+01,-1.424537836127606383e+01,1.091682916356498900e+01,7.006338059273083729e+00,1.301067422713976285e+01,-2.320940657083052372e+01,6.786955917992116838e+00,-8.866595578659186572e-01,-5.635356726770837099e+00,2.661390472198495338e+00,5.799398811214754090e+00,-7.982171934431566918e+00,-7.732884790279173970e+00,-7.545166372071941296e+00,3.603148118406710410e+01,1.325795276092809161e+01,1.767009870892916723e+01,-2.134543024901525854e+01,-7.423883001728469822e+00,2.033798245213117184e+01,-2.483002733894903891e+00,3.305630161919414434e+01,-1.052695676828895088e+01,3.886858833857189666e-01,-9.891073309637306465e+00,1.707982474273626039e-01,8.518454510147854819e+00,-1.424848884256448933e+01,-8.393463708665034773e+00,-7.621994084276374259e+00,-6.824499688026655519e+00,1.074577120865437330e+00,-1.134774826521078950e+01,2.303778153456356392e+01,1.808108794401708863e+01,-1.685126570914853517e+01,-9.668047947487625748e+00,-7.783455958033675515e+00,-2.472171602617467556e+01,-8.911164509332900607e-01,1.102263982624641159e+01,-4.211786304791203861e+00,1.591430631933278272e-01,4.694751171248948474e+00,2.283526561504741537e+01,-1.714918444112398177e+01,-8.546631348771841274e+00,-3.853689548265725406e+00,1.919790598793384362e+01,1.066477593111397670e+00,4.528216737691399985e+00,1.449082717672268572e+01,1.886638254866488396e+00,-4.000512677911652659e+00,-1.882462693780610863e+01,-1.418520942788418715e+01,4.447502432162377950e+00,-1.473052972722515008e+01,4.408427474963882986e+00,-2.755451342794854597e+00,1.290842311058585068e+01,1.015910235816612994e+00,6.693446867733213068e+00,-2.717162118773797985e+00,-4.417736688550789381e+00,1.781637750312816237e+01,-2.839368419122476173e+00,-2.207031410831370888e+00,-1.312865044995652752e+01,1.584176879775078106e+01,4.697366955099416153e+00
-6.007688003243196739e+00,-7.303477109432654402e+01,3.013062843015029202e+01,5.132923946641433588e+01,-4.748113839294235561e+01,-5.216074495234773423e+01,6.099135280496204814e+01,4.914729510130058543e+00,8.246583023130303047e+01,-4.091873530199242026e+01,1.303451236618918152e+01,-1.478191679741121618e+02,1.288673763517305915e+01,-5.569948338970283075e+00,6.079539787374301341e+01,-1.166486351364709506e+01,2.413815769696651259e+01,1.450965899124139185e+02,-3.460143866654750866e+01,-1.348688751968612465e+01,-5.184639812215083055e+01,-1.441199976852596087e+01,-6.767920791520959156e+00,4.996618922231998994e+00,1.449171185270987205e+00,-3.314685596956617530e+01,-5.523799652315437214e+01,1.266100302458431415e+01,2.073111572030869709e+01,1.130811795352916960e+02,3.798041296977066850e+01,6.808502132542291463e+01,3.560187414439160847e+01,2.918002630662970276e+01,-8.264530519892535665e+01,1.579151505046039539e+01,1.818510576217477848e+01,-6.928619014514845276e+01,1.984028593153870546e+01,1.034203714308055453e+02,-3.077224306566603573e+01,-1.122586708771952679e+01,-2.356008581836022575e+00,1.115974642452276839e+02,4.101059737125157056e+01,5.836147616038656594e+01,-8.432616439391226493e+01,-3.004809139438805232e+01,6.532967054037675325e+01,-3.197456503416758977e+01,1.162251361878904277e+02,-3.217853661762254802e+01,4.139488127160471720e+01,-4.971315542273902821e+01,-6.104195523998540374e+00,5.909055262696474387e+01,-6.762599001161345313e+01,-4.775280563040073645e+01,-3.215576558156678999e+01,3.936144539678518584e+01,2.735853209705506472e+01,-2.193277431617166684e+01,4.822206779009645317e+01,3.413973944616834899e+01,-6.046852810091262853e+01,-2.098702496171078735e+01,-3.606380556676862881e+01,-9.637015068407467311e+01,-1.042709546403422394e+01,2.054334304635936093e+01,-1.568353909786896594e+01,1.788083525353241443e+00,3.083593483071279451e+00,1.016084531605046664e+02,-5.940972274781864826e+01,-2.835431208170536266e+01,-1.220576362293504680e+01,5.789670703520007322e+01,1.979530767964978821e+01,2.579611268965952675e+01,8.123322783187373375e+01,3.853769703485337983e-01,1.309091894144995472e+01,-8.031539271811158187e+01,-5.493016159518862906e+01,1.326089485165216431e+01,-1.188921111942751168e+02,2.912346425278440165e+01,-4.573099782164551641e+01,1.851639520011221052e+01,-4.186159451428393297e+00,3.166448514447532148e+01,1.818912935093303318e+01,-1.625727103699722775e+01,1.616250498681883485e+01,1.151933791088222137e+01,3.033629145539995520e-02,-5.441398125744107261e+01,7.969678011435775034e+01,8.305995501373972800e+00
-3.784709650594533237e+00,-1.176307171645412808e+01,7.858186221598276511e+00,1.999967728484742580e+01,-6.449699260125693279e+00,-2.437140338522950600e+01,2.738245246555580437e+01,-4.975979626047623228e+00,2.433527040223422588e+01,-6.389070049506371696e+00,-2.231460486071101812e+00,-4.659103339806829780e+01,1.172612702902389259e+01,-4.836264967453606900e+00,1.066662741333974296e+01,-1.171534842721335323e+01,4.092110469823865060e+00,5.370743018748544984e+01,-1.032077745639742261e+01,-2.650066812562319463e+00,-2.117332136390462693e+01,-3.641239020547338168e+00,-3.489223606843887548e-01,-2.394208912348708473e+00,1.026535141873498347e+01,-9.175987523916639077e+00,-1.050724683461171693e+01,-2.591541704696462389e+00,4.091127185780585762e+00,3.069548004277817910e+01,-1.138716935385651929e+01,1.505689000094410979e+01,9.136166639476087425e+00,1.456020181013855819e+01,-2.796613174115383771e+01,7.632378966654145280e+00,3.217323993450538211e-01,-9.996169757074749640e+00,3.881850024273550304e+00,1.237907663789160750e+01,-9.771096021460062175e+00,-8.255404545168428143e+00,-7.495023319307247966e+00,4.232798123892565911e+01,1.557137864529421023e+01,2.099459698389349427e+01,-2.626193387913065891e+01,-9.180705174476344155e+00,2.404435593178514097e+01,-4.498628459263260382e+00,3.973450219465538424e+01,-1.233880964154952053e+01,3.074406370545595735e+00,-1.286218245725346065e+01,-2.314004532424067673e-01,1.213738861375844991e+01,-1.826874958382201086e+01,-1.127729923345431473e+01,-9.510751396986046657e+00,-4.076583919910440557e+00,2.827547760166416957e+00,-1.247010672888193739e+01,2.555701918328900035e+01,1.981684063151000430e+01,-2.033509984609342425e+01,-1.077413118263353375e+01,-9.922402145259502149e+00,-3.033158528649737207e+01,-1.546227612764399240e+00,1.206327199117630400e+01,-5.119664920302319899e+00,2.713135409279217591e-01,4.768914232700258715e+00,2.883722982354685982e+01,-2.055601543974914591e+01,-1.016283484363181167e+01,-4.544710083680485901e+00,2.245090565125572013e+01,2.327044717274949104e+00,6.086227834142852622e+00,1.939084070665702342e+01,1.860830241735600632e+00,-3.039900509572446730e+00,-2.354791492499587946e+01,-1.738024927017892551e+01,5.191224281771311233e+00,-2.207694391460663397e+01,6.186394251544193423e+00,-5.659735005773548266e+00,1.376614628287024189e+01,7.158361179273480257e-01,8.575261132033228151e+00,-1.459113750533242992e+00,-5.357427313694168802e+00,1.838834630028522454e+01,-2.012451758196629026e+00,-2.145500885234191912e+00,-1.631857969038563638e+01,2.060525369086455427e+01,5.111614684279003562e+00
-2.774442379483991417e+00,-3.597460672114275582e+01,1.464429298789626799e+01,2.451369904030701008e+01,-2.346624630785891696e+01,-2.464534492938253152e+01,2.889082488531200710e+01,2.799092173711277276e+00,3.989514471411304442e+01,-2.016847363575426044e+01,6.704413785542547188e+00,-7.131684278784206299e+01,5.714685034579627398e+00,-2.485237933423788625e+00,2.988850570503094772e+01,-5.100629088173752379e+00,1.187628482520523931e+01,6.948031541761658048e+01,-1.673219273156334808e+01,-6.611873196241884187e+00,-2.469692667898383220e+01,-7.012321993613683802e+00,-3.382267920254552251e+00,2.670973340199810586e+00,5.589181341701032757e-02,-1.607542559113359104e+01,-2.710285703557588022e+01,6.540104790546775071e+00,1.016216062563671230e+01,5.488155744361480259e+01,1.985592922180518372e+01,3.326821574098900669e+01,1.731323308817907147e+01,1.372647808288169280e+01,-3.974732182844739725e+01,7.444648572967959232e+00,9.128391643275536538e+00,-3.420445767232718737e+01,9.727681475515646881e+00,5.122214705568932658e+01,-1.484165512722919722e+01,-5.106669406104124675e+00,-6.938359623931371623e-01,5.337216132664058676e+01,1.961249011707491618e+01,2.798658614270744849e+01,-4.070478051138837827e+01,-1.451603144774446719e+01,3.129248930507356263e+01,-1.579236424107349812e+01,5.587057468484608336e+01,-1.538080707454389540e+01,2.062542263615056726e+01,-2.416869435915577213e+01,-3.056034538446581461e+00,2.893428834108475556e+01,-3.282661984373044106e+01,-2.328632265976222371e+01,-1.555482244394490721e+01,2.007132035152222471e+01,1.357948890905556638e+01,-1.021723485181099100e+01,2.258591797121265898e+01,1.587711840035831656e+01,-2.908996116399082155e+01,-9.852625913293151072e+00,-1.749408155699708800e+01,-4.649758482704027074e+01,-5.144789681761455569e+00,9.544850196899169248e+00,-7.555113522709691942e+00,8.818468615386558795e-01,1.238692601109659064e+00,4.923114169858317268e+01,-2.854275501101321666e+01,-1.359942755884422283e+01,-5.843043805786034994e+00,2.765723744731293365e+01,9.807020118646436302e+00,1.257967355378224816e+01,3.959925405174778490e+01,7.185653491855201191e-02,6.785813505827183789e+00,-3.886482981466078712e+01,-2.649722447077540011e+01,6.331512854594842032e+00,-5.837044608742861840e+01,1.424719831520901536e+01,-2.263750432948032909e+01,8.413350362971527829e+00,-2.153133486735683277e+00,1.536899612979886420e+01,9.247209043012968976e+00,-7.828182748080049436e+00,6.925897896184373792e+00,5.927719214128853942e+00,1.559712433490287875e-01,-2.630714544489323714e+01,3.874657476997862204e+01,3.843770053016390520e+00
-2.223570346861850844e+00,-2.685526006729412529e+01,1.109466887802030932e+01,1.893446620849046269e+01,-1.745288825874400729e+01,-1.926204658307693052e+01,2.251729118891820747e+01,1.777459032804603156e+00,3.038005087139649163e+01,-1.504499162923353417e+01,4.770546369803315478e+00,-5.447123630482750656e+01,4.788235614306079135e+00,-2.068391641575047846e+00,2.235928659932915963e+01,-4.339904524019789989e+00,8.876777368000842827e+00,5.350905033376464814e+01,-1.274758552291908131e+01,-4.961659451193045633e+00,-1.913024516563876887e+01,-5.306166522611921010e+00,-2.484781195292379508e+00,1.820802540449237839e+00,5.845484342584630344e-01,-1.220803738663493299e+01,-2.031959166089567148e+01,4.631659977996017474e+00,7.626812397867066551e+00,4.164483491317420061e+01,1.387541703943574767e+01,2.505628711026351496e+01,1.310851803152796080e+01,1.078044256306999849e+01,-3.046460063335879198e+01,5.832837578509940890e+00,6.673325481698962669e+00,-2.547089550993867846e+01,7.298910742445121613e+00,3.800616291529439650e+01,-1.133991608771786375e+01,-4.161023223410293070e+00,-9.029730992411428847e-01,4.116042246769884372e+01,1.512599730912974749e+01,2.151954633901310032e+01,-3.107248715472169565e+01,-1.107120118202161230e+01,2.409171666648082422e+01,-1.175385670802517524e+01,4.284484087204516811e+01,-1.186907848362043794e+01,1.520260199361680620e+01,-1.830479507397342687e+01,-2.240671291069689541e+00,2.174139760900112250e+01,-2.490442608472767816e+01,-1.757742623729347997e+01,-1.184615527485179243e+01,1.441974521360215711e+01,1.005173898590935977e+01,-8.110836683405402425e+00,1.782315064414432015e+01,1.262711952428486128e+01,-2.228917439548543911e+01,-7.755127487957744314e+00,-1.328203969410610519e+01,-3.551209479065136776e+01,-3.833410444059927702e+00,7.598992666590934419e+00,-5.780279314330323714e+00,6.574015710386853506e-01,1.155862231885358637e+00,3.742620078410755013e+01,-2.190186282562375553e+01,-1.045485476776408618e+01,-4.501407081208660621e+00,2.135653632394712886e+01,7.274399565100405418e+00,9.495313208082876599e+00,2.990236755413783243e+01,1.509716185558490353e-01,4.787075780780631007e+00,-2.958705208344311188e+01,-2.024206167997341765e+01,4.891839372112008810e+00,-4.373232341263081935e+01,1.071655267909963349e+01,-1.680673513399741736e+01,6.864127912643793294e+00,-1.532111229421106779e+00,1.166109727711677735e+01,6.665627398411559490e+00,-5.991992312811023069e+00,6.024355296307000174e+00,4.215794377348411004e+00,7.683827760013306474e-05,-2.004721849347691176e+01,2.934493886745939406e+01,3.073598548604597802e+00
-3.305655954083916548e+00,1.280441143765614953e+01,-6.323517218305330090e-01,9.154789752101299527e+00,1.017752911666804749e+01,-1.556618596309088787e+01,1.647633759810981502e+01,-9.785812060996777362e+00,2.644849074944448653e+00,7.485401814258864306e+00,-8.986296872145354442e+00,-9.336837293826572903e+00,1.267308888279476164e+01,-5.118566969849042358e+00,-9.304960394630692022e+00,-1.317513372877759359e+01,-3.915635535976736747e+00,2.150389364837715789e+01,-1.280034472851020233e+00,1.625130172274023899e+00,-1.075122606456651120e+01,4.842222532257869361e-01,2.333298246085176775e+00,-5.825788766457589141e+00,1.526841681712153154e+01,-1.262092839857154591e-01,7.192285349488273916e+00,-9.384886448166058770e+00,-2.470764291307644633e+00,-5.111086559204620627e-01,-3.374326652404828764e+01,-5.606549585807279357e+00,-9.776354846418922051e-01,1.014127280633315564e+01,-8.186707957458263962e+00,5.105644151647878992e+00,-7.222310827044474912e+00,1.394696208570875307e+01,-2.416395706644620223e+00,-2.475087289233244547e+01,-2.055119112524887104e+00,-8.007911087389551597e+00,-1.059689312921938864e+01,1.811780571985219623e+01,6.683435865322151948e+00,7.708836573275561932e+00,-4.836217634398446208e+00,-1.449028505937952183e+00,9.469535219352376743e+00,6.613420708641407408e+00,1.214031438331651458e+01,-5.431142051354564515e+00,-1.281633732053020225e+01,1.203018016915758714e+00,2.233369018326249567e+00,-6.305485078038643998e+00,4.419491058671680683e-01,2.823088467000025137e+00,-1.064939179686613224e+00,-2.301784817809622652e+01,-7.239446914195775129e+00,-9.983935690373405336e+00,1.907278367175511136e+01,1.616934987746371988e+01,-5.793885598773495182e+00,-7.761242819096509038e+00,-4.280707635504499287e-02,-6.020173756707468016e+00,2.034131997019757776e+00,9.944293821186869664e+00,-1.263547141085584524e+00,-3.392907911437728075e-01,6.069887882406927559e+00,1.484131114058103718e+00,-6.585204491066329879e+00,-3.687743778057772204e+00,-1.850337603988567059e+00,1.015949947073795556e+01,-4.803059762271222333e+00,-1.533979112882840834e+00,-4.482416707808770440e+00,2.715668514337522321e+00,-1.026114680975656768e+01,-2.339495639208341693e+00,-3.573033879443462624e+00,2.402757312549900881e+00,1.631353315985007768e+01,-2.791552758849175309e+00,1.065685732383903961e+01,1.343966130914471790e+01,2.884768800619286200e+00,-1.739865328875196404e-01,-9.979531873416334520e+00,-1.387871567894313651e+00,2.159091428717665906e+01,-8.004185953942247522e+00,-3.332623837661444544e+00,-2.149440991613942309e+00,-1.951080237335854672e+00,4.383082051357063413e+00
-6.771290358314109525e+00,-6.555919951154999126e+01,2.851719187719785253e+01,5.181658429731427873e+01,-4.203507162493863802e+01,-5.463671486920485165e+01,6.334091101323454609e+01,1.589370247367085653e+00,7.943373514052346707e+01,-3.663191313358443324e+01,9.581097527765670918e+00,-1.438376641113733569e+02,1.629012915598110922e+01,-6.927426346927345158e+00,5.500070184836484088e+01,-1.528434800281129924e+01,2.176748021998010429e+01,1.450906884566491897e+02,-3.338307310225096103e+01,-1.234025209520389055e+01,-5.281436248110530585e+01,-1.358278361472978624e+01,-5.712516423409593536e+00,2.919792599411994871e+00,6.209892016448966601e+00,-3.163182388709795134e+01,-5.037214536348382410e+01,9.099054145138847360e+00,1.897721214880807850e+01,1.076148079558063131e+02,2.552726700217067446e+01,6.311800142354326937e+01,3.362257947036246719e+01,3.101838848744197819e+01,-8.135742755375876811e+01,1.666540404872306169e+01,1.504794053743338011e+01,-6.162513101364399404e+01,1.814536621839820896e+01,9.074126637153892716e+01,-2.997863207957121645e+01,-1.323178882303834136e+01,-5.596799417294205270e+00,1.120921694579511296e+02,4.120042187965584901e+01,5.806164404962839853e+01,-8.189982924998169267e+01,-2.909677219222490052e+01,6.525978323008509108e+01,-2.838308904328708593e+01,1.146123460926421984e+02,-3.238663705222793965e+01,3.539979136654966396e+01,-4.700061072463819301e+01,-5.111530103920831181e+00,5.432442929667157472e+01,-6.431383081458605488e+01,-4.461986829113251218e+01,-3.098410374209515439e+01,3.023547385293909429e+01,2.378561452644444074e+01,-2.406135251530724162e+01,5.199178093977955228e+01,3.765184276141332731e+01,-5.946424094670095428e+01,-2.245703283875025136e+01,-3.438556066861702476e+01,-9.375325345213271078e+01,-9.294648814467906917e+00,2.272456369863320447e+01,-1.534741359300951835e+01,1.596900879067034928e+00,4.858567785050073695e+00,9.731127980329333127e+01,-5.870536303602550277e+01,-2.819045281862351615e+01,-1.221835844355157441e+01,5.839371033372057695e+01,1.734770513615561427e+01,2.410086829032083600e+01,7.600492660329322803e+01,1.226140494974343964e+00,9.231681235108119665e+00,-7.728760708161655657e+01,-5.348332984407981172e+01,1.339869771181766822e+01,-1.081555591466898250e+02,2.687441796397429883e+01,-4.021544197718309732e+01,2.189812668281917496e+01,-3.077462693649435810e+00,3.012405407694715720e+01,1.417979233323433874e+01,-1.593354943033547144e+01,2.223252829476952286e+01,8.447597966072880382e+00,-1.025043465529748454e+00,-5.254114656279430307e+01,7.534110098570802450e+01,9.302523007224252183e+00
-6.766116746340285815e+00,-6.614180050676611700e+01,2.870090050440478535e+01,5.200490325552966908e+01,-4.243640426393495346e+01,-5.475179209657360957e+01,6.349648477067406560e+01,1.737282823689124456e+00,7.988323543903381108e+01,-3.696211847962394614e+01,9.766702095483811519e+00,-1.445874041107730079e+02,1.621103182189785841e+01,-6.897612164920936095e+00,5.546917973624390186e+01,-1.519199764297987443e+01,2.195617882875804838e+01,1.456763146020105069e+02,-3.356960234857537984e+01,-1.243883086628241053e+01,-5.298625577093046246e+01,-1.367286865886740976e+01,-5.780473241134702178e+00,3.019945438992519549e+00,6.032368630456883096e+00,-3.182391134750520578e+01,-5.078242506064329120e+01,9.287332211010030036e+00,1.912840842241878647e+01,1.082815890517732953e+02,2.616016233194871177e+01,6.358400977788201658e+01,3.384245395760150643e+01,3.106530788422367451e+01,-8.174046939791989530e+01,1.669545579084567066e+01,1.524214432745394454e+01,-6.219975266772195255e+01,1.829069649919927443e+01,9.164688554589329783e+01,-3.013335185948085382e+01,-1.319981739981034252e+01,-5.481478314651108796e+00,1.125233598271574920e+02,4.135856948459344551e+01,5.830865482274431599e+01,-8.233350291159374024e+01,-2.925464484441947732e+01,6.552605064868008355e+01,-2.865042586435590977e+01,1.151433820545801296e+02,-3.250844736414774871e+01,3.579771561375203959e+01,-4.730566063686128331e+01,-5.174392556496218987e+00,5.474641106070957619e+01,-6.471424641252636434e+01,-4.493320147367292350e+01,-3.115896690676371605e+01,3.074578723115785550e+01,2.403361293089849227e+01,-2.406785420329584113e+01,5.204113589181319810e+01,3.765430435120970998e+01,-5.974688642672879979e+01,-2.248508521123202542e+01,-3.459570321347258215e+01,-9.424285906598238682e+01,-9.380336201001551188e+00,2.272343201713712446e+01,-1.542363619817453824e+01,1.611478824128087517e+00,4.802641458655792839e+00,9.788673929541515406e+01,-5.897218432076143557e+01,-2.831116100641726163e+01,-1.226711803735294559e+01,5.860815402248417172e+01,1.752184526384725416e+01,2.427024013298200700e+01,7.653404585134862259e+01,1.195311371388385169e+00,9.433144580681318558e+00,-7.772826535293077654e+01,-5.376067615574970660e+01,1.344689160470959166e+01,-1.090487778579996672e+02,2.707854511486890559e+01,-4.061239012580264074e+01,2.184257674629223800e+01,-3.137055956203452123e+00,3.031113914480986438e+01,1.440760606306310088e+01,-1.601160901856204788e+01,2.206393572577239581e+01,8.612388404992060487e+00,-9.842706889949772719e-01,-5.283281880631100336e+01,7.583041031401438659e+01,9.297650373171009619e+00
-7.089329614805371271e+00,-5.918742907231001027e+01,2.678693782819823355e+01,5.084588498983251981e+01,-3.753463417308479677e+01,-5.486035557039265598e+01,6.326910607701968559e+01,-5.636040061415155122e-01,7.554351015310523110e+01,-3.300184707593940914e+01,7.149238986083239489e+00,-1.377524426665235069e+02,1.805087214754405522e+01,-7.619092464700499612e+00,4.995826377558874043e+01,-1.720730064021536165e+01,1.972269718734528610e+01,1.415015152703992669e+02,-3.178369438190269847e+01,-1.130646883816712212e+01,-5.212450271553414893e+01,-1.272005666171327753e+01,-4.900504276801546766e+00,1.527546585923776234e+00,9.082493067342211290e+00,-2.988715116117791126e+01,-4.603448803350565299e+01,6.610120161885800982e+00,1.739342113362976860e+01,1.014808844007015125e+02,1.698085336943023194e+01,5.840106779001358461e+01,3.153361273326242298e+01,3.142039299995871460e+01,-7.852834214133436319e+01,1.680904550257056940e+01,1.268200536427941394e+01,-5.523267620810229772e+01,1.661962335606398966e+01,8.043968453139338237e+01,-2.873336930783914056e+01,-1.417983444105438906e+01,-7.518437734279991957e+00,1.096366429013334312e+02,4.030295199006467755e+01,5.643626602275900694e+01,-7.833370239363391363e+01,-2.777305749672196100e+01,6.360268754983140838e+01,-2.539884751766036786e+01,1.107549545400541717e+02,-3.171858655469611676e+01,3.071434663803944431e+01,-4.411497575048394282e+01,-4.354248049367434703e+00,4.995249474307885862e+01,-6.061922557831643843e+01,-4.152585104584692033e+01,-2.947369366869832774e+01,2.368756508240689485e+01,2.092678021018439694e+01,-2.481974650105291502e+01,5.310312428970460985e+01,3.895380426712732458e+01,-5.735642969870100671e+01,-2.283646501118918337e+01,-3.246909574456983449e+01,-8.977308260532524287e+01,-8.345146078361961983e+00,2.354945299239938805e+01,-1.475450307205146849e+01,1.435917473210759132e+00,5.866731897457094114e+00,9.217515040509292135e+01,-5.680694777509553006e+01,-2.738966794473114774e+01,-1.192442898924937822e+01,5.726661897698880921e+01,1.536324590023398429e+01,2.242774910426915724e+01,7.080345824823631062e+01,1.730255198673020578e+00,6.550504103594084526e+00,-7.345315555613125014e+01,-5.124202177843589823e+01,1.315518619041668735e+01,-9.865838752207247353e+01,2.478074680644102656e+01,-3.571580112521496631e+01,2.350651935006176529e+01,-2.296692676338976558e+00,2.840049638596500969e+01,1.128093185639617602e+01,-1.533403884994954325e+01,2.554141652035845311e+01,6.286354048389393157e+00,-1.670544130674650685e+00,-5.005234106076199652e+01,7.071070167658785977e+01,9.706065705494216544e+00
-5.155670011648573414e+00,-7.451872720089676250e+01,2.970367526033184191e+01,4.831535364599265847e+01,-4.886000892363492909e+01,-4.769842626207865521e+01,5.615909761864040917e+01,7.008866818990478365e+00,8.031947985191219175e+01,-4.181976493456768651e+01,1.479684321292580584e+01,-1.429447976292087219e+02,9.811646283867805352e+00,-4.321056050573309548e+00,6.172816875583504981e+01,-8.500625094823391237e+00,2.455793603268757863e+01,1.375546030713324797e+02,-3.366280617019110366e+01,-1.359569129383226738e+01,-4.846600406363130986e+01,-1.424839793147542721e+01,-7.161698318417227149e+00,6.204267894157109886e+00,-1.990183667185832617e+00,-3.249350152447346574e+01,-5.580346197843676492e+01,1.451945082729642067e+01,2.089226649025736648e+01,1.110626827766606652e+02,4.480468785161947665e+01,6.805382820222396845e+01,3.514889348701719030e+01,2.636342645870091062e+01,-7.925713421837683370e+01,1.435273161112634455e+01,1.945609944245796186e+01,-7.109616965314103254e+01,2.000608806045961430e+01,1.070009225358238325e+02,-2.973262162041370615e+01,-9.224624127462501377e+00,5.650680331593405104e-02,1.054439586831190212e+02,3.874359328967896943e+01,5.553808842144497504e+01,-8.165502431973585828e+01,-2.915757015229491245e+01,6.198140026774538569e+01,-3.284942087660541432e+01,1.113201388243795975e+02,-3.035795473014663770e+01,4.347823156453090832e+01,-4.904440173789080148e+01,-6.488159804799917829e+00,5.938518608167130708e+01,-6.644932422833784358e+01,-4.748306031052282350e+01,-3.131132575012538410e+01,4.376287151937378894e+01,2.846034411678046538e+01,-1.928801784860863933e+01,4.305041547832519910e+01,2.988250871404517639e+01,-5.803333419233958068e+01,-1.885680912062481696e+01,-3.537407521757851470e+01,-9.320728280022395040e+01,-1.068500637225843342e+01,1.793365003087779996e+01,-1.510538307619763287e+01,1.830181323613701005e+00,1.669002827179322468e+00,9.936045734026673415e+01,-5.681766240252071043e+01,-2.699545127432198655e+01,-1.156206884053499095e+01,5.453443676619946956e+01,2.049530440626613625e+01,2.565239469830973462e+01,8.070284994054568983e+01,-2.287599739916444663e-01,1.513707586786295423e+01,-7.827783678335970308e+01,-5.309571374687167378e+01,1.247385138495556411e+01,-1.202953779260475926e+02,2.919802151450824823e+01,-4.724999121871553598e+01,1.516382291052291720e+01,-4.751865838020835398e+00,3.110617281967742542e+01,2.007620158927791820e+01,-1.564051171552896058e+01,1.103277177916928586e+01,1.309077328028839027e+01,7.745034890596250721e-01,-5.290739798535550165e+01,7.862970350581522894e+01,7.169859644240434982e+00
-3.162483514829578013e+00,-3.398769395774763069e+01,1.441291233056389665e+01,2.541406243314375502e+01,-2.194006263893815145e+01,-2.635268575343769726e+01,3.066895079473513164e+01,1.536322278465393154e+00,3.981545458893728551e+01,-1.901586131873460772e+01,5.502002711419974545e+00,-7.175547073371711804e+01,7.253311485787824253e+00,-3.104843567691646822e+00,2.840582624713685789e+01,-6.708911809866440201e+00,1.125961705170608873e+01,7.147196932687859317e+01,-1.672030127082334872e+01,-6.338507065971906052e+00,-2.579666926314533626e+01,-6.878653093503246829e+00,-3.053062260071538248e+00,1.908804966022846994e+00,1.980335721444781205e+00,-1.592486270933456360e+01,-2.591538882545032507e+01,5.289141610215088107e+00,9.745411660263478382e+00,5.424877065015072475e+01,1.539599514357410825e+01,3.221682737508179883e+01,1.701068026475906336e+01,1.486292718672585877e+01,-4.036787311112649945e+01,8.011265849900143010e+00,8.123279277389210407e+00,-3.209182501791850228e+01,9.322286646888391815e+00,4.757113780559852501e+01,-1.494706354118352643e+01,-6.063412667621873808e+00,-2.022693587852248065e+00,5.510371566600908011e+01,2.025202466648337563e+01,2.866868077979329854e+01,-4.089299087604130989e+01,-1.454839684313306236e+01,3.216233506607029824e+01,-1.479500866768390743e+01,5.682262119209659090e+01,-1.590627680540486288e+01,1.879596059112317619e+01,-2.376673125179960877e+01,-2.742806263115215248e+00,2.783966070562096107e+01,-3.243095090079379617e+01,-2.268924085130425539e+01,-1.552800474637789740e+01,1.696140291341164286e+01,1.252612101484028528e+01,-1.137018839481293142e+01,2.475669338734642366e+01,1.775130807682615242e+01,-2.951919477966071881e+01,-1.072912099173640854e+01,-1.731831199826831380e+01,-4.677507729474654496e+01,-4.835050059559576674e+00,1.069976887832362422e+01,-7.636180097096464614e+00,8.299372060633195547e-01,1.991148649755373645e+00,4.890842724760459248e+01,-2.907742391525486170e+01,-1.392353959000443275e+01,-6.015822170624484322e+00,2.865171926450292617e+01,9.099896077364812541e+00,1.225599780569818265e+01,3.862403146275305232e+01,4.135004551613416512e-01,5.421827995191792482e+00,-3.875731093193688537e+01,-2.667330597712442497e+01,6.568881071720886311e+00,-5.570917904754811900e+01,1.374770058201340817e+01,-2.105946991834499471e+01,1.002067824186472933e+01,-1.767127884740229860e+00,1.518790063758187614e+01,7.893239269589752638e+00,-7.922096116937762389e+00,9.576329340386703137e+00,4.857174801017351662e+00,-2.658169824777677492e-01,-2.630571059284089941e+01,3.809933013242700639e+01,4.356577880755494014e+00
-3.961709159504068101e+00,-5.685035471903648840e+01,2.269128871769464340e+01,3.697827052961245187e+01,-3.726321827203286574e+01,-3.655041006275483539e+01,4.302110185141903997e+01,5.288825084821226596e+00,6.138736636625757370e+01,-3.190227535130253855e+01,1.124478238142644493e+01,-1.092826851463971849e+02,7.582759337021735213e+00,-3.336312579635201558e+00,4.710126886767933030e+01,-6.584459380264581441e+00,1.873731917241586586e+01,1.052467942447483722e+02,-2.572930666948688483e+01,-1.037698149987079432e+01,-3.710421218593115356e+01,-1.088343585611040965e+01,-5.456177403428609018e+00,4.700934060270636650e+00,-1.417008413155123270e+00,-2.482804946303014049e+01,-4.258873781331051589e+01,1.103013102095609987e+01,1.594631031014896116e+01,8.485579597823577558e+01,3.400474715171933582e+01,5.195959320704622542e+01,2.684945365344421120e+01,2.021223552348742913e+01,-6.061327538124473335e+01,1.100109115860084152e+01,1.481673540363463815e+01,-5.422753918600333378e+01,1.526958013296045991e+01,8.158783040347080373e+01,-2.273164505220936604e+01,-7.102573684677485844e+00,-2.874430509974035264e-02,8.068914883289114925e+01,2.964803735715209854e+01,4.248710609470359856e+01,-6.242268346088629016e+01,-2.228815411349799191e+01,4.742217376772449455e+01,-2.505425479620081219e+01,8.513837248447259753e+01,-2.323235354902416816e+01,3.313327386309378397e+01,-3.746501505964927503e+01,-4.942227454696229927e+00,4.533143143126693531e+01,-5.076869686124804559e+01,-3.626105139390610788e+01,-2.393115966395525973e+01,3.328152182512769741e+01,2.169645996403059485e+01,-1.480508568191264196e+01,3.302281983545710631e+01,2.294195955386990704e+01,-4.438064312458787697e+01,-1.446052855252296432e+01,-2.702843301353077266e+01,-7.125741137278282622e+01,-8.150249111467640972e+00,1.376998968966215031e+01,-1.155009121931818683e+01,1.396077357736377866e+00,1.316424254979797981e+00,7.592805999839077913e+01,-4.345715969275598667e+01,-2.065134548267584691e+01,-8.846746292677318380e+00,4.173688180167555117e+01,1.562717603730357219e+01,1.958972215516509507e+01,6.163191506886373361e+01,-1.563570450540524570e-01,1.149609054007933295e+01,-5.982534310591483973e+01,-4.059290068936262230e+01,9.547157879411756198e+00,-9.180293988783149928e+01,2.229028155908161679e+01,-3.602980471542029761e+01,1.167738028485841362e+01,-3.611162629017792725e+00,2.376600083034007582e+01,1.527182184614445859e+01,-1.195980880318201756e+01,8.576304021543911915e+00,9.947897075504185338e+00,5.691541632056794642e-01,-4.043935326715576650e+01,6.006507326166651239e+01,5.507996093468841003e+00
-5.481923800414870485e+00,-6.231480672480597605e+01,2.608791146421679485e+01,4.527799655087579822e+01,-4.036054148563363952e+01,-4.652304632253822092e+01,5.425830404209373370e+01,3.464422787922519564e+00,7.175853883002450573e+01,-3.488727995839593632e+01,1.057397371019244403e+01,-1.290018564322713530e+02,1.221491723015542163e+01,-5.250245635793444166e+00,5.198248202195269130e+01,-1.119589821733198676e+01,2.062101663495286985e+01,1.276337160293485340e+02,-3.012272782172861341e+01,-1.156768978853914476e+01,-4.585705032939098658e+01,-1.246345244833312371e+01,-5.680865853163411749e+00,3.858920947880714269e+00,2.504343942798179956e+00,-2.876657263805422104e+01,-4.733377112040130186e+01,1.021738206177655073e+01,1.778328473988208458e+01,9.806083684513072285e+01,3.019341508862905954e+01,5.860861798127406530e+01,3.080623977377186407e+01,2.614321735721482298e+01,-7.236690121878314130e+01,1.411682054088170624e+01,1.518640861625300253e+01,-5.896943440860037811e+01,1.701489401903513965e+01,8.769977743917577584e+01,-2.686405191503961376e+01,-1.039299065067386074e+01,-2.909491508782199976e+00,9.829526718366230398e+01,3.612428838992477864e+01,5.126064591718199637e+01,-7.355144694370346770e+01,-2.618631485507334133e+01,5.744965608082659259e+01,-2.719906722260209975e+01,1.018217203142905447e+02,-2.835982395781903520e+01,3.486492403221090797e+01,-4.302994863145566740e+01,-5.113219070529991583e+00,5.074845641256098361e+01,-5.863223528915293059e+01,-4.119693661272331298e+01,-2.798343657371668058e+01,3.226757256834162035e+01,2.314333440052415369e+01,-1.984307619553160862e+01,4.339250133753121474e+01,3.093834782288292473e+01,-5.293218663867676810e+01,-1.884104952328960536e+01,-3.129033433341500725e+01,-8.409680733066329594e+01,-8.879786684855346834e+00,1.863444934005323361e+01,-1.370932348094650344e+01,1.523522802177680546e+00,3.170934449850832948e+00,8.827074551832485838e+01,-5.207826448237059935e+01,-2.489975032385238052e+01,-1.074013910196693899e+01,5.105761031855388410e+01,1.678093019864700963e+01,2.225389523844281925e+01,7.010704854267616781e+01,5.561469081910979106e-01,1.051877866898507108e+01,-6.986800430157025232e+01,-4.794602567074130661e+01,1.170063071790029419e+01,-1.018113134883665083e+02,2.503779093097765340e+01,-3.880307075007748097e+01,1.716149104879380971e+01,-3.396037216706260686e+00,2.745603477415026816e+01,1.496468872227245761e+01,-1.421721443785955330e+01,1.578519070029275717e+01,9.339716488341842648e+00,-2.458915875559163355e-01,-4.738193851871429985e+01,6.898087702992309289e+01,7.563804729095442880e+00
-3.662063423373373539e+00,-2.312072108082377042e+01,1.141629271461039252e+01,2.358016286730681443e+01,-1.428283392246174799e+01,-2.649128513539987395e+01,3.027951520265808227e+01,-2.047856394937353386e+00,3.301266969850311739e+01,-1.282789156821107923e+01,1.420345942497890590e+00,-6.103080350731586634e+01,1.010950632134652594e+01,-4.224579242020075398e+00,1.979271133582372144e+01,-9.838924853895676392e+00,7.769158202333589891e+00,6.488941382097094390e+01,-1.392039417728853223e+01,-4.568137579857872943e+00,-2.442515998028639501e+01,-5.387213336856218504e+00,-1.679454235626647085e+00,-4.170148090199310431e-01,6.726991741474349418e+00,-1.289100222364483983e+01,-1.849308265098993687e+01,1.114703518014108496e+00,7.032840521644404319e+00,4.359765570575666516e+01,1.086336660580279556e+00,2.410995638853327705e+01,1.339624808875989181e+01,1.539862022428862431e+01,-3.532008312951687401e+01,8.178870386612040022e+00,4.127847428323334178e+00,-2.120726006248537487e+01,6.709716314354556843e+00,3.006696478132256090e+01,-1.275007716242514100e+01,-7.582265128680113264e+00,-5.191836302107550871e+00,5.054556281306206955e+01,1.858507746118380055e+01,2.572032868653696269e+01,-3.461821332878358248e+01,-1.222481485238407828e+01,2.913058343402984107e+01,-9.715324511261080431e+00,4.992436978338457010e+01,-1.465812214618698306e+01,1.085961902509899168e+01,-1.877149624057877020e+01,-1.462701201481159119e+00,2.034354427493076400e+01,-2.601768988190174881e+01,-1.735790897943740418e+01,-1.288615937985994719e+01,5.952398756199226426e+00,7.674420969292539141e+00,-1.252773026519126809e+01,2.638158676275392267e+01,1.975408838308336712e+01,-2.576324595394424932e+01,-1.126381842354991925e+01,-1.398725651416268079e+01,-3.976177051443770694e+01,-3.217710107190130842e+00,1.197350080222696533e+01,-6.585544209698808160e+00,5.556356371338416755e-01,3.645602991172616214e+00,3.995919616866071777e+01,-2.567264558616927772e+01,-1.247272740628990562e+01,-5.475319989681142197e+00,2.652990848050668049e+01,5.728520359871444256e+00,9.373147842433912302e+00,2.965709576260771385e+01,1.245912803121643764e+00,9.273914232890083653e-01,-3.205635209404240271e+01,-2.272104390084815151e+01,6.107120084796342496e+00,-3.946735593516621776e+01,1.015422973546344387e+01,-1.341132483861744973e+01,1.259981057347448186e+01,-4.566695126439928032e-01,1.219555511739705267e+01,3.015996435187722646e+00,-6.857993876603509342e+00,1.497959370762282205e+01,1.230007558191776873e+00,-1.334015065867623751e+00,-2.194622267424032458e+01,3.008411865098453930e+01,4.987436343267082961e+00
-3.607286383333925706e+00,-3.419628007461970753e+01,1.495518010658820351e+01,2.734169127888037920e+01,-2.189385765957604946e+01,-2.892600082244689119e+01,3.350866765994556573e+01,6.748265695203521375e-01,4.172888841956573458e+01,-1.910215860109343566e+01,4.881798013012092596e+00,-7.563618325400017284e+01,8.755102359872577011e+00,-3.718728136515412341e+00,2.871226098784157088e+01,-8.235451130308305778e+00,1.135958204643498526e+01,7.649176298495694937e+01,-1.753985702232251498e+01,-6.449564767820902489e+00,-2.789129355738197802e+01,-7.120197264220625932e+00,-2.959885913798385726e+00,1.437461679992974029e+00,3.507354708454842651e+00,-1.660204552780935927e+01,-2.631763345348241501e+01,4.622340893121578809e+00,9.918797719337733909e+00,5.646660794588466814e+01,1.284725375883254017e+01,3.303230816500220612e+01,1.762880545005652166e+01,1.644310840932668683e+01,-4.282860731413634880e+01,8.828888589807684539e+00,7.779437191559386733e+00,-3.211313538818598801e+01,9.483140020654410307e+00,4.721710060701447276e+01,-1.576586211525388137e+01,-7.074201414432812030e+00,-3.109586383207331828e+00,5.911944107875837773e+01,2.173024091578518835e+01,3.059549012197392415e+01,-4.305872680297667188e+01,-1.529320932385386911e+01,3.440163870804984469e+01,-1.478746802925706660e+01,6.034472039832714785e+01,-1.708449522826106204e+01,1.836880005373019031e+01,-2.464576358286747393e+01,-2.646121954376186469e+00,2.840617526679040949e+01,-3.374391396627976292e+01,-2.337001407481501403e+01,-1.627740696488891103e+01,1.549260934066805540e+01,1.236458200937526364e+01,-1.278958109591136250e+01,2.759503882177582312e+01,2.002236508812710269e+01,-3.130039157985774523e+01,-1.191148154566002937e+01,-1.804581537797908197e+01,-4.929852566183792817e+01,-4.844613537290078042e+00,1.208740565335299344e+01,-8.074696730477080919e+00,8.325122582630613000e-01,2.648498543359596002e+00,5.109191402149856742e+01,-3.091501980801275096e+01,-1.485401717301082947e+01,-6.442156618159331494e+00,3.080963677029276937e+01,9.025696480793730103e+00,1.262287470019968794e+01,3.981350203791878783e+01,6.876585123639488151e-01,4.677681600811653517e+00,-4.059765749217461916e+01,-2.812554071636366260e+01,7.070574266477962055e+00,-5.649321715001862998e+01,1.405793351951224679e+01,-2.093113779286329645e+01,1.171058567370376124e+01,-1.568067479634255967e+00,1.580590108270643235e+01,7.278972393813855746e+00,-8.384316867926161265e+00,1.201872989111411272e+01,4.302934382727467977e+00,-5.921656655840464856e-01,-2.760792683049950469e+01,3.950632977251381561e+01,4.953180250202858126e+00
-4.414874558836748619e+00,-4.262268097141318179e+01,1.855360341397059898e+01,3.374046759444486554e+01,-2.732334558800515367e+01,-3.559288074502547516e+01,4.125892778867564914e+01,1.007547072473559790e+00,5.169245692299848827e+01,-2.381498530932150004e+01,6.209710101353389078e+00,-9.361645334678864572e+01,1.063398441787038706e+01,-4.521397683420541824e+00,3.576208398200925842e+01,-9.980916545207492163e+00,1.415283033725942730e+01,9.446484669930173084e+01,-2.172489387106407221e+01,-8.025030639480748462e+00,-3.439403461334676138e+01,-8.836612940360318191e+00,-3.710626429623640199e+00,1.883983517919717965e+00,4.082119299876319829e+00,-2.058226835625207940e+01,-3.275615940637356260e+01,5.894974333774576358e+00,1.234121159986098171e+01,7.002049475270972323e+01,1.651810531567993223e+01,4.105383635599260117e+01,2.187459449424949298e+01,2.021035764873014884e+01,-5.295921879098208507e+01,1.085758674809215840e+01,9.771625694471133272e+00,-4.005978789773810433e+01,1.180010103643121866e+01,5.897544697897933474e+01,-1.951182895351567836e+01,-8.631323506898532116e+00,-3.670494054745264023e+00,7.298444416815061686e+01,2.682611324208397718e+01,3.780001775012063092e+01,-5.330303302812204436e+01,-1.893637973302764621e+01,4.248842941751124869e+01,-1.845008206267758766e+01,7.460799645290464355e+01,-2.108782957397143321e+01,2.299878229503043059e+01,-3.057868478555822733e+01,-3.319853521319058753e+00,3.533020927586748172e+01,-4.184597263805277834e+01,-2.902519812498971064e+01,-2.016336805202215388e+01,1.961076704611075883e+01,1.545693422082448620e+01,-1.568318501821728717e+01,3.388143328850167535e+01,2.454294934570123488e+01,-3.870744015428859086e+01,-1.463325576389256355e+01,-2.237381950127446828e+01,-6.101893746538953422e+01,-6.042231286098526333e+00,1.481326688295274252e+01,-9.989560062596645196e+00,1.038135191009716296e+00,3.177837404227095153e+00,6.332170871033070370e+01,-3.821581180568229996e+01,-1.835275137152764557e+01,-7.955168841434836935e+00,3.802274795155227594e+01,1.127459561971637925e+01,1.567757586399291192e+01,4.944204770844714858e+01,8.051994131183497494e-01,5.978888160774898708e+00,-5.029520228243026736e+01,-3.480979275685634633e+01,8.724684129072331373e+00,-7.032937421047887483e+01,1.747882574004798784e+01,-2.613806105280002967e+01,1.428503293657620432e+01,-1.994572534924043739e+00,1.960038923708829373e+01,9.199248654437585770e+00,-1.037128000426393015e+01,1.452478442024921179e+01,5.474844960018629081e+00,-6.760290159742363691e-01,-3.419286977181085518e+01,4.901699884597288559e+01,6.064805282378655349e+00
-4.211414995844908304e+00,-3.486484225548974791e+01,1.581681738444059881e+01,3.009856511383321731e+01,-2.209504064515222410e+01,-3.251655518838521175e+01,3.748975634049804029e+01,-4.044446534120202941e-01,4.463837140919921609e+01,-1.943748036097541743e+01,4.156916554903515859e+00,-8.143039986667434960e+01,1.075424043129936535e+01,-4.537570891148529739e+00,2.943931582813910808e+01,-1.025966435541308286e+01,1.162038453769895696e+01,8.373372276000924330e+01,-1.878208657682770166e+01,-6.666171063495628601e+00,-3.086544183305346323e+01,-7.509435550852066932e+00,-2.877372711049150489e+00,8.596300373344689660e-01,5.476133534083555077e+00,-1.765347477818946942e+01,-2.713722494111905803e+01,3.835576688762684761e+00,1.025518598020718386e+01,5.993494887642636115e+01,9.782830743185687794e+00,3.445301913579950082e+01,1.861786938986412565e+01,1.863230285271088604e+01,-4.644185719610957364e+01,9.965431772054827775e+00,7.437689521415123295e+00,-3.252065161733437293e+01,9.798547496569675275e+00,4.732992096279157579e+01,-1.698610977880266759e+01,-8.433736570390287568e+00,-4.518179719024919549e+00,6.488828895882014081e+01,2.385341397174168065e+01,3.338989534237014567e+01,-4.630239511448655065e+01,-1.641447909286896234e+01,3.763554661665763490e+01,-1.495321969796329498e+01,6.550509909396703279e+01,-1.877398571854842757e+01,1.804740894593645706e+01,-2.604727963579001226e+01,-2.555462562428622686e+00,2.945784168275420001e+01,-3.580091769339201591e+01,-2.450619203689290160e+01,-1.741613451812472135e+01,1.382251229525990155e+01,1.230725939020985393e+01,-1.473254540901390897e+01,3.150430535916495600e+01,2.312591766269675020e+01,-3.391937813526713796e+01,-1.354488654753151167e+01,-1.917786508468403994e+01,-5.306761005527837227e+01,-4.914104127273406064e+00,1.398196916557861513e+01,-8.723841652642205347e+00,8.456295128931583527e-01,3.509512768461812371e+00,5.445319854894615474e+01,-3.360061845880083808e+01,-1.620440414176178834e+01,-7.056577059490757975e+00,3.389825530494759676e+01,9.039028335420402627e+00,1.323551240371032023e+01,4.178658915759626780e+01,1.041816192035293076e+00,3.793957509230886593e+00,-4.340149116775504012e+01,-3.029172354105841336e+01,7.787551193660357640e+00,-5.815231566084094084e+01,1.461609150912418542e+01,-2.101725976812555530e+01,1.398217025655153201e+01,-1.335424440683619540e+00,1.677320161342029436e+01,6.589997409958401775e+00,-9.067047866400988809e+00,1.524366724423148867e+01,3.654443612644160844e+00,-1.011059843328260932e+00,-2.957864048620274033e+01,4.175031347273657190e+01,5.764842971412975636e+00
-4.793772695969881426e+00,-1.467625345510790069e+01,9.880859733176187376e+00,2.525156221655011279e+01,-8.016489704734743427e+00,-3.081391893244731506e+01,3.461114062938870717e+01,-6.355224547967384119e+00,3.064358174259942302e+01,-7.966225073819677149e+00,-2.894413297508826588e+00,-5.870989264987876055e+01,1.487599261219011737e+01,-6.134333477579503757e+00,1.333055471076091969e+01,-1.486728315674514000e+01,5.110747947879328734e+00,6.778114892832034855e+01,-1.299771154210220736e+01,-3.318541240125281178e+00,-2.674363991299200904e+01,-4.576635088003061291e+00,-4.164556030025332589e-01,-3.068635170996711903e+00,1.306316372998644049e+01,-1.154621492598362842e+01,-1.315044361210724411e+01,-3.351310457377222995e+00,5.123474463816808822e+00,3.861533639656057915e+01,-1.465315301625665256e+01,1.889001447983104853e+01,1.148544541804033337e+01,1.841728554176656019e+01,-3.526539770792185635e+01,9.652208434804947501e+00,3.349970320202508844e-01,-1.244214019665383297e+01,4.860692671218775018e+00,1.533584114884558502e+01,-1.231360692149010205e+01,-1.046413180309650848e+01,-9.532460075569769486e+00,5.343109019857129738e+01,1.965610508744056517e+01,2.648937087925894218e+01,-3.308883898143601243e+01,-1.156493466700680628e+01,3.034351628709734428e+01,-5.596146404439328315e+00,5.011027229424786356e+01,-1.557686606861358314e+01,3.744279424674209267e+00,-1.617124602899969688e+01,-2.695582595883503352e-01,1.521001702745592610e+01,-2.298100710745515229e+01,-1.416152924437948712e+01,-1.197647851690973120e+01,-5.351505913452701435e+00,3.487584873397288732e+00,-1.578606027157465519e+01,3.233951950203403669e+01,2.508931253221176760e+01,-2.564110162910510837e+01,-1.363074601963664279e+01,-1.248452888288936791e+01,-3.822061345337480986e+01,-1.925765990365640778e+00,1.527380799341923989e+01,-6.453644082604204080e+00,3.380808229868364490e-01,6.058788332187553749e+00,3.629661559605315801e+01,-2.592669957394043578e+01,-1.282226095334736726e+01,-5.735921377725482273e+00,2.834534550073397341e+01,2.881410574860752583e+00,7.642712957867322743e+00,2.435374548856472643e+01,2.367494517370935192e+00,-3.923892591843085143e+00,-2.964999998883289933e+01,-2.190192047806380415e+01,6.554687920465005035e+00,-2.761899316750136535e+01,7.756586248260484595e+00,-7.017944310485278336e+00,1.745010157259224925e+01,9.285261322768780801e-01,1.078749500743215251e+01,-1.932265101703783294e+00,-6.753992214441540298e+00,2.334441271542167939e+01,-2.609370652888311604e+00,-2.731622351274451965e+00,-2.055239667133497861e+01,2.590615273839224386e+01,6.473663578776445604e+00
-5.742293095118769841e+00,-6.366403449335203391e+01,2.680390259447054646e+01,4.684839049111820231e+01,-4.117418739952707796e+01,-4.833352237812219698e+01,5.631616415843664214e+01,3.249376174265673711e+00,7.386812106020990143e+01,-3.563252610030737344e+01,1.058511701174276354e+01,-1.329407699189895311e+02,1.296473189164222717e+01,-5.562028430135955936e+00,5.315199340915312121e+01,-1.193300436527208319e+01,2.107777773795593745e+01,1.319229523696664046e+02,-3.101371340639639484e+01,-1.184218288266055019e+01,-4.749481692160755131e+01,-1.279969435232751707e+01,-5.766594576761715274e+00,3.781593193080185156e+00,3.063086954503849491e+00,-2.958240415163700376e+01,-4.843962891690168959e+01,1.020572098220542756e+01,1.820615134981811423e+01,1.008117906657772807e+02,2.996684103356495399e+01,6.008334330374095344e+01,3.164434551852781041e+01,2.720515878863546533e+01,-7.467080252788322525e+01,1.467840635357031864e+01,1.538410309908282514e+01,-6.018773249414652327e+01,1.741781447008495221e+01,8.938349253746540057e+01,-2.768785351074662771e+01,-1.094226324269009432e+01,-3.330337973576608768e+00,1.016483283317227801e+02,3.735736400595351370e+01,5.295364982065724746e+01,-7.578167457960640263e+01,-2.697161632109172302e+01,5.937359727713532465e+01,-2.775522455555936219e+01,1.050832220919107272e+02,-2.933375438212412334e+01,3.543913066207871765e+01,-4.420580474676987848e+01,-5.186123051091154679e+00,5.197902460125622071e+01,-6.027271865647037430e+01,-4.226927769287561176e+01,-2.880717529625989926e+01,3.244238015878609360e+01,2.356502678214422275e+01,-2.072219723686039572e+01,4.522672479449776262e+01,3.232830201812714677e+01,-5.461114837739189909e+01,-1.962084264235114262e+01,-3.217472075659422615e+01,-8.666247298842807822e+01,-9.065352591810370342e+00,1.947819555388424106e+01,-1.413659323408570501e+01,1.555671084622658018e+00,3.454448675953207371e+00,9.080920126636939926e+01,-5.375842369715687141e+01,-2.572030748788705878e+01,-1.110237535209594029e+01,5.282322238875911324e+01,1.710095607833491727e+01,2.283286842945253170e+01,7.194219536491777944e+01,6.586504887197008884e-01,1.048761251922389093e+01,-7.191447443178894616e+01,-4.941328545817037821e+01,1.210763083150108699e+01,-1.041629662135960359e+02,2.565512650206076017e+01,-3.955744239993695288e+01,1.807540303061477260e+01,-3.399659422852505664e+00,2.822528665132848502e+01,1.506798893863528477e+01,-1.466279110523017337e+01,1.692082613527890800e+01,9.347423007605318190e+00,-3.593613020843715589e-01,-4.878777312563872215e+01,7.086515979178938096e+01,7.917366014646789907e+00
-2.843980025369607034e+00,-2.446363200210712208e+01,1.097972999427478769e+01,2.065679846144221443e+01,-1.555064899054344352e+01,-2.218638341356911781e+01,2.561330487642904785e+01,-5.643921940321394715e-02,3.088572903150914328e+01,-1.364664395787517037e+01,3.087499610207118383e+00,-5.623923798113078476e+01,7.165523343142981005e+00,-3.028604263587535428e+00,2.062221508268269687e+01,-6.811161359937124793e+00,8.145624593850490314e+00,5.755760974513977146e+01,-1.299168474300356202e+01,-4.658619564337755037e+00,-2.115191340212378179e+01,-5.217116305333448167e+00,-2.048181664137655567e+00,7.292753557472440029e-01,3.446998211138093904e+00,-1.223566208077028428e+01,-1.897790559932946408e+01,2.873847396924666064e+00,7.166113222507831004e+00,4.156254723570039999e+01,7.554317084336812371e+00,2.401340595977420733e+01,1.292950538739188637e+01,1.268505526180383391e+01,-3.200919854709657386e+01,6.791850338896866290e+00,5.321578475735403657e+00,-2.286463208062293262e+01,6.848297151384890036e+00,3.337863972747133090e+01,-1.172885762310464308e+01,-5.663560019543594670e+00,-2.889789466105332938e+00,4.457020559673335214e+01,1.638380569896709815e+01,2.297165581399211831e+01,-3.198919026687728362e+01,-1.134643600707197031e+01,2.587472704728611816e+01,-1.051790408669799248e+01,4.513461393298045010e+01,-1.289107054742937919e+01,1.280495350506408769e+01,-1.808521933521223701e+01,-1.822725484610674629e+00,2.056641539498099291e+01,-2.482966599177527911e+01,-1.705391133425676031e+01,-1.204963934949607562e+01,1.010943883296741319e+01,8.697876904496240513e+00,-9.985087444833624204e+00,2.140437669076115412e+01,1.566237212769538267e+01,-2.338255180440253866e+01,-9.212590523060811165e+00,-1.329437841242918061e+01,-3.665218759031692031e+01,-3.453331483251448120e+00,9.465645806783088645e+00,-6.019024803718369121e+00,5.940106978559509532e-01,2.294115732137970376e+00,3.771657610228477608e+01,-2.314345727858301416e+01,-1.114956520093794268e+01,-4.849738568519852855e+00,2.326800094177364286e+01,6.376367325650687867e+00,9.210833275821480370e+00,2.907179348095984750e+01,6.601074327095963756e-01,2.865047472032603348e+00,-3.003523027383336341e+01,-2.091844714495433877e+01,5.343855807428036009e+00,-4.068834726408509539e+01,1.019672114725206669e+01,-1.481442979638844193e+01,9.385793688697710024e+00,-9.918220674458964048e-01,1.163226878257193952e+01,4.797001559985190511e+00,-6.254112769341898748e+00,1.007380488805011964e+01,2.716676681671589932e+00,-6.246660778048942486e-01,-2.045666998835700312e+01,2.898871512314665111e+01,3.896261610107393025e+00
-7.318657237666329252e+00,-6.403226281215282256e+01,2.860518072169357140e+01,5.354619267936723759e+01,-4.075627592095613494e+01,-5.736129499018915112e+01,6.626040873799971109e+01,1.088248381338701165e-01,8.035009417435273349e+01,-3.572832529408793079e+01,8.274009693942407040e+00,-1.461897961496395624e+02,1.832610280453134166e+01,-7.751990167004556120e+00,5.393864249006356459e+01,-1.739030462916690212e+01,2.131164994301602889e+01,1.493045084828851259e+02,-3.379385544451698564e+01,-1.217243455875964386e+01,-5.479362904670166756e+01,-1.359680883053341205e+01,-5.393973906750497704e+00,2.051135868606398738e+00,8.576095763095388236e+00,-3.185550743720423839e+01,-4.960202401296282915e+01,7.728127477541777424e+00,1.872346538523003900e+01,1.082325247971499778e+02,2.055165129303431470e+01,6.267184323851295602e+01,3.369096540145260121e+01,3.276385081206952066e+01,-8.313049451540123869e+01,1.755094176799484629e+01,1.404492258723261244e+01,-5.989870421811622236e+01,1.789452549192019859e+01,8.755711467580925955e+01,-3.048548958300397160e+01,-1.453727849370262959e+01,-7.247357583215819687e+00,1.155768462646320955e+02,4.248491323571899869e+01,5.961133456492984095e+01,-8.316597199920916239e+01,-2.950559487590777863e+01,6.712423325771007399e+01,-2.755902577703055911e+01,1.172026720893020411e+02,-3.342337885052006641e+01,3.367609875112152906e+01,-4.712113133913670282e+01,-4.804326745380928188e+00,5.371495351600211876e+01,-6.466220253327568912e+01,-4.447819122124167990e+01,-3.134661137925293772e+01,2.692425294216394605e+01,2.283646301852877158e+01,-2.573787767031329565e+01,5.523347745887306814e+01,4.035852800114986394e+01,-6.073126431758323207e+01,-2.378457236514136497e+01,-3.461433743688243680e+01,-9.527638194618805301e+01,-9.044836304518854675e+00,2.438640911725391192e+01,-1.563910845618079826e+01,1.555533426022053245e+00,5.814688165193782510e+00,9.816636310586837055e+01,-6.008803469829735633e+01,-2.893447423552828823e+01,-1.257922280218660305e+01,6.031889317977555720e+01,1.672811254607174902e+01,2.402295335124589570e+01,7.581332055881024701e+01,1.647784037685870562e+00,7.728118027272100399e+00,-7.814357531423533487e+01,-5.437335943588433906e+01,1.385134966136903323e+01,-1.063693525151611112e+02,2.662284528289178454e+01,-3.885186166679172004e+01,2.408713171272111708e+01,-2.657874457809319413e+00,3.029225867031946962e+01,1.275111445173156355e+01,-1.624797304667961129e+01,2.566549654136182568e+01,7.282803201167955542e+00,-1.539377185994480701e+00,-5.320820912878660636e+01,7.553084040829234880e+01,1.003039118672610819e+01
-2.305587908367725092e+00,-1.884603140424480472e+01,8.580781122686524043e+00,1.639094758439922828e+01,-1.193099037159070974e+01,-1.774179679851673086e+01,2.044646479060899225e+01,-2.782528880386858638e-01,2.424335002922063964e+01,-1.050475948572312745e+01,2.202224884646254655e+00,-4.425239125260514328e+01,5.912935304477774601e+00,-2.493491232317449846e+00,1.592233308657090873e+01,-5.647517750004332981e+00,6.283459066634197399e+00,4.557555393557658618e+01,-1.020166017717585838e+01,-3.608308983231191647e+00,-1.681675269814725482e+01,-4.072839187906986069e+00,-1.547687986920819103e+00,4.315941304627479713e-01,3.063821816857108971e+00,-9.582180195141802415e+00,-1.468555496406870375e+01,2.025425103156001327e+00,5.551170635492331584e+00,3.252662269781703230e+01,5.107082713105219440e+00,1.866572049911394515e+01,1.009897935792990431e+01,1.017355576886819257e+01,-2.525545756253275442e+01,5.439384900040550086e+00,3.993452807127573223e+00,-1.756686374092151581e+01,5.303656474200351134e+00,2.553974214616141580e+01,-9.231546397596780196e+00,-4.625478624566445873e+00,-2.515851018413378881e+00,3.532687020380518561e+01,1.298655748143456989e+01,1.816863739522764831e+01,-2.515965278344703648e+01,-8.917655734289452241e+00,2.048353324097851669e+01,-8.076161397750979631e+00,3.562576322992878630e+01,-1.022218098362246685e+01,9.718298677530590624e+00,-1.412993853341840378e+01,-1.373571106648759255e+00,1.595039272226294358e+01,-1.942829354392659980e+01,-1.328378863414029709e+01,-9.458998624740580397e+00,7.364000362672278754e+00,6.636308763530093913e+00,-8.056018163296339907e+00,1.721344704627725619e+01,1.264864928931262789e+01,-1.844451942144863921e+01,-7.398074377572456228e+00,-1.040904233023225700e+01,-2.883857972128251745e+01,-2.654919650712482149e+00,7.648404987049923776e+00,-4.742449248971993825e+00,4.569287426915144557e-01,1.941223158226304424e+00,2.956337964306334243e+01,-1.827626261346998149e+01,-8.817075735260065272e+00,-3.841063753002849968e+00,1.845926015426730515e+01,4.877101233035586958e+00,7.174365833292663197e+00,2.265276303394094271e+01,5.817468322066625674e-01,1.997576432057106999e+00,-2.357020041366293484e+01,-1.646227911795921983e+01,4.241115899031790981e+00,-3.146424255711160711e+01,7.916126333561572359e+00,-1.134314762309728586e+01,7.669495513449414936e+00,-7.074853639193711130e-01,9.102610012984033716e+00,3.516817386236037013e+00,-4.929470678450053711e+00,8.403101868626718485e+00,1.935402963477483418e+00,-5.687571775447677336e-01,-1.606670802748277183e+01,2.264826907417393542e+01,3.155178255323528358e+00
-2.416830684459341239e+00,-2.717419094600523266e+01,1.140442882933124480e+01,1.985423261226376113e+01,-1.758922076107140597e+01,-2.043670284844438356e+01,2.382470786435284182e+01,1.456963385490990692e+00,3.139550974279838869e+01,-1.521173886384551110e+01,4.570692431075226381e+00,-5.646754521593700105e+01,5.416691184749822696e+00,-2.326267137348834169e+00,2.267663956368891576e+01,-4.974053353547857270e+00,8.994302920331751494e+00,5.594139921598883802e+01,-1.318018238799653830e+01,-5.048886255352515562e+00,-2.011691662743052333e+01,-5.447365444053745343e+00,-2.470394240431037503e+00,1.652955376662669007e+00,1.185669594997677212e+00,-1.258029812075840681e+01,-2.065629601355735900e+01,4.412392566929085547e+00,7.761936530577016491e+00,4.287872683655670158e+01,1.300344095043819337e+01,2.559615998558027883e+01,1.346569474204451922e+01,1.149249066929736607e+01,-3.169440271045038315e+01,6.203521412468417040e+00,6.598157264513406339e+00,-2.570449387896458404e+01,7.426243552703789774e+00,3.820414431078602746e+01,-1.175976708312812136e+01,-4.592307483677338986e+00,-1.335142188853385647e+00,4.309169328079126871e+01,1.583668643514033469e+01,2.246185708362544275e+01,-3.219253655156631311e+01,-1.145980086709692358e+01,2.517873481899671972e+01,-1.185487274815732128e+01,4.459836187456119916e+01,-1.243388083976991609e+01,1.517035561025496193e+01,-1.880975557530979358e+01,-2.222756210189292148e+00,2.215478712913912318e+01,-2.563710863950310070e+01,-1.799857865055787443e+01,-1.224340041065411633e+01,1.397405569511717260e+01,1.007759928768727242e+01,-8.736521942614899672e+00,1.908851398688255330e+01,1.362512956428874666e+01,-2.318146390972914617e+01,-8.285159876502465437e+00,-1.368343826855690715e+01,-3.681101577673037895e+01,-3.871048024149862599e+00,8.207757423824869392e+00,-6.002544218805724086e+00,6.642210359306902623e-01,1.422629960240663571e+00,3.860937429152316724e+01,-2.281273762136563121e+01,-1.091046275554006328e+01,-4.707606436244006431e+00,2.238760008307968263e+01,7.309781255461058613e+00,9.722477441829360245e+00,3.063105970832976865e+01,2.593028149527170645e-01,4.538997205910598964e+00,-3.056697331332864920e+01,-2.098786085785206623e+01,5.130902293865622354e+00,-4.442510841812903521e+01,1.093241188127750796e+01,-1.690530079544234709e+01,7.584360468465052740e+00,-1.467974763785905079e+00,1.200542335267885719e+01,6.484852176784585254e+00,-6.225380774504105652e+00,7.030836486773813121e+00,4.036777779628629936e+00,-1.272868659018311921e-01,-2.073274649772379163e+01,3.015359600829998854e+01,3.333620024341199528e+00
-6.165789284205818177e+00,-5.891130202385271275e+01,2.571201182666677454e+01,4.690010588380218337e+01,-3.773809959441986450e+01,-4.955630846393594879e+01,5.742362748650621995e+01,1.262107545074847792e+00,7.169723277945145412e+01,-3.291152975413293547e+01,8.484825561926399473e+00,-1.299082128072390390e+02,1.491618202627284262e+01,-6.338406017088534128e+00,4.944866142941237541e+01,-1.401774707446647739e+01,1.956607914209165244e+01,1.312517451889923166e+02,-3.013465981683292938e+01,-1.110267522413539076e+01,-4.782810664670396505e+01,-1.224346351475075600e+01,-5.111907067733111987e+00,2.531591965141458900e+00,5.869093771201526977e+00,-2.853477122201016414e+01,-4.531064128438434579e+01,8.043025519874371199e+00,1.707452708456650114e+01,9.706182152065886726e+01,2.243463059700563633e+01,5.683546351573288291e+01,3.031112440666109364e+01,2.815699566931306208e+01,-7.352958733718644169e+01,1.512203663113660923e+01,1.344695216881016897e+01,-5.534266295742234831e+01,1.632513790042252566e+01,8.141663508743100408e+01,-2.707737025376659545e+01,-1.207571909631200668e+01,-5.234183594420085406e+00,1.014270437300549048e+02,3.728078717210516402e+01,5.250793247200101632e+01,-7.396011352749312096e+01,-2.627129013849931738e+01,5.903166637998466371e+01,-2.548620506151496201e+01,1.035955146144863761e+02,-2.930861942026540845e+01,3.170668352578651650e+01,-4.237443430886651896e+01,-4.571556664517355095e+00,4.889122795539629607e+01,-5.800465755419535441e+01,-4.019855692412814818e+01,-2.796696943059876617e+01,2.686953827371448966e+01,2.132821430563613774e+01,-2.187884745165066747e+01,4.723199118106732897e+01,3.424617576779023409e+01,-5.373953633927563089e+01,-2.039275596274507762e+01,-3.101723673769168244e+01,-8.467290091141254038e+01,-8.348308655063851447e+00,2.067234142230296712e+01,-1.386583318959934097e+01,1.434490106349625593e+00,4.488928713391337588e+00,8.780280110344298805e+01,-5.306888395186808083e+01,-2.549301417668693759e+01,-1.105364673294091560e+01,5.285042123514155321e+01,1.556379485421325981e+01,2.171259189052879179e+01,6.847944148822465138e+01,1.153607510339675013e+00,8.147297770023769203e+00,-6.975602832111295015e+01,-4.830570120753426977e+01,1.212802061157424305e+01,-9.727258671998501427e+01,2.419234678137857131e+01,-3.608835381547739019e+01,1.998814908157117642e+01,-2.725367318341463729e+00,2.716946950574311970e+01,1.261553272149538252e+01,-1.439671913376608892e+01,2.043267103082678915e+01,7.479601130895519034e+00,-9.830285549205977080e-01,-4.743087799924254000e+01,6.792502931570960811e+01,8.467899842625641327e+00
-4.914010471720653861e+00,-5.756803757742305550e+01,2.394031379591587694e+01,4.120289000841525962e+01,-3.735003002708324260e+01,-4.212695136501861981e+01,4.918819905946463678e+01,3.508305976600620824e+00,6.570255375081856641e+01,-3.224052077623736068e+01,9.999623194274031235e+00,-1.179594598237996479e+02,1.076946049731140498e+01,-4.640102155205190648e+00,4.797608196650170242e+01,-9.818137511047190458e+00,1.903932388224328065e+01,1.162923732367669345e+02,-2.757479354295250928e+01,-1.066103209531478235e+01,-4.167964902494339441e+01,-1.144361885273831625e+01,-5.287681331836892262e+00,3.735682713475543260e+00,1.778228819114044068e+00,-2.637053116482330850e+01,-4.364222175264840331e+01,9.686199805037162491e+00,1.638852256373769478e+01,8.992502824282016149e+01,2.882757079582968629e+01,5.392584853010554724e+01,2.827805442329099250e+01,2.362558713635877439e+01,-6.607235842768200484e+01,1.276991516377628777e+01,1.416872975625332742e+01,-5.453956660090624808e+01,1.568217457751240929e+01,8.124762286291803548e+01,-2.456076579212337663e+01,-9.257255457312377089e+00,-2.308145891466290234e+00,8.950808671915599746e+01,3.289408209940510375e+01,4.673716528497426737e+01,-6.727206300090922753e+01,-2.395993652069623536e+01,5.235187624205388346e+01,-2.516195780641412583e+01,9.294408988508502034e+01,-2.581766128409299554e+01,3.240084540958798698e+01,-3.949308319297148984e+01,-4.763841294449835395e+00,4.674291764833116503e+01,-5.377232237645856117e+01,-3.786742637286255331e+01,-2.562066686780091729e+01,3.036547596621844036e+01,2.146466818851120451e+01,-1.785460006650886911e+01,3.913775013590651497e+01,2.781756411973856302e+01,-4.833468172307244259e+01,-1.701127791404570644e+01,-2.868728681272109782e+01,-7.690048364027515504e+01,-8.210484389136503580e+00,1.674780759830017374e+01,-1.252662032262622915e+01,1.408359932120214264e+00,2.701404509508583907e+00,8.088124454602451863e+01,-4.752491683843102521e+01,-2.270440604054521572e+01,-9.784401504025918683e+00,4.646788596255395021e+01,1.554861745017883479e+01,2.045565463630399350e+01,6.443012668661096143e+01,4.177930936214649948e-01,9.992259341553442198e+00,-6.397956272679022760e+01,-4.383841866435728463e+01,1.064629654047441853e+01,-9.389968399837520963e+01,2.305074288510345681e+01,-3.593831173447839689e+01,1.527875602163458701e+01,-3.211527417778783366e+00,2.517913876839745768e+01,1.405896759732659618e+01,-1.298806632179870313e+01,1.374040133015528831e+01,8.834674185990881057e+00,-1.124068455550982781e-01,-4.336951915839416216e+01,6.331172803155577355e+01,6.786250446258022428e+00
-4.424777787124504869e+00,-6.726980846391465718e+01,2.656951615745551720e+01,4.266015165782143015e+01,-4.420459346556701519e+01,-4.175819752831893794e+01,4.926648713666264001e+01,6.796659497359289759e+00,7.160633804423201809e+01,-3.776807983468186336e+01,1.371007082775983399e+01,-1.271846470514016261e+02,8.071460329919208476e+00,-3.579994844889580197e+00,5.565224110205671337e+01,-6.872825186680808329e+00,2.215238551405989043e+01,1.217036764519519352e+02,-3.000164214383849171e+01,-1.223424403927177728e+01,-4.270737172815202598e+01,-1.275488852111009841e+01,-6.525375720831568138e+00,5.861196809357270610e+00,-2.613380428931360466e+00,-2.902021672969852162e+01,-5.024396853278986441e+01,1.348408176549577853e+01,1.879870115513535467e+01,9.924258099528024957e+01,4.187143861926745103e+01,6.110070280797657460e+01,3.145273762481208735e+01,2.299605530523261976e+01,-7.035406472096937591e+01,1.254220714281916926e+01,1.777575402527807924e+01,-6.427488824818345847e+01,1.800408434844411332e+01,9.694055753848525114e+01,-2.644831261106248732e+01,-7.802345842710135315e+00,6.303546175028187371e-01,9.320385883369027624e+01,3.424473409482949648e+01,4.919149583199874343e+01,-7.267949322494285980e+01,-2.596777320705606940e+01,5.485109303690435922e+01,-2.970696832069931048e+01,9.878026936992114315e+01,-2.682219531947125546e+01,3.954133848120741135e+01,-4.387821837974615136e+01,-5.918221450933114802e+00,5.339507055094535559e+01,-5.938475219947000028e+01,-4.257209187964858899e+01,-2.791278590498173884e+01,4.035385336699333436e+01,2.582037142515084938e+01,-1.668405482015333519e+01,3.741414685643172078e+01,2.580986063388857588e+01,-5.152533958873322462e+01,-1.642047573726864584e+01,-3.159805720711560184e+01,-8.293457919288465519e+01,-9.656449568438658204e+00,1.547633903738899264e+01,-1.342481099969384317e+01,1.653505610927586522e+00,1.158802820879903717e+00,8.867955664072476907e+01,-5.039605259804475423e+01,-2.391380184867226077e+01,-1.022738449736652200e+01,4.816080936902302057e+01,1.857171291228891619e+01,2.299976091424592184e+01,7.233882389064552854e+01,-3.529610071669195825e-01,1.408376922230982764e+01,-6.979920502205625610e+01,-4.723598811729377189e+01,1.101166974161511369e+01,-1.083550696881374051e+02,2.623595942986419871e+01,-4.279256051696685148e+01,1.281072356307870486e+01,-4.402799264766986909e+00,2.779731415285686325e+01,1.848058297207110456e+01,-1.389604938567980597e+01,8.674322100913428812e+00,1.213226055097809564e+01,8.742456847652159135e-01,-4.714566258996133996e+01,7.034832085638551291e+01,6.165137251852918610e+00
-1.681673076590048499e+00,-1.059137611618600872e+01,5.234084741051803213e+00,1.081899088168388623e+01,-6.541075886693858976e+00,-1.215874174270323493e+01,1.389641513146950658e+01,-9.465331859707581952e-01,1.513893706022071051e+01,-5.876037311064262525e+00,6.443163946799548292e-01,-2.799091513155349631e+01,4.645171803917556907e+00,-1.940996138533432003e+00,9.068126139214312431e+00,-4.521492976288637777e+00,3.559274106616072686e+00,2.976954946658547740e+01,-6.383736090713139077e+00,-2.093317588593395229e+00,-1.120766951391353672e+01,-2.469759149987322377e+00,-7.682582764542728038e-01,-1.957062153914270741e-01,3.096232407465353109e+00,-5.910850846614084553e+00,-8.473854300433712794e+00,5.038662040795260921e-01,3.222774819503879673e+00,1.998990468619389205e+01,4.720547766983518301e-01,1.105051483384744593e+01,6.141662876505004753e+00,7.068369874950199083e+00,-1.620120541534882364e+01,3.754098864467389607e+00,1.887115701313788696e+00,-9.713138212320975740e+00,3.074658605712047965e+00,1.376712949785989082e+01,-5.847723326131418098e+00,-3.482785316403600895e+00,-2.388729954318808968e+00,2.319002502250992137e+01,8.526747639715196669e+00,1.179917863185573523e+01,-1.587679906385223383e+01,-5.606413327199116559e+00,1.336420024920546368e+01,-4.449543219773305580e+00,2.290058235285243882e+01,-6.725202127182199341e+00,4.969433908121409615e+00,-8.606135601495756404e+00,-6.689503071909805865e-01,9.323008423529984157e+00,-1.192923159656586130e+01,-7.956730044817437175e+00,-5.909355018160965756e+00,2.711510694611809491e+00,3.513269413881332071e+00,-5.751894388468585362e+00,1.211115019168558860e+01,9.070083049565191402e+00,-1.181737861490843677e+01,-5.170652443525099784e+00,-6.413438517283615248e+00,-1.823612537928337929e+01,-1.473806863870385175e+00,5.497739735170243947e+00,-3.020564414375860096e+00,2.545068723292969182e-01,1.676259668893100407e+00,1.832314671298554742e+01,-1.177644763739310818e+01,-5.721813927910840647e+00,-2.511959899749311553e+00,1.217227725912995950e+01,2.622920328855411043e+00,4.296570480779747569e+00,1.359484456502598881e+01,5.733696444017388760e-01,4.173038079225643848e-01,-1.470021272467379880e+01,-1.042076045398084538e+01,2.802077930784295567e+00,-1.808388939933082895e+01,4.653739548217245670e+00,-6.141103454831974950e+00,5.787612316969703130e+00,-2.071640327398890369e-01,5.591744248219095326e+00,1.375183698558217760e+00,-3.145583402994291511e+00,6.885077923598527327e+00,5.578010574689347134e-01,-6.142423869984344753e-01,-1.006439214717865482e+01,1.379259633855178713e+01,2.290211868910797754e+00
-4.215828377743429556e+00,-3.559462852068229211e+01,1.605855903721078803e+01,3.037983086297276003e+01,-2.259313234294369366e+01,-3.272246381435632401e+01,3.775253630378159642e+01,-2.414679294247283892e-01,4.524417504467864148e+01,-1.985032840805770959e+01,4.372663585518573370e+00,-8.245765480544665138e+01,1.069248011022226308e+01,-4.515457751794794916e+00,3.002953063356683927e+01,-1.018202218392623237e+01,1.185754536800149772e+01,8.458461854224110255e+01,-1.903409992595073774e+01,-6.791502161711567176e+00,-3.113034871293930905e+01,-7.627383878211485779e+00,-2.959631768554207287e+00,9.727142210558570312e-01,5.292556126800967320e+00,-1.790892949280519986e+01,-2.765738370168405424e+01,4.053512801990412306e+00,1.044748832199304367e+01,6.081845310057392595e+01,1.050792636352563747e+01,3.505257783973112140e+01,1.890644802485164888e+01,1.872920701023447521e+01,-4.697834178770048652e+01,1.002275522542459996e+01,7.670873697152167381e+00,-3.323594465948665544e+01,9.983247440340905499e+00,4.844778780897423331e+01,-1.719853678732612323e+01,-8.418620623126459535e+00,-4.401241098550703335e+00,6.552259223302193902e+01,2.408618821811043986e+01,3.374414799532362963e+01,-4.689466566739265119e+01,-1.662902342805540457e+01,3.802137447008017546e+01,-1.528557670372141786e+01,6.625156088091986817e+01,-1.895424289734761203e+01,1.853196933788592915e+01,-2.644817177858136503e+01,-2.631299166638519704e+00,2.999656325658609290e+01,-3.633101912169546210e+01,-2.491255217184587067e+01,-1.765192533804198405e+01,1.442146811761144143e+01,1.261180523464135561e+01,-1.477525220873383383e+01,3.163492604180265388e+01,2.318437127467033321e+01,-3.431440536164804911e+01,-1.360861902437283177e+01,-1.945700589364366451e+01,-5.373817919365458806e+01,-5.020924131930636136e+00,1.401440626359640262e+01,-8.829350664759198608e+00,8.638258604617785608e-01,3.455978798888541093e+00,5.522226978972925338e+01,-3.397733751768596733e+01,-1.637724792616391767e+01,-7.127627638305508384e+00,3.421763446672157016e+01,9.253831918730224260e+00,1.345514266883766830e+01,4.247377335823017575e+01,1.010154551896724984e+00,4.026408344105349535e+00,-4.399451356768829413e+01,-3.067213565409265641e+01,7.859736113959022497e+00,-5.928251547496956420e+01,1.487757242700525495e+01,-2.150789448651860525e+01,1.395428880945312500e+01,-1.404697513492128014e+00,1.702099036722816550e+01,6.858393345214276238e+00,-9.175420055438639366e+00,1.509352528159426399e+01,3.845908782560949479e+00,-9.683022111290650047e-01,-2.997321367295908701e+01,4.239328360404660856e+01,5.773333167333268179e+00
-3.660394964669470674e+00,-3.434960542928568827e+01,1.506163660719756692e+01,2.761810627528578266e+01,-2.197632031455547619e+01,-2.926508058808993340e+01,3.388912493172624352e+01,6.022347315245752952e-01,4.206090480590074776e+01,-1.918516676026782264e+01,4.846905759778527667e+00,-7.627401795146388963e+01,8.920884758986588281e+00,-3.787047531785196153e+00,2.885246768770585035e+01,-8.401342431862609317e+00,1.141319454528001032e+01,7.723248502394827142e+01,-1.768074828999118964e+01,-6.484747632429478159e+00,-2.818446821786025680e+01,-7.169428636191979898e+00,-2.963440294973024525e+00,1.401965561116763404e+00,3.654607987994392460e+00,-1.672679433844446351e+01,-2.645674907335060055e+01,4.582353064033117818e+00,9.973131786602799309e+00,5.688344249082058468e+01,1.267535988186410911e+01,3.323405155862784000e+01,1.775245170155990238e+01,1.664611281625447603e+01,-4.321277920712414300e+01,8.935195403920886292e+00,7.780135330121240145e+00,-3.224187067447962107e+01,9.534658054704157948e+00,4.737271979180151504e+01,-1.589967847841335846e+01,-7.190450217481657802e+00,-3.216819896694833147e+00,5.970381523452920192e+01,2.194522651800341606e+01,3.088468874804579301e+01,-4.341803759783484651e+01,-1.541869508661863186e+01,3.473317346359259261e+01,-1.484523213163475752e+01,6.089081356146359525e+01,-1.725491925073811927e+01,1.840405653026327570e+01,-2.481992482348569951e+01,-2.648130259973341172e+00,2.856789255172185804e+01,-3.399192752015519403e+01,-2.352181565433739152e+01,-1.640718207646384386e+01,1.542550818311320171e+01,1.239932080480846821e+01,-1.296410496657940037e+01,2.795201252276240211e+01,2.029986360921667199e+01,-3.157965483159520304e+01,-1.206182969497598378e+01,-1.818066415364381072e+01,-4.971373767062095084e+01,-4.864589241374353890e+00,1.225638123241841093e+01,-8.144906160071917256e+00,8.360263257398463654e-01,2.716386653858927414e+00,5.148451327268310962e+01,-3.119768739402281810e+01,-1.499398696825901567e+01,-6.504851949424857338e+00,3.111987044658109625e+01,9.054873631192982941e+00,1.270479496986939694e+01,4.007470755275603125e+01,7.143250531868611253e-01,4.631155701744776643e+00,-4.091881986395551252e+01,-2.836352341151550149e+01,7.142335510619735039e+00,-5.678490395280256564e+01,1.414057520354994679e+01,-2.100262249311127860e+01,1.190447805737334086e+01,-1.556873268352701567e+00,1.592233444456953428e+01,7.254069691120669461e+00,-8.457820283754969637e+00,1.227957549191076936e+01,4.271517598796327420e+00,-6.230141637966917223e-01,-2.783075930318104696e+01,3.978532445922579797e+01,5.024867034123776222e+00
-5.288051231295374244e-01,-5.470415327885896239e+00,2.340915846025005465e+00,4.172904086118831124e+00,-3.522899560157585874e+00,-4.353755216450031718e+00,5.059633879976015436e+00,2.067495209702192582e-01,6.486075665319430250e+00,-3.059241771109263652e+00,8.551322626639487057e-01,-1.170933178915297290e+01,1.235251025659055202e+00,-5.274119886174108984e-01,4.578145078563121473e+00,-1.148935421588215489e+00,1.813703305691699574e+00,1.171678617269265565e+01,-2.724540463029085924e+00,-1.023558253969144349e+00,-4.242147113915836876e+00,-1.116413834204666555e+00,-4.861914374368870861e-01,2.847498811436328658e-01,3.892304155714909619e-01,-2.590114631420008084e+00,-4.182471571855232995e+00,8.187642464121204222e-01,1.573836518840344256e+00,8.819201409702793981e+00,2.355034080669673902e+00,5.214135111067384365e+00,2.761821881713497628e+00,2.461514732193745392e+00,-6.600298237134040846e+00,1.325193727609153660e+00,1.289145282891347444e+00,-5.157096951627096360e+00,1.505271014214376368e+00,7.626649909481628242e+00,-2.439603996894042393e+00,-1.021225919012978434e+00,-3.755559655230736316e-01,9.040222487932725315e+00,3.322621576101364660e+00,4.695776538926907939e+00,-6.670940592136202163e+00,-2.372108589790652200e+00,5.271633371480053398e+00,-2.376722504257710700e+00,9.293424878036782744e+00,-2.610442696927540052e+00,3.000018682786402824e+00,-3.859438571225571657e+00,-4.361802263274063285e-01,4.499282862924158799e+00,-5.271686617485531912e+00,-3.677095747703906348e+00,-2.529713069506794643e+00,2.656796026162353996e+00,2.005020700988697335e+00,-1.892864169805955843e+00,4.109663913879853858e+00,2.957730816205563329e+00,-4.825650636600838261e+00,-1.778836041128809997e+00,-2.816337818092863987e+00,-7.632644344507867551e+00,-7.772792144153811700e-01,1.783672040219297594e+00,-1.247289147794403696e+00,1.334635526568689889e-01,3.505002170906559855e-01,7.959584710560158705e+00,-4.757296890963834457e+00,-2.280353869069490891e+00,-9.863838305036238818e-01,4.703805314495959067e+00,1.458602636996921387e+00,1.986209020062640107e+00,6.260965494440380752e+00,7.919311705554318848e-02,8.364835506742321902e-01,-6.312665731551404313e+00,-4.353102225630771649e+00,1.078748880989506054e+00,-8.987123604154735546e+00,2.223241046704031554e+00,-3.377595603517650424e+00,1.688629685819766690e+00,-2.746568932720328537e-01,2.468955083642743631e+00,1.239601968322038728e+00,-1.294329490080768919e+00,1.652252413063493908e+00,7.545989871964984275e-01,-5.789375592455160702e-02,-4.287061017634583138e+00,6.186785245969045555e+00,7.277205248103298940e-01
-7.284722644075473319e+00,-6.417330799743967873e+01,2.861479027221072613e+01,5.345567126481014952e+01,-4.086733138356700579e+01,-5.720387802175082470e+01,6.609436387790709944e+01,2.115449714601513875e-01,8.033068446195586887e+01,-3.581060253699910589e+01,8.369186872969802238e+00,-1.461069913309212041e+02,1.819499443142963457e+01,-7.699072857040121676e+00,5.404190962529662556e+01,-1.725382970430174723e+01,2.135496188722019184e+01,1.490943257176348595e+02,-3.378393238244554908e+01,-1.219075634842590539e+01,-5.468648156634476010e+01,-1.360330402500565050e+01,-5.419024005135756994e+00,2.112494675764335916e+00,8.416734440974824594e+00,-3.185749313498607904e+01,-4.968266651990570182e+01,7.827431401343327266e+00,1.875134345431528260e+01,1.082491365085752193e+02,2.090794575112658649e+01,6.273720054407307600e+01,3.370472744544618848e+01,3.266081592662551714e+01,-8.305320811727301589e+01,1.749917837637596918e+01,1.412218522010372368e+01,-6.005131170797122309e+01,1.792174678381077513e+01,8.782599083467877676e+01,-3.046708767707213994e+01,-1.445474064258212188e+01,-7.136889034066081550e+00,1.153986979188521502e+02,4.241918091636309640e+01,5.953661969853309444e+01,-8.312385498693907948e+01,-2.949345247912675205e+01,6.703181937182242223e+01,-2.763130204403147516e+01,1.170874305761953593e+02,-3.336984856180175996e+01,3.381411456408262950e+01,-4.713865455965500928e+01,-4.828266743052791021e+00,5.378671585065845306e+01,-6.467356064012655281e+01,-4.451244354654441793e+01,-3.133869157817540696e+01,2.716863898798436239e+01,2.291481910305046910e+01,-2.563576402310791380e+01,5.503903521909457908e+01,4.019301352441468111e+01,-6.067676455855189488e+01,-2.370558442454450443e+01,-3.461748518942582109e+01,-9.522309698645810272e+01,-9.067125836681746875e+00,2.428457109721622942e+01,-1.562747184048990512e+01,1.559256163560403419e+00,5.751584768336471143e+00,9.816098735200637293e+01,-6.002516266058568561e+01,-2.889877563349687151e+01,-1.256110944094783477e+01,6.021853044950799472e+01,1.678026230690885612e+01,2.404154992650854084e+01,7.586824494913005879e+01,1.619452463757739658e+00,7.836618904941505370e+00,-7.812714119969248827e+01,-5.434150834346120007e+01,1.382757047204074041e+01,-1.065516279180147023e+02,2.665491113282701008e+01,-3.896775010609074741e+01,2.394857630790859204e+01,-2.688428289599858800e+00,3.029723268034669204e+01,1.285718156527897804e+01,-1.623509483247295648e+01,2.544155215328498088e+01,7.367569447094312274e+00,-1.504558976452984975e+00,-5.319117854258436040e+01,7.555916732758770138e+01,9.985430062752261193e+00
-4.088916767177044775e+00,-3.761838179221481937e+01,1.658048054481978895e+01,3.058027670302349321e+01,-2.403353758897011261e+01,-3.250461319254525705e+01,3.761391678997831178e+01,4.953660518549800607e-01,4.637814346605002669e+01,-2.100513347386699436e+01,5.184866362858267408e+00,-8.418094540811783588e+01,1.004452597566122840e+01,-4.259562233229591044e+00,3.162302878535455619e+01,-9.480838141491918947e+00,1.250511480542323106e+01,8.544567904570379824e+01,-1.949843437591106010e+01,-7.115451516808491306e+00,-3.123157255128337084e+01,-7.889261310819272843e+00,-3.224350277105361151e+00,1.444317817130379211e+00,4.287956023753536350e+00,-1.842778171316401981e+01,-2.902027125058553736e+01,4.886600723652066769e+00,1.094360528190574122e+01,6.265190839457001459e+01,1.338329543657462217e+01,3.651312446983484961e+01,1.953865347080103732e+01,1.851087578350566787e+01,-4.774216537836942109e+01,9.930348565688644769e+00,8.446292580110712933e+00,-3.527696070321123756e+01,1.046153249544567387e+01,5.175902613681763142e+01,-1.754978318064571852e+01,-8.058237324116770850e+00,-3.725489661003314357e+00,6.607860539830575419e+01,2.428880743342436688e+01,3.415379383564362570e+01,-4.791073872412449930e+01,-1.700954251130417205e+01,3.842337463337463532e+01,-1.623939578324132782e+01,6.728351840239875514e+01,-1.910063610007274093e+01,2.005315337362927508e+01,-2.732004894623728575e+01,-2.878732365745763744e+00,3.136105574287522302e+01,-3.743665440570581637e+01,-2.586228174296275384e+01,-1.809182777356638283e+01,1.659692394559620254e+01,1.353432126159115256e+01,-1.445221121935215614e+01,3.111839844796409338e+01,2.263922059167674661e+01,-3.488646077828452263e+01,-1.342013221566801917e+01,-2.002787852173646144e+01,-5.486617763148722560e+01,-5.323722269896664194e+00,1.367192837948124762e+01,-8.993822226229614358e+00,9.151095057524196719e-01,3.096497272312753957e+00,5.673890925584744593e+01,-3.447928748460953585e+01,-1.658014108684251653e+01,-7.197275350979937869e+00,3.445494186919925284e+01,9.892038128698288801e+00,1.396878950014293075e+01,4.406783932077723165e+01,8.335049759070652931e-01,4.925313524531897968e+00,-4.511482190938342285e+01,-3.130555551046856522e+01,7.908989197243179170e+00,-6.227201671464110433e+01,1.552879766250829263e+01,-2.295271768050081462e+01,1.334430429600622503e+01,-1.665458986271301844e+00,1.753646391495279389e+01,7.819453669915688465e+00,-9.340651576687319491e+00,1.389746380401243542e+01,4.567904106099957673e+00,-7.435141085646909120e-01,-3.069423770166279652e+01,4.379253154384810642e+01,5.610469063278462620e+00
-3.863854527661310989e+00,-4.210744414520912926e+01,1.779842263672756530e+01,3.126000875589743089e+01,-2.720462525740840576e+01,-3.234140614473020037e+01,3.765829637990385237e+01,2.014226457410154492e+00,4.911499031970001283e+01,-2.356267170861390525e+01,6.899699306228399109e+00,-8.846007143157818575e+01,8.800628745557611765e+00,-3.770874324057207794e+00,3.517523584157599714e+01,-8.122594621657018621e+00,1.394564034484047887e+01,8.796360896324074474e+01,-2.062355558422756374e+01,-7.843607208414598020e+00,-3.171306099815355850e+01,-8.496606025700231157e+00,-3.796694013547514679e+00,2.426319041702011958e+00,2.260593753787157212e+00,-1.965558791650707349e+01,-3.207568353860509802e+01,6.641750709045008527e+00,1.205915740625659716e+01,6.696898836710396097e+01,1.941063445435835177e+01,3.983486877882093324e+01,2.100917680594527326e+01,1.822416761227374238e+01,-4.973014080199665443e+01,9.827350379958218696e+00,1.011407150317725012e+01,-3.978100695488335248e+01,1.153621159456570311e+01,5.901824580798928821e+01,-1.842539765312637101e+01,-7.388037153989903238e+00,-2.369134232415177621e+00,6.779997044385967797e+01,2.491792578834571259e+01,3.529481115579627470e+01,-5.041867551147033311e+01,-1.794059572677731751e+01,3.958605626444620640e+01,-1.834209449634905198e+01,6.999371092040119890e+01,-1.956876310616112136e+01,2.335542987935724568e+01,-2.935132997325391457e+01,-3.412521218863777683e+00,3.444026014483514331e+01,-4.003698246481595646e+01,-2.804082174243420056e+01,-1.915441561036127993e+01,2.121376293396406254e+01,1.554899563542310048e+01,-1.391474457578278212e+01,3.032914045209911791e+01,2.171689529222114956e+01,-3.636771685061665238e+01,-1.315019891133703389e+01,-2.137661857023423906e+01,-5.766506508073211279e+01,-5.992716400199473270e+00,1.308767894979253832e+01,-9.410624570026357105e+00,1.028532003856404309e+00,2.384711289624210195e+00,6.035302343406765857e+01,-3.581288074090427642e+01,-1.714233419802487646e+01,-7.403443731368937186e+00,3.524436309318578253e+01,1.129044091548895778e+01,1.514685843015198863e+01,4.773016610360691914e+01,4.777082742699177986e-01,6.816086353288788757e+00,-4.781253097863073975e+01,-3.288159262731343091e+01,8.079468446031709661e+00,-6.896196250244048542e+01,1.700330943447374921e+01,-2.612342377778575653e+01,1.220734073739801318e+01,-2.216021362593126209e+00,1.874952206823753187e+01,9.863320935599855233e+00,-9.762052421617912756e+00,1.156069266792849248e+01,6.091918946170794769e+00,-2.879833364426669373e-01,-3.244498858878915826e+01,4.705200983246211166e+01,5.324829345089455046e+00
-1.424344702187360756e+00,-3.992599306005256921e+00,2.816292490889562128e+00,7.370258112021765839e+00,-2.129732625649290334e+00,-9.064322273759792381e+00,1.016514013223429380e+01,-1.975043773551230952e+00,8.808139094076205211e+00,-2.158577596665601561e+00,-9.722333002031546823e-01,-1.694402189214746102e+01,4.458787763072168175e+00,-1.836922629631493775e+00,3.663843978786687661e+00,-4.464356953621648749e+00,1.399075247291064361e+00,1.973422541589486201e+01,-3.738580124255547865e+00,-9.231850172941575838e-01,-7.822702242852954235e+00,-1.301383760004758638e+00,-8.166605193530862561e-02,-9.713265537985515952e-01,3.981892568858367731e+00,-3.304850632939355659e+00,-3.646242673035485993e+00,-1.109329432744992516e+00,1.425913747981584212e+00,1.103780958508915333e+01,-4.733334968709479007e+00,5.313521278299090156e+00,3.269744642842814741e+00,5.431134226308426349e+00,-1.021919836324056163e+01,2.843012269809241488e+00,-2.013064454646640300e-02,-3.335181341853849624e+00,1.351617256373051745e+00,3.989470317422106227e+00,-3.555334576692023685e+00,-3.121862206354681035e+00,-2.896922381993650930e+00,1.557498930081677990e+01,5.729984618461027246e+00,7.701121024102809187e+00,-9.542794569876715371e+00,-3.331443911656682300e+00,8.831877964826629679e+00,-1.494610579508269144e+00,1.452908957966916859e+01,-4.543001740001134436e+00,8.652887216462006315e-01,-4.606511266123761494e+00,-4.125009948867475185e-02,4.249626883355151818e+00,-6.566680124273422514e+00,-4.005615694691630146e+00,-3.443000357274431433e+00,-1.900373698113887677e+00,8.814000367190497620e-01,-4.675939396305693663e+00,9.557024196033642838e+00,7.436468047241109325e+00,-7.427726050558280946e+00,-4.023719927171187649e+00,-3.571918678843646777e+00,-1.102976071261507940e+01,-5.182113921518641808e-01,4.528771855252408329e+00,-1.866368192108600610e+00,9.126141936562705281e-02,1.830586626660934080e+00,1.040656803332136526e+01,-7.522127048122634996e+00,-3.727048875092669800e+00,-1.670482959155826563e+00,8.271373786774503856e+00,7.471196051616466605e-01,2.161588858615963726e+00,6.894483948027158249e+00,7.208291187712431158e-01,-1.287186764106908576e+00,-8.519019909465162854e+00,-6.322466967735218546e+00,1.913562564421139811e+00,-7.638562572347441737e+00,2.173971702031423980e+00,-1.836400336922109577e+00,5.207425869650109007e+00,3.119235148564560856e-01,3.082997084358574558e+00,-7.129551781431464619e-01,-1.954279626566766792e+00,7.024380615149794060e+00,-8.749278971384204517e-01,-8.348943074058470248e-01,-5.913575819162044667e+00,7.379195738219890721e+00,1.922180335891250147e+00
-2.937105040898431163e+00,-1.397681408821688009e+01,7.672974704550014735e+00,1.726705721356528045e+01,-8.326661488609730100e+00,-2.011499332093153924e+01,2.281297724251772507e+01,-2.718865593199911057e+00,2.279472365832281255e+01,-7.702947729163931001e+00,-2.533826087194226417e-01,-4.274391799193716679e+01,8.589275356641538295e+00,-3.565259539702898550e+00,1.218961310085951588e+01,-8.473467836902797146e+00,4.749049635847470086e+00,4.701633912863587739e+01,-9.634158309164051914e+00,-2.884201684924402986e+00,-1.805783418527095208e+01,-3.595585510856223799e+00,-8.249589450857146566e-01,-1.073475756702209516e+00,6.642419158995575224e+00,-8.778087793439654618e+00,-1.159287105045911126e+01,-5.151577887566283209e-01,4.444580297515116740e+00,2.956048750829471672e+01,-3.837798851667763245e+00,1.562525558167677708e+01,8.971764617089190708e+00,1.184050611973335876e+01,-2.511444535219623475e+01,6.250918980689868398e+00,1.825910255365282175e+00,-1.252144230721959772e+01,4.232352096965689370e+00,1.707749458909255935e+01,-8.943901584731191790e+00,-6.239045637647572917e+00,-4.965569313681076125e+00,3.680877895101879460e+01,1.353714881009037185e+01,1.852546189790538733e+01,-2.418306435786037412e+01,-8.504728267569648281e+00,2.108191351257630330e+01,-5.705841307459210476e+00,3.557596661809739658e+01,-1.069848493287279290e+01,5.642317055421261607e+00,-1.259432091519658670e+01,-6.912013382536819073e-01,1.297074364229690957e+01,-1.762218522884985106e+01,-1.141391404852937796e+01,-8.902102385461905243e+00,9.237980250297077589e-01,4.233905624323320183e+00,-9.868057061038836508e+00,2.051598755415544417e+01,1.561806351136041116e+01,-1.829493316390128399e+01,-8.707647818388881689e+00,-9.511812605029012602e+00,-2.783928654102285449e+01,-1.910958525645837458e+00,9.486016073712532304e+00,-4.647017910747980984e+00,3.316076867570014741e-01,3.300789607235031120e+00,2.735830524409201203e+01,-1.834067415333634088e+01,-8.976817820650563107e+00,-3.972065880095180024e+00,1.940801454402908988e+01,3.241845027201119667e+00,6.162140107920408560e+00,1.954764701596287679e+01,1.215031657256854025e+00,-7.612927482849816130e-01,-2.210338139017724757e+01,-1.592621353489621150e+01,4.476365735373375898e+00,-2.461041046050771541e+01,6.522432431149110421e+00,-7.669363121236620451e+00,1.038569254618254512e+01,8.085665852639678519e-02,8.264737561043205005e+00,6.963544230675156044e-01,-4.849040181263554850e+00,1.310847112999845088e+01,-2.495512188736701553e-01,-1.358576055430770868e+00,-1.520656960505641919e+01,2.018114721363205888e+01,3.983969023065758286e+00
-5.516006392559023475e+00,-5.356965171187454189e+01,2.328385858106671691e+01,4.226974397216377355e+01,-3.435484830450459981e+01,-4.454863954496622114e+01,5.165144661456432118e+01,1.333390128752968806e+00,6.484032130300327879e+01,-2.993383430967163505e+01,7.854939910550806204e+00,-1.173954366831856220e+02,1.325293185529635842e+01,-5.636840013272471417e+00,4.493684392145110706e+01,-1.242997050159365102e+01,1.778538722596325528e+01,1.183738714468078257e+02,-2.724938196199229878e+01,-1.008057768489019423e+01,-4.307848991159603713e+01,-1.109080869751921128e+01,-4.672261445892104348e+00,2.405055817189909906e+00,5.013887431849358478e+00,-2.582387917551873002e+01,-4.115033910654668148e+01,7.462856950153811120e+00,1.550211263663158334e+01,8.785900898887065580e+01,2.096407930948893039e+01,5.155029962216011796e+01,2.745318036143138940e+01,2.528640675930353154e+01,-6.639054441080817526e+01,1.358700930617650471e+01,1.231163401309919792e+01,-5.036204569921162033e+01,1.482279143593955695e+01,7.417211831090136798e+01,-2.446714608184941753e+01,-1.077316867200916661e+01,-4.530457017110031792e+00,9.144615039479145935e+01,3.361171535507376973e+01,4.737352757420874383e+01,-6.684562811595857568e+01,-2.374941099238184705e+01,5.324367048118655532e+01,-2.319627098888139471e+01,9.352551354709976295e+01,-2.642069212342419604e+01,2.894743999238923138e+01,-3.837588093805933198e+01,-4.181248127936518344e+00,4.437375247685336177e+01,-5.250767359653612232e+01,-3.643816424750734484e+01,-2.529164164736197762e+01,2.476861549674782736e+01,1.944516697825763174e+01,-1.960723211676591049e+01,4.237646908664391532e+01,3.067991747702473759e+01,-4.852562293287466844e+01,-1.830559589110659147e+01,-2.807234564902086760e+01,-7.651847463866174337e+01,-7.595632800889979386e+00,1.851601776294288726e+01,-1.252506138082831555e+01,1.304957961292671831e+00,3.944333592086728402e+00,7.943986563397429279e+01,-4.790317539947083958e+01,-2.300129330830642616e+01,-9.968340848694232648e+00,4.763565678382214230e+01,1.418031458849129400e+01,1.968165575132172407e+01,6.206711925958663301e+01,9.910847046049575670e-01,7.574341873755222387e+00,-6.308933198869494419e+01,-4.365091410190537857e+01,1.092995210778637549e+01,-8.835832711875350753e+01,2.195059575050728640e+01,-3.287105039030981146e+01,1.782851620245678959e+01,-2.523012299932062774e+00,2.459402908029171897e+01,1.161296768296136506e+01,-1.300312979944320091e+01,1.807168424081294944e+01,6.925951419482875515e+00,-8.246498817004097592e-01,-4.288692333652191735e+01,6.151590322161928981e+01,7.578570285946697460e+00
-6.369544844304252607e+00,-4.946092108448699065e+01,2.285991119093091939e+01,4.434446037787560613e+01,-3.117712910023646344e+01,-4.836898652855556691e+01,5.564699435943980887e+01,-1.382525780726111542e+00,6.487606381441456449e+01,-2.754669789085275511e+01,5.289905867147786545e+00,-1.187158171517451564e+02,1.660973851692232017e+01,-6.989586944389731826e+00,4.188668765274547212e+01,-1.593419398305391077e+01,1.651389001208121954e+01,1.230428144327028832e+02,-2.731092926745380112e+01,-9.523954172155132625e+00,-4.558528363069355294e+01,-1.083834379157565841e+01,-3.978052168535505917e+00,7.709327986609721961e-01,9.175443870855520601e+00,-2.558214927056546983e+01,-3.872399673581536206e+01,4.791980789243883265e+00,1.465396463588977660e+01,8.677693510727259252e+01,1.142382252740415183e+01,4.945035862881834277e+01,2.688925477435268618e+01,2.781535949862175627e+01,-6.793966251985260385e+01,1.485104235452578614e+01,1.018586440130079751e+01,-4.597223679875856561e+01,1.399692885787405316e+01,6.654459516480899595e+01,-2.477247395023555399e+01,-1.286858637324984933e+01,-7.407491848496612796e+00,9.546866867008380098e+01,3.509687573403365946e+01,4.899438846101151057e+01,-6.746487976109867191e+01,-2.389509825971295598e+01,5.528775020978287102e+01,-2.112202749278968028e+01,9.587551541282904566e+01,-2.763713902946211931e+01,2.509912042115933062e+01,-3.763275051287866546e+01,-3.519885733564568575e+00,4.215771234640699561e+01,-5.182330532732423478e+01,-3.526852293239848990e+01,-2.531477350963172057e+01,1.814865097301861852e+01,1.723826646076112468e+01,-2.215357160891188570e+01,4.718817012907247488e+01,3.481531780560797529e+01,-4.960547142863020298e+01,-2.025224203354637353e+01,-2.778350929058060004e+01,-7.736099301806072503e+01,-6.952707110284022107e+00,2.106309994538103325e+01,-1.273975416793562054e+01,1.197311577772866231e+00,5.577844839913788988e+00,7.899879998840239637e+01,-4.920815505752666752e+01,-2.377305017129805975e+01,-1.037241528586204531e+01,4.993028135174763094e+01,1.270243043987201759e+01,1.904736952709448161e+01,6.016489025353608611e+01,1.730203176394189413e+00,4.660356586446895655e+00,-6.305952658095186791e+01,-4.416984510081405801e+01,1.147623794810179554e+01,-8.290822333610411476e+01,2.094482235123208369e+01,-2.957689125921459805e+01,2.134795125929676374e+01,-1.699573242614570212e+00,2.428259376174845485e+01,8.733476114447210392e+00,-1.324702556638301232e+01,2.383888651173120721e+01,4.642004832404766468e+00,-1.735877896772568985e+00,-4.302101574806138728e+01,6.031842091092902081e+01,8.707471019346135321e+00
-5.974197405312231091e+00,-4.736348679667968753e+01,2.175690798276866644e+01,4.194239607204990961e+01,-2.990828069999873762e+01,-4.560785674587843630e+01,5.250660108200342080e+01,-1.067487934073468203e+00,6.163353880065192669e+01,-2.638750732746421335e+01,5.258119683373850606e+00,-1.126686894519815212e+02,1.547634801818903583e+01,-6.518062231549627938e+00,4.007155211317049748e+01,-1.482118066697147718e+01,1.580451724681432246e+01,1.164763251037907850e+02,-2.594170883905281855e+01,-9.098838367404315619e+00,-4.308212694733834525e+01,-1.032004929397317206e+01,-3.842307963248075886e+00,8.804587587913337288e-01,8.340356363942268203e+00,-2.432671837308706131e+01,-3.701027050936200169e+01,4.794643384922293805e+00,1.399911168689815710e+01,8.254214281221246097e+01,1.171758346471936107e+01,4.717149547032156676e+01,2.559774408334452644e+01,2.619745497111984633e+01,-6.440708918248758152e+01,1.399502777986928947e+01,9.869832484197820222e+00,-4.407445397640218943e+01,1.337286334981425640e+01,6.391289868146040476e+01,-2.350791794236812038e+01,-1.203624974724341712e+01,-6.777030910220559257e+00,9.033752049549535457e+01,3.320994898927496308e+01,4.640126166587984358e+01,-6.404023986159724302e+01,-2.268881021918945251e+01,5.234205819790601311e+01,-2.025528140100913888e+01,9.087554983389132701e+01,-2.614701995956479763e+01,2.419449240398408563e+01,-3.582104522462322649e+01,-3.404042686905569770e+00,4.025349015846720135e+01,-4.929773736116649729e+01,-3.361349783596376994e+01,-2.404870159819254383e+01,1.784211836528550421e+01,1.657745416834229957e+01,-2.081678749105304149e+01,4.439620207832061283e+01,3.270239050165304917e+01,-4.703083794738096657e+01,-1.906471230277429285e+01,-2.642243052375975054e+01,-7.342201276915028529e+01,-6.663791940789693058e+00,1.978069623487758477e+01,-1.208420633475083150e+01,1.147279952851615770e+00,5.151377322349721233e+00,7.509431049200497910e+01,-4.663296734827267187e+01,-2.251614662694185043e+01,-9.817915418161854646e+00,4.722939550993459079e+01,1.220205989253106793e+01,1.815378052934682174e+01,5.733313754388438355e+01,1.576864063877589706e+00,4.691612066438032969e+00,-5.991363932131429237e+01,-4.191742251898826765e+01,1.085374226399723696e+01,-7.926225369685045052e+01,1.999014211111419570e+01,-2.839849049953862803e+01,1.996324904185105709e+01,-1.689300028267956666e+00,2.309836410300855647e+01,8.558234687189411716e+00,-1.256350426492154426e+01,2.212620805607203422e+01,4.617107688010749555e+00,-1.566665752812098411e+00,-4.086081336605493419e+01,5.741516636662775852e+01,8.170447676032345896e+00
-2.856311942436569051e+00,-3.656948788573801323e+01,1.492484856519541125e+01,2.506895440948488840e+01,-2.383898613922378829e+01,-2.525691889083265096e+01,2.959290077462480184e+01,2.771692778711257965e+00,4.069607111135526623e+01,-2.049940989805698521e+01,6.759948920999728550e+00,-7.278722230342378907e+01,5.932478472712094941e+00,-2.576660456651597375e+00,3.039392315754122365e+01,-5.310644954761784220e+00,1.207528398862404551e+01,7.101684636721947186e+01,-1.706953630762787455e+01,-6.727313042262719200e+00,-2.526914210964417862e+01,-7.145143215250423729e+00,-3.428729020769039959e+00,2.674271253746189014e+00,1.849830290850416059e-01,-1.639027616439411261e+01,-2.757160984566065309e+01,6.589091103527946913e+00,1.033981289742724030e+01,5.594856137309245980e+01,1.996063621652251641e+01,3.387061018339326068e+01,1.764299178292790415e+01,1.407943677203517119e+01,-4.059182196372454143e+01,7.632770520822647065e+00,9.246030938986837810e+00,-3.475520712284377822e+01,9.897308498475883454e+00,5.201450925596122943e+01,-1.514859317623014157e+01,-5.273484637045479317e+00,-7.962169223872807011e-01,5.456587419739771860e+01,2.005135564358664269e+01,2.859751040829199198e+01,-4.153988198012869049e+01,-1.481153225948482977e+01,3.198270536509895123e+01,-1.604518889751909327e+01,5.706294532302716505e+01,-1.572657169765907170e+01,2.092058754692493139e+01,-2.463038229147878155e+01,-3.096965298947262468e+00,2.944622505539787127e+01,-3.346369088869531083e+01,-2.371720509652227449e+01,-1.586738052126593601e+01,2.027014652636571412e+01,1.378387002442112319e+01,-1.050037405767301024e+01,2.318668886401137996e+01,1.632259298797945490e+01,-2.970636965478745850e+01,-1.011001437568774008e+01,-1.783592512497399341e+01,-4.745568740940291974e+01,-5.228163240216483487e+00,9.814532114506189231e+00,-7.713182173160443078e+00,8.962161365381434708e-01,1.313757782072020319e+00,5.020457619575153529e+01,-2.915511591947088021e+01,-1.389580414391756946e+01,-5.972612092091698521e+00,2.828227754263241422e+01,9.958187635900227264e+00,1.281236909085048659e+01,4.033465442432061110e+01,9.602552608363651432e-02,6.832250074664100836e+00,-3.964308457229875415e+01,-2.704440457002027642e+01,6.475247180956833937e+00,-5.937307619866881936e+01,1.450190130020610013e+01,-2.299004873904883439e+01,8.690248214926693748e+00,-2.170978706217606025e+00,1.566754054949745267e+01,9.344052956601128557e+00,-7.992623966342089048e+00,7.242095316060744636e+00,5.976326623190537646e+00,1.310773121296590071e-01,-2.683868074729372566e+01,3.948655186570161391e+01,3.955545326857913935e+00
-3.665400340781178823e+00,-6.629523838999347163e-01,4.125604929436049062e+00,1.550427605134887088e+01,1.104138861725715515e+00,-2.094369423001975505e+01,2.306029574452176689e+01,-7.348038647861209860e+00,1.491619948370785487e+01,-1.133411840975950824e-01,-5.432773692063385340e+00,-3.054437461901983752e+01,1.248674944606640125e+01,-5.099642662489833889e+00,1.673198632059470725e+00,-1.271408969796180699e+01,4.810855164407459306e-01,4.020327141501630308e+01,-6.399685951883220980e+00,-7.349174747146598463e-01,-1.690654350513866788e+01,-1.822782738184697937e+00,8.885178830661089044e-01,-4.054975549293319048e+00,1.287175924843426422e+01,-5.219417994045588927e+00,-2.565749806268614819e+00,-5.820595574023911922e+00,1.152257991727613895e+00,1.702608213562882966e+01,-2.209170978198738311e+01,5.861766048344168034e+00,4.683840863159867141e+00,1.290363504035692266e+01,-1.953469097430232893e+01,6.666220351994347482e+00,-3.176728375272478200e+00,8.619611615031264051e-01,1.059832833655355522e+00,-4.544545239635368716e+00,-6.450874530448706956e+00,-8.365894951077024189e+00,-9.141869112932985431e+00,3.222905797012781193e+01,1.186477934754456598e+01,1.539160856351930740e+01,-1.701856479068104733e+01,-5.837054383914977329e+00,1.792540337490433799e+01,5.444907294862737501e-01,2.799148222722654822e+01,-9.464527937084710629e+00,-4.229255985229568360e+00,-6.674639074764914248e+00,9.081569155032056528e-01,3.894847721348580372e+00,-1.006921460539487256e+01,-5.030095629637424182e+00,-5.844113986652154757e+00,-1.299382009762872414e+01,-1.775378701739318110e+00,-1.165498086241500175e+01,2.324073524273696023e+01,1.866253793081676093e+01,-1.413042819864234190e+01,-9.667795880697791944e+00,-5.600441235200415591e+00,-1.985783620207121203e+01,7.604816117831414424e-02,1.140773994184407769e+01,-3.466820308952589080e+00,-5.145740078167704290e-03,5.504035665799994703e+00,1.690856196061593053e+01,-1.462256197046219874e+01,-7.430208282351681959e+00,-3.416256070193708361e+00,1.734998454835784543e+01,-9.241861827716300049e-01,2.709853587562945698e+00,8.821872182311061295e+00,2.309088302991209041e+00,-6.480137133622530854e+00,-1.433141655421618132e+01,-1.143608487951345332e+01,4.036689233149557410e+00,-4.832259899893514898e+00,2.181538799290439812e+00,1.771270470370215122e+00,1.399047560567676030e+01,1.743737998773424280e+00,4.741996463052087663e+00,-5.460150076678173647e+00,-3.658341062300587421e+00,2.037963013904693454e+01,-4.853012523017323332e+00,-2.756016870009487807e+00,-1.017714941635887449e+01,1.068170703450202197e+01,4.912574961553697328e+00
-3.211178714266601730e+00,-3.341123304722107434e+01,1.427762717840307083e+01,2.540921168040961931e+01,-2.152443359612610863e+01,-2.648585689310962721e+01,3.078662810323225330e+01,1.300753716482324851e+00,3.954166733979287329e+01,-1.868602143082669897e+01,5.251363427571353881e+00,-7.136605049240851883e+01,7.480854205978937799e+00,-3.195276102315165012e+00,2.795581814157339551e+01,-6.952445282907595114e+00,1.107606872024857303e+01,7.136179558363804176e+01,-1.660917918936898729e+01,-6.248358832364544035e+00,-2.582493704373777632e+01,-6.809936138115181947e+00,-2.974357583741120248e+00,1.760224663425248526e+00,2.311166408266919881e+00,-1.579415680535393918e+01,-2.553434568475351796e+01,5.031217667898900459e+00,9.607443385742682196e+00,5.378210097093907649e+01,1.449900564626572574e+01,3.181901206477580502e+01,1.684574788127492440e+01,1.496902743613005882e+01,-4.021556041252337366e+01,8.060249210643570805e+00,7.890793240214016180e+00,-3.150526726205985995e+01,9.189104737166911008e+00,4.660889014420290977e+01,-1.486845289581954255e+01,-6.194777417934549391e+00,-2.246865721813965155e+00,5.505378654757810608e+01,2.023423602233284413e+01,2.860362675291167989e+01,-4.066003111799339109e+01,-1.445933827071138111e+01,3.210804196819050560e+01,-1.452041576430347014e+01,5.662225256828021003e+01,-1.589644364908273388e+01,1.834665667570678593e+01,-2.354000034962647803e+01,-2.668977964502472933e+00,2.746265641672051316e+01,-3.214886302636577398e+01,-2.243468229587366736e+01,-1.542198903803556398e+01,1.629534593350524574e+01,1.225631396584198640e+01,-1.150200546576104443e+01,2.498304640569531188e+01,1.797035298594214225e+01,-2.940343080501726902e+01,-1.081573666421104107e+01,-1.717401996497342154e+01,-4.651972016515335895e+01,-4.748205758986623337e+00,1.083630735937125600e+01,-7.600880514574308577e+00,8.152549259714841901e-01,2.112570729827976113e+00,4.853195525800604315e+01,-2.898337244237980315e+01,-1.389066560085048962e+01,-6.007466923075260645e+00,2.864257377901728319e+01,8.914269644454243746e+00,1.211828781024054535e+01,3.819805277695638779e+01,4.718286361228219983e-01,5.142851261250452666e+00,-3.848545090378453182e+01,-2.653087655924201727e+01,6.568457395563995327e+00,-5.487066603620343841e+01,1.356886134817003686e+01,-2.064031990019992691e+01,1.024245207263271595e+01,-1.686660600650166986e+00,1.505654524563710694e+01,7.599940631640691002e+00,-7.887227343728919315e+00,9.987316903820584457e+00,4.634292847169422913e+00,-3.394231128896090244e-01,-2.613396987876609501e+01,3.773535468782895208e+01,4.419774468756118679e+00
-3.150595593422506280e+00,3.930491408816991772e+00,2.084463761744493659e+00,1.170558450529374284e+01,4.032187665296686596e+00,-1.688667903814319615e+01,1.837064803367334420e+01,-7.376747297178885887e+00,9.192230790836919851e+00,2.450409838886596248e+00,-6.042016461215362177e+00,-2.013981270801185275e+01,1.120707511233639764e+01,-4.557818577171364183e+00,-2.192994723527250223e+00,-1.150222029323131601e+01,-1.046994737423819544e+00,2.960265066142603274e+01,-3.992642940775788407e+00,1.365573539011264437e-01,-1.302231686116936515e+01,-8.521805145612459942e-01,1.278148023217989149e+00,-4.213709902574700905e+00,1.229289740428967725e+01,-2.948125331449782394e+00,9.866839416160928522e-01,-6.391765659851761150e+00,-1.881701171517158322e-01,9.307108078254181294e+00,-2.362944795175518564e+01,1.380739990801279404e+00,2.279301764182376289e+00,1.058900922642866504e+01,-1.362432007618898666e+01,5.425621789002129880e+00,-4.193709096710296791e+00,5.163093682903620696e+00,-2.213685738176283113e-01,-1.084108063110605080e+01,-4.281404770691946027e+00,-7.346408560764384532e+00,-8.647757009104577008e+00,2.402625166139232604e+01,8.849558659243127678e+00,1.115732655738344725e+01,-1.109849164274498712e+01,-3.736161812302632779e+00,1.315915829167436968e+01,2.523836043296559861e+00,1.965994496115747125e+01,-7.092789285835728208e+00,-6.658078131319405735e+00,-3.311934876898961377e+00,1.255526385986206250e+00,5.102624205020678261e-02,-5.457315246575935141e+00,-1.852386969299043784e+00,-3.611119392311323395e+00,-1.496301785730675071e+01,-3.419306118319062282e+00,-9.841028604060300111e+00,1.934295774209885010e+01,1.581925274876196852e+01,-9.812186534775474200e+00,-7.988372420769846549e+00,-3.132242490171234017e+00,-1.307672452046609379e+01,7.253747528128817734e-01,9.690073779156435307e+00,-2.354326580227149801e+00,-1.167945426588488655e-01,5.102393835957077073e+00,9.911660239500136527e+00,-1.035188191253268819e+01,-5.374833794292706024e+00,-2.523213803518213894e+00,1.307049386864624196e+01,-2.127321780840549792e+00,9.935332550938280605e-01,3.406155841083123192e+00,2.197401029244488324e+00,-7.053182360121033057e+00,-8.764137351217055283e+00,-7.566460568281270227e+00,3.054116299865456519e+00,2.787682787313848110e+00,2.771324374539405611e-01,4.564544785721308173e+00,1.230163296218711722e+01,1.939442008982456223e+00,2.581533819162374677e+00,-6.390773904317221366e+00,-2.502696362068546954e+00,1.859568636970611877e+01,-5.389471609299424593e+00,-2.653380626221314653e+00,-6.387562528720287958e+00,5.291552722846683210e+00,4.206707462637194972e+00
-1.658993935575439505e+00,3.492777770126309633e-01,1.656383424545044392e+00,6.783472850071985860e+00,9.445959839938509184e-01,-9.318360720177210510e+00,1.022796674815278628e+01,-3.478840031441152725e+00,6.227595577395288018e+00,3.163179370385251765e-01,-2.656923780676372360e+00,-1.294241080805978861e+01,5.720022006181936902e+00,-2.333311581456552375e+00,2.333738401139164864e-01,-5.837308661801126064e+00,7.011929398409000314e-03,1.748156513522842914e+01,-2.678943018737665049e+00,-2.217816528254702435e-01,-7.434227386043453123e+00,-7.219023283455942019e-01,4.763754447268960801e-01,-1.940396434229322065e+00,6.003200817534239953e+00,-2.140411683804771759e+00,-7.007094484214557717e-01,-2.834821370781389405e+00,3.514676918058825539e-01,6.937452740735798429e+00,-1.066847369593129002e+01,2.125327318905886553e+00,1.867925455447063232e+00,5.767827158282248234e+00,-8.384665687043115767e+00,2.973282166786830771e+00,-1.648929181896520824e+00,1.028193521743950178e+00,3.163078202231868197e-01,-3.057501681921266368e+00,-2.737427332825192572e+00,-3.808917852445718122e+00,-4.251660292750667480e+00,1.405673716025828135e+01,5.175492904970846908e+00,6.667345583787718688e+00,-7.193454673824926537e+00,-2.457062379175405376e+00,7.788756768582606682e+00,5.430679489101528645e-01,1.203432288668161654e+01,-4.133321600792127626e+00,-2.350351639334678389e+00,-2.671072469675393801e+00,4.795646019948306416e-01,1.287162291189117180e+00,-4.096037895526432493e+00,-1.920102647632744075e+00,-2.441340175728236250e+00,-6.428570242348965458e+00,-1.076726897135446670e+00,-5.249611151606395687e+00,1.042754792250266860e+01,8.414785368873895166e+00,-6.058851724579208842e+00,-4.329333335861718979e+00,-2.292176894449929669e+00,-8.411836787896730172e+00,1.296501200273608712e-01,5.146590064454984237e+00,-1.478852255263829241e+00,-1.854267623079011718e-02,2.544764966170488307e+00,6.986065603762429355e+00,-6.298431565977097080e+00,-3.216991360518699938e+00,-1.486605563780206696e+00,7.586888035798361685e+00,-6.106197260108419123e-01,1.033778351073082469e+00,3.390222117775997912e+00,1.075793303855781424e+00,-3.146972103562534429e+00,-5.973674968836865773e+00,-4.849495652254700140e+00,1.767074343039349182e+00,-1.185597887366820480e+00,7.568136970524292906e-01,1.240619190589324461e+00,6.372057917686849926e+00,8.528060809237882900e-01,1.930642617018996976e+00,-2.716240238400199569e+00,-1.563191382447251643e+00,9.379602357593642026e+00,-2.372268006211650349e+00,-1.288440223863445810e+00,-4.265725875275331980e+00,4.273378252609555616e+00,2.221182884053792161e+00
-6.473185319642839275e+00,-7.091295323033413922e+01,2.993806169734687117e+01,5.250359247928942352e+01,-4.582960285759498475e+01,-5.427375111188190715e+01,6.320877464041441129e+01,3.461583495896862317e+00,8.258126286789008930e+01,-3.968421120019319659e+01,1.167188939690873539e+01,-1.487009204967966411e+02,1.470491784559082404e+01,-6.303089635819684844e+00,5.922792106293146475e+01,-1.356080427341466432e+01,2.348332825658362566e+01,1.477738789890469491e+02,-3.467487743274900680e+01,-1.320363013722104029e+01,-5.325344925708684229e+01,-1.429320376269284587e+01,-6.402917174347375173e+00,4.124664277880025764e+00,3.686283716249377562e+00,-3.305568894641194788e+01,-5.399912236254859721e+01,1.124109004400607148e+01,2.029971668494012960e+01,1.126318924471577105e+02,3.290009026591697960e+01,6.703646869798834018e+01,3.534050138073290981e+01,3.057252994210375618e+01,-8.357387202529068304e+01,1.648893082187749570e+01,1.706444851626270776e+01,-6.700901389910409023e+01,1.941981818210045674e+01,9.944385753480398193e+01,-3.097216252009784654e+01,-1.236454152744246038e+01,-3.904185787763493565e+00,1.138884281811515251e+02,4.185622320080298664e+01,5.930024241010347197e+01,-8.475720567439940112e+01,-3.016141326633056607e+01,6.650390450797634401e+01,-3.089767711146546603e+01,1.176230915463691815e+02,-3.286951379279950913e+01,3.937602374540220751e+01,-4.937198810491452150e+01,-5.756061404957957706e+00,5.796914013198217219e+01,-6.733729068533823181e+01,-4.718024612374984628e+01,-3.220571514140354452e+01,3.585139831116654818e+01,2.620499947377383876e+01,-2.332616026531570341e+01,5.086299341639124805e+01,3.640095009828374373e+01,-6.111914298099826937e+01,-2.205717602570731373e+01,-3.595073876705713189e+01,-9.693517659576738765e+01,-1.009390939563014555e+01,2.193550654737305194e+01,-1.581716531058949471e+01,1.732346797308772279e+00,3.964648682252626344e+00,1.014901019659113643e+02,-6.018003350163283471e+01,-2.880195691353678455e+01,-1.243705969526441102e+01,5.919684978593556934e+01,1.902454757231213378e+01,2.548550221351635159e+01,8.030622141481794074e+01,7.828515218949760879e-01,1.154091916477701929e+01,-8.039310619309239314e+01,-5.527301108774828720e+01,1.356981247484153563e+01,-1.161032744515062092e+02,2.861718858670480614e+01,-4.401487310168563738e+01,2.042850237805898317e+01,-3.748725996106354152e+00,3.153414531814904720e+01,1.666360755584209841e+01,-1.640725343507932621e+01,1.927927581353476327e+01,1.030593573691561460e+01,-4.591034977899624003e-01,-5.454950852103287673e+01,7.914654244121909699e+01,8.922088407034307167e+00
-6.661420043819802572e+00,-6.321037527661680144e+01,2.763708694323181092e+01,5.051290384800900313e+01,-4.047263028040054422e+01,-5.343166085860778480e+01,6.189886278566655875e+01,1.260687899062018502e+00,7.710859479838424591e+01,-3.530999537503156205e+01,9.033783405284546930e+00,-1.397577448395016972e+02,1.616118233399054205e+01,-6.864828017101654467e+00,5.307138094990175148e+01,-1.520020010250781795e+01,2.099723495290703212e+01,1.413218266688415099e+02,-3.241073462234312785e+01,-1.192064539847634030e+01,-5.152630611055189291e+01,-1.315833917193061886e+01,-5.472932728325092810e+00,2.664463630141114425e+00,6.460063657927124225e+00,-3.067932937618902400e+01,-4.864331690545800058e+01,8.554879510989131575e+00,1.833274305709552365e+01,1.043473493216723682e+02,2.378796818564959281e+01,6.104938887409002035e+01,3.257825521014162007e+01,3.037165196175752868e+01,-7.913307274044022677e+01,1.630809177163450485e+01,1.438597211881502247e+01,-5.936245270267420437e+01,1.752759998195518421e+01,8.728867513524511423e+01,-2.913142555629571362e+01,-1.306149453469630473e+01,-5.731530733910732422e+00,1.092236242287995083e+02,4.014675457754427157e+01,5.652773071846176123e+01,-7.956299289284109477e+01,-2.825883934412792442e+01,6.355879059355952876e+01,-2.733551000594664515e+01,1.114962002305257016e+02,-3.156346433775564719e+01,3.396223338238216627e+01,-4.554545404559594601e+01,-4.892977831731337268e+00,5.250156981510689036e+01,-6.235718525228799791e+01,-4.319021167964141483e+01,-3.007810871444219813e+01,2.866145114512696068e+01,2.285904684226098027e+01,-2.362038948654271664e+01,5.096723722049734562e+01,3.697747690549064714e+01,-5.783301451043637087e+01,-2.200081921395393181e+01,-3.334743895451274653e+01,-9.109208554396457203e+01,-8.955370010451250806e+00,2.232287002596287451e+01,-1.491975410442083749e+01,1.538902103915171349e+00,4.885785829592235174e+00,9.441247932723624103e+01,-5.711976846149919140e+01,-2.744411747152913961e+01,-1.190210702958965250e+01,5.692004096883240294e+01,1.668560354104581833e+01,2.332839537806555796e+01,7.357902792429553074e+01,1.266959817191614324e+00,8.658368017919741533e+00,-7.501857926687402767e+01,-5.196919391603776717e+01,1.306261149004486555e+01,-1.044185672015548647e+02,2.598204560924214590e+01,-3.869425499128147550e+01,2.162165474620376671e+01,-2.901711708041510462e+00,2.920852477774250744e+01,1.346499213828020558e+01,-1.549173863237597715e+01,2.217971358744779309e+01,7.962710755182404121e+00,-1.089634510037620796e+00,-5.101466300040183199e+01,7.300786202135761016e+01,9.147041681595073470e+00
-4.660799482109892367e+00,-6.890726668772401808e+01,2.735314986378968172e+01,4.423297097443091275e+01,-4.522605390086646793e+01,-4.350208801406694192e+01,5.126550859875699473e+01,6.699397164693976947e+00,7.385281389898962345e+01,-3.867824592054724775e+01,1.384653377123446205e+01,-1.313182706587741109e+02,8.707503631310459014e+00,-3.846561371920332206e+00,5.704675654203887092e+01,-7.488164598100328639e+00,2.270092078279171233e+01,1.260479996638900815e+02,-3.094818876923345385e+01,-1.255381125019686195e+01,-4.433100443007238312e+01,-1.312548890279852287e+01,-6.650456782595080441e+00,5.858159205855541174e+00,-2.220052760636760159e+00,-2.990140119527161389e+01,-5.154034789963866103e+01,1.360138265708275007e+01,1.929055190233178152e+01,1.022268696555326244e+02,4.209335931285753674e+01,6.277433578559645611e+01,3.237330956131010140e+01,2.400494661195116208e+01,-7.273412237937101565e+01,1.307930127513606777e+01,1.808969152669550340e+01,-6.578646521165892125e+01,1.847359575435466184e+01,9.910539646747268705e+01,-2.731141952945149498e+01,-8.285936059570030210e+00,3.215942196892682681e-01,9.658188454096625719e+01,3.548670403293350262e+01,5.091702674891481450e+01,-7.502620073986975058e+01,-2.679760395928528993e+01,5.680218078215298050e+01,-3.040042210534678802e+01,1.021419554594495196e+02,-2.780104232193740543e+01,4.034019706878341083e+01,-4.516743994614692070e+01,-6.028039580800649944e+00,5.481414088409081131e+01,-6.116627950400145153e+01,-4.377171223751618356e+01,-2.878953248169612422e+01,4.086168944739101505e+01,2.637696733127006965e+01,-1.749726732600806756e+01,3.913519380422383875e+01,2.709029237457480122e+01,-5.326218331477008405e+01,-1.715696102009287216e+01,-3.255458964694226154e+01,-8.562792341544603403e+01,-9.885437625680159712e+00,1.625181601069618509e+01,-1.386973054409412320e+01,1.692995033418481787e+00,1.381606006945977683e+00,9.140624838356858106e+01,-5.212323754926855202e+01,-2.475079600728390616e+01,-1.059379837127013424e+01,4.993099418197107298e+01,1.898455200843211088e+01,2.364758910298445116e+01,7.438696005578550796e+01,-2.796215171190566950e-01,1.419209143951931829e+01,-7.198160516635114448e+01,-4.877446261366404201e+01,1.141888169329435065e+01,-1.111259789190392695e+02,2.694271461786899380e+01,-4.375650717589885375e+01,1.361374862951567266e+01,-4.446655112958264766e+00,2.863224372600746293e+01,1.873053250740846565e+01,-1.435906043965484891e+01,9.604463754182637203e+00,1.225140804716553511e+01,7.975790354426811612e-01,-4.863736755392316979e+01,7.241459134055082814e+01,6.487100243403953748e+00
-6.925590488900216890e+00,-5.799766674311949544e+01,2.622582667359994701e+01,4.973537425147676316e+01,-3.678915451035506123e+01,-5.363720764749241710e+01,6.186495429839408899e+01,-5.088052161414760022e-01,7.394165735862075906e+01,-3.233997455133396670e+01,7.038168715168876766e+00,-1.348116836353600547e+02,1.761528527127912014e+01,-7.436247418244882113e+00,4.894742887056819569e+01,-1.678726890703929797e+01,1.932469886050767371e+01,1.384284533711934841e+02,-3.110900722977364552e+01,-1.107558914612545209e+01,-5.098007185421345611e+01,-1.245441421843979590e+01,-4.807582075772570462e+00,1.520950758831020266e+00,8.824310636006149622e+00,-2.925745001465687167e+01,-4.509698241333610014e+01,6.512147535923457298e+00,1.703811659004871970e+01,9.934687654174621230e+01,1.677143937999555945e+01,5.719627890520508373e+01,3.087409534376475762e+01,3.071447562165175782e+01,-7.683934187078008904e+01,1.643280160686119373e+01,1.244672677285680962e+01,-5.413117730706910891e+01,1.628036931014351296e+01,7.885496013084954825e+01,-2.811949320983725187e+01,-1.384620397917167978e+01,-7.313675814291703325e+00,1.072492171598191675e+02,3.942522093704123165e+01,5.521441749158992707e+01,-7.666349945615330341e+01,-2.718205587324123584e+01,6.222225542978063118e+01,-2.489319820476918466e+01,1.083702132636920084e+02,-3.102705730846576770e+01,3.012401681649071961e+01,-4.319159988583791687e+01,-4.272386528366071801e+00,4.892862131445262719e+01,-5.934508348838670599e+01,-4.066408617232682587e+01,-2.884857751405627369e+01,2.328991273271991957e+01,2.051801797945328332e+01,-2.425346808932887654e+01,5.190158250410716789e+01,3.806285509188504079e+01,-5.612361271710773281e+01,-2.232168808640000890e+01,-3.178540860861602013e+01,-8.785687744059997328e+01,-8.178398961451904370e+00,2.301008915718534809e+01,-1.443836577114996800e+01,1.407178923211783950e+00,5.716601535532371159e+00,9.022828141075621033e+01,-5.558222595818020295e+01,-2.679691477458445448e+01,-1.166529241663804939e+01,5.601653878634984807e+01,1.506091086572640592e+01,2.196235803013268395e+01,6.933265750309064401e+01,1.681917216342851074e+00,6.457630965920247768e+00,-7.189664604085531607e+01,-5.014766157994614559e+01,1.286771753769270177e+01,-9.665312729959205740e+01,2.427134083644685703e+01,-3.501071230607796281e+01,2.295272364615143346e+01,-2.261002237375130175e+00,2.780340754656783986e+01,1.108724402921986041e+01,-1.500515641342546402e+01,2.490902168060571142e+01,6.189139230266028413e+00,-1.620756268235911124e+00,-4.898927045596100527e+01,6.923074748514187604e+01,9.482515157811169715e+00
-5.393043930922452489e+00,-4.042735885371912730e+01,1.888408535615717554e+01,3.702349228217074995e+01,-2.540349414807394268e+01,-4.059403591044549131e+01,4.664815620952364839e+01,-1.512534917357240438e+00,5.376014281500771830e+01,-2.250220400405875765e+01,4.036528075610268829e+00,-9.854452802719288229e+01,1.421617224857632245e+01,-5.974258169022576226e+00,3.429450764143629726e+01,-1.367634647514723412e+01,1.351134200319711098e+01,1.025822949645136504e+02,-2.263773451290760974e+01,-7.816187379532137491e+00,-3.811000500323322626e+01,-8.946370716300108938e+00,-3.202346269406383783e+00,4.179679732219976351e-01,8.164973462105898250e+00,-2.116431275600896456e+01,-3.175824485991412871e+01,3.609652788499724707e+00,1.202744248539618255e+01,7.175582153745919811e+01,8.176452310900128140e+00,4.069004990735818694e+01,2.220382282790108164e+01,2.338911227769303025e+01,-5.650309261661371352e+01,1.247615204265455091e+01,8.152601096987012852e+00,-3.749870704225121187e+01,1.148604407697783536e+01,5.410714356665468472e+01,-2.056735079388150922e+01,-1.094586239567341934e+01,-6.526501154327297272e+00,7.964743020838363918e+01,2.928141995964901056e+01,4.081502307481164848e+01,-5.598404426008471546e+01,-1.981879887925302342e+01,4.608679479886568942e+01,-1.722110096754679631e+01,7.975853404382733913e+01,-2.306408574944120815e+01,2.027673260551274126e+01,-3.108150335776498352e+01,-2.827155098195722083e+00,3.463178667274169698e+01,-4.284752016356178927e+01,-2.906490719124410660e+01,-2.097855943252499245e+01,1.414315429610769925e+01,1.398515042303484179e+01,-1.870019096287052207e+01,3.974958882878283362e+01,2.940624596258795265e+01,-4.124825135263392184e+01,-1.704374326300643716e+01,-2.298196057618696742e+01,-6.421398166363350413e+01,-5.674029631099163140e+00,1.779674319907116598e+01,-1.058497614007957743e+01,9.775280400882887522e-01,4.842449290727286915e+00,6.539759579735536477e+01,-4.094946252767771711e+01,-1.980227099042829764e+01,-8.649026083776583107e+00,4.168153366861275089e+01,1.032533639413342996e+01,1.569664913182595711e+01,4.959466308591745332e+01,1.533495169723660956e+00,3.467740234383011710e+00,-5.224613054673451273e+01,-3.666857917350152007e+01,9.582853325675365852e+00,-6.796002476447331730e+01,1.721865131159678697e+01,-2.406182732876039410e+01,1.816415835598705542e+01,-1.296971010914952815e+00,2.007810183583213259e+01,6.847325756475925118e+00,-1.100923958174774064e+01,2.053184457384623585e+01,3.537669875909421613e+00,-1.561453907408868691e+00,-3.566467444546575649e+01,4.981710697433032919e+01,7.367422805434047817e+00
-2.479674258220526895e+00,-1.887059174300306452e+01,8.774475022870941388e+00,1.712482040632421132e+01,-1.187380475632781085e+01,-1.873479026667946101e+01,2.153946905435554982e+01,-6.288768306828029786e-01,2.494620222668439169e+01,-1.050622131824954764e+01,1.942086020124335288e+00,-4.569367028496929350e+01,6.506716848909214868e+00,-2.735964642785885914e+00,1.599621221583332797e+01,-6.252250202843249838e+00,6.304060175915919828e+00,4.747736354405972037e+01,-1.050328883665607727e+01,-3.642031133115821717e+00,-1.761739697981763442e+01,-4.158311542905219760e+00,-1.504696552499578122e+00,2.378842783944539185e-01,3.677051020177336760e+00,-9.827706420848333124e+00,-1.480250118991932773e+01,1.746841597375979660e+00,5.604082631851973417e+00,3.332706836483837520e+01,4.050706042983822641e+00,1.893849267524496227e+01,1.031874777294949297e+01,1.078563435361176559e+01,-2.617837414476477775e+01,5.755525311504701591e+00,3.840323818509051357e+00,-1.751911933379878050e+01,5.352249958518693340e+00,2.531322819799648016e+01,-9.535982935779392378e+00,-5.023051932905153727e+00,-2.951255143687859572e+00,3.685191520690672462e+01,1.354799332458282635e+01,1.889646438016487551e+01,-2.596250839770355867e+01,-9.192912053381027349e+00,2.133143052383931604e+01,-8.047137068504524038e+00,3.694843258241505879e+01,-1.067008960601319600e+01,9.512780004674558754e+00,-1.444321457361824379e+01,-1.329707722499344547e+00,1.613030262281316851e+01,-1.990160443797573109e+01,-1.351888714257957602e+01,-9.734388450045507568e+00,6.741025955921731594e+00,6.549074185353104482e+00,-8.609293199043182909e+00,1.831627892780739586e+01,1.353467528496213212e+01,-1.911204544298622565e+01,-7.856746557398087027e+00,-1.067244437647494060e+01,-2.977557365830845271e+01,-2.650291994555248998e+00,8.190032185256125530e+00,-4.906141339543451885e+00,4.565114025683841836e-01,2.203206172939589536e+00,3.035932965315641852e+01,-1.896734186091345720e+01,-9.168412529819269352e+00,-4.002681138011436879e+00,1.928045296737909098e+01,4.831156012159881996e+00,7.301013222106795375e+00,2.306532528297582374e+01,6.917430617087489964e-01,1.687522878584545527e+00,-2.424539338631041829e+01,-1.700194669310917917e+01,4.432196765971925245e+00,-3.168306535697231041e+01,8.017278001766523943e+00,-1.125434014499520430e+01,8.334391090413618031e+00,-6.239892777751845365e-01,9.325528716655790973e+00,3.254877753754833236e+00,-5.102233938520982726e+00,9.372681846373721370e+00,1.703036903762486176e+00,-7.000905930530494370e-01,-1.654643414525035183e+01,2.314960460900719141e+01,3.388474071113059871e+00
-4.894688485422667767e+00,-6.587777686511478237e+01,2.661869107742228735e+01,4.411577041983606051e+01,-4.305114962801111034e+01,-4.407711231382423023e+01,5.174668893539855929e+01,5.506490207113385438e+00,7.232757431629849521e+01,-3.694640377996493186e+01,1.256319488909444360e+01,-1.290936545128583930e+02,9.827880219259872874e+00,-4.291023002385248475e+00,5.467497909667289235e+01,-8.691123774961528881e+00,2.173471690397954248e+01,1.252318613108168393e+02,-3.032709425916302237e+01,-1.207631775502263238e+01,-4.437932974297388000e+01,-1.275404084263640136e+01,-6.242631161163041398e+00,5.102326348726684557e+00,-5.598453052355583104e-01,-2.918450442116001753e+01,-4.952525313274909280e+01,1.228210489814526341e+01,1.855960446155264520e+01,9.967679813129382183e+01,3.751621153575371181e+01,6.065170888447361364e+01,3.147994349614091547e+01,2.448546309823026945e+01,-7.181911613892562229e+01,1.329694636760604176e+01,1.688828095510305261e+01,-6.271300504429136424e+01,1.776831654277709305e+01,9.408191048866635242e+01,-2.686065907401775732e+01,-8.925904335169239090e+00,-8.008839679504361486e-01,9.612912604381592985e+01,3.532313417074968243e+01,5.048451473466914052e+01,-7.370280505833611073e+01,-2.629563941418502893e+01,5.641115485792648343e+01,-2.896243740375530962e+01,1.009246865153527324e+02,-2.769342967344739392e+01,3.800704134695438086e+01,-4.393794320471300097e+01,-5.645923936102429153e+00,5.281237962979467682e+01,-5.962615430149821094e+01,-4.240589250795067500e+01,-2.819852628473575962e+01,3.744276210372624547e+01,2.497138464630112509e+01,-1.812014756901729839e+01,4.018569316536421354e+01,2.812952489797755362e+01,-5.257098169519976238e+01,-1.755435927810649588e+01,-3.176413121636373305e+01,-8.417017424295354999e+01,-9.430083504691809893e+00,1.690093963642046759e+01,-1.366394622453136698e+01,1.615965230451737789e+00,1.986324050487979775e+00,8.933027668691455858e+01,-5.154308241074406283e+01,-2.453429046490580845e+01,-1.052973114851063485e+01,4.978033128153249010e+01,1.801575638826108872e+01,2.290878070323008942e+01,7.209900167422362927e+01,1.285190424095461470e-02,1.276622028051135516e+01,-7.046994089697031427e+01,-4.795924972288766952e+01,1.139277228510315254e+01,-1.066964327594971138e+02,2.599116468166567628e+01,-4.156707051540001885e+01,1.469494929392707228e+01,-4.034638882253456238e+00,2.791476308033846010e+01,1.722345711223604425e+01,-1.415440397279955853e+01,1.164095096499213255e+01,1.111032354692827795e+01,4.275635277190494299e-01,-4.767576304030949785e+01,7.044105331455688201e+01,6.789720353433545519e+00
-1.613655890855039132e+00,-1.947757631440429904e+01,8.047747174719038554e+00,1.373672204583882461e+01,-1.265782453043376776e+01,-1.397573155183690830e+01,1.633722769890631810e+01,1.287219606525074056e+00,2.203774487484506039e+01,-1.091176020269974067e+01,3.458527373348987410e+00,-3.951453006192085837e+01,3.476048805674911701e+00,-1.501484451089971195e+00,1.621703137494896652e+01,-3.150945767161819511e+00,6.438215459809851104e+00,3.881921128387592290e+01,-9.247158888378017139e+00,-3.598751481908608163e+00,-1.387908245135158047e+01,-3.848898095273471931e+00,-1.801912782110839828e+00,1.319517722457313580e+00,4.273275962936117223e-01,-8.855530006931417120e+00,-1.473792882123120584e+01,3.357695239503814655e+00,5.531824991839628503e+00,3.020834425387920774e+01,1.005768501393075454e+01,1.817419049852151147e+01,9.508484332839067577e+00,7.822145587417491441e+00,-2.210027582519556333e+01,4.232146707553715359e+00,4.839152937338706550e+00,-1.847313441156473957e+01,5.293982480698210757e+00,2.756366478500381945e+01,-8.226227253389783556e+00,-3.020069443947787313e+00,-6.572958968412381253e-01,2.986099346560082068e+01,1.097358835521030151e+01,1.561158210843223415e+01,-2.254050087932703406e+01,-8.031174793109585153e+00,1.747777196295785629e+01,-8.524615720494926663e+00,3.108154760693653174e+01,-8.610803672858727609e+00,1.102493376090418842e+01,-1.327772651541039650e+01,-1.624861247456316660e+00,1.576947469389394740e+01,-1.806515139603352793e+01,-1.274975473533614689e+01,-8.593230143438139734e+00,1.045485381202601260e+01,7.289792920669551535e+00,-5.885624820028900750e+00,1.293274020279439718e+01,9.162998918688192163e+00,-1.616944256167920813e+01,-5.627118135111252251e+00,-9.634574954221145404e+00,-2.576117311155497447e+01,-2.780250279998644380e+00,5.514333292242909579e+00,-4.193189898803154847e+00,4.767944507526557518e-01,8.397571297998935869e-01,2.714865084347411539e+01,-1.588866468258120435e+01,-7.584572341425377395e+00,-3.265644791783251399e+00,1.549386806359413704e+01,5.275685699848229326e+00,6.887406543163482553e+00,2.168969823843532296e+01,1.101002740597481211e-01,3.470241480821817603e+00,-2.146245092300625501e+01,-1.468402093039363265e+01,3.548977351569919225e+00,-3.171915117179741017e+01,7.773000578622838219e+00,-1.218901225389866561e+01,4.982031758494202656e+00,-1.110742781304625781e+00,8.458723952104868715e+00,4.832971851416728803e+00,-4.346789827203989098e+00,4.374639995001489368e+00,3.056332372254259244e+00,-6.658833124454366370e-04,-1.454237674316879136e+01,2.128589706615095523e+01,2.230485188085694848e+00
-6.158482980559383257e-01,-5.482695497265027917e+00,2.437762796117215025e+00,4.539840497081324422e+00,-3.494306752526136428e+00,-4.850251950531398570e+00,5.606136011849294221e+00,3.143754964816058983e-02,6.837501764051306274e+00,-3.059972687372473299e+00,7.250628304029891336e-01,-1.242997130533504802e+01,1.532141797874775335e+00,-6.486486938516289324e-01,4.615084643194331093e+00,-1.451301648007673251e+00,1.824003860332560123e+00,1.266769097693422275e+01,-2.875354792769195811e+00,-1.040419328911459829e+00,-4.642469254751027563e+00,-1.159150011703783401e+00,-4.646957202262667064e-01,1.878949551094856174e-01,6.958450172316044124e-01,-2.712877744273272995e+00,-4.240944684780544982e+00,6.794724935221096995e-01,1.600292517020164507e+00,9.219424243213465431e+00,1.826845745608975946e+00,5.350521199132892036e+00,2.871706089223292402e+00,2.767554024565531456e+00,-7.061756528250053400e+00,1.483263933341229412e+00,1.212580788582086289e+00,-5.133224748065728704e+00,1.529567756373547471e+00,7.513392935399160422e+00,-2.591822265985348928e+00,-1.220012573182332360e+00,-5.932580281603142547e-01,9.802744989483496596e+00,3.603339497675492886e+00,5.059690031395519760e+00,-7.072368399264464145e+00,-2.509736749336440642e+00,5.695582012910453074e+00,-2.362210339634482459e+00,9.954759554279918987e+00,-2.834397008122905515e+00,2.897259346358387333e+00,-4.016076591325491663e+00,-4.142485342526989189e-01,4.589237813199270377e+00,-5.508342064510095781e+00,-3.794645001923546257e+00,-2.667407982159257784e+00,2.345308822787079972e+00,1.961403411900202620e+00,-2.169501687679376456e+00,4.661079854644923692e+00,3.400743814030315004e+00,-5.159413647369629707e+00,-2.008172131041625619e+00,-2.948038841214206229e+00,-8.101141313020836066e+00,-7.749653863367644835e-01,2.054485639322397805e+00,-1.329135193080132726e+00,1.332548825953038807e-01,4.814917244472984859e-01,8.357559715606697637e+00,-5.102836514685572311e+00,-2.456022266349093375e+00,-1.067192523007917337e+00,5.114401721051851091e+00,1.435630026559068684e+00,2.049532714469706196e+00,6.467246618957821269e+00,1.341912318065864862e-01,6.814567739379513434e-01,-6.650262217875146931e+00,-4.622936013205750427e+00,1.174289314459573186e+00,-9.096535004085085419e+00,2.273816880806507346e+00,-3.333191864466609644e+00,2.021077474301867127e+00,-2.329088501999396210e-01,2.580414435478622703e+00,1.108632152081436617e+00,-1.380711120116233204e+00,2.137042401936994462e+00,6.384159573389999176e-01,-1.235604636786923755e-01,-4.526924076518374918e+00,6.437453013385673550e+00,8.443684327050955396e-01
-1.104024755470190078e+00,-1.430153152647124770e+01,5.822897379820552111e+00,9.749711541568307993e+00,-9.328443087866480354e+00,-9.803639132591596805e+00,1.149200623061837945e+01,1.110598380885359671e+00,1.586427588346377426e+01,-8.017803833676037328e+00,2.663680036478869528e+00,-2.836022815151322618e+01,2.275471806028160238e+00,-9.894745477779103293e-01,1.188236013148317838e+01,-2.031426722262755558e+00,4.721436597167339322e+00,2.763296438492431761e+01,-6.653586630946167091e+00,-2.628697882214302339e+00,-9.822962517557119355e+00,-2.788210827512396239e+00,-1.344325824233851385e+00,1.060630529595406601e+00,2.598913814110792586e-02,-6.392149883928352594e+00,-1.077521537618703285e+01,2.598247087804783639e+00,4.040200609349593464e+00,2.182258910053757361e+01,7.887051514384921802e+00,1.322715608663987652e+01,6.884070746622538373e+00,5.460600376707539283e+00,-1.580686308292109032e+01,2.961496402438886566e+00,3.627968425880324865e+00,-1.359738023608628232e+01,3.867450792424160788e+00,2.036151021917875781e+01,-5.902037713723386148e+00,-2.032554476863148274e+00,-2.785048956559262878e-01,2.122699678765896891e+01,7.800220061971267604e+00,1.113028932918044411e+01,-1.618675406977892450e+01,-5.772409569302666910e+00,1.244525946113289727e+01,-6.277933585615818934e+00,2.221897437892950578e+01,-6.117254709689934344e+00,8.198187367611970089e+00,-9.609972405321350664e+00,-1.214629324397927368e+00,1.150367145055756701e+01,-1.305283643927429083e+01,-9.258712892457355181e+00,-6.185372384428743153e+00,7.975342674129221265e+00,5.397867099635756283e+00,-4.065170873685600483e+00,8.985607750122635906e+00,6.317252146837011750e+00,-1.156855541778449137e+01,-3.919642302701532799e+00,-6.956233664336400224e+00,-1.849045581610018729e+01,-2.045236301830431369e+00,3.797798811051346757e+00,-3.004473564912694350e+00,3.505677031109218356e-01,4.940416263512575901e-01,1.957628963023650570e+01,-1.135116333991576809e+01,-5.408489665572657756e+00,-2.323842931306386195e+00,1.099993369511894414e+01,3.898409974087666985e+00,5.001714368033193914e+00,1.574486264915199740e+01,2.924212389898636633e-02,2.695732908750114287e+00,-1.545451344869290011e+01,-1.053705030749155291e+01,2.518210525393893118e+00,-2.320598977328019075e+01,5.664467065891729547e+00,-8.998789789928027361e+00,3.348739051531493871e+00,-8.554455085415777482e-01,6.111176240352449440e+00,3.674534293948919395e+00,-3.113085538745373526e+00,2.759288794657805965e+00,2.355082847052976991e+00,6.119758394095645149e-02,-1.046111761201350454e+01,1.540643342618924727e+01,1.529490323222435055e+00
-6.821970250870448282e-01,-7.825379647508657222e+00,3.269444255037150970e+00,5.660052740905358704e+00,-5.071044500879956729e+00,-5.807057594087781993e+00,6.774933173480645721e+00,4.477758836142566867e-01,8.986929056824587647e+00,-4.381524987793736337e+00,1.337411669014594295e+00,-1.614957081911570569e+01,1.512643233757483108e+00,-6.506286710602107171e-01,6.525935759341803255e+00,-1.384266435101426218e+00,2.589098850085203463e+00,1.596110036262109944e+01,-3.772286107806974265e+00,-1.451595488167853221e+00,-5.730364554886845596e+00,-1.562226365753394575e+00,-7.150272739160775659e-01,4.916513873974391879e-01,2.923660749233888412e-01,-3.603990698755566768e+00,-5.940536586343712955e+00,1.293293004116830680e+00,2.231533609642810667e+00,1.228677146059206748e+01,3.830238729660406793e+00,7.350940704553382332e+00,3.861088245689241916e+00,3.261270904064090370e+00,-9.055382196010587137e+00,1.761541107563749042e+00,1.912831454355074623e+00,-7.407839160816213742e+00,2.135185621736985340e+00,1.102261265873419660e+01,-3.362919654715200490e+00,-1.290913534439690480e+00,-3.496756802251676510e-01,1.229002896785972432e+01,4.516647839000005327e+00,6.411646616327851156e+00,-9.208490852840927943e+00,-3.278855517660522967e+00,7.184600328720811113e+00,-3.417045459286539355e+00,1.274023807827484234e+01,-3.545592566997512129e+00,4.386196998739888109e+00,-5.392914260317779096e+00,-6.437666524795453427e-01,6.367119819626401167e+00,-7.346659903295867267e+00,-5.165526986304826096e+00,-3.504555553485980912e+00,4.075075132286851698e+00,2.909779740627913114e+00,-2.472145957507194236e+00,5.409915603544596330e+00,3.853603171040616004e+00,-6.623758578249812068e+00,-2.349717710881535915e+00,-3.920310043757806895e+00,-1.052806073693248479e+01,-1.115401104392727882e+00,2.320772512441177327e+00,-1.715871659025947737e+00,1.913579927779497369e-01,3.887779262268163949e-01,1.105737268914051619e+01,-6.515661277351016523e+00,-3.114523414803668899e+00,-1.343039590717693743e+00,6.382772882662088421e+00,2.109217926887786643e+00,2.790343779521454515e+00,8.790004735696811622e+00,6.587285221379471367e-02,1.332283379494467290e+00,-8.750491789455804081e+00,-6.002155047460313142e+00,1.462605319497342515e+00,-1.277882124925485741e+01,3.140901318487417715e+00,-4.876580719893751414e+00,2.131325516676227494e+00,-4.295338573439115293e-01,3.440214058765331817e+00,1.888917255155873498e+00,-1.779331103057996799e+00,1.947462114821977286e+00,1.181394683158226044e+00,-2.613606529374945531e-02,-5.933476109468962534e+00,8.645358094027766782e+00,9.415258043868912630e-01
-4.226491836106488265e+00,-5.892936875277510467e+01,2.364902150071858600e+01,3.882993021899440578e+01,-3.857495588371777018e+01,-3.856679474430991661e+01,4.534174193104551165e+01,5.236755195151672204e+00,6.410275223192239480e+01,-3.306036954029627140e+01,1.147167271359182017e+01,-1.142488535718876790e+02,8.270813677431441135e+00,-3.625982234623978062e+00,4.886099506030749495e+01,-7.243923356717827389e+00,1.943124110572147245e+01,1.103869263672981162e+02,-2.687230560327770235e+01,-1.077680569220813744e+01,-3.900688565803356767e+01,-1.133762608746422273e+01,-5.624165184531970674e+00,4.736690489191496489e+00,-1.041842808732042380e+00,-2.589933569122865009e+01,-4.421475437037589984e+01,1.123640605461270425e+01,1.656147926187085062e+01,8.849025402302990528e+01,3.450326871699517994e+01,5.403387723344472704e+01,2.797613803318768078e+01,2.137108111243166064e+01,-6.345366128193572308e+01,1.162000042465922789e+01,1.524761406220150839e+01,-5.616113031370175435e+01,1.585720052778149913e+01,8.438941234794310731e+01,-2.376787365643983918e+01,-7.636730329429887831e+00,-3.326521494199335960e-01,8.467651325515343785e+01,3.111388721954959991e+01,4.453436265113233361e+01,-6.524518164969532563e+01,-2.328799991470281228e+01,4.973194281745576006e+01,-2.594276913491619752e+01,8.914633604904558695e+01,-2.438654115212843720e+01,3.419204088491105864e+01,-3.904176331775484243e+01,-5.090968039467290041e+00,4.710072119379406530e+01,-5.293928165686893550e+01,-3.773975260901137574e+01,-2.499068920641574110e+01,3.405528523792371232e+01,2.242269819008216558e+01,-1.572691352296135747e+01,3.498766397506135917e+01,2.439036736108770498e+01,-4.645463208968392621e+01,-1.530405414842582346e+01,-2.819196024566961256e+01,-7.449364616892381719e+01,-8.442635023079894552e+00,1.464617300151094703e+01,-1.208286998457438166e+01,1.446421987749975990e+00,1.546404511508902235e+00,7.923558698721839733e+01,-4.551403796642737376e+01,-2.164474643111265806e+01,-9.280033121621071857e+00,4.382187303365475373e+01,1.616200550030129790e+01,2.038832561130215737e+01,6.415424609173926740e+01,-8.551510466401746058e-02,1.169737522519261574e+01,-6.246483563606679468e+01,-4.244057258982594050e+01,1.002634291331121297e+01,-9.528479242718962894e+01,2.316909804804578954e+01,-3.727481108367283014e+01,1.256341081958096950e+01,-3.684057907972546619e+00,2.478304146132616381e+01,1.564351799776316199e+01,-1.251375765959029174e+01,9.561797493892834510e+00,1.014706876468444818e+01,4.984420808764201127e-01,-4.223976106083653548e+01,6.259232615484283002e+01,5.870047574940481461e+00
-4.876422726306579136e+00,-5.566690923710869754e+01,2.328273141368571686e+01,4.036151813736370286e+01,-3.606356945511486600e+01,-4.144263991726931806e+01,4.834102051536540046e+01,3.137160085630281703e+00,6.402203646895249278e+01,-3.116689657894443855e+01,9.477701744353170810e+00,-1.150724051281370066e+02,1.084097010044715148e+01,-4.661225305954634024e+00,4.643044160300023293e+01,-9.929297288987166681e+00,1.841961555706442155e+01,1.137947727616916467e+02,-2.687431453631058531e+01,-1.033011291747064675e+01,-4.087079449498964578e+01,-1.112413234835409348e+01,-5.080256497486929312e+00,3.470720313610178298e+00,2.163545697550740776e+00,-2.566951997296643384e+01,-4.227226704130183066e+01,9.161353436512076343e+00,1.588059967564050901e+01,8.750785040998329123e+01,2.710077868346401786e+01,5.232608007346367884e+01,2.749478471007049762e+01,2.328182453908590688e+01,-6.453906100221081488e+01,1.257345312329525377e+01,1.358542024762978961e+01,-5.268696635237872528e+01,1.519466570105946168e+01,7.837514615506785276e+01,-2.396279008923499276e+01,-9.236920923947526063e+00,-2.546875685908078779e+00,8.763014145576607916e+01,3.220465368237409365e+01,4.570693433955461416e+01,-6.561173122121491019e+01,-2.336083280134775819e+01,5.122153923072616521e+01,-2.430218324082997583e+01,9.080488883613473661e+01,-2.528180632585650756e+01,3.117181619144776050e+01,-3.840377221568399335e+01,-4.573245631126515498e+00,4.531525507128570496e+01,-5.232306202876223011e+01,-3.677562524571894897e+01,-2.496630226222029236e+01,2.890163698911701218e+01,2.068593417971584714e+01,-1.766057113187503447e+01,3.863271157881898432e+01,2.753268082925983151e+01,-4.720748203125144471e+01,-1.677677264728443163e+01,-2.792201040248967558e+01,-7.501645478994311134e+01,-7.933446525451292253e+00,1.658222706372299626e+01,-1.222774307753632961e+01,1.361112029460270989e+00,2.801295378192096397e+00,7.876226681847451516e+01,-4.644178539821318452e+01,-2.220231168191579840e+01,-9.575427391356280182e+00,4.551432121997486746e+01,1.499701991670465517e+01,1.986561883865077149e+01,6.258156342760756274e+01,4.836139235564289041e-01,9.434395203900720617e+00,-6.233642554106664591e+01,-4.276839703419575756e+01,1.042995361765687079e+01,-9.092834106166172603e+01,2.235571974838192943e+01,-3.467598258837177383e+01,1.525151344754581473e+01,-3.043941841398288162e+00,2.450145020294623066e+01,1.340042911053350139e+01,-1.268038414129017077e+01,1.398533343635002169e+01,8.371719653164481301e+00,-2.038766769467658113e-01,-4.227166995516252967e+01,6.156480535992469783e+01,6.729181564496832024e+00
-3.770117280610480570e+00,-4.530253949186346318e+01,1.873618487379653175e+01,3.202056071786017810e+01,-2.943339937761173886e+01,-3.260195834469732290e+01,3.810407544691624082e+01,2.959229605672911489e+00,5.132367238745803917e+01,-2.537825292463381999e+01,8.018076502873896061e+00,-9.204316179113966712e+01,8.142925328937929308e+00,-3.515968794096294481e+00,3.772415955143745236e+01,-7.387892972769579458e+00,1.497575727713853588e+01,9.047137415954686901e+01,-2.153635569170677400e+01,-8.373144643139719179e+00,-3.235823248656553375e+01,-8.960021635332823919e+00,-4.186578298943572918e+00,3.049800853920511479e+00,1.054254179585619289e+00,-2.061999661410704121e+01,-3.428836703828817178e+01,7.781748886004022481e+00,1.287089491248061712e+01,7.033611726978935508e+01,2.328770001943305346e+01,4.229562516163490216e+01,2.213607333012764045e+01,1.825269482529421339e+01,-5.149077722654586609e+01,9.874082307333519992e+00,1.123961571902228762e+01,-4.295933020498317489e+01,1.231730558235219064e+01,6.408409399750020441e+01,-1.916219274081088741e+01,-7.063104335608893614e+00,-1.571591620900214981e+00,6.959962559833161322e+01,2.557719917432189405e+01,3.638043528858242581e+01,-5.250280979499041223e+01,-1.870567419418813060e+01,4.073256558564585106e+01,-1.982333113569498551e+01,7.241840770387754844e+01,-2.007075408832355734e+01,2.562108274129134600e+01,-3.091162597540597901e+01,-3.774713477084444602e+00,3.669369363433783349e+01,-4.206177666821918137e+01,-2.967599230574172608e+01,-2.001289183154903739e+01,2.425410191669870130e+01,1.694569982673675312e+01,-1.374302572131501066e+01,3.018703073271039372e+01,2.139817428773271857e+01,-3.767194473269321975e+01,-1.313248489255217955e+01,-2.243362679959884076e+01,-6.000652323052056403e+01,-6.465732397193483472e+00,1.287834450223677152e+01,-9.768464364469677363e+00,1.108867204238368487e+00,1.978872863938181847e+00,6.321956938695275596e+01,-3.702124308916056350e+01,-1.767447793293075975e+01,-7.611014977898255651e+00,3.611585607646858165e+01,1.226544107562138208e+01,1.603091079398312857e+01,5.048561112452347288e+01,2.668995084838621801e-01,8.040404836493596719e+00,-4.998295410611618905e+01,-3.420462200081662729e+01,8.272879531834750111e+00,-7.379260686469692132e+01,1.808807688881723763e+01,-2.833994139948153901e+01,1.165248024513829428e+01,-2.575095338944285661e+00,1.969489542760551259e+01,1.121452381183848424e+01,-1.012659393433747645e+01,1.026984104678915344e+01,7.085403632619414971e+00,-1.448303468582134990e-02,-3.386928863396816070e+01,4.955521031258465570e+01,5.210543926875547349e+00
-4.255232580414702426e+00,-1.766276268489016132e+01,1.027635419422085050e+01,2.408448533277623937e+01,-1.029146880430017141e+01,-2.850115606340524721e+01,3.221720283119066153e+01,-4.548725690759587437e+00,3.093882997972900029e+01,-9.695509007480763941e+00,-1.155831402455447687e+00,-5.841227048915720843e+01,1.271649832148568393e+01,-5.265543378794824925e+00,1.557304367991765659e+01,-1.260604218741583793e+01,6.040899885448485662e+00,6.526912046654811661e+01,-1.309095589808225490e+01,-3.737020973001406787e+00,-2.529418710716733898e+01,-4.798506526918274062e+00,-8.995162346717449076e-01,-1.973810072748339639e+00,1.032980516877484156e+01,-1.183344080510880048e+01,-1.496088248375822616e+01,-1.544511563324697967e+00,5.761825910966571485e+00,3.976462800351203697e+01,-8.227346066440386352e+00,2.053529007272461371e+01,1.199421675692524225e+01,1.686563153218620670e+01,-3.456529992946121865e+01,8.881317622272710821e+00,1.804383333695110281e+00,-1.559915307648617677e+01,5.480933285239244945e+00,2.075572653694056413e+01,-1.223160343510426529e+01,-9.128410237904562408e+00,-7.648024668699724415e+00,5.121501994029392790e+01,1.883716222411494101e+01,2.564818566986446768e+01,-3.300723733802073667e+01,-1.158520065369680907e+01,2.925072196631743893e+01,-7.084923682212103557e+00,4.901286987149367036e+01,-1.490063862791981641e+01,6.437092824001293678e+00,-1.685250970008389970e+01,-7.284348265480469209e-01,1.689693595578916785e+01,-2.369283824537241756e+01,-1.511592658417625401e+01,-1.208555251958647503e+01,-8.423733579744698829e-01,5.045828070175963020e+00,-1.419494871600845443e+01,2.935906434821592370e+01,2.249953451642238633e+01,-2.516413271098465287e+01,-1.243067144692816406e+01,-1.281403373254320144e+01,-3.803862323607188500e+01,-2.389218509629149612e+00,1.367683677083410387e+01,-6.372967243666909809e+00,4.158409711690585486e-01,4.995600012897303266e+00,3.697967477504429468e+01,-2.529746602943884071e+01,-1.242392710524685739e+01,-5.517158176719954454e+00,2.705892097822693643e+01,3.930610331564260651e+00,8.159888427196955618e+00,2.591971993431554111e+01,1.882527694382272410e+00,-1.955427714258139105e+00,-2.998007655608061839e+01,-2.177271511232775936e+01,6.246405811510969741e+00,-3.166559942728729027e+01,8.531120765105134396e+00,-9.362794057662760849e+00,1.520533364849349489e+01,3.703917508197445141e-01,1.111486792167557702e+01,3.320465031074171236e-02,-6.656312976172703344e+00,1.961116054355493432e+01,-1.061645548149808604e+00,-2.131773366411327419e+00,-2.067448047885537576e+01,2.700235357842798223e+01,5.762775791115172908e+00
-1.478065515044911127e+00,-1.143764722790715105e+01,5.291742044154729818e+00,1.027586239434135607e+01,-7.207408662359095608e+00,-1.121423993207329062e+01,1.290014597091390591e+01,-3.302123860130683486e-01,1.502247878583951746e+01,-6.369700768531309620e+00,1.215379468844325572e+00,-2.749408621924329665e+01,3.858521565307306389e+00,-1.623492278746827999e+00,9.687728950612688905e+00,-3.702643427097718209e+00,3.819145771841054415e+00,2.850845287508394676e+01,-6.324197718284518821e+00,-2.203248326590965256e+00,-1.056478463177209370e+01,-2.508730316820745099e+00,-9.185588667658305395e-01,1.724466275561920003e-01,2.140064474741973921e+00,-5.922765033305124938e+00,-8.957709342090957705e+00,1.099689746888825148e+00,3.390043234015343021e+00,2.008957495474535193e+01,2.609821525251970087e+00,1.144265866720817471e+01,6.224235140466523930e+00,6.450160562286219701e+00,-1.573748702657949039e+01,3.443518514754135396e+00,2.350691498540469659e+00,-1.062878315145099783e+01,3.237986357055512521e+00,1.538038645107700830e+01,-5.737311890540431669e+00,-2.987558209680556853e+00,-1.725918659420372592e+00,2.212113494783023171e+01,8.132353723579802462e+00,1.135088943347524904e+01,-1.562409699023172038e+01,-5.533558946512952659e+00,1.280971693387954780e+01,-4.883200821778800993e+00,2.220913327421230932e+01,-6.404020394872343758e+00,5.797528785888013125e+00,-8.711274924605573844e+00,-8.125902932221551467e-01,9.753582431467989977e+00,-1.199738023767104345e+01,-8.162243996633863574e+00,-5.861836211695771404e+00,4.177826969534318202e+00,3.983405921011521578e+00,-5.139212505236287143e+00,1.094449675301465952e+01,8.076996189154082018e+00,-1.149038006072042428e+01,-4.696724799943925888e+00,-6.432325032543944054e+00,-1.791641562090370599e+01,-1.607544056847739933e+00,4.886711614944148963e+00,-2.950744720230502161e+00,2.768432975593975720e-01,1.297639287749233095e+00,1.829089218981356169e+01,-1.139921541112308745e+01,-5.507622315722350059e+00,-2.403279732316706774e+00,1.157010087752458105e+01,2.935818893878042957e+00,4.408149932355605038e+00,1.392439090694482573e+01,4.033802008329533395e-01,1.068309073938994880e+00,-1.460160803741672275e+01,-1.022965389944198833e+01,2.659402794814532900e+00,-1.917754181645232237e+01,4.846134647828589159e+00,-6.836434090626135607e+00,4.956279888094572428e+00,-3.904870234831233633e-01,5.621588308382428956e+00,2.011586379842711825e+00,-3.068314117754358250e+00,5.541411595137456736e+00,1.066398533027077766e+00,-4.053331297494613406e-01,-9.962208629965173756e+00,1.396255785432392393e+01,2.020445125067710901e+00
-4.860121423000987484e+00,-1.701893760535153177e+01,1.071254119209612377e+01,2.637177446037414441e+01,-9.593227453088564616e+00,-3.177072457600370115e+01,3.577993779102005334e+01,-5.938886214001288799e+00,3.279300903537270528e+01,-9.287777374240938855e+00,-2.282064458897221648e+00,-6.242949216365941822e+01,1.485649404807282536e+01,-6.136313454788085764e+00,1.524140582690839274e+01,-1.480024794383889386e+01,5.875842937631972518e+00,7.107455831400721991e+01,-1.389464285713998493e+01,-3.729717399381674792e+00,-2.783153521312782530e+01,-4.979711442052672687e+00,-6.667871566923446736e-01,-2.764878738708758554e+00,1.265968478767822525e+01,-1.243732788046592219e+01,-1.485003551367041297e+01,-2.737489946782502237e+00,5.754715556439455426e+00,4.168268361393918298e+01,-1.264976003220522216e+01,2.089043398525154061e+01,1.247482757450628554e+01,1.891100242126512398e+01,-3.725902337568238920e+01,9.930485609027467575e+00,1.035247697793238331e+00,-1.471675460940431890e+01,5.466310536582213331e+00,1.884506087218062476e+01,-1.308470431021995317e+01,-1.053503276435386660e+01,-9.288877727634623938e+00,5.591837417694752332e+01,2.056941342876508116e+01,2.784132746419127002e+01,-3.522496143501247445e+01,-1.233405343533088683e+01,3.183253460290769965e+01,-6.650981524091383434e+00,5.289575081824278868e+01,-1.628806162748819020e+01,5.233217077055712707e+00,-1.754808369799198786e+01,-4.990763778151974250e-01,1.698789903388305333e+01,-2.481932494624092556e+01,-1.553241122876076297e+01,-1.281362608823645566e+01,-3.621739603952928377e+00,4.435961202124999225e+00,-1.608870454140247475e+01,3.308835525093371643e+01,2.554217188922206816e+01,-2.710544655998528896e+01,-1.397229159947655219e+01,-1.345680008543297035e+01,-4.064753287728645859e+01,-2.266201708421603733e+00,1.554009486653801808e+01,-6.840380548550019313e+00,3.961839331694823607e-01,5.966074533967071325e+00,3.899642856958697479e+01,-2.733952433660588355e+01,-1.348076210180194323e+01,-6.011768445435259345e+00,2.961371666234420985e+01,3.554998475189470319e+00,8.383524022919068841e+00,2.667650360530371501e+01,2.299176137778143669e+00,-3.273065986286569640e+00,-3.175022956041356181e+01,-2.328113951231836509e+01,6.843003925502773477e+00,-3.130127941267113911e+01,8.623670685941394964e+00,-8.561333165912420995e+00,1.756034961496660785e+01,7.319011251329061718e-01,1.164729463071886073e+01,-1.151979998629347079e+00,-7.152612197383303005e+00,2.315483242830666200e+01,-2.066391927069085810e+00,-2.634197952889508976e+00,-2.195894870428556445e+01,2.811405781903433621e+01,6.570820950458240439e+00
-4.390210724702824585e+00,-1.841096920415140659e+01,1.066336627212935539e+01,2.491615569835952115e+01,-1.074667129064446591e+01,-2.945180979049841241e+01,3.329973599228413406e+01,-4.648716923755383590e+00,3.207177276330623528e+01,-1.010945342895787213e+01,-1.135188520231830367e+00,-6.052048470220263710e+01,1.310007415873216097e+01,-5.425285297292417930e+00,1.621866783229220488e+01,-1.298194935555817331e+01,6.293511547712316023e+00,6.754637345514231583e+01,-1.356919074181545426e+01,-3.887643683630818803e+00,-2.615957719830597128e+01,-4.980559120526368844e+00,-9.495317163608711919e-01,-2.006008278078172946e+00,1.060614966398242309e+01,-1.227304018900442628e+01,-1.556875091371118813e+01,-1.535513079431987116e+00,5.993812250022163113e+00,4.124846647792561072e+01,-8.294532948691479390e+00,2.133942790875449447e+01,1.244762170317745742e+01,1.742159462826747429e+01,-3.579397195772614992e+01,9.175746384240596853e+00,1.922720767968264077e+00,-1.627863781329640602e+01,5.702078342249230047e+00,2.170370792199951993e+01,-1.267235784726468317e+01,-9.411474271894764598e+00,-7.857639142181367831e+00,5.299310696682188393e+01,1.949101335284489522e+01,2.654830856152087648e+01,-3.420164960161922352e+01,-1.200618722820193263e+01,3.027247278188557189e+01,-7.395512441035385187e+00,5.075133367281119945e+01,-1.541682727351204818e+01,6.767514211308743199e+00,-1.748835887302513470e+01,-7.713738926458824086e-01,1.757058995503373211e+01,-2.457792284421271489e+01,-1.569861060045868228e+01,-1.252788570848243488e+01,-7.106483406858359331e-01,5.284947980974722626e+00,-1.465261179253851331e+01,3.031680894200122367e+01,2.322250762513309041e+01,-2.605980445351874764e+01,-1.283840805863870571e+01,-1.329072607618483737e+01,-3.941193782721754957e+01,-2.492567772168453821e+00,1.411549426750654135e+01,-6.601245323712496393e+00,4.337243136453311498e-01,5.138553304358994822e+00,3.834570852339719949e+01,-2.619249452390657495e+01,-1.286027348556839023e+01,-5.709421794291144714e+00,2.799419474983474387e+01,4.110954999217303119e+00,8.474504233934899489e+00,2.691632582172561783e+01,1.933363226370269139e+00,-1.955517044488097156e+00,-3.107949368549948588e+01,-2.255787790672446746e+01,6.461901382014735518e+00,-3.295991634131143400e+01,8.868465434139919168e+00,-9.786823167479248298e+00,1.567612388411824043e+01,3.637407426193759452e-01,1.152984570323726388e+01,1.051458612057132314e-01,-6.894257610263551328e+00,2.018820356422796181e+01,-1.044454923019266346e+00,-2.187515795843342215e+00,-2.142884825393741011e+01,2.802132536086296000e+01,5.946237848877613530e+00
-3.464685700983956451e+00,-4.863784281630966433e+00,5.275904445263412512e+00,1.618158272785574070e+01,-1.859134285306552670e+00,-2.084707275204066335e+01,2.316351398869587186e+01,-5.946962523297569803e+00,1.751615271278563668e+01,-2.505959474890548044e+00,-3.843260390617562638e+00,-3.462879052182587714e+01,1.135662357605833961e+01,-4.656171020629209067e+00,5.000401635499179598e+00,-1.147761291464748368e+01,1.829836890129238114e+00,4.266611446093299520e+01,-7.469246119472540357e+00,-1.417999049517085774e+00,-1.740216584230507735e+01,-2.395768975371625142e+00,3.555264847891639324e-01,-3.147264476020485979e+00,1.100981232187895387e+01,-6.381871245398332171e+00,-5.430640523939772812e+00,-4.194407559789064877e+00,2.198825978818071736e+00,2.110982726855694480e+01,-1.651286551285784654e+01,8.984602702177252098e+00,6.071898006562031824e+00,1.266997699382709897e+01,-2.144651004862799937e+01,6.587713846635635306e+00,-1.625192470793536792e+00,-3.348806212239669122e+00,2.067920977914642577e+00,2.233550600838484002e+00,-7.287183680247369288e+00,-7.761377156106492592e+00,-7.897599751325707018e+00,3.392545845646625935e+01,1.248500338039064417e+01,1.650009887023114530e+01,-1.941002169900292529e+01,-6.723578313177282162e+00,1.906093845703601630e+01,-1.420911531931232652e+00,3.060149043332079088e+01,-9.927738365012027444e+00,-1.151631437209790221e+00,-8.592554650694980367e+00,4.112822116915628712e-01,6.785549978858280262e+00,-1.252849872729099978e+01,-7.081356351393573334e+00,-6.853693969275882480e+00,-8.710009599214062703e+00,1.043921475934803667e-01,-1.118342275431968247e+01,2.256465375604642531e+01,1.784973508591916058e+01,-1.555380228365275030e+01,-9.441170412604122930e+00,-6.877035267050744416e+00,-2.252904508651950977e+01,-5.495238188380184852e-01,1.089175975267918162e+01,-3.865972861488253365e+00,1.009356179798993614e-01,4.852960723147750954e+00,2.033444014403686495e+01,-1.590912949031940649e+01,-7.975964398957065882e+00,-3.618246826808095840e+00,1.813483302960155186e+01,3.814033875637536930e-01,3.819067519843184932e+00,1.227120962224241474e+01,1.982455691834801526e+00,-4.728852671836309085e+00,-1.689319560938732323e+01,-1.294090728741711516e+01,4.206956643859641964e+00,-1.110294918202055570e+01,3.566630954334211179e+00,-1.189860617842192880e+00,1.296439896245254175e+01,1.233409264496631685e+00,5.889376920364442825e+00,-3.562932129968535477e+00,-4.062307520626758262e+00,1.824835278467993049e+01,-3.440438659870451055e+00,-2.337289163093384303e+00,-1.184202994644783580e+01,1.375919760081700183e+01,4.658533537365002530e+00
-2.640372463824469662e+00,-2.530990311382826263e+01,1.103738729737771429e+01,2.011366997409968249e+01,-1.621698176620867926e+01,-2.124188160293917349e+01,2.461703571587344896e+01,5.598815805544758994e-01,3.076927075712795201e+01,-1.414030741534221747e+01,3.658562684371489127e+00,-5.574240906882058511e+01,6.378873104532731375e+00,-2.711100403800931424e+00,2.124181789408107335e+01,-5.992311810746205225e+00,8.405496259075471599e+00,5.629651315363824438e+01,-1.293214637057494265e+01,-4.768550302335325064e+00,-2.050902851998234055e+01,-5.256087472166870889e+00,-2.198482254449213524e+00,1.097428198694862855e+00,2.490830278414714716e+00,-1.224757626746132466e+01,-1.946176064098671077e+01,3.469670939733964676e+00,7.333381637019294352e+00,4.166221750425185633e+01,9.692083832890430628e+00,2.440554979313493433e+01,1.301207765135340644e+01,1.206684594913985364e+01,-3.154548015832724417e+01,6.481269989183611635e+00,5.785154272962084399e+00,-2.378027701975295471e+01,7.011624902728354591e+00,3.499189668068844838e+01,-1.161844618751365665e+01,-5.168332912820550185e+00,-2.226978171206896562e+00,4.350131552205366603e+01,1.598941178283170217e+01,2.252336661561163211e+01,-3.173648819325677195e+01,-1.127358162638580730e+01,2.532024373196020406e+01,-1.095156168870348701e+01,4.444316485434031705e+01,-1.256988881511952449e+01,1.363304838283069209e+01,-1.819035865832205445e+01,-1.966365470641849189e+00,2.099698940291899874e+01,-2.489781463288046126e+01,-1.725942528607318849e+01,-1.200212054303088038e+01,1.157575510788992190e+01,9.168013411626430909e+00,-9.372405561601325985e+00,2.023772325209022682e+01,1.466928526728427329e+01,-2.305555325021452617e+01,-8.738662879479637269e+00,-1.331326492768950942e+01,-3.633247783193724700e+01,-3.587068676228802655e+00,8.854617686556991885e+00,-5.949205109573011185e+00,6.163471230860515515e-01,1.915495350994103063e+00,3.768432157911279035e+01,-2.276622505231299343e+01,-1.093537358874945298e+01,-4.741058401087248519e+00,2.266582456016826796e+01,6.689265890673319781e+00,9.322412727397338728e+00,2.940133982287868264e+01,4.901179891408108391e-01,3.516052738049034065e+00,-2.993662558657628736e+01,-2.072734059041547994e+01,5.201180671458273785e+00,-4.178199968120659236e+01,1.038911624686340929e+01,-1.550976043218260259e+01,8.554461259822581098e+00,-1.175145058189130509e+00,1.166211284273527227e+01,5.433404241269684576e+00,-6.176843484101966375e+00,8.730138559589047276e+00,3.225274157229732985e+00,-4.157568205559210028e-01,-2.035448647114352383e+01,2.915867663891878792e+01,3.626494866264306616e+00
-3.082578407687496913e+00,-4.955708789401297665e+00,4.898126195411729000e+00,1.462331566944867944e+01,-2.084560978443223078e+00,-1.870366884727687307e+01,2.081146060111015572e+01,-5.142994504683054302e+00,1.609103860546126796e+01,-2.585313052748882789e+00,-3.227805482546329596e+00,-3.166342763837921126e+01,1.003795211409375199e+01,-4.118306889727902487e+00,4.955910512207402974e+00,-1.013167308410449863e+01,1.831946615769958431e+00,3.865231247871647469e+01,-6.856065738440665136e+00,-1.368876539414086269e+00,-1.569372979860741069e+01,-2.231319459847395326e+00,2.444935175614224576e-01,-2.698485964725960251e+00,9.623992593117936423e+00,-5.892804491767114072e+00,-5.277390579181401087e+00,-3.537936624427471699e+00,2.120880055184033441e+00,1.952554764593949699e+01,-1.404381771452278294e+01,8.504415655475344948e+00,5.646123220516438224e+00,1.134278493889595651e+01,-1.952339048603572280e+01,5.903669632088456076e+00,-1.241671860685379603e+00,-3.596902516340144018e+00,1.997955301168535147e+00,2.955454656037876049e+00,-6.659908697950311485e+00,-6.883692688308570951e+00,-6.916322951627005722e+00,3.069722010448322891e+01,1.129639937473823252e+01,1.496973003395994439e+01,-1.776219345821978735e+01,-6.160923278213101817e+00,1.727273000542676229e+01,-1.551236457425059889e+00,2.784091021524155707e+01,-8.978390831512257364e+00,-6.025782785366260441e-01,-7.983525790813601475e+00,2.996154457208703992e-01,6.497492512414168253e+00,-1.159323504604360267e+01,-6.645411659817751726e+00,-6.294994517588496485e+00,-7.219674739892550264e+00,3.572173884691558499e-01,-9.974759035620614611e+00,2.016454775320765691e+01,1.591216861788496928e+01,-1.416425048154624555e+01,-8.444838112355999016e+00,-6.353378927108765062e+00,-2.060177225273768897e+01,-5.810686633153774316e-01,9.706667336229099163e+00,-3.526952064654444108e+00,1.054930357645099681e-01,4.265891296863870252e+00,1.873716436998870805e+01,-1.446409895772078436e+01,-7.237592207807242772e+00,-3.276898695552153740e+00,1.639208467311042128e+01,5.254435901522689356e-01,3.584369317477563044e+00,1.150100951449245734e+01,1.734131658902497541e+00,-4.000244687221780282e+00,-1.552637554954951149e+01,-1.182972104469405750e+01,3.801015720651080176e+00,-1.084757898515273133e+01,3.396393467859532667e+00,-1.483364013345383370e+00,1.149605240371161763e+01,1.035863260417719367e+00,5.448513523048148066e+00,-2.932985751458711654e+00,-3.703902786278244541e+00,1.608524844110908347e+01,-2.890940294514100728e+00,-2.039804122535326059e+00,-1.086554712471042450e+01,1.278485345044584953e+01,4.146980781812092509e+00
-6.497680917914647303e+00,-6.202061294742628661e+01,2.707597578863353149e+01,4.940239310965324648e+01,-3.972715061767080158e+01,-5.220851293570754592e+01,6.049471100704096216e+01,1.315486689062058900e+00,7.550674200389978807e+01,-3.464812285042611961e+01,8.922713134370184207e+00,-1.368169858083382451e+02,1.572559545772560874e+01,-6.681982970646036080e+00,5.206054604488120674e+01,-1.478016836933175426e+01,2.059923662606941619e+01,1.382487647696357271e+02,-3.173604747021407135e+01,-1.168976570643467028e+01,-5.038187524923120009e+01,-1.289269672865713723e+01,-5.380010527296118283e+00,2.657867803048358901e+00,6.201881226591062557e+00,-3.004962822966797731e+01,-4.770581128528845483e+01,8.456906885026787890e+00,1.797743851351447120e+01,1.022133414627170538e+02,2.357855419621492388e+01,5.984459998928151947e+01,3.191873782064395115e+01,2.966573458345056835e+01,-7.744407246988593840e+01,1.593184787592512919e+01,1.415069352739242170e+01,-5.826095380164100845e+01,1.718834593603470751e+01,8.570395073470129432e+01,-2.851754945829382493e+01,-1.272786407281359722e+01,-5.526768813922444679e+00,1.068361984872852446e+02,3.926902352452081857e+01,5.530588218729266714e+01,-7.789278995536047034e+01,-2.766783772064720281e+01,6.217835847350875156e+01,-2.682986069305545840e+01,1.091114589541635240e+02,-3.087193509152529813e+01,3.337190356083343801e+01,-4.462207818094992007e+01,-4.811116310729975254e+00,5.147769638648065182e+01,-6.108304316235826548e+01,-4.232844680612131327e+01,-2.945299255980014053e+01,2.826379879543998896e+01,2.245028461152986665e+01,-2.305411107481867461e+01,4.976569543489990366e+01,3.608652773024837046e+01,-5.660019752884309696e+01,-2.148604228916475734e+01,-3.266375181855893572e+01,-8.917588037923930244e+01,-8.788622893541194969e+00,2.178350619074883454e+01,-1.460361680351933700e+01,1.510163553916196388e+00,4.735655467667512220e+00,9.246561033289953002e+01,-5.589504664458387140e+01,-2.685136430138244990e+01,-1.164297045697832367e+01,5.566996077819344180e+01,1.638326850653823996e+01,2.286300430392908112e+01,7.210822717914987834e+01,1.218621834861445041e+00,8.565494880245907439e+00,-7.346206975159807939e+01,-5.087483371754800743e+01,1.277514283732087819e+01,-1.024133069790744628e+02,2.547263963924797991e+01,-3.798916617214446489e+01,2.106785904229343487e+01,-2.866021269077664524e+00,2.861143593834533405e+01,1.327130431110388820e+01,-1.516285619585189792e+01,2.154731874769505140e+01,7.865495937059037601e+00,-1.039846647598881013e+00,-4.995159239560084075e+01,7.152790782991162644e+01,8.923491133912026640e+00
-4.706285525383589352e+00,-4.047630276866249943e+01,1.816734278098276079e+01,3.418094778539495593e+01,-2.572899566792068526e+01,-3.671289343639691793e+01,4.238334536038145473e+01,-9.497499911551887664e-02,5.110503736212178438e+01,-2.257899937499585619e+01,5.107225996594859652e+00,-9.305692683710896063e+01,1.185838308385671169e+01,-5.012065569801506193e+00,3.412072804193529407e+01,-1.127212485213614634e+01,1.347739978759481971e+01,9.524032616745164148e+01,-2.149670397778535147e+01,-7.708051107131034030e+00,-3.500044146661239353e+01,-8.632344579528970385e+00,-3.388614246871297198e+00,1.205738725636038566e+00,5.706002627534482841e+00,-2.024557510739131772e+01,-3.140033901991716547e+01,4.753644858976356247e+00,1.185690056813277238e+01,6.877076199755440200e+01,1.249415928194762770e+01,3.973251155242701316e+01,2.139345331557120744e+01,2.099078269946063102e+01,-5.296486903511539168e+01,1.123886210804510455e+01,8.804097437177585306e+00,-3.783035605881647001e+01,1.133103980267462951e+01,5.522544703114270703e+01,-1.940731186976487521e+01,-9.372424638282758735e+00,-4.783267135398253878e+00,7.375036310097290482e+01,2.711030322848714746e+01,3.801095701490030621e+01,-5.293121869435266547e+01,-1.877444528587858485e+01,4.281476610225003299e+01,-1.740221846922192128e+01,7.468328245889713912e+01,-2.133089812675765984e+01,2.118544344168395810e+01,-2.992424142753388594e+01,-3.015582786427891016e+00,3.402888688033468867e+01,-4.108396241772841506e+01,-2.821754010989954509e+01,-1.993792778655398124e+01,1.672369436724267189e+01,1.439063617572024967e+01,-1.652329593161448074e+01,3.541952703326631990e+01,2.591813400216713248e+01,-3.869052901283664170e+01,-1.524473464806346001e+01,-2.199735065532029310e+01,-6.064696944005629575e+01,-5.713672873851679768e+00,1.566380318576023001e+01,-9.959494184745716794e+00,9.828158030883773488e-01,3.796909588695157378e+00,6.240740750564432204e+01,-3.829504331205300360e+01,-1.844905940879986517e+01,-8.024847528755614690e+00,3.850169788917599334e+01,1.054978073325442978e+01,1.524031799903560369e+01,4.810247904235644967e+01,1.092677735162705277e+00,4.738941937574523422e+00,-4.969772278476359872e+01,-3.461297467426604157e+01,8.842520885321569324e+00,-6.732171466784926395e+01,1.687139840576344341e+01,-2.451074381094223043e+01,1.553224453755877654e+01,-1.640635165746191060e+00,1.924713070709026042e+01,7.935666491827856106e+00,-1.034849914227510048e+01,1.667197526921813733e+01,4.493808845767016003e+00,-1.034135389711317021e+00,-3.384867091763507574e+01,4.796542563800097270e+01,6.447602372249457758e+00
-3.096282786351768124e+00,-2.304089997985941807e+01,1.078678753901103349e+01,2.119507619605060711e+01,-1.446868717206616495e+01,-2.326405636387099207e+01,2.672725134548176840e+01,-9.083285813439720968e-01,3.072840005674592234e+01,-1.282314061250021453e+01,2.265797252194127420e+00,-5.634664665213237811e+01,8.179716301944345958e+00,-3.436540657997658066e+00,1.955260416572086157e+01,-7.873544382169199274e+00,7.702204597167993327e+00,5.870853259340076846e+01,-1.294010103397781997e+01,-4.458540592732823882e+00,-2.182306606485765954e+01,-5.109428183111960564e+00,-1.819176397495679609e+00,2.125422102020260162e-01,4.733996830683611101e+00,-1.209304199009861946e+01,-1.811300741697541383e+01,2.020099911799178471e+00,6.860876533475571470e+00,4.099620728793729540e+01,4.519560838474813380e+00,2.322344681610748296e+01,1.268200073994622556e+01,1.340936482387201423e+01,-3.232060423726278486e+01,7.151414049353546964e+00,4.625516641333529577e+00,-2.136242938563426108e+01,6.551787490319944673e+00,3.080313511285859818e+01,-1.176065841333164741e+01,-6.290151876579313850e+00,-3.776772894965486849e+00,4.558916655298205711e+01,1.676041097095196264e+01,2.335489098549097875e+01,-3.200893258244988004e+01,-1.133023181533645385e+01,2.637491726473224318e+01,-9.809653581312060666e+00,4.562569438780420228e+01,-1.320241912341710844e+01,1.152755471188109659e+01,-1.775334910992928883e+01,-1.605257199966757753e+00,1.975883709814253919e+01,-2.447942947624208188e+01,-1.659383882700974411e+01,-1.199114244761893744e+01,7.977065578138507362e+00,7.957933348367753013e+00,-1.072958639901403366e+01,2.279738314778096964e+01,1.687450389722248190e+01,-2.359378638394709782e+01,-9.773133839116619370e+00,-1.313119986387395777e+01,-3.671654021910340759e+01,-3.232749989701138915e+00,1.021321240805681541e+01,-6.053544915341570132e+00,5.569919925340149902e-01,2.794158193354439934e+00,3.737235863585820539e+01,-2.342663803197797989e+01,-1.133088282397249102e+01,-4.950063488403233514e+00,2.386103183789338544e+01,5.877842327717486270e+00,8.961543828787984722e+00,2.831626845324434427e+01,8.884250572398622037e-01,1.935065472074833259e+00,-2.986197493293808236e+01,-2.096712428161078989e+01,5.486107267240907248e+00,-3.875618183561893204e+01,9.825486813797352781e+00,-1.369994914244921347e+01,1.043889994834082557e+01,-7.280317926125989825e-01,1.147106933046383759e+01,3.867300240751635698e+00,-6.296513281372989823e+00,1.182845877994506978e+01,1.985197252265516354e+00,-9.071814654657085475e-01,-2.038711279149567801e+01,2.845477816277645999e+01,4.229224941951104988e+00
-4.007955432853067990e+00,-2.710700353956631048e+01,1.308003135491059865e+01,2.645666263322156908e+01,-1.686673570229930164e+01,-2.944022963174494834e+01,3.372058489232043144e+01,-1.816436379297599046e+00,3.758428589539994391e+01,-1.505997541262933481e+01,2.104123008453645305e+00,-6.924434638656005347e+01,1.087449644472834365e+01,-4.553744098876518542e+00,2.311654767426895773e+01,-1.053841216561867711e+01,9.087938738138488404e+00,7.300259882071675577e+01,-1.583927928259132933e+01,-5.307311487510508741e+00,-2.733684905276016153e+01,-6.182258161343813896e+00,-2.044118992474660335e+00,-1.647234432507800328e-01,6.870147768290790324e+00,-1.472468120012685944e+01,-2.151829047586456056e+01,1.776179043750795827e+00,8.169160360553386013e+00,4.984940300014299197e+01,3.047556170691443356e+00,2.785220191560640757e+01,1.536114428547875477e+01,1.705424805669161969e+01,-3.992449560123705510e+01,9.073276796017495371e+00,5.103753348359112429e+00,-2.498151533693063797e+01,7.796993956708131890e+00,3.568439494660379552e+01,-1.446039060408965149e+01,-8.236149633882043020e+00,-5.365865383304575076e+00,5.679213374948965054e+01,2.088071470139938057e+01,2.897977293461966752e+01,-3.930175720085107116e+01,-1.389257845271027492e+01,3.278266381580402111e+01,-1.145635733324900052e+01,5.640220173502943624e+01,-1.646014186312542549e+01,1.309603559684248353e+01,-2.151587448602179364e+01,-1.791071603538185952e+00,2.358547408964091119e+01,-2.975586274873126058e+01,-1.998718594879609611e+01,-1.466890098422728705e+01,8.034257544409044272e+00,9.157584559595221663e+00,-1.378190579981052721e+01,2.912717742982824376e+01,2.170888597969226907e+01,-2.913131611624568507e+01,-1.245651733117045978e+01,-1.598191066809361338e+01,-4.511628264516721742e+01,-3.785976968448286684e+00,1.315067144820448775e+01,-7.458123242687767274e+00,6.531238347766002983e-01,3.841188132696529589e+00,4.558468838756161290e+01,-2.898542511191938686e+01,-1.405605691199593288e+01,-6.157985277546678127e+00,2.977376265834291402e+01,6.803461051124427783e+00,1.079344894342772854e+01,3.413113060674537991e+01,1.278432970952236403e+00,1.609026857686874479e+00,-3.650778005307981999e+01,-2.577365432526048039e+01,6.850418258248384795e+00,-4.597525711120302105e+01,1.175335727820038301e+01,-1.589645848345107915e+01,1.367930757652685969e+01,-6.762763464431946758e-01,1.394601398975229856e+01,3.980746165479216003e+00,-7.762815728538046578e+00,1.596255006821376554e+01,1.834042265269694383e+00,-1.346090670682285939e+00,-2.496441120059462904e+01,3.448362809950025820e+01,5.464880660447295924e+00
-1.551108314200447147e+00,-1.057295586211731120e+01,5.088814315913489317e+00,1.026858626524014717e+01,-6.583965098141032257e+00,-1.141399664158118377e+01,1.307666193365958840e+01,-6.835652289876705812e-01,1.461179791212289736e+01,-5.874940936669447389e+00,8.394205430713941318e-01,-2.690995585728038364e+01,4.199835645593976707e+00,-1.759141080682105063e+00,9.012716792267497112e+00,-4.067943636659451911e+00,3.543823274654781308e+00,2.834319226022312677e+01,-6.157514596102975801e+00,-2.068025976179922676e+00,-1.060718630266075024e+01,-2.405654883738647332e+00,-8.005018522702034289e-01,-5.042382634020614596e-02,2.636310504975182489e+00,-5.726706177334187409e+00,-8.386144631045747033e+00,7.128038334145423427e-01,3.183090822234148742e+00,1.938957043592788310e+01,1.264337279289399874e+00,1.084593570174918575e+01,5.976836565240311927e+00,6.609310936392519764e+00,-1.550901797867480525e+01,3.516993555869275756e+00,2.001962442777680096e+00,-9.748946517663027223e+00,3.038213492473290867e+00,1.393701495898359255e+01,-5.619395922494457629e+00,-3.184605335149570671e+00,-2.062176860362948450e+00,2.204624127018376356e+01,8.105670757354005218e+00,1.125330839315281573e+01,-1.527465735315984041e+01,-5.399971087880434339e+00,1.272827728705986239e+01,-4.471311466708147719e+00,2.190858033848773800e+01,-6.389270660389152923e+00,5.123572912763432186e+00,-8.371178571345875952e+00,-7.018478453030417841e-01,9.188075998117318122e+00,-1.157424842602901371e+01,-7.780406163487978866e+00,-5.702812649182272153e+00,3.178741499674720750e+00,3.578695347514075031e+00,-5.336938111658453110e+00,1.128402628053798651e+01,8.405563552828063223e+00,-1.131673409875524783e+01,-4.826648308655876463e+00,-6.215886982601602107e+00,-1.753337992651392696e+01,-1.477277605988310150e+00,5.091519336515593963e+00,-2.897795346447266773e+00,2.548198774216445806e-01,1.479772407858136685e+00,1.772618420541573769e+01,-1.125813820181050140e+01,-5.458311331991437143e+00,-2.390746860992870815e+00,1.155638264929612014e+01,2.657379244512189764e+00,4.201584939169149102e+00,1.328542287824982715e+01,4.908724722751739988e-01,6.498439730269858217e-01,-1.419381799518818532e+01,-1.001600977261837855e+01,2.658767280579195091e+00,-1.791977229943530503e+01,4.577875797063532204e+00,-6.207709063408535677e+00,5.288940634246551475e+00,-2.697860973480289415e-01,5.424555220465276939e+00,1.571638422919121147e+00,-3.016010957941094528e+00,6.157892940288276939e+00,7.320756022551824227e-01,-5.157423253672233088e-01,-9.704597558852967154e+00,1.341659468742684602e+01,2.115240007068648787e+00
-1.583522447640697717e+00,-1.305668519764779845e+01,5.930105325350580436e+00,1.129827709450709250e+01,-8.271758309105724294e+00,-1.221338531669924521e+01,1.407941423519833890e+01,-1.645067616952926581e-01,1.674181549249931322e+01,-7.278770480001885090e+00,1.546946560710394269e+00,-3.054675055234267589e+01,4.049228708374975838e+00,-1.708203747926252847e+00,1.102683504364803291e+01,-3.864433498888050877e+00,4.352230208611588047e+00,3.142641888065974598e+01,-7.044522849069317694e+00,-2.497523925102577813e+00,-1.158793412243966081e+01,-2.815226432260495404e+00,-1.075883504345274133e+00,3.146914131056839370e-01,2.073470240546403609e+00,-6.619804829598320950e+00,-1.016637903955178679e+01,1.425928267810813388e+00,3.842209983942038498e+00,2.247352936473172846e+01,3.624024721433098506e+00,1.291171251272979958e+01,6.979980765699848710e+00,6.999992930447081818e+00,-1.742535724830711885e+01,3.743507338472920054e+00,2.779475741421782331e+00,-1.217616842026851565e+01,3.671052649727305717e+00,1.771511084118814949e+01,-6.372091405292477972e+00,-3.172968445286421080e+00,-1.708125963278062098e+00,2.435537690278004419e+01,8.953246779322617144e+00,1.253055011168839883e+01,-1.736866279446621775e+01,-6.156947459423489200e+00,1.412488171698256956e+01,-5.598422853361120666e+00,2.457881734937597784e+01,-7.046935930545449978e+00,6.750526378106033398e+00,-9.765539460856466292e+00,-9.553059612017507085e-01,1.103772033920078322e+01,-1.342392437166564889e+01,-9.185540473171997178e+00,-6.532040419431462297e+00,5.152893854994910150e+00,4.605427760763483036e+00,-5.537468734280888150e+00,1.183841978965917008e+01,8.692908433103180954e+00,-1.272657927060409300e+01,-5.089205947898924443e+00,-7.191305937688591499e+00,-1.990701439069563250e+01,-1.840002856207165749e+00,5.255968189596691431e+00,-3.272895196702188869e+00,3.166457251426406105e-01,1.323955212780343338e+00,2.042062142508755684e+01,-1.260809092676427490e+01,-6.081113878414597274e+00,-2.648480567463879609e+00,1.272439108063879409e+01,3.383116905678013264e+00,4.960992579483539444e+00,1.566310538530862217e+01,3.942225187542512388e-01,1.409171456252906518e+00,-1.627761345222599587e+01,-1.136337771444979872e+01,2.923304096288670717e+00,-2.178433394745865570e+01,5.477026084679667228e+00,-7.866986358134703927e+00,5.260633271808389466e+00,-4.969649362825400152e-01,6.289328853779208472e+00,2.457990639540973188e+00,-3.401752726676202876e+00,5.744368265096413850e+00,1.359820574000765836e+00,-3.834997174407848153e-01,-1.109411900560130881e+01,1.565282668736429272e+01,2.167436254776596627e+00
-3.836318009088290015e+00,-5.624933346975167581e+01,2.236230966534939668e+01,3.623954695495332601e+01,-3.690477484448372536e+01,-3.569058773426403519e+01,4.204577489616961117e+01,5.403880465482275852e+00,6.041072691964939878e+01,-3.157097363086821318e+01,1.125428196209974274e+01,-1.074519858727244070e+02,7.216520512781408492e+00,-3.184271703790282793e+00,4.657738163285345223e+01,-6.223260400466821274e+00,1.853316973167662951e+01,1.032348108930247008e+02,-2.531655592855230097e+01,-1.025311111637880224e+01,-3.633183568485321047e+01,-1.072924654572411107e+01,-5.420464161519431556e+00,4.746063609741332456e+00,-1.699406929653211051e+00,-2.445181733334298713e+01,-4.209074844676307947e+01,1.105079058441993212e+01,1.575543003926852315e+01,8.358868063200277732e+01,3.416413432453234833e+01,5.128900572060921093e+01,2.646475285494048180e+01,1.970625718814805793e+01,-5.953804610040958067e+01,1.073393410788011870e+01,1.473737835507796667e+01,-5.368872583726741965e+01,1.508780473892063689e+01,8.085209669024013124e+01,-2.234859786866276821e+01,-6.836365126651453572e+00,1.824876862130236921e-01,7.911417471135862911e+01,2.906881286985331059e+01,4.169422508288474916e+01,-6.138686808858185628e+01,-2.192383922198473556e+01,4.651998338698390256e+01,-2.480868622206683227e+01,8.361533450816993707e+01,-2.277461177031130646e+01,3.288948862053342737e+01,-3.692500811727630605e+01,-4.912262540232902985e+00,4.477451724181626247e+01,-5.001329809277089566e+01,-3.577139433003623736e+01,-2.354975413030799913e+01,3.323843925197184035e+01,2.151388749320928540e+01,-1.438362771711391197e+01,3.214634097227585130e+01,2.227497846733638909e+01,-4.359735312840684429e+01,-1.408847204517196694e+01,-2.662073893399319502e+01,-7.006506030616371561e+01,-8.068032467051919454e+00,1.336490097250358033e+01,-1.135109954622457451e+01,1.381812417767672718e+00,1.175863320339115337e+00,7.475563799869914305e+01,-4.267202897243745241e+01,-2.026713469896270325e+01,-8.676773660119508236e+00,4.090654350307812592e+01,1.548749482526870835e+01,1.932536477089332294e+01,6.079337413403217738e+01,-2.080250935946585666e-01,1.152716735961055505e+01,-5.887829010511499916e+01,-3.991080369633025526e+01,9.355653336314729174e+00,-9.074560407662612249e+01,2.201029065703329479e+01,-3.569946217537731314e+01,1.123425853866219803e+01,-3.614191431071916316e+00,2.341172673472355115e+01,1.524046284067660118e+01,-1.175217676990224724e+01,8.017711607230788573e+00,9.957381181371250278e+00,6.268814483021196704e-01,-3.978788643531338209e+01,5.919976228223520565e+01,5.337896865679935487e+00
-1.124106971843478409e+00,-4.679404978370845569e+00,2.719069818337020550e+00,6.367246422792582017e+00,-2.727899150150828067e+00,-7.532492330446125095e+00,8.515162633961374183e+00,-1.198475149936734541e+00,8.183951383994063633e+00,-2.568867436826660189e+00,-3.012432566747398344e-01,-1.544903852428251412e+01,3.357909739240046321e+00,-1.390481021957996610e+00,4.124770308005187403e+00,-3.328432989666695541e+00,1.600184136350591313e+00,1.725695438328123643e+01,-3.462743319288199562e+00,-9.895023532119930909e-01,-6.686481629815634875e+00,-1.269755466117268972e+00,-2.391601196775373639e-01,-5.192501289576484380e-01,2.725164055765381121e+00,-3.130634452568658688e+00,-3.961745538361889807e+00,-4.038721844022272744e-01,1.525620096138073034e+00,1.052053389194936095e+01,-2.159580175657084489e+00,5.435728674001437000e+00,3.173728551546055154e+00,4.456900860530764064e+00,-9.140578935925432802e+00,2.347090003116749202e+00,4.810292612729922812e-01,-4.134027096470918927e+00,1.451278602587182220e+00,5.503736572893404677e+00,-3.234997643395908451e+00,-2.410992969498114036e+00,-2.018026542289093062e+00,1.354046381959088308e+01,4.980246139320338550e+00,6.781676453416151773e+00,-8.730067797833894971e+00,-3.064289688432863645e+00,7.733885573242767819e+00,-1.877760161447689979e+00,1.296087999977102179e+01,-3.939418829616539774e+00,1.709506791093728051e+00,-4.459170338565395575e+00,-1.938476259600480645e-01,4.473506131224155524e+00,-6.268487487990892504e+00,-4.000553439875858430e+00,-3.196858982908074243e+00,-2.112126639488876023e-01,1.338606392960282498e+00,-3.750414883468646821e+00,7.757689085993597189e+00,5.944376166828056363e+00,-6.654582739248415812e+00,-3.284776089317653192e+00,-3.390105906878574160e+00,-1.006059046119590050e+01,-6.331297950842516009e-01,3.613361356409344083e+00,-1.685416045725542045e+00,1.101881121497252924e-01,1.318582381339414411e+00,9.782726756441570970e+00,-6.689457423981677309e+00,-3.285053269016191102e+00,-1.458703114205549323e+00,7.153665525602850295e+00,1.042327325003952421e+00,2.159586193318579816e+00,6.859684212850027940e+00,4.966740770040236064e-01,-5.121422106554620601e-01,-7.930454607265319034e+00,-5.758460824257034538e+00,1.651355967574570371e+00,-8.385822486719824553e+00,2.258437200553829349e+00,-2.482448141993805368e+00,4.015977162864349914e+00,9.653229129562101996e-02,2.940678106740866937e+00,1.383511395483516537e-02,-1.760316110480292462e+00,5.177473691455317883e+00,-2.768221227203873092e-01,-5.623031980671583385e-01,-5.468628299825124550e+00,7.144828683571731176e+00,1.522402854179862430e+00
-4.437849696957950840e+00,-3.635511520932266905e+01,1.654241806521150693e+01,3.157843763951853688e+01,-2.301974202165653693e+01,-3.416961427553085429e+01,3.938157159674835128e+01,-5.167711337425844320e-01,4.672854392698775428e+01,-2.026500374579802966e+01,4.263237035481230564e+00,-8.528650853467416937e+01,1.137294671968446380e+01,-4.796436375526607065e+00,3.071209435057259540e+01,-1.086029557848802796e+01,1.212045758490618752e+01,8.781277633507687597e+01,-1.966314909942404654e+01,-6.958985947283293783e+00,-3.239606094491313115e+01,-7.852172649318697850e+00,-2.988151533032714191e+00,8.436610896918770308e-01,5.875515223668661413e+00,-1.847129198955409279e+01,-2.832372524456232910e+01,3.923219532993114100e+00,1.070593065922845710e+01,6.270251440849816760e+01,9.912551146213846920e+00,3.599310176382651605e+01,1.946973717861365571e+01,1.959120939868752842e+01,-4.866847210708143479e+01,1.047525419312456307e+01,7.712646637116061576e+00,-3.389155719273551881e+01,1.022868923951006259e+01,4.928251221995071774e+01,-1.779150946857784987e+01,-8.900471311286013432e+00,-4.828557634669588872e+00,6.806320176110067166e+01,2.502075726841452408e+01,3.500818437944865735e+01,-4.849050573811939557e+01,-1.718763816210631035e+01,3.946707392707870810e+01,-1.558165329792147169e+01,6.865135935848053350e+01,-1.969438585413520926e+01,1.875963138876536362e+01,-2.724065897162251915e+01,-2.652306540661648171e+00,3.076017220610576430e+01,-3.745275916756032331e+01,-2.561278544234793486e+01,-1.823195343959040571e+01,1.424170593152480180e+01,1.280730785635162050e+01,-1.550955280313731421e+01,3.314408657635302546e+01,2.435035738120578941e+01,-3.554384011495093176e+01,-1.424569172599618838e+01,-2.006539926040664312e+01,-5.557999075331321137e+01,-5.121959566391323548e+00,1.472387735937194009e+01,-9.139474790090515555e+00,8.815005328764859982e-01,3.729923597706876315e+00,5.698627854312869090e+01,-3.521790563587543943e+01,-1.698926270376505343e+01,-7.400699948380990989e+00,3.556350464488526342e+01,9.411203975945415579e+00,1.383308216998267959e+01,4.367666037015769831e+01,1.115988198635765150e+00,3.871292237139112302e+00,-4.543152718343090157e+01,-3.172713223606434596e+01,8.170772117932855849e+00,-6.068624378892404536e+01,1.526549293014251774e+01,-2.188751985728405458e+01,1.475752683355997164e+01,-1.369600478620403461e+00,1.754742750062573009e+01,6.799364739868645202e+00,-9.499746319564952302e+00,1.615535829114079291e+01,3.746916377833993117e+00,-1.089711348315220762e+00,-3.096744450692491313e+01,4.366292315389821255e+01,6.073443132990474780e+00
-2.035779618344778275e+00,-8.745508538077736205e+00,5.012313634236585713e+00,1.162883285996354665e+01,-5.125947680383962535e+00,-1.370866559832007781e+01,1.550849618080003012e+01,-2.106582947890361268e+00,1.503983722264808698e+01,-4.805702236955782247e+00,-4.629175004152221717e-01,-2.834673825871019304e+01,6.052689882024045787e+00,-2.507684462836856643e+00,7.688713816553286229e+00,-5.993300773116172486e+00,2.985918277321085057e+00,3.155102061059723084e+01,-6.361921567901708485e+00,-1.838273247989678394e+00,-1.220026461771813686e+01,-2.342585444349122525e+00,-4.641027146565182004e-01,-8.965157824104539319e-01,4.861314993372560345e+00,-5.762273662596899548e+00,-7.367028597251036537e+00,-6.477930524506105847e-01,2.833903923215888465e+00,1.937372960415505929e+01,-3.631584843440457178e+00,1.006448377350036161e+01,5.852872097078583913e+00,8.101784093350367755e+00,-1.674447029989970304e+01,4.268952749780698497e+00,9.592659682985749114e-01,-7.753113047767295818e+00,2.696485068975369437e+00,1.038499640663860646e+01,-5.934729834153913863e+00,-4.356990726800842317e+00,-3.607119030628180845e+00,2.474343101609847650e+01,9.100549869767759148e+00,1.240655840254484055e+01,-1.602289241623508431e+01,-5.626636325806682493e+00,1.414163212431454575e+01,-3.524463913384628722e+00,2.373738734699626107e+01,-7.197141569324855936e+00,3.277987676055115429e+00,-8.221695714657897724e+00,-3.796620295314765414e-01,8.300143122722527522e+00,-1.154492076048007121e+01,-7.393900561662209547e+00,-5.874617519516425190e+00,-1.540206976783515813e-01,2.538257604187750704e+00,-6.802734284265143039e+00,1.408748336804086776e+01,1.077875824929784443e+01,-1.219211247154700217e+01,-5.968159581371494049e+00,-6.240816711098228886e+00,-1.846033288725970678e+01,-1.186356773831399369e+00,6.550820396557018199e+00,-3.089994373071740519e+00,2.063199543923106283e-01,2.365612320681503622e+00,1.799505650814497315e+01,-1.224824450392308250e+01,-6.010227357039633844e+00,-2.666624903348993936e+00,1.306639634605238420e+01,1.967946048410893267e+00,3.991491307958323187e+00,1.267454636635106624e+01,8.866819907163976389e-01,-8.381808250434215068e-01,-1.457625972740705578e+01,-1.056499086790672592e+01,3.015666958582047918e+00,-1.560489776230391357e+01,4.186307664956860464e+00,-4.678957482995667050e+00,7.256384791050382255e+00,1.482877374650252156e-01,5.415622766029328794e+00,1.272810386824154705e-01,-3.226618557645348773e+00,9.311564979724014535e+00,-4.279771097162097249e-01,-1.001212403283735508e+00,-1.004592670892407114e+01,1.317367862029552761e+01,2.758058572676053366e+00
-5.806657129030561748e+00,-5.273566076953252946e+01,2.332304822805599898e+01,4.317980887046879701e+01,-3.365992272120791284e+01,-4.598963808967753408e+01,5.319421790699320240e+01,5.417573574732204023e-01,6.530820567611634431e+01,-2.944090176846779627e+01,7.153807404125475777e+00,-1.186129051116779038e+02,1.433647286612232818e+01,-6.075580578293294565e+00,4.435418067468393843e+01,-1.355118627720402813e+01,1.753581611537913432e+01,1.205858728425509270e+02,-2.745973466416102937e+01,-9.987508021834939242e+00,-4.412169693457266106e+01,-1.109457370818490496e+01,-4.500465138369925455e+00,1.940048048208143694e+00,6.276669966232850228e+00,-2.593472810168095322e+01,-4.072495717781474411e+01,6.727741654454503006e+00,1.536130022029993825e+01,8.815956155382986026e+01,1.829812422587461285e+01,5.129454187686489774e+01,2.748049230497966633e+01,2.621065536433929921e+01,-6.731572109069352905e+01,1.405565986162183556e+01,1.177149372156325668e+01,-4.942252855652022703e+01,1.468376042675526350e+01,7.244560438360177557e+01,-2.472977578653171093e+01,-1.146718243290156636e+01,-5.410970374645708070e+00,9.327756297102190786e+01,3.428682719278329216e+01,4.818573026505784185e+01,-6.749975799670735910e+01,-2.395989353261380117e+01,5.422210243794287265e+01,-2.274810122225267150e+01,9.487829730198303935e+01,-2.696582816692941620e+01,2.801658577819461016e+01,-3.842737963504943366e+01,-4.015676449830635875e+00,4.403313341919046309e+01,-5.267618040245550759e+01,-3.635019954991055613e+01,-2.547685536647963289e+01,2.299081201845004330e+01,1.893141318203895196e+01,-2.049655151787163021e+01,4.409453846607991068e+01,3.211601733526060087e+01,-4.918638449783146882e+01,-1.900885962460058209e+01,-2.818516015688187792e+01,-7.730668136555439673e+01,-7.459581779834008941e+00,1.939785948227208223e+01,-1.267672712025940207e+01,1.282412866001005902e+00,4.453945480587237604e+00,7.987009516219282546e+01,-4.862594724946259817e+01,-2.339115331777452056e+01,-1.015782970863113022e+01,4.864842957198341367e+01,1.384444341303081139e+01,1.963339999415293491e+01,6.194385404218523661e+01,1.216072262924786429e+00,6.768309831002510712e+00,-6.352553316227576374e+01,-4.411185444401921529e+01,1.116816767722620618e+01,-8.737408610156236932e+01,2.180877648499842181e+01,-3.213131601546460558e+01,1.899229641981401784e+01,-2.297941266116735548e+00,2.467564437196426397e+01,1.084559518543626666e+01,-1.316678071471859646e+01,1.990014055814751970e+01,6.301170914067234285e+00,-1.099225846703523857e+00,-4.322896991261918487e+01,6.159660947326378277e+01,7.964984937684549848e+00
-3.155621206843033377e+00,-4.091017423611459591e+00,4.695198467170488499e+00,1.461603954034747233e+01,-1.461117414225159727e+00,-1.890342555678476799e+01,2.098797656385583821e+01,-5.496347347657655646e+00,1.568035773174464786e+01,-2.090553220887020558e+00,-3.603764408319261037e+00,-3.107929727641629825e+01,1.037926619438042053e+01,-4.253955691663179550e+00,4.280898353862212957e+00,-1.049697329366622967e+01,1.556624118583685767e+00,3.848705186385565469e+01,-6.689382616259122116e+00,-1.233654189003043244e+00,-1.573613146949606545e+01,-2.128244026765297559e+00,3.625505320570492351e-01,-2.921356418622358397e+00,1.012023862335114543e+01,-5.696745635796176543e+00,-4.705825868136187751e+00,-3.924822537901754504e+00,1.913927643402839607e+00,1.882554312712202815e+01,-1.538930196048535493e+01,7.907692690016355996e+00,5.398724645290227109e+00,1.150193531300225658e+01,-1.929492143813103766e+01,5.977144673203596881e+00,-1.590400916448168278e+00,-2.717065882552175182e+00,1.798182436586313493e+00,1.512083163944463848e+00,-6.541992729904336557e+00,-7.080739813777585212e+00,-7.252581152569581135e+00,3.062232642683676076e+01,1.126971640851243350e+01,1.487214899363751108e+01,-1.741275382114790915e+01,-6.027335419580582609e+00,1.719129035860707688e+01,-1.139347102354407504e+00,2.754035727951698931e+01,-8.963641097029064753e+00,-1.276534151661206096e+00,-7.643429437553903583e+00,4.103578936399836508e-01,5.931986079063494621e+00,-1.117010323440157649e+01,-6.263573826671867906e+00,-6.135970955074996347e+00,-8.218760209752145940e+00,-4.749318502829069644e-02,-1.017248464204278235e+01,2.050407728073098568e+01,1.624073598155895226e+01,-1.399060451958106910e+01,-8.574761621067949591e+00,-6.136940877166424002e+00,-2.021873655834790995e+01,-4.508022124559474264e-01,9.911475057800544164e+00,-3.474002690871208721e+00,8.346961562675700441e-02,4.448024416972773842e+00,1.817245638559088405e+01,-1.432302174840819653e+01,-7.188281224076328968e+00,-3.264365824228318225e+00,1.637836644488196214e+01,2.470039407864157432e-01,3.377804324291107108e+00,1.086204148579745876e+01,1.821623930344718145e+00,-4.418709788133789118e+00,-1.511858550732097406e+01,-1.161607691787044594e+01,3.800380206415741924e+00,-9.589809468135710446e+00,3.128134617094475711e+00,-8.546389861277834399e-01,1.182871314986359579e+01,1.156564186552813567e+00,5.251480435130996938e+00,-3.372933708382302775e+00,-3.651599626464980819e+00,1.670172978625990368e+01,-3.225263225285995627e+00,-2.150213318153087805e+00,-1.060793605359821790e+01,1.223889028354876984e+01,4.241775663813029951e+00
-3.687615248827079029e+00,4.292226117781906325e+00,2.539869860654076827e+00,1.381183080377747352e+01,4.508318091286552587e+00,-1.984141361386500080e+01,2.160129327331754112e+01,-8.561467553768023819e+00,1.100759042168689561e+01,2.693586986304070230e+00,-6.977895159602345743e+00,-2.399142474507733169e+01,1.308485409272012312e+01,-5.322754033235756133e+00,-2.318098306070389469e+00,-1.342347619992406749e+01,-1.125427796832006777e+00,3.498772297838462464e+01,-4.776483775690646638e+00,1.072173481883353929e-01,-1.534537000641603655e+01,-1.046375818640118194e+00,1.460776904426870360e+00,-4.882060954219246796e+00,1.430405437895193543e+01,-3.555983802370585423e+00,9.362458978181580349e-01,-7.386136195706464846e+00,-1.395243335083451441e-01,1.125838711153181393e+01,-2.733927300133548499e+01,1.866598514448450707e+00,2.787436669750590568e+00,1.242831034461958595e+01,-1.616347072615371872e+01,6.371262992519136859e+00,-4.808319466869942715e+00,5.740277170275469132e+00,-1.815487386935044078e-01,-1.221399397812694687e+01,-5.097701833943973249e+00,-8.587955384972675077e+00,-1.006767296973999848e+01,2.837330920648602728e+01,1.045034522518146858e+01,1.320103861891675479e+01,-1.323198171519655375e+01,-4.460729800374656051e+00,1.555614315648932688e+01,2.813225667415446996e+00,2.331234288169321189e+01,-8.373151707967481983e+00,-7.585922252342786720e+00,-4.042555315843654462e+00,1.437004839375330967e+00,2.855139894567617631e-01,-6.606518161146169632e+00,-2.337376264489029687e+00,-4.323353358806237168e+00,-1.725361201164437830e+01,-3.872460817326629723e+00,-1.153055713504355140e+01,2.268336416525966115e+01,1.853086116809128114e+01,-1.164450086571344301e+01,-9.372016692124510939e+00,-3.781304348147779049e+00,-1.557906424222077391e+01,8.038124896946423625e-01,1.134965583478498274e+01,-2.798466653728473474e+00,-1.290061055817248170e-01,5.946661563312223286e+00,1.191766252631882672e+01,-1.226819614427638783e+01,-6.360271586784962849e+00,-2.981597349755984006e+00,1.542456409222839042e+01,-2.398634115541129042e+00,1.254362001341229327e+00,4.272788292710910873e+00,2.557386324784097553e+00,-8.153818876810651872e+00,-1.050142212646430195e+01,-9.011182783425592646e+00,3.603156035200673735e+00,2.787451996222838346e+00,4.338140581606477753e-01,5.134228798873594179e+00,1.437953811903518542e+01,2.239843719714539549e+00,3.123908548260104556e+00,-7.363824326162479394e+00,-2.973239154865836120e+00,2.169146947830416039e+01,-6.224685496365989223e+00,-3.086168793616505202e+00,-7.637969581745983838e+00,6.459910802043752120e+00,4.924830374032567626e+00
-5.911205832997747933e+00,-6.427119582732642300e+01,2.718130512186189662e+01,4.777058227125857570e+01,-4.151833442326049095e+01,-4.944159307365368505e+01,5.756474217962272633e+01,3.046664807943594511e+00,7.502047355618400104e+01,-3.596419327887330297e+01,1.051058271493898566e+01,-1.351317889507533323e+02,1.347941610199041484e+01,-5.774687658597983386e+00,5.369435042629460497e+01,-1.244538645827957346e+01,2.128707745601560575e+01,1.344103881235108702e+02,-3.150187131220102899e+01,-1.197448380362370024e+01,-4.846735449310309463e+01,-1.297525175146337340e+01,-5.791559960065582047e+00,3.688036180592416002e+00,3.498792771831995108e+00,-3.002001783775078891e+01,-4.896685483991177534e+01,1.011541554229658857e+01,1.841025961978846226e+01,1.022790174287656129e+02,2.954335969322158917e+01,6.082212383421070712e+01,3.208398842078644009e+01,2.786415677016072934e+01,-7.597676095427637222e+01,1.502459850715708001e+01,1.542517790048486503e+01,-6.071460974110175357e+01,1.761173823520436343e+01,9.006259776365484981e+01,-2.814700982883887548e+01,-1.130786512780080244e+01,-3.650420996207993873e+00,1.036045637040306957e+02,3.807694745403937020e+01,5.392848757871040277e+01,-7.701820385547497949e+01,-2.740474529237787493e+01,6.048776197859111647e+01,-2.799353704738172510e+01,1.069369274063349451e+02,-2.990347331643466333e+01,3.563153623642506318e+01,-4.482413069919280701e+01,-5.205122119517127999e+00,5.258091626584445066e+01,-6.114644514845980439e+01,-4.281770938385529490e+01,-2.925742828623339165e+01,3.232971913025430410e+01,2.372579060842128484e+01,-2.128197396059583824e+01,4.637891162806155876e+01,3.321678960357303367e+01,-5.556131987895733459e+01,-2.010756719465855014e+01,-3.264826534769247246e+01,-8.808907253930368597e+01,-9.146412322186783683e+00,2.001869107059436459e+01,-1.437650792982218562e+01,1.569831689560580390e+00,3.660505364272211182e+00,9.218061076858428748e+01,-5.471632422933627282e+01,-2.619235247024000657e+01,-1.131275233090589794e+01,5.385885889063448673e+01,1.722915098515085219e+01,2.312888766092783754e+01,7.288387686200805149e+01,7.378175946358287440e-01,1.037902231132452791e+01,-7.303032567575066025e+01,-5.023029934499023597e+01,1.234690559133314558e+01,-1.052750077247665956e+02,2.596040532116032296e+01,-3.986558307045441296e+01,1.868474867105203785e+01,-3.375756599262335289e+00,2.863529042286295123e+01,1.503386303598284002e+01,-1.491361395352767616e+01,1.772181354402877673e+01,9.279847386809501941e+00,-4.499219410578824130e-01,-4.955917148692299889e+01,7.185580465492901681e+01,8.145789196383079300e+00
-1.748782033696457905e+00,-1.162167300602096631e+01,5.640315919994617566e+00,1.146961841815299188e+01,-7.218389298259896947e+00,-1.279456153291975085e+01,1.464685857237778421e+01,-8.410841523139918063e-01,1.623306041900421803e+01,-6.454536218363720046e+00,8.553136349583621012e-01,-2.993351970716219412e+01,4.766530894960618880e+00,-1.994903437102157007e+00,9.920284562054984434e+00,-4.624450294700667818e+00,3.898509657288230734e+00,3.162643692467916878e+01,-6.842124810303465310e+00,-2.280583878555330291e+00,-1.185876464433835231e+01,-2.664802132539890955e+00,-8.683739549139185554e-01,-1.051868064053866902e-01,3.053854258431808244e+00,-6.354421626073390783e+00,-9.243007744272421888e+00,7.114725355753370728e-01,3.510517296729958936e+00,2.150696658345794887e+01,1.117456810631797026e+00,1.198536728099757021e+01,6.622591910744393573e+00,7.418263200143474734e+00,-1.727530464735731286e+01,3.945000843197525420e+00,2.159978401329169628e+00,-1.069783792884121354e+01,3.350246246503188807e+00,1.525286320065788814e+01,-6.251673926428175321e+00,-3.600773648152787665e+00,-2.377407329500975219e+00,2.461181535747797966e+01,9.049134129733353404e+00,1.254987179071864922e+01,-1.698697730291055308e+01,-6.003115108142185186e+00,1.420112329299829312e+01,-4.904684512598418422e+00,2.440856312795659022e+01,-7.134330195337811986e+00,5.575886921351058234e+00,-9.277031215473597214e+00,-7.597693686325412976e-01,1.014018709208721525e+01,-1.283703240910788423e+01,-8.607918711705339732e+00,-6.335848604901859638e+00,3.332007803541277902e+00,3.909101493723489362e+00,-6.005330170587876992e+00,1.268001030591391398e+01,9.462027204805528058e+00,-1.260405083937986248e+01,-5.420413174041916804e+00,-6.896426366012027742e+00,-1.950287005096915038e+01,-1.621735190735474230e+00,5.732721191767316427e+00,-3.225569263039660850e+00,2.798356898822697003e-01,1.693006166640170562e+00,1.967842895361445343e+01,-1.254573205643750100e+01,-6.086763104169543581e+00,-2.667996794842967034e+00,1.290682557020263843e+01,2.907564518182664592e+00,4.648379438042978151e+00,1.470129923307567843e+01,5.675420285334739079e-01,6.342162330314171648e-01,-1.576676162500697309e+01,-1.114222106353127018e+01,2.970015122631474380e+00,-1.974275711906213360e+01,5.055215917122477975e+00,-6.796909443246518912e+00,5.981291742969403913e+00,-2.749227045213359366e-01,6.016670049835227907e+00,1.659259136548020930e+00,-3.357771608671828556e+00,7.014232168117864319e+00,7.445241744521908789e-01,-6.003483973474584845e-01,-1.078469874985619548e+01,1.486822195957747716e+01,2.383751678725543499e+00
-5.121123186535711191e+00,-6.736804981894771061e+01,2.734429175819319013e+01,4.559564294552137653e+01,-4.397585100451541962e+01,-4.573017140096987276e+01,5.363850419164887739e+01,5.394163726782821300e+00,7.441774683408702629e+01,-3.777392716478753698e+01,1.266951536967215652e+01,-1.329497631808582128e+02,1.044658650764496954e+01,-4.549888486763324913e+00,5.594775761910639034e+01,-9.291754998036472202e+00,2.223478995118677659e+01,1.293109148858844435e+02,-3.120815678175936725e+01,-1.236913263881029934e+01,-4.590994885483354437e+01,-1.309677794110303140e+01,-6.353409983146605100e+00,5.086357401084092622e+00,-1.604636156504519739e-01,-3.000232163252463735e+01,-5.071175343619235321e+01,1.236974774237569008e+01,1.901034914057391489e+01,1.024443636633656354e+02,3.764593193878187094e+01,6.219179151250062887e+01,3.233181128489044909e+01,2.544436964420691183e+01,-7.404573104989746923e+01,1.380676878867577706e+01,1.716323807080399177e+01,-6.408391061969250302e+01,1.819845828571748214e+01,9.603450174582550858e+01,-2.766605876379294315e+01,-9.392639076064963177e+00,-1.111261883595105804e+00,9.930403884609644649e+01,3.649047746742252230e+01,5.210280377174765221e+01,-7.589091568196894855e+01,-2.706879848342237693e+01,5.824268216834756373e+01,-2.959087100371348455e+01,1.040709467798662189e+02,-2.861382980903417561e+01,3.871926378978328387e+01,-4.513132254054551140e+01,-5.742767914335455970e+00,5.411471015314624822e+01,-6.127799577566651834e+01,-4.351248591340570471e+01,-2.901434520620144397e+01,3.786195573999113861e+01,2.547143311244289521e+01,-1.889715496314070009e+01,4.182547438255227945e+01,2.935396461648658928e+01,-5.419544367488356329e+01,-1.825516445657117259e+01,-3.265166539208633623e+01,-8.668255494098839620e+01,-9.637938943809725600e+00,1.764284783021379610e+01,-1.407957936197967541e+01,1.651836250435065434e+00,2.206734879733043719e+00,9.186335668109708763e+01,-5.316036958781866417e+01,-2.531914902690907709e+01,-1.087385403740086964e+01,5.144558062147015676e+01,1.838793202878609634e+01,2.350635046950244700e+01,7.398907288678508110e+01,8.702391084142674371e-02,1.284355500841958175e+01,-7.249997691264617572e+01,-4.939465841789360212e+01,1.177599320937564897e+01,-1.092303608875802183e+02,2.664056610268400505e+01,-4.243733060455851813e+01,1.547030587093551190e+01,-4.068814920190241047e+00,2.868898896754389582e+01,1.743282444214628768e+01,-1.458710242596352380e+01,1.255264201190143325e+01,1.120279631211810845e+01,3.489120227320896550e-01,-4.906456706103167420e+01,7.235366299571853688e+01,7.098320515011044662e+00
-4.420808400885874789e+00,-4.072769271578838612e+01,1.794444450678654590e+01,3.308256392887454922e+01,-2.602258861222104969e+01,-3.515681766431685418e+01,4.068500031051305399e+01,5.487451958421907250e-01,5.018765269049836064e+01,-2.274172657016018206e+01,5.622753935302050365e+00,-9.108971840921704199e+01,1.085393940711399452e+01,-4.603139186787092996e+00,3.423491340082339462e+01,-1.024325943635719582e+01,1.353827228940099658e+01,9.244269862634720880e+01,-2.109982202929220207e+01,-7.702541999107769932e+00,-3.378534115381060587e+01,-8.538494524725653179e+00,-3.492453736668367004e+00,1.570593655037278769e+00,4.620743479143072818e+00,-1.994263872082183653e+01,-3.141544125148963928e+01,5.300482088804483460e+00,1.184651671085370950e+01,6.780342833662820112e+01,1.452721903578391327e+01,3.952226094338348616e+01,2.114626688478389482e+01,2.001961469764317414e+01,-5.165665051106891070e+01,1.074015981047716473e+01,9.150033938692962110e+00,-3.819525154742989770e+01,1.132474053105785572e+01,5.604634178408792167e+01,-1.898996238517294799e+01,-8.710382300618359608e+00,-4.018074880505673185e+00,7.148776015553609398e+01,2.627704378584002853e+01,3.695174355093527652e+01,-5.184341515199184869e+01,-1.840609009345206104e+01,4.157006672689873028e+01,-1.758305141478182421e+01,7.279946274207591728e+01,-2.066395177133262706e+01,2.171837340867620014e+01,-2.956769281832069041e+01,-3.118292011958384791e+00,3.394752417395957877e+01,-4.051504001386872744e+01,-2.799217162495592248e+01,-1.957785090276776074e+01,1.799118446732169119e+01,1.465639156748487970e+01,-1.562747484252016505e+01,3.365210270179667162e+01,2.447957255413488298e+01,-3.774712196785198870e+01,-1.451341854208769711e+01,-2.167439360260371473e+01,-5.936915709931398766e+01,-5.764036508374006829e+00,1.478309314792711504e+01,-9.731605840149608611e+00,9.907829533189904669e-01,3.343224026588928588e+00,6.140171848530397369e+01,-3.730545017732532642e+01,-1.793849121153802884e+01,-7.786599075017345939e+00,3.727448141225113432e+01,1.071151178102327250e+01,1.511920191354322540e+01,4.769662501170246571e+01,8.985193004288353213e-01,5.343510634754036204e+00,-4.882086333986855919e+01,-3.387468802048230998e+01,8.556111422989813420e+00,-6.741273697373054574e+01,1.680909052037769769e+01,-2.485353003716788933e+01,1.442401425672848347e+01,-1.806112937007502195e+00,1.897843034755500824e+01,8.475225259524192367e+00,-1.010678863877313027e+01,1.501211152088069589e+01,4.953798912263476240e+00,-8.003322012429742172e-01,-3.321495209802110082e+01,4.739541005805012475e+01,6.066060354564847934e+00
-4.084039152309815179e+00,-2.099276313214178913e+01,1.117530250676086645e+01,2.457104767470065099e+01,-1.264559479093010275e+01,-2.835604292789336256e+01,3.222368597217381136e+01,-3.413346423509520111e+00,3.295238928572422310e+01,-1.159300200828025140e+01,1.227576893479227493e-01,-6.155223627190930102e+01,1.177924114565643166e+01,-4.897102186252368483e+00,1.820676474269657064e+01,-1.158368250045351644e+01,7.109178484630274575e+00,6.709125049548320874e+01,-1.391842577861997654e+01,-4.276449659921631508e+00,-2.563205004480481364e+01,-5.247049242273545744e+00,-1.325198477058373125e+00,-1.240541990354830926e+00,8.810796971622682605e+00,-1.273845364406397351e+01,-1.722497193392151615e+01,-2.355635861191283098e-01,6.588213487185925032e+00,4.294825720086734577e+01,-3.729891875743071239e+00,2.299321071706595276e+01,1.307993322134629821e+01,1.663810421357678848e+01,-3.601792081032419190e+01,8.797251055163098243e+00,3.045472429565892369e+00,-1.894201991822168551e+01,6.277100193836724351e+00,2.614707937236223501e+01,-1.287388748231129831e+01,-8.621546241318368331e+00,-6.631162476716401244e+00,5.245526549821052242e+01,1.929034432994815873e+01,2.647713819001956637e+01,-3.484854070570660411e+01,-1.226932264455370003e+01,3.009284308091422844e+01,-8.645692670870571916e+00,5.099165780374177359e+01,-1.523712216576625700e+01,8.892141167110496625e+00,-1.835200991270430748e+01,-1.125532928477930072e+00,1.917715430481063876e+01,-2.561066283211423311e+01,-1.672657484567669783e+01,-1.286726148337047171e+01,2.598095272268230005e+00,6.542696990555559644e+00,-1.378279745539859213e+01,2.874680441866617642e+01,2.179379253628638935e+01,-2.624697932864548733e+01,-1.221930144259003903e+01,-1.380833920289051875e+01,-4.009254794187391724e+01,-2.885680952825360635e+00,1.323025750368910636e+01,-6.678247399776473969e+00,5.000032441201551769e-01,4.461162436675642162e+00,3.964185747154412809e+01,-2.627018652812259347e+01,-1.283253803948152694e+01,-5.666211715758358913e+00,2.762475302796423549e+01,4.969246557752716065e+00,9.030875519087203429e+00,2.862694878329317660e+01,1.615888297292564335e+00,-5.450949650157879134e-01,-3.196526732586135466e+01,-2.292897649962031892e+01,6.368267491250682255e+00,-3.662381349243213435e+01,9.622666152332611134e+00,-1.171740198818308798e+01,1.434569385718020484e+01,-4.011007885800044193e-02,1.200948561515284041e+01,1.555959548217088262e+00,-6.964785459667877987e+00,1.785396953990199975e+01,7.469689915391786172e-02,-1.790621501235915680e+00,-2.196181840839023636e+01,2.940854709413756751e+01,5.545205294980034338e+00
-5.718241492506852097e+00,-4.674404529332616676e+01,2.128265850528510938e+01,4.065326788094704824e+01,-2.959272648389676874e+01,-4.400328931626557960e+01,5.071152092894406138e+01,-6.894645964293308893e-01,6.012976020594595639e+01,-2.605510923263506839e+01,5.462723412438588610e+00,-1.097570309040356591e+02,1.466477303562512802e+01,-6.184166297853382233e+00,3.949225553139780232e+01,-1.400643234754453026e+01,1.558491697411379384e+01,1.130379845457047736e+02,-2.530273660350807674e+01,-8.949676371498851424e+00,-4.170926723500762279e+01,-1.010175571733819844e+01,-3.838838297154829604e+00,1.070870697313250020e+00,7.598035944954011356e+00,-2.376634157412001258e+01,-3.642457147342661017e+01,5.024240577721144518e+00,1.376854741874798904e+01,8.067469321571344665e+01,1.266925314012341985e+01,4.629632885178630630e+01,2.504821697357609978e+01,2.523241769722279315e+01,-6.263967246497841757e+01,1.349076542055044925e+01,9.905322177105041703e+00,-4.357144893300832678e+01,1.315464284253567762e+01,6.334705042935343045e+01,-2.289654335518456207e+01,-1.147186120796335373e+01,-6.239245824951934694e+00,8.761876262163667661e+01,3.220964761961497658e+01,4.506251041535806934e+01,-6.240228277860040862e+01,-2.211805308835751660e+01,5.080394485501982160e+01,-2.003148107380999932e+01,8.836050984322399415e+01,-2.535334671405889395e+01,2.410484616606574804e+01,-3.504608125210036462e+01,-3.406975310554303249e+00,3.956164354360385715e+01,-4.818735542215249268e+01,-3.294751689076443313e+01,-2.346075369556659140e+01,1.826626659719256196e+01,1.646030763115373219e+01,-1.998037324944417747e+01,4.269259930399175573e+01,3.137088991838240659e+01,-4.574690343504674672e+01,-1.834865166055407570e+01,-2.581718490954015977e+01,-7.152691624976169749e+01,-6.585046038491898734e+00,1.896938711906436836e+01,-1.176244559372862319e+01,1.133328017975258506e+00,4.814329126674075532e+00,7.332492598474354395e+01,-4.532952719237152905e+01,-2.186843324730929794e+01,-9.526729746847601987e+00,4.578316260150332795e+01,1.209683759615298371e+01,1.779443760346445558e+01,5.618517492227667276e+01,1.442698843210418636e+00,4.955229051073674285e+00,-5.846019159102883833e+01,-4.083057484459343556e+01,1.051892707069510990e+01,-7.804080078574953916e+01,1.963428745791216201e+01,-2.813475356807220606e+01,1.902145561293169251e+01,-1.754950894930219718e+00,2.257690097963820719e+01,8.723330406082457245e+00,-1.222629978658857652e+01,2.084043065844866049e+01,4.800866338664063093e+00,-1.410438406084447038e+00,-3.984955194588685856e+01,5.617385373607150711e+01,7.825376586401292300e+00
-3.510508215981883673e+00,-4.264092446290872829e+01,1.759474346356565988e+01,2.998058207026284450e+01,-2.772032912693051898e+01,-3.047049643577348732e+01,3.562786160985026385e+01,2.863386919020427523e+00,4.815878622328286696e+01,-2.388995338960057424e+01,7.605581602990378443e+00,-8.632725336624952206e+01,7.533968322611476864e+00,-3.256113321113926595e+00,3.549595547093022674e+01,-6.820779356147760097e+00,1.409313673505498343e+01,8.474561589163580777e+01,-2.020682751159154122e+01,-7.874741679723856969e+00,-3.028366572463795592e+01,-8.415746359841389079e+00,-3.950633700115103952e+00,2.913891585419126073e+00,8.566119611546205714e-01,-1.935662292550127361e+01,-3.225207078406331362e+01,7.387195786476233650e+00,1.210452968714802147e+01,6.603487812902824317e+01,2.215628312437917913e+01,3.975533278089765332e+01,2.078951446314513163e+01,1.704692983956828911e+01,-4.826734948169373496e+01,9.225121299152524657e+00,1.061453327043485650e+01,-4.045111742320678871e+01,1.158435490673008417e+01,6.037689287867353016e+01,-1.797124435667078046e+01,-6.560919114084489578e+00,-1.383004879223118433e+00,6.518107080686296229e+01,2.395320170698679263e+01,3.408616795903775198e+01,-4.924663794456932919e+01,-1.754795574078873699e+01,3.815652911731960018e+01,-1.866747997591078345e+01,6.787940817736659938e+01,-1.879475617329947212e+01,2.416439147227169215e+01,-2.902982780507732485e+01,-3.563110439737996238e+00,3.450242210777270202e+01,-3.949077627465798912e+01,-2.788395790809605046e+01,-1.877849912441998725e+01,2.297002512568391808e+01,1.597146319623112909e+01,-1.281469619227769741e+01,2.817283164107249149e+01,1.994730489071853441e+01,-3.531531028756933921e+01,-1.226090692416754635e+01,-2.105995702260443636e+01,-5.628068282052990412e+01,-6.087659099047584732e+00,1.200329287188405658e+01,-9.159462994048462647e+00,1.043944629163717552e+00,1.804818933803358894e+00,5.933658290600331497e+01,-3.469754353075325071e+01,-1.656036879670020667e+01,-7.128968555153133657e+00,3.381642115572579854e+01,1.155647148493200937e+01,1.506293549518489527e+01,4.743416085359254453e+01,2.268866916797858679e-01,7.637656805807110594e+00,-4.690280330465000702e+01,-3.207960378868341422e+01,7.745500605043366349e+00,-6.941753561402893524e+01,1.700513324895845102e+01,-2.669798688260946662e+01,1.082199964694267535e+01,-2.442606797435515453e+00,1.849076972875672098e+01,1.061501393039102226e+01,-9.494585489702629388e+00,9.452940143437359666e+00,6.721441504519969357e+00,1.545627110866709675e-02,-3.177720859677069143e+01,4.653864809110196887e+01,4.853365079457149456e+00
-3.079093491726394571e+00,-3.601758731396971314e+01,1.498325731321900278e+01,2.579797647867573573e+01,-2.336617148114885012e+01,-2.638308349866731461e+01,3.080358234686848462e+01,2.185500274084072103e+00,4.112513605967460961e+01,-2.017103184267549310e+01,6.249170772629188519e+00,-7.383908109447932588e+01,6.753802737334648754e+00,-2.909566401743551189e+00,3.001779418124018051e+01,-6.158910880641855101e+00,1.191233676644825223e+01,7.280848223246206885e+01,-1.726004288565372846e+01,-6.670886958539988143e+00,-2.609805417190699472e+01,-7.161898614860591650e+00,-3.307032910017380978e+00,2.331981099080295827e+00,1.129042919227407848e+00,-1.650509648612001712e+01,-2.730751293081446818e+01,6.052583655431737597e+00,1.025475661926608595e+01,5.628233736090216155e+01,1.800727004909274243e+01,3.374556704921828043e+01,1.769782781446335207e+01,1.479761560618294425e+01,-4.136242584735344963e+01,7.997894293030224588e+00,8.860415913193122606e+00,-3.412090495986240057e+01,9.812720073072744853e+00,5.082574764640068565e+01,-1.537441906904877342e+01,-5.802422695696862753e+00,-1.455793181623479038e+00,5.604099008206827648e+01,2.059500284258436409e+01,2.926028336634759341e+01,-4.210977783633729388e+01,-1.499773000615472718e+01,3.277630955007996505e+01,-1.574157166489220216e+01,5.818524605169705666e+01,-1.616464716372767541e+01,2.026576495865251459e+01,-2.471692742950549260e+01,-2.979273616185105666e+00,2.924913066704764475e+01,-3.365491390831642349e+01,-2.369774504953096539e+01,-1.603675463822852976e+01,1.898111513970876629e+01,1.342682839724583488e+01,-1.118546616436796448e+01,2.451587376389040429e+01,1.742766389274494543e+01,-3.025813170168159161e+01,-1.065530222798800430e+01,-1.795503513792178296e+01,-4.813732421683566542e+01,-5.136691283486297444e+00,1.049269779376001921e+01,-7.841574681209743325e+00,8.811165163231780006e-01,1.697162876857907676e+00,5.062405421624605850e+01,-2.975214369403929737e+01,-1.421426694932283219e+01,-6.125874229551062200e+00,2.909432487025855707e+01,9.726615982113951731e+00,1.280130648420698058e+01,4.032123798755883115e+01,2.643499365472035123e-01,6.243219787250199992e+00,-4.004641751679388761e+01,-2.744164272728782450e+01,6.665904371740076328e+00,-5.875338598718484207e+01,1.442421373456768130e+01,-2.248209124280168680e+01,9.576917622658879026e+00,-2.007015335983356685e+00,1.575910386122444251e+01,8.788814686170862700e+00,-8.130518453204174989e+00,8.622662857241625289e+00,5.521078609627609879e+00,-7.386223379046386039e-02,-2.714666615098650126e+01,3.962391195593681914e+01,4.252037730648070557e+00
-2.102592578344594010e+00,-2.698402508320184623e+01,1.100743147844525360e+01,1.847700838297087955e+01,-1.759253652898632936e+01,-1.860813288055723902e+01,2.180474419695232413e+01,2.055491137452943651e+00,3.000921506026775276e+01,-1.512653795588149741e+01,4.995792981091670804e+00,-5.366779196992707313e+01,4.360236468988651026e+00,-1.894237626376396033e+00,2.242561416993101275e+01,-3.901063372735178447e+00,8.909788757564145456e+00,5.234796276427283601e+01,-1.258684813110753709e+01,-4.963120165916993010e+00,-1.862277554444667160e+01,-5.269925539585042173e+00,-2.531327010888259288e+00,1.979016273641321488e+00,1.185725104777861638e-01,-1.208725997156351006e+01,-2.034176105491323838e+01,4.870255654687579039e+00,7.628234468772490118e+00,4.126122379108877425e+01,1.475989983258871519e+01,2.498525832775813171e+01,1.301239586801175108e+01,1.037136838525421645e+01,-2.992585594411455574e+01,5.623003981158988474e+00,6.827152608879337059e+00,-2.564737520335504684e+01,7.301835292176527936e+00,3.838829604824637443e+01,-1.116929591269472510e+01,-3.879698718120431433e+00,-5.748024874541628471e-01,4.021975162036812890e+01,1.477954706819971875e+01,2.108091798014773843e+01,-3.062894233532334809e+01,-1.092143062569479817e+01,2.357535413916277278e+01,-1.184064513964931820e+01,4.206826468269535013e+01,-1.159159388370676425e+01,1.544337714300592346e+01,-1.816568027439180710e+01,-2.286542980816259174e+00,2.172320499338234256e+01,-2.467912874455397443e+01,-1.749412930837657854e+01,-1.170054056112179630e+01,1.497561846279785058e+01,1.017371235951955200e+01,-7.732085518326598184e+00,1.707729246360076303e+01,1.201859204972492456e+01,-2.190091162568531402e+01,-7.446803457448067043e+00,-1.315348642352815212e+01,-3.499031286240845162e+01,-3.858013804301437144e+00,7.226341047450151933e+00,-5.686796653353701991e+00,6.613329786386006326e-01,9.617673276714049369e-01,3.702285002519901269e+01,-2.149345116419034696e+01,-1.024348776845306830e+01,-4.402485027465599110e+00,2.084557718712367347e+01,7.349521936375363218e+00,9.450586088938454310e+00,2.975101081994019836e+01,6.764192987667480561e-02,5.050603435186316936e+00,-2.923302148257652533e+01,-1.994037679997529722e+01,4.772519749313648418e+00,-4.380518741555404461e+01,1.069804269493238102e+01,-1.696702731234748640e+01,6.393124719349170704e+00,-1.604413104283738845e+00,1.155461193530811848e+01,6.902664328199576538e+00,-5.892732468568903315e+00,5.315620919356655705e+00,4.416743653132265912e+00,1.005617555732363777e-01,-1.979032484839087402e+01,2.912259801933812398e+01,2.911989516735984385e+00
-4.544383094044452953e+00,-6.116170814117970878e+01,2.471321078435189023e+01,4.095800490478175959e+01,-3.996915615038209069e+01,-4.092225919150804003e+01,4.804283928245266111e+01,5.112093467486339193e+00,6.715015448392223618e+01,-3.430147188846438411e+01,1.166367079252363226e+01,-1.198528566948419041e+02,9.124650416955155663e+00,-3.983971284882539265e+00,5.076092795279993197e+01,-8.069278634725378652e+00,2.017877553787210587e+01,1.162677805288391681e+02,-2.815619580473719097e+01,-1.121181274915405801e+01,-4.120273379061426766e+01,-1.184104769078938801e+01,-5.795707346809970240e+00,4.736950799236145038e+00,-5.194239247694110162e-01,-2.709537073006226748e+01,-4.597988654730947644e+01,1.140269325918084853e+01,1.723098228085780192e+01,9.254154661275993021e+01,3.482989640530259123e+01,5.630990465346886253e+01,2.922646866443453106e+01,2.273293110830368491e+01,-6.667821907561452122e+01,1.234521650483081245e+01,1.567919085933023027e+01,-5.822345672769382219e+01,1.649633895665229133e+01,8.734661347720245317e+01,-2.493791862382979119e+01,-8.287135777231137368e+00,-7.437935072276279369e-01,8.924825183318652932e+01,3.279472268416533609e+01,4.687081783363294818e+01,-6.842699063336252152e+01,-2.441333147867239362e+01,5.237324662272976639e+01,-2.688904757600926843e+01,9.370039277675503797e+01,-2.571115277770977059e+01,3.528606438326141870e+01,-4.079267281647862831e+01,-5.241716929835505745e+00,4.903172824125263674e+01,-5.535788000636525652e+01,-3.937025540363901399e+01,-2.617999386045115529e+01,3.476194749316488242e+01,2.318367521156693911e+01,-1.682326523467811086e+01,3.730948181565219102e+01,2.611627368939506866e+01,-4.880788430651742260e+01,-1.629792789364463346e+01,-2.949033625347317766e+01,-7.814509297384783792e+01,-8.754996638776423978e+00,1.569133189242515947e+01,-1.268585817942541283e+01,1.500280685240358736e+00,1.844272878537337457e+00,8.293571322723056483e+01,-4.785358382610883154e+01,-2.277811717479765363e+01,-9.776015281830348513e+00,4.621709794192228316e+01,1.672601211369828178e+01,2.126884933710892867e+01,6.693778262945205881e+01,1.199337654892995708e-02,1.185213401123902521e+01,-6.542549053799965009e+01,-4.452622718544109404e+01,1.057728919135244361e+01,-9.905833176933168716e+01,2.413055622104766584e+01,-3.859130215217334126e+01,1.364333373797310145e+01,-3.745758975645746336e+00,2.591651545417534663e+01,1.599031144668867732e+01,-1.314120993182737074e+01,1.080813656703841374e+01,1.031482366993357047e+01,3.968815003345155801e-01,-4.426300132719885028e+01,6.539857373473114421e+01,6.303785840333040014e+00
-2.732441252171397217e+00,-3.334369211563584656e+01,1.374496895289591869e+01,2.339106142011590350e+01,-2.168169403809907791e+01,-2.375512485566211396e+01,2.778086637792921820e+01,2.264969558753647583e+00,3.760882379676755960e+01,-1.868200139137904614e+01,5.966745305006631028e+00,-6.740253315340710571e+01,5.847954958792477065e+00,-2.528474223526965492e+00,2.775265053610174348e+01,-5.289431037600577312e+00,1.101941566972383946e+01,6.613181916030943341e+01,-1.577970037579838625e+01,-6.155622920181810898e+00,-2.362316526914423065e+01,-6.574887161870039520e+00,-3.092584028399532503e+00,2.292926756613058004e+00,6.247860991362954586e-01,-1.511895968466098239e+01,-2.521274356366430425e+01,5.797322308793960488e+00,9.461935395753670264e+00,5.158087538663038174e+01,1.740404148909956561e+01,3.106888858041551771e+01,1.624138473997105336e+01,1.328581132808523257e+01,-3.767753981138530861e+01,7.190863079117153944e+00,8.311897958914951090e+00,-3.163656438164737850e+01,9.055472655291467277e+00,4.723180350165648633e+01,-1.403125241581735594e+01,-5.101450820003103459e+00,-1.049504377309142145e+00,5.085991278904886315e+01,1.869028745367513977e+01,2.660210254433430777e+01,-3.845217817878795330e+01,-1.370238339320954601e+01,2.977632444032331094e+01,-1.460023266973122702e+01,5.298491184894297135e+01,-1.466469493750822650e+01,1.891183302606087224e+01,-2.267849123907691578e+01,-2.789602270913364102e+00,2.696790419020739904e+01,-3.084725806773066736e+01,-2.178816139766564675e+01,-1.466466701844701781e+01,1.800852555206925487e+01,1.249620905582870733e+01,-9.980499117457227953e+00,2.195025873148742690e+01,1.553378149790600737e+01,-2.756773424578891252e+01,-9.554388169690556154e+00,-1.644966433780603765e+01,-4.394298683833203256e+01,-4.760931813419015057e+00,9.346832564304204283e+00,-7.150727265502799135e+00,8.164026113100923965e-01,1.392117439366442166e+00,4.634309273025007059e+01,-2.708290451191024317e+01,-1.292448941581267619e+01,-5.563019114301646084e+00,2.638429354295988105e+01,9.040619001862431503e+00,1.177000749100168164e+01,3.706350659211046406e+01,1.693390049920839857e-01,5.995498533299997490e+00,-3.662867022900395142e+01,-2.504679072757963709e+01,6.042985011478625879e+00,-5.426890333658650434e+01,1.329069426060642023e+01,-2.088454046498065253e+01,8.413989235981160775e+00,-1.916274837546679599e+00,1.444351881053977316e+01,8.320274620964003276e+00,-7.412128378533864748e+00,7.320971965016330962e+00,5.273299511385663330e+00,2.174377975816521591e-02,-2.481472305490524377e+01,3.635668196703750255e+01,3.778210975334907573e+00
-3.981158907046531858e+00,1.771656274114027596e+00,3.671701720367795740e+00,1.594233086593189697e+01,2.906303303216206224e+00,-2.213029249122715925e+01,2.424355197047612975e+01,-8.568345000441823345e+00,1.419188629825893955e+01,1.287564694182003144e+00,-6.660577438746224210e+00,-2.979013798868584928e+01,1.382491947214828265e+01,-5.635526816182558463e+00,-1.931613607962248125e-01,-1.412706474141103996e+01,-2.861191989526177260e-01,4.092366401154595223e+01,-6.115935017877317748e+00,-3.728638255612657382e-01,-1.752708424870051829e+01,-1.584155899659316358e+00,1.249882403983661128e+00,-4.807510492875798569e+00,1.466105791950349690e+01,-4.817371793194513252e+00,-1.019407849463820348e+00,-7.090887019980226746e+00,5.989628227390060289e-01,1.554301454086767720e+01,-2.656415056437387889e+01,4.341533589625584000e+00,4.120233492739510339e+00,1.373711021578950664e+01,-1.946418486913406909e+01,7.071987392319007526e+00,-4.260499651153623724e+00,3.384671878354085450e+00,5.241806450380246396e-01,-8.775669018169796942e+00,-6.307052124015914529e+00,-9.172678457617585934e+00,-1.036672826056683405e+01,3.297001234373461642e+01,1.214007501187246696e+01,1.557002081485817513e+01,-1.653027057788771970e+01,-5.630590650555076238e+00,1.822459351070322953e+01,1.729650774632157884e+00,2.796658392131085336e+01,-9.702679911709875427e+00,-6.267246796284232424e+00,-5.906830265654005707e+00,1.249341799700744549e+00,2.405023181365561591e+00,-9.166160447856498195e+00,-4.095158336831966395e+00,-5.565665867012817181e+00,-1.621392126645000786e+01,-2.976580271342704975e+00,-1.256100031128625005e+01,2.489200549667605600e+01,2.014724504184065523e+01,-1.405563506986866606e+01,-1.032258260110600645e+01,-5.151826372598794279e+00,-1.935818961194138410e+01,4.480287237116364896e-01,1.232654548517538196e+01,-3.419104639840582660e+00,-6.780626804542416730e-02,6.183818890304357829e+00,1.580602476113026533e+01,-1.465476774039537844e+01,-7.510079325046930876e+00,-3.481757133739873389e+00,1.782436174323873956e+01,-1.741814285688863428e+00,2.203740724876818824e+00,7.269314173322031891e+00,2.625730715516304326e+00,-7.859571723793573383e+00,-1.359800704247333769e+01,-1.116805208798195004e+01,4.154314151320350312e+00,-1.405343851591570825e+00,1.484691848084208843e+00,3.608162721300548270e+00,1.534857412204332583e+01,2.137909009996308729e+00,4.323060237081673307e+00,-6.870381558262433686e+00,-3.618125813707337990e+00,2.273231476973279896e+01,-5.945489614192900341e+00,-3.150926308952489485e+00,-9.747080205145696397e+00,9.448146104231083697e+00,5.326970345424811626e+00
-7.200572390896986974e+00,-6.751558861407045242e+01,2.961058553484295430e+01,5.430917001769705621e+01,-4.319286456256548945e+01,-5.755526162032030868e+01,6.664734915076354582e+01,1.171612267388161044e+00,8.269566986668297659e+01,-3.770882645406179989e+01,9.517706532512212547e+00,-1.499675966298553647e+02,1.755462802781610421e+01,-7.451868369731883490e+00,5.671257025270674745e+01,-1.653383624375888417e+01,2.243354104104284019e+01,1.518673605508115259e+02,-3.476221659272337661e+01,-1.274704611028844425e+01,-5.542466664481742100e+01,-1.409458291786003592e+01,-5.823210530311763833e+00,2.748907832123697492e+00,7.204340845482780864e+00,-3.288526908679451566e+01,-5.200522908299430469e+01,8.997087625658886978e+00,1.960418702871445262e+01,1.118329885394412031e+02,2.487721160676320764e+01,6.533150727647991118e+01,3.490032811737703611e+01,3.273932790038788454e+01,-8.496728728925201324e+01,1.757318201499843724e+01,1.528670982166524794e+01,-6.337030634614536240e+01,1.874221043456742564e+01,9.310408669601798692e+01,-3.126158999337048172e+01,-1.414666330016528306e+01,-6.337728904719998724e+00,1.174014659783195071e+02,4.315308094377044057e+01,6.072948571115680494e+01,-8.536658616175319025e+01,-3.031520262952943412e+01,6.829788912784960075e+01,-2.917755886806671128e+01,1.197275531846865846e+02,-3.393028641084357133e+01,3.616640357076381207e+01,-4.879479279237533262e+01,-5.203433152907967596e+00,5.615688914995503467e+01,-6.682804067389292868e+01,-4.624064106226450832e+01,-3.225809545461186190e+01,3.029762041485179225e+01,2.436807073434157545e+01,-2.550025028037147479e+01,5.497819123030990340e+01,3.993028454210343625e+01,-6.209337418698152078e+01,-2.372355051011919613e+01,-3.574349168289448642e+01,-9.774551866077310081e+01,-9.561274451799343765e+00,2.410880542917433189e+01,-1.601459804188520053e+01,1.643209766449934994e+00,5.348138699471453705e+00,1.012211450535527604e+02,-6.134342278299117623e+01,-2.948305496501114575e+01,-1.279097167249053513e+01,6.119495890580118669e+01,1.779592592265945683e+01,2.497586071280585429e+01,7.878175492262514013e+01,1.407811181419075020e+00,9.091924877447578268e+00,-8.044992845579696450e+01,-5.576760351832874107e+01,1.404497258525051961e+01,-1.116192533830898981e+02,2.779703235415696128e+01,-4.127795429756002932e+01,2.342138430507740310e+01,-3.057182076205511301e+00,3.130330972565983672e+01,1.424896664694472292e+01,-1.662994894600359430e+01,2.416915113850554420e+01,8.387728864540541451e+00,-1.229073819031714532e+00,-5.471837953100300922e+01,7.821602861071391999e+01,9.884507474511888603e+00
-3.647134581665090192e+00,9.547915244106158994e+00,7.896452656994813468e-01,1.175002376887651323e+01,8.091719034621959850e+00,-1.830922183346484644e+01,1.965462732448860095e+01,-9.717368769344314927e+00,6.610661636361854221e+00,5.666166016922899118e+00,-8.518266836804654574e+00,-1.652312523429844404e+01,1.349983932725367985e+01,-5.469844966059219438e+00,-6.571338861613192250e+00,-1.395226321198744479e+01,-2.834015830474377218e+00,2.876618286589111051e+01,-2.946906229030781255e+00,1.011287362837326675e+00,-1.339800825715443189e+01,-1.928742439023889421e-01,2.050892546742220546e+00,-5.686581584409825751e+00,1.559515025122056286e+01,-1.704433545852005238e+00,4.687236285178647321e+00,-8.941347035657098985e+00,-1.526746794184522749e+00,4.857134414318299953e+00,-3.250714263427707351e+01,-2.463862762665770312e+00,6.986820770894484056e-01,1.169999648121256186e+01,-1.225463583758753394e+01,5.942727107683562160e+00,-6.479589082745742523e+00,1.088799985341576892e+01,-1.513818008062275622e+00,-2.025130957323386127e+01,-3.553005545665940179e+00,-8.676911539855311162e+00,-1.088786083089062728e+01,2.373007338207797545e+01,8.746298859168977202e+00,1.061402816840477925e+01,-8.927490953559836129e+00,-2.902247771077706595e+00,1.273578774770401978e+01,5.204744892411610202e+00,1.787168454800854889e+01,-7.052904589493823373e+00,-1.106448114073618427e+01,-1.140468085735907744e+00,1.980835220479119974e+00,-3.602276837160393264e+00,-2.766122332658890848e+00,6.001716325943013963e-01,-2.611889964136689279e+00,-2.153494521223795388e+01,-6.060829168324595173e+00,-1.119540442527273783e+01,2.168775365619173812e+01,1.806569386209904593e+01,-8.766928534694024222e+00,-8.890209249875731246e+00,-1.758320421326354133e+00,-1.070411674906076982e+01,1.572685140418830674e+00,1.108902736914660458e+01,-2.030617161957550820e+00,-2.599989410696344483e-01,6.319006993504110881e+00,6.340552092175906651e+00,-9.521264957931311557e+00,-5.098229499361670136e+00,-2.461952313039353690e+00,1.308397448680022102e+01,-3.942922654328060883e+00,-3.333082770163724451e-01,-6.955660643050158853e-01,2.779850322306683275e+00,-9.811962210233165393e+00,-6.197901198312502302e+00,-6.245232190821550233e+00,3.073870565703276547e+00,1.093583179794188354e+01,-1.453906133993306371e+00,8.662358397398463694e+00,1.454703975929550097e+01,2.734435039628592801e+00,1.328683585659858002e+00,-9.283178078380714737e+00,-2.184321230791199220e+00,2.272401261040482368e+01,-7.591616416781119980e+00,-3.387457074675302771e+00,-4.773056331211900094e+00,1.805459079869826677e+00,4.852036172616983833e+00
-4.440594620152569227e+00,-4.831378582297713820e+01,2.042950361056886521e+01,3.589764679663704783e+01,-3.121132011154173114e+01,-3.714931835419202599e+01,4.325396128910006865e+01,2.296296716706635266e+00,5.638258266986481004e+01,-2.703512698493706168e+01,7.905543883376926040e+00,-1.015569779175944944e+02,1.012256483624742387e+01,-4.336791525937993441e+00,4.036206550788245551e+01,-9.345070984968112171e+00,1.600165475815514782e+01,1.010067433202860485e+02,-2.367551656124973647e+01,-9.000927098070839349e+00,-3.642027606237283521e+01,-9.752336276013876315e+00,-4.354396649884149539e+00,2.775725643549959543e+00,2.619554062906116254e+00,-2.256253881896944691e+01,-3.680755042748798189e+01,7.608805192239850079e+00,1.383852426597271190e+01,7.687180541770963771e+01,2.222666998783763148e+01,4.571675563785268537e+01,2.411451942640119128e+01,2.093560614817697285e+01,-5.709765277627961666e+01,1.128890266380318153e+01,1.159811871465101163e+01,-4.564146084688205462e+01,1.323833092363089392e+01,6.770613407661234362e+01,-2.115353779308952298e+01,-8.493540452823728160e+00,-2.736602608782655377e+00,7.785575745676959514e+01,2.861368057160290235e+01,4.052679709391097163e+01,-5.788260056007676013e+01,-2.059606273152730438e+01,4.545549181006399664e+01,-2.104391792405327166e+01,8.036426492351236561e+01,-2.247144013748552993e+01,2.678862928587911441e+01,-3.368997969732080122e+01,-3.913572203363727908e+00,3.952324205672875479e+01,-4.595709823411721118e+01,-3.218305225220089483e+01,-2.198876695611156507e+01,2.431377118079031874e+01,1.783675353629905302e+01,-1.598863430424537313e+01,3.484513301899920634e+01,2.495458621931267018e+01,-4.175527621898280017e+01,-1.510743547426357125e+01,-2.453794770884739762e+01,-6.620252704787266396e+01,-6.875658705232774892e+00,1.503919488758117318e+01,-1.080434575258061614e+01,1.180087569051111229e+00,2.747173290819916236e+00,6.928066688793417427e+01,-4.111966650261410905e+01,-1.968336605013629637e+01,-8.501282486939459204e+00,4.047284577273365613e+01,1.295236083057677412e+01,1.738435956254550874e+01,5.478145636093993431e+01,5.527388085624146408e-01,7.807507350469345297e+00,-5.488701735327727249e+01,-3.775002385976593189e+01,9.278172464054913249e+00,-7.913399162068900239e+01,1.951331931611008841e+01,-2.996945223017094051e+01,1.403431287036042541e+01,-2.539077307137620920e+00,2.152199558160608461e+01,1.130583393105746737e+01,-1.120794491575406582e+01,1.330519811279151199e+01,6.979891588355332743e+00,-3.359528140450929179e-01,-3.724655432262198929e+01,5.400709909344950432e+01,6.119364019767460583e+00
-2.513312854704789157e+00,-3.593776621300536078e+01,1.435375213761964197e+01,2.341288980741952841e+01,-2.355202473075326708e+01,-2.315585472713843274e+01,2.725131848969217074e+01,3.325028087677453392e+00,3.884086641791741101e+01,-2.016628088696463195e+01,7.094622082325424905e+00,-6.915492423929583765e+01,4.824012717932466998e+00,-2.121527817721134301e+00,2.977768701113732064e+01,-4.193530408915378871e+00,1.184538316128265834e+01,6.662760100489188630e+01,-1.627974974234301442e+01,-6.561289971414939082e+00,-2.349596025647825925e+01,-6.884113461116332822e+00,-3.446755071886414168e+00,2.961538118302252443e+00,-8.639519915633303571e-01,-1.570713625257379498e+01,-2.692743769679994159e+01,6.957980049216807572e+00,1.008279263109725221e+01,5.368088894308278469e+01,2.144049422698727625e+01,3.285905747679247924e+01,1.698358046564968760e+01,1.280836020576633238e+01,-3.836294695509936759e+01,6.970437955771732419e+00,9.358085126203318893e+00,-3.427607428301129033e+01,9.654791249038133572e+00,5.156191797793673715e+01,-1.438500031995527628e+01,-4.510309443596063339e+00,-4.072977448141523737e-02,5.108459382198827115e+01,1.877033635235253328e+01,2.689484566530160947e+01,-3.950049709000359854e+01,-1.410314696910710275e+01,3.002064338078236716e+01,-1.583590073494318595e+01,5.388657065611668173e+01,-1.470894414095780256e+01,2.093370064543461595e+01,-2.369878029885601123e+01,-3.121829614670704522e+00,2.866442349025941994e+01,-3.211665350265675301e+01,-2.293367489710330531e+01,-1.514173770598751645e+01,2.100578196164804368e+01,1.371034077632104875e+01,-9.387322298190730052e+00,2.093167014891745126e+01,1.454807940688406021e+01,-2.808867213168444366e+01,-9.164617643554704429e+00,-1.709897848763306527e+01,-4.509209392150136608e+01,-5.151731165997305517e+00,8.732409399589867505e+00,-7.309575386852505297e+00,8.824728717233512043e-01,8.457180790397316184e-01,4.803721668344355322e+01,-2.750613613984799954e+01,-1.307242236700541760e+01,-5.600617728273154405e+00,2.642544822764525847e+01,9.875937949959993745e+00,1.238970247056105123e+01,3.898041067819546157e+01,-9.313780933457788125e-02,7.250893836036024886e+00,-3.785204035568956016e+01,-2.568772310805046644e+01,6.044891554184640192e+00,-5.804221188763755634e+01,1.409547081290158843e+01,-2.277071554663345410e+01,7.416006997525224520e+00,-2.278377615951962643e+00,1.503461807429122921e+01,9.640118491734774864e+00,-7.569037857973655470e+00,5.471527929563871240e+00,6.276268303701349360e+00,3.529713666114511206e-01,-2.558755626824186180e+01,3.799457146772873983e+01,3.493826329332093028e+00
-4.216588607818732015e+00,-3.428224126027362217e+01,1.563310875723366600e+01,2.991024615561783051e+01,-2.169370800615590866e+01,-3.240147796101645383e+01,3.733418258305852078e+01,-5.523572297340582082e-01,4.418887111068886497e+01,-1.910727501493590808e+01,3.971311987185375258e+00,-8.068065986727471284e+01,1.083333776538261972e+01,-4.567385073154938802e+00,2.897083794026004000e+01,-1.035201471524451122e+01,1.143168592892101110e+01,8.314809661464792612e+01,-1.859555733050328286e+01,-6.567592292417108624e+00,-3.069354854322830661e+01,-7.419350506714443405e+00,-2.809415893324042734e+00,7.594771977539438446e-01,5.653656920075637693e+00,-1.746138731778221498e+01,-2.672694524395959448e+01,3.647298622891502085e+00,1.010398970659647766e+01,5.926816778045937184e+01,9.149935413407654039e+00,3.398701078146075361e+01,1.839799490262508641e+01,1.858538345592918972e+01,-4.605881535194843934e+01,9.935380029932215251e+00,7.243485731394560645e+00,-3.194602996325641442e+01,9.653217215768608028e+00,4.642430178843719091e+01,-1.683138999889303022e+01,-8.465707993618286409e+00,-4.633500821668016023e+00,6.445709858961377847e+01,2.369526636680408416e+01,3.314288456925421400e+01,-4.586872145287451019e+01,-1.625660644067438909e+01,3.736927919806264242e+01,-1.468588287689447114e+01,6.497406313202908734e+01,-1.865217540662861850e+01,1.764948469873407788e+01,-2.574222972356691841e+01,-2.492600109853233992e+00,2.903585991871619143e+01,-3.540050209545171356e+01,-2.419285885435249028e+01,-1.724127135345615613e+01,1.331219891704113856e+01,1.205926098575580241e+01,-1.472604372102530945e+01,3.145495040713130663e+01,2.312345607290036398e+01,-3.363673265523929246e+01,-1.351683417504973761e+01,-1.896772253982847545e+01,-5.257800444142870333e+01,-4.828416740739761792e+00,1.398310084707469514e+01,-8.647619047477183685e+00,8.310515678321055422e-01,3.565439094856093227e+00,5.387773905682433906e+01,-3.333379717406491238e+01,-1.608369595396804641e+01,-7.007817465689386793e+00,3.368381161618400910e+01,8.864888207728760960e+00,1.306614056104914923e+01,4.125746990954087323e+01,1.072645315621251871e+00,3.592494163657687700e+00,-4.296083289644081304e+01,-3.001437722938851493e+01,7.739357300768431536e+00,-5.725909694953109863e+01,1.441196435822957511e+01,-2.062031161950601188e+01,1.403772019307846719e+01,-1.275831178129603005e+00,1.658611654555758719e+01,6.362183680129642305e+00,-8.988988278174414148e+00,1.541225981322861927e+01,3.489653173724979407e+00,-1.051832619863031892e+00,-2.928696824268604360e+01,4.126100414443020981e+01,5.769715605466218200e+00
-6.571335948592190057e+00,-6.844764414887234238e+01,2.924204111304809572e+01,5.202430626646621903e+01,-4.409892043518312477e+01,-5.421910753788588977e+01,6.302577553668557897e+01,2.679557071621396780e+00,8.097838443561147415e+01,-3.828147803125557402e+01,1.076925923087829773e+01,-1.461450850760074616e+02,1.530086094113340422e+01,-6.535882026426864222e+00,5.726921215849774427e+01,-1.421786375081525122e+01,2.269037215458811119e+01,1.461170095749726840e+02,-3.401409067439282552e+01,-1.279942380071185859e+01,-5.287318464856071643e+01,-1.394773648041967107e+01,-6.095291946456374177e+00,3.614266649382915197e+00,4.709045883168327506e+00,-3.234673496342770704e+01,-5.230659762343051966e+01,1.031902798027478418e+01,1.968028152050197122e+01,1.101482677686198741e+02,2.974812032118223115e+01,6.517527101910599185e+01,3.450218349153806940e+01,3.064090688660687434e+01,-8.234972019233238427e+01,1.649952234787196304e+01,1.617208847615471612e+01,-6.454598369115655032e+01,1.882342413808519765e+01,9.549587619147573037e+01,-3.044779444093678578e+01,-1.267435839855964019e+01,-4.584789778804240434e+00,1.127230763008814023e+02,4.142972406119557149e+01,5.856887093027081193e+01,-8.326534194378541542e+01,-2.961087913410619521e+01,6.574322304019923990e+01,-2.974879747787765183e+01,1.159448565498456531e+02,-3.254777998943625761e+01,3.759493127541758639e+01,-4.821258424555381339e+01,-5.469705750947188250e+00,5.625442821631137491e+01,-6.584259791023843889e+01,-4.595143569539528983e+01,-3.158302974013305331e+01,3.341001515078345108e+01,2.511284112689168779e+01,-2.354058591950339974e+01,5.113572381841766656e+01,3.677812471474575773e+01,-6.020994232530260604e+01,-2.213862252133348818e+01,-3.517287134665215831e+01,-9.526428758435513089e+01,-9.727713403293364536e+00,2.217727809294660446e+01,-1.556483452826316771e+01,1.670207944495428753e+00,4.316953138365382969e+00,9.939262725380935137e+01,-5.934839021226166267e+01,-2.844265696303302704e+01,-1.230053902754984207e+01,5.864473596442672942e+01,1.826435099548952934e+01,2.482108011481255616e+01,7.823796059453529494e+01,9.619986475424637806e-01,1.054905151644667605e+01,-7.881570546554020495e+01,-5.433039382727933742e+01,1.344858630933716093e+01,-1.124028299033783895e+02,2.779390205024238725e+01,-4.228899019838290485e+01,2.095548142322029861e+01,-3.458925092563703618e+00,3.083656071258893405e+01,1.558080061485934209e+01,-1.615108411139741662e+01,2.041998547203687764e+01,9.503916220383782587e+00,-6.898461673476121714e-01,-5.351978166261022096e+01,7.728631209240658961e+01,9.044864021168507406e+00
-1.758517026122099036e+00,-3.164748448352813881e+00,2.903905612924948976e+00,8.463791215808036839e+00,-1.420510638536879533e+00,-1.075356918551178609e+01,1.198116249059981264e+01,-2.854332530492008857e+00,9.451736516555211409e+00,-1.666010513593368714e+00,-1.738400522758964728e+00,-1.852181007873077689e+01,5.690774160005998894e+00,-2.336281547269424941e+00,3.099650514335124729e+00,-5.736755842441755959e+00,1.154654414027373788e+00,2.242167921375874329e+01,-4.024339991294333174e+00,-8.385458917100605536e-01,-9.066070336247181061e+00,-1.326516859420010963e+00,1.008781141921797353e-01,-1.484761785797391376e+00,5.397982404071917095e+00,-3.477081115528212418e+00,-3.250097300766208175e+00,-1.914090604889307823e+00,1.298329330739851128e+00,1.153847356680370240e+01,-7.663384219854143531e+00,5.125956577036622441e+00,3.351998690145987503e+00,6.508402477530085051e+00,-1.137510418868391682e+01,3.390697928120609994e+00,-5.985531832370383221e-01,-2.383728097381776045e+00,1.224734618268343844e+00,2.206327903081287900e+00,-3.894073415919970138e+00,-3.915269294331755745e+00,-3.886286770847948269e+00,1.778766312782262204e+01,6.545455416957615569e+00,8.695280461186214893e+00,-1.039763835418962223e+01,-3.610740531661528419e+00,1.002228424229814507e+01,-1.039184730567932036e+00,1.621254067267400245e+01,-5.200114939104038214e+00,-1.169451607624267808e-01,-4.736328973163824507e+00,1.352874246545610060e-01,3.953985300829813365e+00,-6.853514653705088833e+00,-3.976425624204663833e+00,-3.697061532718321164e+00,-3.833920778099307647e+00,3.458375959561186264e-01,-5.703577556348122357e+00,1.155080154585217755e+01,9.094074404389346000e+00,-8.255369120899482382e+00,-4.841651705621584867e+00,-3.750583698265331112e+00,-1.205221592376420503e+01,-3.810034570565843381e-01,5.546020374133153297e+00,-2.058956954182551868e+00,6.861198904317869496e-02,2.405694268839765559e+00,1.103578506406315896e+01,-8.417668709975263397e+00,-4.204743083200563447e+00,-1.900376165344871193e+00,9.489444778213718124e+00,3.997621244822353592e-01,2.144994948650705169e+00,6.874359292884482997e+00,9.733157344665934740e-01,-2.170732195227760730e+00,-9.124019326207850611e+00,-6.918324203636544212e+00,2.199548350596002955e+00,-6.709027255121476685e+00,2.057440353573794845e+00,-1.074464092551387751e+00,6.537429981248388700e+00,5.578685702078302056e-01,3.220342051949060647e+00,-1.545812583788543915e+00,-2.161121356859896814e+00,9.095231926921115928e+00,-1.557799917482811214e+00,-1.142303626286031326e+00,-6.375553924701213404e+00,7.585235873572693244e+00,2.366918941576485302e+00
-5.199783593324962538e+00,-4.010842797500801993e+01,1.857432540484623473e+01,3.610372587839744085e+01,-2.526716164574654400e+01,-3.941937964507803827e+01,4.534073953408901048e+01,-1.192039270043627752e+00,5.274468394360581414e+01,-2.233545676944677894e+01,4.236382014338357038e+00,-9.654821911608338780e+01,1.358771667813257800e+01,-5.716382673248789459e+00,3.397715467707654113e+01,-1.304219764561916861e+01,1.339381645086620409e+01,1.001499460822894605e+02,-2.220513764783015631e+01,-7.728960575372667563e+00,-3.712333354144146824e+01,-8.805171794858285494e+00,-3.216733224267726232e+00,5.858151370085669107e-01,7.563852301366683406e+00,-2.079205202188548895e+01,-3.142154050725244474e+01,3.828920199566658411e+00,1.189231835268623172e+01,7.052192961407668292e+01,9.048428399897680663e+00,4.015017703204142663e+01,2.184664611738452678e+01,2.267706417146565911e+01,-5.527329053952211524e+01,1.210546820869607387e+01,8.227769314172569182e+00,-3.726510867322530629e+01,1.135871126671916720e+01,5.390916217116305376e+01,-2.014749979847125161e+01,-1.051457813540637254e+01,-6.094332064715054287e+00,7.771615939529121420e+01,2.857073083363842159e+01,3.987271233019930605e+01,-5.486399486324010866e+01,-1.943019919417771746e+01,4.499977664634978680e+01,-1.712008492741464849e+01,7.800501304131131519e+01,-2.249928339329172999e+01,2.030897898887458908e+01,-3.057654285642861680e+01,-2.845070179076120365e+00,3.421839715260369275e+01,-4.211483760878635962e+01,-2.864375477797971214e+01,-2.058131429672266677e+01,1.458884381459268553e+01,1.395929012125693092e+01,-1.807450570366102482e+01,3.848422548604460047e+01,2.840823592258406904e+01,-4.035596183839021478e+01,-1.651371087446171515e+01,-2.258056200173616546e+01,-6.291506067755449294e+01,-5.636392051009227799e+00,1.718797844183723100e+01,-1.036271123560417706e+01,9.707085751962839515e-01,4.575681562371981315e+00,6.421442228993973345e+01,-4.003858773193583431e+01,-1.934666300265232053e+01,-8.442826728741236408e+00,4.065046990948020067e+01,1.028995470377277854e+01,1.546948489807947347e+01,4.886597093172551354e+01,1.425163973326792899e+00,3.715818809253044641e+00,-5.126620931684897897e+01,-3.592277999562287505e+01,9.343790403921753196e+00,-6.726723975897509433e+01,1.700279210941891250e+01,-2.396326166731546792e+01,1.744392580016579331e+01,-1.361107476550154294e+00,1.973377576027004920e+01,7.028100978102900243e+00,-1.077585112005465895e+01,1.952536338337942468e+01,3.716686473629201792e+00,-1.434090203229437366e+00,-3.497914644121888017e+01,4.900844983348973471e+01,7.107401329697447423e+00
-4.043114489487935614e+00,-4.154940348875126688e+01,1.780840790970505338e+01,3.180556261960703068e+01,-2.674610700314918788e+01,-3.321932238552417971e+01,3.859572688621089753e+01,1.515689938443998575e+00,4.936834221865341732e+01,-2.323392819510080898e+01,6.453955873988339142e+00,-8.915161046454268501e+01,9.473507624072304623e+00,-4.043161916532053368e+00,3.478063708295935186e+01,-8.819677434327360288e+00,1.377754284534425722e+01,8.927979242636254753e+01,-2.073865499738336382e+01,-7.778750587220709001e+00,-3.234181198999878148e+01,-8.491993336560842209e+00,-3.685745761401166387e+00,2.132456350053193006e+00,3.051346343099467173e+00,-1.970902668180634620e+01,-3.178235006729625667e+01,6.174889137393804184e+00,1.196087312900553279e+01,6.710265293815831456e+01,1.772136245445892655e+01,3.964163260061319960e+01,2.100907073372582445e+01,1.878932680023562085e+01,-5.027001554006755413e+01,1.011343904929975857e+01,9.766738724538164718e+00,-3.915864089368265866e+01,1.143947479808297807e+01,5.788611268546998190e+01,-1.857511441139934760e+01,-7.817581885556609045e+00,-2.919859460332755674e+00,6.889382507775485465e+01,2.532121402655637254e+01,3.577562736761756668e+01,-5.078785746411480773e+01,-1.805797939367431937e+01,4.016768612871201327e+01,-1.804573334603377432e+01,7.078534431094951174e+01,-1.989486141663203966e+01,2.275198695929883641e+01,-2.935955610123066606e+01,-3.305795382138974503e+00,3.419818828134736322e+01,-4.010987776092478185e+01,-2.796258706833306817e+01,-1.925494227099763833e+01,2.008047514899475061e+01,1.521376265279206308e+01,-1.446151792354102383e+01,3.138261738159560466e+01,2.260045969807426758e+01,-3.675259739212639687e+01,-1.358081871868089152e+01,-2.142987807162135638e+01,-5.811245340390836844e+01,-5.902401357508594515e+00,1.363043782949481830e+01,-9.498094055432792615e+00,1.013536718672221282e+00,2.702620630731776163e+00,6.057351395203891542e+01,-3.623713870361182643e+01,-1.737296280479033328e+01,-7.516301522576153360e+00,3.585111221753398070e+01,1.107035556692160938e+01,1.510413397630495069e+01,4.761360910458641627e+01,6.185336273579631339e-01,6.304569454243028837e+00,-4.804706567996399258e+01,-3.314391389079349892e+01,8.222355420079917820e+00,-6.828756659099133230e+01,1.690033395178408782e+01,-2.563766815106412977e+01,1.292778625088915057e+01,-2.072932013894923209e+00,1.878535570404658017e+01,9.373567573289891541e+00,-9.856756093462267998e+00,1.269886521467262241e+01,5.694762447536615646e+00,-4.600895284857194900e-01,-3.263304246304004153e+01,4.706403603898900201e+01,5.562997794932229567e+00
-2.766375845762253149e+00,-3.320264693034899040e+01,1.373535940237876396e+01,2.348158283467299157e+01,-2.157063857548820351e+01,-2.391254182410043683e+01,2.794691123802181920e+01,2.162249425427365868e+00,3.762823350916442422e+01,-1.859972414846787103e+01,5.871568125979235830e+00,-6.748533797212546403e+01,5.979063331894185040e+00,-2.581391533491399493e+00,2.764938340086868251e+01,-5.425905962465730425e+00,1.097610372551967650e+01,6.634200192555968556e+01,-1.578962343786982281e+01,-6.137301130515549374e+00,-2.373031274950113811e+01,-6.568391967397802844e+00,-3.067533930014272769e+00,2.231567949455121713e+00,7.841474212568586566e-01,-1.511697398687914351e+01,-2.513210105672143158e+01,5.698018384992410645e+00,9.434057326668426668e+00,5.156426367520513310e+01,1.704774703100729383e+01,3.100353127485539417e+01,1.622762269597746609e+01,1.338884621352923077e+01,-3.775482620951353141e+01,7.242626470736029276e+00,8.234635326043838077e+00,-3.148395689179237422e+01,9.028251363400890739e+00,4.696292734278696912e+01,-1.404965432174918760e+01,-5.183988671123611169e+00,-1.159972926458881393e+00,5.103806113482880846e+01,1.875601977303103851e+01,2.667681741073105428e+01,-3.849429519105803621e+01,-1.371452578999057259e+01,2.986873832621096270e+01,-1.452795640273031097e+01,5.310015336204966019e+01,-1.471822522622653651e+01,1.877381721309977181e+01,-2.266096801855861287e+01,-2.765662273241501712e+00,2.689614185555106474e+01,-3.083589996087980367e+01,-2.175390907236291227e+01,-1.467258681952454857e+01,1.776413950624883498e+01,1.241785297130700805e+01,-1.008261276466261158e+01,2.214470097126591597e+01,1.569929597464119198e+01,-2.762223400482024971e+01,-9.633376110287418470e+00,-1.644651658526264981e+01,-4.399627179806198285e+01,-4.738642281256122857e+00,9.448670584341886780e+00,-7.162363881193692272e+00,8.126798737717422227e-01,1.455220836223753533e+00,4.634846848411206821e+01,-2.714577654962191389e+01,-1.296018801784409291e+01,-5.581132475540413473e+00,2.648465627322744353e+01,8.988469241025326184e+00,1.175141091573903829e+01,3.700858220179065938e+01,1.976705789202148900e-01,5.886997655630592519e+00,-3.664510434354679802e+01,-2.507864182000277964e+01,6.066764200806919582e+00,-5.408662793373292033e+01,1.325862841067119646e+01,-2.076865202568162516e+01,8.552544640793682262e+00,-1.885721005756140656e+00,1.443854480051255074e+01,8.214207507416587006e+00,-7.425006592740520439e+00,7.544916353093175765e+00,5.188533265459305710e+00,-1.307442978333028805e-02,-2.483175364110749328e+01,3.632835504774214996e+01,3.823172099308755456e+00
-5.192181292571932394e-01,-5.323230057909474233e+00,2.282882820461746398e+00,4.079957295194673428e+00,-3.426140501362437973e+00,-4.262923817847672936e+00,4.952427674131976154e+00,1.916853733049669328e-01,6.329772328350357746e+00,-2.976599070066483499e+00,8.249897997670333494e-01,-1.143181684978030077e+01,1.217914012652903333e+00,-5.197109459647357710e-01,4.456408161014453917e+00,-1.134227233243639832e+00,1.765241084167105567e+00,1.145151653582212781e+01,-2.659056360230468208e+00,-9.968059268317251975e-01,-4.149133523855149441e+00,-1.088550550982871234e+00,-4.718891976569377089e-01,2.718185370027699221e-01,3.952844368619973237e-01,-2.526747377211535639e+00,-4.072592508449702997e+00,7.891061990555759964e-01,1.532730450665189981e+00,8.602478281522213166e+00,2.262833790107753096e+00,5.080584761474510103e+00,2.693117733965013638e+00,2.411529971451848997e+00,-6.446855489704256037e+00,1.297922016361991560e+00,1.250164897174864453e+00,-5.016425563552776801e+00,1.465901351244213391e+00,7.414402237653343164e+00,-2.381896768280219678e+00,-1.004370443048808959e+00,-3.771734833541927623e-01,8.837109582937287655e+00,3.247994934670199285e+00,4.588534659089348544e+00,-6.512343700842157190e+00,-2.315436906798785444e+00,5.152072936652505319e+00,-2.311702319568408992e+00,9.077999053021905240e+00,-2.551995830048166880e+00,2.913382538039309910e+00,-3.763596340657308303e+00,-4.232060746928976713e-01,4.382543053130268262e+00,-5.142000787122385397e+00,-3.584068795291349030e+00,-2.468785414258095390e+00,2.568153582029572668e+00,1.948473261011246072e+00,-1.856659058074628277e+00,4.028398183275808009e+00,2.901738794028372315e+00,-4.713268890247777065e+00,-1.743155936769264613e+00,-2.747339553988805250e+00,-7.451680819981328696e+00,-7.561465962917970351e-01,1.750103260705430097e+00,-1.218002740842432097e+00,1.298451501493014526e-01,3.481078602696459634e-01,7.765972961898886417e+00,-4.647399116814636244e+00,-2.228218272461104821e+00,-9.640928454902444322e-01,4.598869841485575982e+00,1.417939181378742086e+00,1.935950597596464373e+00,6.102900541861853156e+00,8.002563360815248550e-02,8.054960613729676977e-01,-6.160301602932380050e+00,-4.250036424266426138e+00,1.054757853582766192e+00,-8.750142501335977485e+00,2.165887279717570113e+00,-3.283909033744144335e+00,1.660961196391237849e+00,-2.649770830175404712e-01,2.408251397697581453e+00,1.199019762894923957e+00,-1.264016889269692134e+00,1.633801806703588655e+00,7.279242561988903404e-01,-5.987861158897674063e-02,-4.184160074394934981e+00,6.033124442965375422e+00,7.143576948367947876e-01
-3.954086621442220562e+00,-2.826606544530899612e+01,1.339902513427835729e+01,2.664983234417109514e+01,-1.768369738410765635e+01,-2.942213571944177275e+01,3.375848134126282218e+01,-1.432955240992491941e+00,3.830757344305471435e+01,-1.572002064657676002e+01,2.540366860020407458e+00,-7.038350662726830365e+01,1.056785639045397751e+01,-4.433497382246590846e+00,2.403503366771148109e+01,-1.020252833274609472e+01,9.460185678373949969e+00,7.369839870931862436e+01,-1.613693061037010779e+01,-5.496038492196390735e+00,-2.748047456199288163e+01,-6.341060160869503193e+00,-2.190780486530186089e+00,8.400969892734444500e-02,6.361793695476569255e+00,-1.504747456451474008e+01,-2.230961331372083478e+01,2.222381051938167040e+00,8.458324908684888399e+00,5.098285377532162244e+01,4.577440997777856069e+00,2.871602558025114860e+01,1.574595115620193475e+01,1.699506720406911242e+01,-4.045985014400131519e+01,9.054345177396680100e+00,5.530443175554866642e+00,-2.614269474686724948e+01,8.075506147230679943e+00,3.755226178235378143e+01,-1.469372102936327096e+01,-8.072813460341368597e+00,-5.026372146699760179e+00,5.727325323712699401e+01,2.105665095048751212e+01,2.929183773461721785e+01,-3.996839062051103753e+01,-1.413950967732652764e+01,3.310322433227879912e+01,-1.199828705769825810e+01,5.713360632078376256e+01,-1.659178533136736533e+01,1.394326375946124763e+01,-2.204765530041801469e+01,-1.927762354726316740e+00,2.438446014257936412e+01,-3.043836622109957801e+01,-2.055507768676709190e+01,-1.494977985723818570e+01,9.210627902534204381e+00,9.675390013047570292e+00,-1.365659041685101727e+01,2.895017936351300847e+01,2.149230266037266901e+01,-2.952972557091698391e+01,-1.239795403117759953e+01,-1.633634524624407192e+01,-4.586124538861007238e+01,-3.958508655554885181e+00,1.301300128566077774e+01,-7.569645430374946748e+00,6.823840599294883624e-01,3.663839726229646043e+00,4.653661986928197791e+01,-2.934629786953036756e+01,-1.420963908894361794e+01,-6.215100118897272985e+00,2.999735183259214466e+01,7.163227611726638244e+00,1.110053078154653683e+01,3.508622854059743901e+01,1.189275666404797427e+00,2.089466937201413188e+00,-3.722029835254640773e+01,-2.619343005481278652e+01,6.899035827297200996e+00,-4.770698883385755096e+01,1.213632366293836284e+01,-1.671255665021568859e+01,1.340198380923193788e+01,-8.163368930872740847e-01,1.426445444955977493e+01,4.501858533257037998e+00,-7.875744089973464312e+00,1.538296993578275540e+01,2.221714658036805012e+00,-1.231711763735673815e+00,-2.542782415818613373e+01,3.533691287240467460e+01,5.396811438393427807e+00
-5.034672005822498519e+00,-3.293933033899027407e+01,1.606967147756927261e+01,3.283361056148243051e+01,-2.042589293807420958e+01,-3.670637968284721353e+01,4.200039290928755520e+01,-2.543774405268197647e+00,4.631581177768283908e+01,-1.828852262527181693e+01,2.304158319476146133e+00,-8.547222539345978021e+01,1.377732074358616288e+01,-5.763360051587477884e+00,2.814133419340106812e+01,-1.337977820920306016e+01,1.105521953740410979e+01,9.047990069047908435e+01,-1.952426676478825485e+01,-6.477110307937225642e+00,-3.396679512139091628e+01,-7.589447538237214630e+00,-2.440688464813034031e+00,-3.868129670132303133e-01,8.933650450411892763e+00,-1.811672746065676876e+01,-2.624212229562006726e+01,1.888154743980944517e+00,9.970717005733051863e+00,6.130327625051564411e+01,2.681954989651121224e+00,3.408356121021983398e+01,1.886473760399309185e+01,2.129894841841398190e+01,-4.936969993436873239e+01,1.132240007764739076e+01,6.049754683982490278e+00,-3.028865794511884957e+01,9.514636378738277500e+00,4.311262684228842090e+01,-1.785260953821352459e+01,-1.038441310275480589e+01,-6.935547657670233512e+00,7.043245580594249589e+01,2.589653812902078300e+01,3.589155744179906549e+01,-4.849774451478080550e+01,-1.713498528598649528e+01,4.062513558480636533e+01,-1.388330330145756264e+01,6.976381898243322155e+01,-2.041922700538622237e+01,1.570415021876898543e+01,-2.642850662893345159e+01,-2.132575826723718482e+00,2.881298879866596252e+01,-3.658852598557819391e+01,-2.449685649953313771e+01,-1.807779138382002770e+01,9.155158840272953569e+00,1.103580505055210104e+01,-1.726868654138295511e+01,3.643216047912407163e+01,2.721517232828835020e+01,-3.601742680478100311e+01,-1.556806207553884569e+01,-1.966060064156197740e+01,-5.568758736554948996e+01,-4.592795364678444514e+00,1.649095584251857360e+01,-9.214138453457623612e+00,7.926765071099962645e-01,4.916926353890739065e+00,5.612035912320028075e+01,-3.586298548165117950e+01,-1.740685815932000935e+01,-7.633398886850675247e+00,3.694571915491704317e+01,8.217041241949516461e+00,1.322845512766158294e+01,4.184277219118874314e+01,1.658450686033299037e+00,1.654838114914092273e+00,-4.498195471664985234e+01,-3.181697398528233123e+01,8.502621578136738023e+00,-5.603810562061220679e+01,1.436947294644095408e+01,-1.921720666173501613e+01,1.725173707785523902e+01,-7.406786233276996256e-01,1.714940288038270211e+01,4.581178555332172664e+00,-9.592869385436022966e+00,2.031804863280132167e+01,2.002984050245167680e+00,-1.761181607925761838e+00,-3.077652092856936150e+01,4.235640767226809800e+01,6.860890338625907248e+00
-4.159530877553375916e+00,-4.929496203529556908e+01,2.044834698914284488e+01,3.508052868925618384e+01,-3.200300475363356156e+01,-3.579915120808307449e+01,4.181839620251523115e+01,3.102993635651636328e+00,5.607100163372081170e+01,-2.761070222718367972e+01,8.636818852699169824e+00,-1.006170244284748918e+02,9.056360838427606197e+00,-3.905752003569846309e+00,4.106646567219829080e+01,-8.238563397702309388e+00,1.629968809026386367e+01,9.906001156141347508e+01,-2.353064796187962315e+01,-9.120749088263512050e+00,-3.547008262945689694e+01,-9.776434548569977068e+00,-4.540495197186277032e+00,3.253664756672588254e+00,1.350717507232117587e+00,-2.251505714701569616e+01,-3.734281141962544126e+01,8.373578535295704839e+00,1.402044275047950883e+01,7.678797598093100873e+01,2.498482536201386850e+01,4.610606373274078607e+01,2.415591163060139834e+01,2.006134230388310158e+01,-5.632591884382405567e+01,1.084752381960501388e+01,1.217723939190343785e+01,-4.672164937764776482e+01,1.341673159578535035e+01,6.964489567574022999e+01,-2.094861531702105495e+01,-7.816382167895500999e+00,-1.854471733415859358e+00,7.622745778553456830e+01,2.801319537532454262e+01,3.982183628289943300e+01,-5.738706757062202968e+01,-2.044225187428721924e+01,4.459662028813522738e+01,-2.155710787537129747e+01,7.922690699364397915e+01,-2.198475096085967806e+01,2.780611964482082499e+01,-3.373432323089895846e+01,-4.092118033104118702e+00,3.998060092418553779e+01,-4.591827725856097686e+01,-3.236404390221023419e+01,-2.186448089224261082e+01,2.618021710322087969e+01,1.840705477249518651e+01,-1.513552001487098231e+01,3.320832937016724884e+01,2.357447838325400014e+01,-4.120689640037905122e+01,-1.443985184512912667e+01,-2.449413146509044381e+01,-6.559528384550657165e+01,-7.032842344412331137e+00,1.419092194776584392e+01,-1.068196642010150121e+01,1.206251066850344333e+00,2.239953759140416611e+00,6.904404910837692455e+01,-4.050679242677153979e+01,-1.934564163727658581e+01,-8.334084612015939086e+00,3.956500845758276341e+01,1.332889546165543848e+01,1.748287374218047674e+01,5.506278653091985831e+01,3.269187336899764817e-01,8.644526882523321021e+00,-5.460318030831547276e+01,-3.739214931901643979e+01,9.063947922021824866e+00,-8.035521374069890044e+01,1.971249234860541577e+01,-3.080287317478964582e+01,1.289820114243172355e+01,-2.773828151207440751e+00,2.150108397587870002e+01,1.211378863400967809e+01,-1.107460660128974439e+01,1.149519240181684587e+01,7.631346824768582060e+00,-5.939199337755385333e-02,-3.700740868976436104e+01,5.408005364480868593e+01,5.746312198003143301e+00
-3.625235908034602161e+00,-1.990720548010074253e+01,1.033326005240311218e+01,2.226920628890032461e+01,-1.209694901370558817e+01,-2.548598783431069847e+01,2.901398293783577742e+01,-2.729891586217022326e+00,3.027684848264727435e+01,-1.101121397779634847e+01,4.970728942438338294e-01,-5.636675387348125810e+01,1.032187357964262908e+01,-4.297629714129661771e+00,1.718837827901545268e+01,-1.012007716315392614e+01,6.723590438074243281e+00,6.095529141830247255e+01,-1.278137257519915515e+01,-4.013308532719278787e+00,-2.317950528062164040e+01,-4.859693460974952472e+00,-1.321813526046519138e+00,-8.952142321872087471e-01,7.473409413185717831e+00,-1.174244885676497674e+01,-1.619268948191890445e+01,1.836429703901103494e-01,6.181419018150653422e+00,3.963019255280525499e+01,-1.998446401903375858e+00,2.144462087362104796e+01,1.210452525331283269e+01,1.491103407271047487e+01,-3.286725926829364397e+01,7.895033150638622210e+00,3.117149953942186968e+00,-1.806474511772760394e+01,5.892177213329311769e+00,2.517100205293534287e+01,-1.178495467110366235e+01,-7.609017965807090889e+00,-5.662825819666652549e+00,4.760212390626398360e+01,1.750472719284642409e+01,2.408883431504789385e+01,-3.193193733457110639e+01,-1.125329414565458386e+01,2.734815115068459690e+01,-8.255856118849983716e+00,4.650767098554351264e+01,-1.382019969723150155e+01,8.748105167806919269e+00,-1.697624320827682709e+01,-1.133406481372553065e+00,1.795517836001540601e+01,-2.363791250796166921e+01,-1.554641453480041591e+01,-1.182114078969349258e+01,3.379290578527495370e+00,6.343142711611628570e+00,-1.228449284284890552e+01,2.569657257099504122e+01,1.940828989083467349e+01,-2.395837355571449478e+01,-1.093752830746555205e+01,-1.273269675011606772e+01,-3.671756691187979271e+01,-2.748164852314046058e+00,1.177661485112808393e+01,-6.104935347326892803e+00,4.756134418442253819e-01,3.854954155823680395e+00,3.649568770820579999e+01,-2.394597380233037853e+01,-1.167708107546461527e+01,-5.146535704395382993e+00,2.504252088739003312e+01,4.787979115395799568e+00,8.394109936992174781e+00,2.659222905491499844e+01,1.374224396781134505e+00,-6.438689481137682691e-02,-2.937953423707133993e+01,-2.099326384598249007e+01,5.770398348788202014e+00,-3.447259447301425439e+01,8.993598529966238431e+00,-1.126141282549822975e+01,1.265599938301104999e+01,-1.602176009009734781e-01,1.108299273027525267e+01,1.861248283309995699e+00,-6.363879918830750881e+00,1.554326034545191071e+01,4.107974165294052682e-01,-1.509015305993258282e+00,-2.016212804073563447e+01,2.720491651973705416e+01,4.926749899638842578e+00
-6.140829452965300916e+00,-5.190780991188008642e+01,2.341066135009138449e+01,4.427334197425506801e+01,-3.295070073409550560e+01,-4.767888500142952779e+01,5.501024026535872480e+01,-3.375313994675579465e-01,6.595180309859536294e+01,-2.894833468539556165e+01,6.387640181569665287e+00,-1.201906932982612091e+02,1.556845926305615890e+01,-6.574939495931225508e+00,4.378998721023237550e+01,-1.482358516602413623e+01,1.729139528211544530e+01,1.232733266404148083e+02,-2.774549453119981379e+01,-9.902868896250842212e+00,-4.536506502796689233e+01,-1.111970680760015817e+01,-4.317920972242437649e+00,1.426612816209303691e+00,7.692759801446399592e+00,-2.610695858426981175e+01,-4.032881180554547029e+01,5.922980482310187256e+00,1.523371580305820494e+01,8.866022553554441288e+01,1.536807497472995010e+01,5.110697717560242381e+01,2.756274635228283643e+01,2.728792361556095614e+01,-6.847162691613687002e+01,1.460334551993320318e+01,1.119307118287268210e+01,-4.847107531204815700e+01,1.455687778865055471e+01,7.066246196926095990e+01,-2.506851462575965428e+01,-1.226058952087863929e+01,-6.400334763500005408e+00,9.549023679802775177e+01,3.510229799127988315e+01,4.917988970214125288e+01,-6.835460178102024997e+01,-2.423919015261864374e+01,5.541250871541438272e+01,-2.229267537331233484e+01,9.656174839498787321e+01,-2.762294136603231820e+01,2.703435189578598141e+01,-3.855719734208949490e+01,-3.839138925687399784e+00,4.373749183666512863e+01,-5.296301493188718013e+01,-3.632100947942359426e+01,-2.573091654192352351e+01,2.105726493846463043e+01,1.839585074127601771e+01,-2.152418967791405890e+01,4.608831581589845428e+01,3.377362369240883311e+01,-5.001402756817266493e+01,-1.982679140305097576e+01,-2.836382517630356404e+01,-7.832913657670351881e+01,-7.322373844738729431e+00,2.041510800115282720e+01,-1.286931588233335511e+01,1.259763435678557641e+00,5.029053122766068640e+00,8.049931219293462448e+01,-4.952148891131522390e+01,-2.386884752588241199e+01,-1.038772291482017351e+01,4.986650056342263326e+01,1.349708593235139986e+01,1.961680608418767591e+01,6.192372938704254892e+01,1.468558878620137120e+00,5.884764399881659003e+00,-6.413053257901844972e+01,-4.470771167992053563e+01,1.145415346340106844e+01,-8.644455078433639983e+01,2.169224513654079445e+01,-3.136937977109388243e+01,2.032230053141229931e+01,-2.051996210765361539e+00,2.481298933955474695e+01,1.001273777979086788e+01,-1.337362244501172803e+01,2.197099186991884423e+01,5.618298893722843523e+00,-1.406635165583708158e+00,-4.369094801815835183e+01,6.180264960861659063e+01,8.409723543369786114e+00
-1.385848728144686959e+00,-1.200796805374414333e+01,5.378603721269452187e+00,1.009724494159424779e+01,-7.637334108986863157e+00,-1.083282042536067991e+01,1.250921759648014486e+01,-6.987838368970988867e-03,1.512055298561799432e+01,-6.699175198307613321e+00,1.531053468823426078e+00,-2.752318670246086896e+01,3.482533459008332777e+00,-1.472441391506200681e+00,1.011926727386054381e+01,-3.307926840846834082e+00,3.997543825978139065e+00,2.814317421620370752e+01,-6.359912634868826409e+00,-2.284966022727169754e+00,-1.033635578076206052e+01,-2.556079183459251780e+00,-1.008011401701558674e+00,3.694543931708643703e-01,1.655926487089777854e+00,-5.992089380859117576e+00,-9.309515926325111934e+00,1.427259565650019102e+00,3.514783509446228749e+00,2.035613321720166269e+01,3.770905190090700465e+00,1.177228093348141336e+01,6.334225420195767953e+00,6.191040666696125960e+00,-1.565907057962460769e+01,3.315500051144670390e+00,2.621459782870292798e+00,-1.122727700909032755e+01,3.359019895697407776e+00,1.639926259951385035e+01,-5.739813401358761169e+00,-2.756800132283204086e+00,-1.392895494140035106e+00,2.178980281548582809e+01,8.009783406943268957e+00,1.123398671412256533e+01,-1.565634284471550686e+01,-5.553803439161738353e+00,1.265203571104413882e+01,-5.165049807470849963e+00,2.207883455990712207e+01,-6.301876395596789138e+00,6.298212369518408238e+00,-8.859686816728743253e+00,-8.973844378722509729e-01,1.008560924523088431e+01,-1.216114038858677837e+01,-8.358027924954633647e+00,-5.899004463711873036e+00,4.999627551128352998e+00,4.275021614554066929e+00,-4.869076675351465155e+00,1.044243576428324083e+01,7.636444781125717007e+00,-1.143926252997947834e+01,-4.495441082512884101e+00,-6.510766554278165863e+00,-1.793752426624040908e+01,-1.695545271460001668e+00,4.614766334344968968e+00,-2.945121280109794792e+00,2.916299126820154353e-01,1.110721453998309682e+00,1.846837667688884466e+01,-1.132049707213727707e+01,-5.452662106236491724e+00,-2.371230633613783834e+00,1.137394815973227402e+01,3.132931632007538436e+00,4.514198080609709507e+00,1.424722903048277267e+01,3.175529624959512742e-01,1.424799196248475175e+00,-1.470466982240720988e+01,-1.023716642353690531e+01,2.612056254236391872e+00,-1.996134912783182713e+01,4.999685964620722345e+00,-7.277785978296722469e+00,4.568282163085537029e+00,-4.918283291092328535e-01,5.697214024409256616e+00,2.370369925912074294e+00,-3.059992075945468848e+00,4.888029037266825583e+00,1.347372001803757380e+00,-2.988936454605496396e-01,-1.001401781459808049e+01,1.420119941521366513e+01,1.898924583119702802e+00
-1.896536090711432809e+00,1.336594074020629463e+00,1.589116570924963279e+00,7.417122751971605865e+00,1.721984222269961062e+00,-1.042027949924547769e+01,1.139028076880098794e+01,-4.197880964725124286e+00,6.363463564173346576e+00,8.922586374167473799e-01,-3.323164033868138745e+00,-1.352204453908835546e+01,6.637780617893895396e+00,-2.703732751207590379e+00,-4.894961065175227333e-01,-6.792633135857199633e+00,-2.961716800307363506e-01,1.895284449198021548e+01,-2.748404453237722311e+00,-9.352912516163847112e-02,-8.184259748541801827e+00,-6.764359670399342495e-01,6.517261334237134385e-01,-2.369908084334877429e+00,7.118730072378182783e+00,-2.126511799331891162e+00,-1.362118998213359689e-01,-3.529948837392238303e+00,1.563212082091751665e-01,6.821170760759095231e+00,-1.316253490257717829e+01,1.667826179985036905e+00,1.771591147491957230e+00,6.489071356390223144e+00,-8.925670473940673588e+00,3.335625908118960758e+00,-2.189767611994315022e+00,2.096445950728975660e+00,1.257587769891446161e-01,-4.939634794007902840e+00,-2.866240674348009776e+00,-4.386682810289269874e+00,-5.024940136798843326e+00,1.530377558071791810e+01,5.635619140462141630e+00,7.190349648564951401e+00,-7.488273759715525557e+00,-2.542059156642595852e+00,8.435653969796174323e+00,1.049001817916563439e+00,1.284101347842843843e+01,-4.508033621820294101e+00,-3.316462330062383224e+00,-2.548409926047273899e+00,6.471445856978677025e-01,7.848259485947770564e-01,-4.016531147570387539e+00,-1.680336370513580757e+00,-2.496778783270963586e+00,-8.139272563091893176e+00,-1.625219488787334576e+00,-5.964406682044076646e+00,1.178864360095208497e+01,9.573386706020190928e+00,-6.440350037798555860e+00,-4.882248920039755191e+00,-2.270142626646213468e+00,-8.784831506006348434e+00,2.856768451676082732e-01,5.859456204718762606e+00,-1.560308565100080092e+00,-4.460183899924088924e-02,2.986488744171666543e+00,7.023695880796410940e+00,-6.738535829958787637e+00,-3.466881574738605032e+00,-1.613399092451578420e+00,8.289427147671302620e+00,-9.756680518705795890e-01,9.036023242345820883e-01,3.005751385537353659e+00,1.274114321352697754e+00,-3.906478247248370117e+00,-6.088713770636788425e+00,-5.072453299216701517e+00,1.933528668337405554e+00,9.032993260825250559e-02,5.323527475058629221e-01,2.051838265682512485e+00,7.341945751374501228e+00,1.066682903457561560e+00,1.895824546828441814e+00,-3.458710033232109016e+00,-1.653338881893840373e+00,1.094721307413155920e+01,-2.965631727696150577e+00,-1.532167690653914338e+00,-4.384939978691059892e+00,4.075089817542060899e+00,2.535910751870726898e+00
-3.900069811478075632e+00,-3.802923717869626330e+01,1.651246224627904269e+01,2.994177604838973394e+01,-2.439529678443418348e+01,-3.153586555314891982e+01,3.656928007782723000e+01,9.788384231558837634e-01,4.596848823012755503e+01,-2.125123428633731137e+01,5.600467332201412241e+00,-8.321189143578065739e+01,9.354310084140383452e+00,-3.979573598102071230e+00,3.189589062642253836e+01,-8.769047140477001179e+00,1.262475008339486138e+01,8.386422594571146760e+01,-1.931785085995663920e+01,-7.153555810864961728e+00,-3.050980796937746220e+01,-7.866010716736867359e+00,-3.320996289471759955e+00,1.725249164638335664e+00,3.503257455731732861e+00,-1.831097569365627464e+01,-2.920372565848884960e+01,5.323804247946728019e+00,1.100078349098165198e+01,6.230152069533507841e+01,1.498036714591213148e+01,3.657281029844970988e+01,1.947005539527200213e+01,1.789573183480188945e+01,-4.704884789286874991e+01,9.616988185099941688e+00,8.754644973033313349e+00,-3.575865537633761448e+01,1.051889962895823594e+01,5.267891158750866509e+01,-1.734235919375891655e+01,-7.611837116585895124e+00,-3.176381950916855157e+00,6.478163785941512742e+01,2.381089255378254066e+01,3.356573574398476723e+01,-4.738295988018598592e+01,-1.683548716141530122e+01,3.772218433428127327e+01,-1.647073674886729933e+01,6.627645918683555237e+01,-1.871609092272244723e+01,2.056996014894059499e+01,-2.721598058769227180e+01,-2.972484050836058600e+00,3.148638779656911169e+01,-3.723407327923384003e+01,-2.584748946465132846e+01,-1.793037345768132340e+01,1.764156928643273048e+01,1.381300680424473981e+01,-1.386923275986258552e+01,2.998365578786355812e+01,2.169966416364643891e+01,-3.438919849042171961e+01,-1.295383230396461727e+01,-1.990562075624528404e+01,-5.423782578378441599e+01,-5.392904694463958037e+00,1.309560072026509836e+01,-8.877066333871205472e+00,9.264863884290349683e-01,2.776195574384177966e+00,5.632480698921492035e+01,-3.394513174775278941e+01,-1.629737688346866875e+01,-7.062126574759342468e+00,3.374325727184067603e+01,1.007146002164745902e+01,1.396125553152379517e+01,4.402633136721920692e+01,6.935121393716291438e-01,5.405842934276393841e+00,-4.472792307943113599e+01,-3.094016844562415969e+01,7.742111195788229594e+00,-6.270943152327151182e+01,1.557441937821148947e+01,-2.334478673744893840e+01,1.259619029308656124e+01,-1.798868524715012240e+00,1.743992659319857808e+01,8.268624826798536276e+00,-9.215635304031888353e+00,1.274084065090839957e+01,4.938385873736526932e+00,-5.733927721860634374e-01,-3.040328288417226332e+01,4.362684453431754861e+01,5.358937783462152993e+00
-5.451326124231819392e+00,-3.999808321316898940e+01,1.880683322955960790e+01,3.711158832036076660e+01,-2.508462416405704687e+01,-4.081803844871978271e+01,4.687303972386480666e+01,-1.733039331675056083e+00,5.364265890283237326e+01,-2.225500681719362461e+01,3.816031254658563299e+00,-9.843262272525694812e+01,1.446105198177358631e+01,-6.072391746298769100e+00,3.396623645342150866e+01,-1.393458813653296424e+01,1.337625589326419373e+01,1.027373908581436268e+02,-2.259209653425186559e+01,-7.752791473062194960e+00,-3.823128637388634843e+01,-8.905517044133839377e+00,-3.137943832855915716e+00,2.823190147652621107e-01,8.489750127637529786e+00,-2.109697410623681080e+01,-3.148708078262285426e+01,3.381386893540080152e+00,1.193058027905053997e+01,7.150587498642813955e+01,7.371663104153665103e+00,4.042578494664507360e+01,2.210759459216542666e+01,2.354519728783912313e+01,-5.650422266544036631e+01,1.255240711464513836e+01,7.959095445528303614e+00,-3.705282067446688643e+01,1.139223183022651753e+01,5.335714357708736344e+01,-2.054644737713135072e+01,-1.109408262195026396e+01,-6.749055770457895065e+00,7.980061399494809393e+01,2.933825795692964178e+01,4.085721092776758923e+01,-5.590968139333084252e+01,-1.978641198982321470e+01,4.615206213581344485e+01,-1.701152824885566162e+01,7.977359124502584109e+01,-2.311269945999845277e+01,1.991406483484345102e+01,-3.095061468616011169e+01,-2.766300951217488979e+00,3.437152219363513694e+01,-4.269511811949691804e+01,-2.890337558822607278e+01,-2.093347137943135650e+01,1.356573976033408258e+01,1.377189081401399484e+01,-1.886821314554995865e+01,4.005720757773575968e+01,2.968128289388113217e+01,-4.124486912434353059e+01,-1.716603903984061574e+01,-2.290666680699613522e+01,-6.413958805856685785e+01,-5.608317948649793827e+00,1.796685045963266347e+01,-1.057896296450939033e+01,9.664641625040211181e-01,4.966263727620900070e+00,6.521473555641809128e+01,-4.096530882895185499e+01,-1.982153259788274013e+01,-8.662961821240738658e+00,4.177732365613749010e+01,1.018037341684103936e+01,1.560919755883449511e+01,4.932674935269931638e+01,1.590990834132532061e+00,3.219750989742937719e+00,-5.212663464720117901e+01,-3.662921555698346765e+01,9.606420676925214508e+00,-6.735849285594740365e+01,1.709716584473987666e+01,-2.373636388038883638e+01,1.841360067618357022e+01,-1.226183537079382102e+00,2.000745012983252735e+01,6.594609323953977587e+00,-1.100468340934997613e+01,2.096128274364001953e+01,3.341462653059100063e+00,-1.633075182156284555e+00,-3.559583467463060202e+01,4.960679233273593525e+01,7.443982223408209364e+00
-4.449865379609502014e+00,-2.396102887042849972e+01,1.252965691821046867e+01,2.716385631510879506e+01,-1.452359035157016720e+01,-3.116566436810328966e+01,3.546081435280115102e+01,-3.462687412848589830e+00,3.678130822256942167e+01,-1.324731786166226222e+01,4.654680827643105090e-01,-6.854381409172685835e+01,1.271976295021090664e+01,-5.293596449774303991e+00,2.071538222293234099e+01,-1.248257872018394465e+01,8.099024024403876254e+00,7.429845284137689987e+01,-1.552973649407255508e+01,-4.845218352554648611e+00,-2.829296612768895258e+01,-5.889787261707688515e+00,-1.568251838236120133e+00,-1.175624959605867215e+00,9.302945749132783604e+00,-1.425132495393995136e+01,-1.953949942788273830e+01,7.901385523173765080e-02,7.463246847048647936e+00,4.808316543150028366e+01,-2.942262734626048371e+00,2.593698988505446579e+01,1.467378459133556845e+01,1.824987801315829117e+01,-4.000969234115189721e+01,9.658825691570495309e+00,3.671951155277030310e+00,-2.170770327258534138e+01,7.113086937558327882e+00,3.016551886076300448e+01,-1.433246859277036123e+01,-9.356229068940466576e+00,-7.034216245368499543e+00,5.804256860122080752e+01,2.134431300171971913e+01,2.934980277170797081e+01,-3.882333414584403641e+01,-1.367801262348261560e+01,3.333194906032597515e+01,-9.917072035410150477e+00,5.662284365652561746e+01,-1.685396812574445136e+01,1.041934538919632480e+01,-2.058213056426940923e+01,-1.341152577018688508e+00,2.169186040123866377e+01,-2.867769033342628404e+01,-1.882221240236712845e+01,-1.436120441364938216e+01,3.747969748173304083e+00,7.586411211927591935e+00,-1.506017472577198113e+01,3.147495091227724373e+01,2.379965897547971210e+01,-2.916214027724429059e+01,-1.339157570960657750e+01,-1.545170653121438065e+01,-4.464881236943062959e+01,-3.303705659139810624e+00,1.444326029217265628e+01,-7.427667629387362247e+00,5.719539541483759093e-01,4.770992587809127272e+00,4.431004245486266058e+01,-2.915922125855004765e+01,-1.422658676620845597e+01,-6.273648801034533484e+00,3.054465530128367945e+01,5.736570449240592673e+00,1.016269135722485295e+01,3.220081008389860244e+01,1.709234195742465268e+00,-2.353987324630546496e-01,-3.568774287088933050e+01,-2.552996010205720268e+01,7.039168906325611985e+00,-4.158225834866799175e+01,1.087089316026679597e+01,-1.350232590555113177e+01,1.556395922271498122e+01,-1.502101978036622931e-01,1.344647803772783412e+01,2.105664024278178559e+00,-7.743800735960341797e+00,1.919256164484710681e+01,3.758254593910814734e-01,-1.882257803455694933e+00,-2.449956339095079016e+01,3.298309868904422615e+01,6.045757710240266647e+00
-3.963989849729976367e+00,-5.291319293781047861e+01,2.141493787776327551e+01,3.556951640754766686e+01,-3.456494526166952141e+01,-3.558745250273523197e+01,4.176604068924982016e+01,4.356157183893238027e+00,5.822145456428823707e+01,-2.967311517193711978e+01,1.004072758642685059e+01,-1.039517003318812840e+02,8.005332302502798925e+00,-3.492094543715630550e+00,4.392519078775893604e+01,-7.094436974219411773e+00,1.745974085517441310e+01,1.009372284619688429e+02,-2.441367888314452728e+01,-9.705251891987419555e+00,-3.579381167679814268e+01,-1.025933574161928163e+01,-5.005529777738113140e+00,4.061222990364896646e+00,-3.337060333311101523e-01,-2.348542293796118230e+01,-3.979742244013713304e+01,9.811488483659369209e+00,1.491581446395926136e+01,8.020494001789212746e+01,2.993077430136537842e+01,4.876289203223512203e+01,2.532409428676452379e+01,1.978076486057158334e+01,-5.785469607398859182e+01,1.073896557212369096e+01,1.353457150636181439e+01,-5.035779509731259651e+01,1.427948945924357105e+01,7.551737234185969783e+01,-2.163020468691007991e+01,-7.243835796152970019e+00,-7.255234744516784184e-01,7.749266790266665339e+01,2.847527180323302787e+01,4.068331581649534456e+01,-5.934485081733186007e+01,-2.117090315135494905e+01,4.546588795167190966e+01,-2.325517331571997914e+01,8.130587923780026927e+01,-2.232615107686718403e+01,3.048581994563822306e+01,-3.534718889460593516e+01,-4.526130284340373677e+00,4.244932141765723088e+01,-4.797714578251679995e+01,-3.410197144142598091e+01,-2.269919771019777244e+01,2.995371422341678169e+01,2.003882721737393524e+01,-1.465746021878706351e+01,3.248289293144306100e+01,2.275921394856001001e+01,-4.234762500536161411e+01,-1.418517400455368538e+01,-2.556058295208520548e+01,-6.777688711610518624e+01,-7.572726937895017940e+00,1.367607344009703141e+01,-1.100489636747214384e+01,1.297754479847358589e+00,1.644805142882454607e+00,7.189446779967603618e+01,-4.152653866189282894e+01,-1.977068956608822958e+01,-8.487315774828955384e+00,4.013541325006288929e+01,1.446034490429917696e+01,1.842271583179954320e+01,5.798300472279582607e+01,3.111524611952798391e-02,1.019434799873634212e+01,-5.672430109217238936e+01,-3.861962541525021209e+01,9.186021439839981539e+00,-8.573268431151609548e+01,2.089345735275457727e+01,-3.336705611438250685e+01,1.192767443573444019e+01,-3.224563622930217477e+00,2.246137936532834800e+01,1.378319285089055590e+01,-1.140051347138934013e+01,9.532507616446972420e+00,8.879130248996272456e+00,3.185629370037784680e-01,-3.838061697633662561e+01,5.666823488281730192e+01,5.497143407867691955e+00
-4.789675548486772350e+00,-3.844640941244040988e+01,1.759699779832765643e+01,3.379703373986298232e+01,-2.430288682570998660e+01,-3.668249569116730413e+01,4.224871380824809819e+01,-7.441529947341978257e-01,4.979535589138445317e+01,-2.142382885105497081e+01,4.360057935385646566e+00,-9.097331647634675278e+01,1.235789183230988897e+01,-5.207342735749602269e+00,3.250876010783196790e+01,-1.182212578136073233e+01,1.282468007285265621e+01,9.390381326186816580e+01,-2.095696236295497172e+01,-7.375671214562951938e+00,-3.469905655785073151e+01,-8.349099058171624677e+00,-3.134643596925454467e+00,7.825625925785901771e-01,6.557295429751857085e+00,-1.966534133060586598e+01,-3.000821491455302592e+01,3.990202813759708533e+00,1.134755560913016659e+01,6.673719528680295809e+01,9.882884376428993534e+00,3.820377187829053156e+01,2.070630576586691873e+01,2.105609428000354910e+01,-5.197031629888844151e+01,1.125223366491502475e+01,8.066960801373669554e+00,-3.580127611687257883e+01,1.084060637649027470e+01,5.197083719034055349e+01,-1.897995634189962999e+01,-9.633414610207770679e+00,-5.350167541627022239e+00,7.281308868491370845e+01,2.676732505238615545e+01,3.741935442834601133e+01,-5.171443173405668858e+01,-1.832511212285691826e+01,4.220079161824037328e+01,-1.645565547201362833e+01,7.332065759929666626e+01,-2.107252776843484554e+01,1.971563907415461969e+01,-2.897404524982800211e+01,-2.779115433358001042e+00,3.261941691890800854e+01,-3.985999941020578063e+01,-2.720903591167284219e+01,-1.942917789470335421e+01,1.470398214094555378e+01,1.348992879331470007e+01,-1.670801816205944945e+01,3.566034665672234638e+01,2.624177818624833947e+01,-3.795159209081577245e+01,-1.531855341181186247e+01,-2.136062751566682039e+01,-5.928472251796717529e+01,-5.412031649924959886e+00,1.587087427032383502e+01,-9.754099600632439859e+00,9.316364928285189029e-01,4.090895361592623125e+00,6.069178053700285602e+01,-3.762032353326856793e+01,-1.815833204948146573e+01,-7.914795469829036811e+00,3.805909228342036243e+01,9.923060828505290587e+00,1.469500932052680575e+01,4.640527251755067795e+01,1.241828253776843471e+00,3.917550145516116800e+00,-4.840861619990661069e+01,-3.384463792410264205e+01,8.745497585302381083e+00,-6.427750772821252667e+01,1.619488525320916494e+01,-2.308812248648554188e+01,1.597600515676462507e+01,-1.400747714503064234e+00,1.867592748344769404e+01,7.040091075246745156e+00,-1.014007680600868788e+01,1.762564175236321518e+01,3.829905037156757786e+00,-1.226090138398621132e+00,-3.300771535948947388e+01,4.644084381449115995e+01,6.552142522356881216e+00
-2.977141712400529272e+00,-4.504483269747485963e+01,1.780652929740339019e+01,2.862518622827358072e+01,-2.959397558749962798e+01,-2.804265633936266511e+01,3.307835005421269159e+01,4.521973199906186736e+00,4.800453416190208600e+01,-2.528903197722214813e+01,9.158558930325616743e+00,-8.527989120612832608e+01,5.453571365990294240e+00,-2.417137404335656381e+00,3.726996655220789734e+01,-4.651888746649882833e+00,1.483459006384619450e+01,8.164796128450224444e+01,-2.011354262124716996e+01,-8.194642641521463489e+00,-2.866231962898813279e+01,-8.547532754618979212e+00,-4.365737514059207847e+00,3.908563844086973216e+00,-1.699223214064896403e+00,-1.945176134421918590e+01,-3.365222995855483390e+01,9.005716614657576002e+00,1.259168486068707793e+01,6.651738864001272589e+01,2.794919474441741514e+01,4.093460001945246773e+01,2.107841131479100127e+01,1.544835643320624108e+01,-4.718420985907196297e+01,8.424178744497675453e+00,1.188971578208915503e+01,-4.303350864896117400e+01,1.205926523994948596e+01,6.489115909241414215e+01,-1.773452109037530633e+01,-5.257168972120541461e+00,3.861094250038312747e-01,6.253381017937923048e+01,2.297611123872357197e+01,3.299797197652734582e+01,-4.873136263954200587e+01,-1.741034907528416653e+01,3.679746737794470590e+01,-1.988892043261473930e+01,6.625096979267445363e+01,-1.799671842068589456e+01,2.645928062439639561e+01,-2.940604156393843738e+01,-3.959124554122303685e+00,3.576735927206794230e+01,-3.980219181463495204e+01,-2.852502206535240958e+01,-1.871270996242816764e+01,2.696884430294338841e+01,1.728170798855575185e+01,-1.121708294872289713e+01,2.514302153522072203e+01,1.735506528513276336e+01,-3.455569588942103110e+01,-1.103277997897729534e+01,-2.117931932740270540e+01,-5.560908698937731032e+01,-6.465424231777449293e+00,1.040745333079500234e+01,-9.002563549946145827e+00,1.107126832284886842e+00,7.975569409073895999e-01,5.944418259287262885e+01,-3.380148870151572993e+01,-1.604132676080595488e+01,-6.861445760346234657e+00,3.231555294445517035e+01,1.243153111394387622e+01,1.541073912185335892e+01,4.847101605128796820e+01,-2.272510077229182024e-01,9.404658337818858627e+00,-4.679222160058348834e+01,-3.167305211127747100e+01,7.389024603197405838e+00,-7.257092316250501085e+01,1.757554061490849406e+01,-2.864588848116740039e+01,8.632781659370859728e+00,-2.941147916338632484e+00,1.863105757513744010e+01,1.235266995257678779e+01,-9.318846663207217773e+00,5.888280540567742527e+00,8.104376170339291363e+00,5.745324794370206822e-01,-3.160762016077439185e+01,4.714553960283133449e+01,4.147349925849120211e+00
-6.062613041835940297e-01,-5.335510227288605023e+00,2.379729770553955959e+00,4.446893706157165838e+00,-3.397547693730988527e+00,-4.759420551929038901e+00,5.498929806005255827e+00,1.637340198290826443e-02,6.681198427082233771e+00,-2.977329986329694034e+00,6.949203675060737773e-01,-1.215245636596237766e+01,1.514804784868623688e+00,-6.409476511989539160e-01,4.493347725645662649e+00,-1.436593459663097594e+00,1.775541638807966116e+00,1.240242134006369490e+01,-2.809870689970577651e+00,-1.013667001774040566e+00,-4.549455664690339241e+00,-1.131286728481987858e+00,-4.503934804463172181e-01,1.749636109686226737e-01,7.018990385221108852e-01,-2.649510490064800550e+00,-4.131065621375014985e+00,6.498144461655652737e-01,1.559186448845010453e+00,9.002701115032886392e+00,1.734645455047055140e+00,5.216970849540016886e+00,2.803001941474808412e+00,2.717569263823635062e+00,-6.908313780820269479e+00,1.455992222094067312e+00,1.173600402865603520e+00,-4.992553359991408257e+00,1.490198093403384272e+00,7.301145263570873567e+00,-2.534115037371526657e+00,-1.203157097218162885e+00,-5.948755459914333299e-01,9.599632084488058936e+00,3.528712856244327956e+00,4.952448151557961253e+00,-6.913771507970418284e+00,-2.453065066344573442e+00,5.576021578082905883e+00,-2.297190154945180751e+00,9.739333729265039707e+00,-2.775950141243532343e+00,2.810623201611294419e+00,-3.920234360757228753e+00,-4.012743826181901508e-01,4.472498003405380729e+00,-5.378656234146950155e+00,-3.701618049510988495e+00,-2.606480326910558976e+00,2.256666378654298644e+00,1.904855971922751579e+00,-2.133296575948048890e+00,4.579814124040877843e+00,3.344751791853123990e+00,-5.047031901016569400e+00,-1.972492026682080013e+00,-2.879040577110147048e+00,-7.920177788494297211e+00,-7.538327682131802376e-01,2.020916859808530308e+00,-1.299848786128161127e+00,1.296364800877363166e-01,4.790993676262884637e-01,8.163947966945425350e+00,-4.992938740536374098e+00,-2.403886669740707305e+00,-1.044901537994538110e+00,5.009466248041468006e+00,1.394966570940889605e+00,1.999274292003530462e+00,6.309181666379294562e+00,1.350237483591957555e-01,6.504692846366866288e-01,-6.497898089256121779e+00,-4.519870211841404029e+00,1.150298287052833324e+00,-8.859553901266329135e+00,2.216463113820045905e+00,-3.239505294693103110e+00,1.993408984873338730e+00,-2.232290399454471830e-01,2.519710749533460969e+00,1.068049946654322069e+00,-1.350398519305156420e+00,2.118591795577089432e+00,6.117412263413920526e-01,-1.255453193431175229e-01,-4.424023133278725872e+00,6.283792210382003418e+00,8.310056027315604332e-01
-7.164505105633519833e+00,-6.298968575293872618e+01,2.810210259265855015e+01,5.252862873193564042e+01,-4.010755531702154997e+01,-5.622897846589127369e+01,6.496346316521815822e+01,1.786877757991627291e-01,7.890454471683734994e+01,-3.514909547052526051e+01,8.193081885924957675e+00,-1.435265520578487894e+02,1.790785294127255867e+01,-7.576846163201613749e+00,5.304954450259167942e+01,-1.698498108433541631e+01,2.096211383770300785e+01,1.464967162205498710e+02,-3.318465239518654641e+01,-1.196830719385539332e+01,-5.374221177544166039e+01,-1.335902967048172663e+01,-5.315353945501472666e+00,2.057471385654506157e+00,8.311859310468818762e+00,-3.128917354489166769e+01,-4.877439745619881251e+01,7.659812898935976833e+00,1.840926690982414016e+01,1.063152400663752388e+02,2.043443759416156524e+01,6.160060470329731430e+01,3.310015215970341984e+01,3.210791819450444962e+01,-8.159493699227674313e+01,1.720196958353263383e+01,1.384862438152649133e+01,-5.893787670515735044e+01,1.759464110896988842e+01,8.618463794709374781e+01,-2.992932071361590829e+01,-1.422050350778408934e+01,-7.040978145396413979e+00,1.133925334281132677e+02,4.168180882412671906e+01,5.849672791359832047e+01,-8.165436595302259093e+01,-2.897126493541892245e+01,6.586336157248683776e+01,-2.711839664882867496e+01,1.150333566379547534e+02,-3.279029647116909274e+01,3.317240507431988306e+01,-4.629359770505894289e+01,-4.735439376014076274e+00,5.280781989716977876e+01,-6.351774627370910764e+01,-4.370945330013414321e+01,-3.078242287985957759e+01,2.661524303660975121e+01,2.248424822777511167e+01,-2.520780437032058785e+01,5.411320140387967115e+01,3.952357084808478049e+01,-5.961082908234300959e+01,-2.330547554471173299e+01,-3.399964856503268607e+01,-9.354114030598930185e+01,-8.899221805732384638e+00,2.388061406155374300e+01,-1.535225756223126936e+01,1.530413278530645460e+00,5.666950160090070021e+00,9.641310586019292828e+01,-5.897321065553121855e+01,-2.839385666198998237e+01,-1.234237721458865522e+01,5.917374846214698181e+01,1.646644096718234707e+01,2.360782069957559770e+01,7.450058476624312220e+01,1.598613538803092426e+00,7.666232378899528577e+00,-7.673942992757841353e+01,-5.338206503875893816e+01,1.358787203605178817e+01,-1.046010733954994549e+02,2.617079307988407777e+01,-3.824045941742821952e+01,2.356100449823930987e+01,-2.631863829099965635e+00,2.975587351686746018e+01,1.259800882998236027e+01,-1.594940321096660973e+01,2.505155230796898280e+01,7.212263114042197998e+00,-1.487604467891315840e+00,-5.224803946722527570e+01,7.420454701985002544e+01,9.820203469016597353e+00
-6.977030611531858106e+00,-6.937987644624740824e+01,2.997762706679648659e+01,5.404973265586114195e+01,-4.456510355742820906e+01,-5.675008286582551875e+01,6.585502129924293513e+01,2.068694072324675837e+00,8.332190885235340261e+01,-3.878025790256509708e+01,1.042983627921595158e+01,-1.506927327769717806e+02,1.659244610803319375e+01,-7.067035103279786235e+00,5.814739192231458276e+01,-1.551557778656053799e+01,2.302234770229911476e+01,1.515122466131621195e+02,-3.501025261014497403e+01,-1.302738206330563564e+01,-5.503255475226560378e+01,-1.428586088974691037e+01,-6.095122516293589143e+00,3.304435010091503422e+00,5.899180162065743360e+00,-3.321799094009160314e+01,-5.319976445556495293e+01,9.939809252854006516e+00,2.003274192227217654e+01,1.130494978717460413e+02,2.818856872431096861e+01,6.652211746892525923e+01,3.535394520806815422e+01,3.216497262054539874e+01,-8.511620984137513801e+01,1.729543343828323998e+01,1.609971281321656988e+01,-6.529452320535699528e+01,1.915682908454285993e+01,9.631633432611558021e+01,-3.140291088898494465e+01,-1.357063787102207186e+01,-5.445892922366487809e+00,1.169918437370571240e+02,4.300035559607907487e+01,6.066797617917062269e+01,-8.582263452006274917e+01,-3.050142187024054863e+01,6.815638021488612708e+01,-3.008086992752054556e+01,1.198827502049074667e+02,-3.379427843549395760e+01,3.770371079818808369e+01,-4.941418970936307176e+01,-5.459823892455410110e+00,5.731468687617515911e+01,-6.756733468051557168e+01,-4.697979442674918715e+01,-3.249937532223509606e+01,3.269592100207903940e+01,2.527765661040241696e+01,-2.486436666138504492e+01,5.382898196510222277e+01,3.888612883910791140e+01,-6.221928484649614433e+01,-2.327004750714202430e+01,-3.611366502376188237e+01,-9.822405660556623275e+01,-9.845253799720403265e+00,2.346194516644220940e+01,-1.606793715111791343e+01,1.691083679294573372e+00,4.855273308718013325e+00,1.021461977659631515e+02,-6.138993535204381402e+01,-2.945814413180175606e+01,-1.275751970764729215e+01,6.091673442871260136e+01,1.841644128744719566e+01,2.537592542723787403e+01,8.001147480807621548e+01,1.176996007230981078e+00,1.011486934530914183e+01,-8.108027618254932634e+01,-5.602812378576532382e+01,1.397469420765786907e+01,-1.142623621200123409e+02,2.834032798857105817e+01,-4.267349466081978449e+01,2.245128351371987208e+01,-3.350011781802284982e+00,3.164662023560342163e+01,1.530041458245962183e+01,-1.667848623640573535e+01,2.246984906569031182e+01,9.199232486939436626e+00,-9.406038643776242214e-01,-5.509663955758328058e+01,7.921094798009512772e+01,9.591632632588780183e+00
-2.533839066737968437e+00,-5.033101819712300085e-01,2.866594578237328772e+00,1.073410270883645978e+01,7.324323625168771557e-01,-1.448923668696199130e+01,1.595576803016913559e+01,-5.068983020674448170e+00,1.034766020019346833e+01,-1.038392726758665674e-01,-3.741871072670911680e+00,-2.117606090865285751e+01,8.627169407262037737e+00,-3.523565494444998780e+00,1.192984291853746548e+00,-8.783328754508854530e+00,3.471783061095563561e-01,2.784150895987594510e+01,-4.439099665261796446e+00,-5.157235004645615017e-01,-1.170235567428119872e+01,-1.267212430696180503e+00,6.090735593280431903e-01,-2.795861510849405374e+00,8.885769426852787589e+00,-3.623497526953147752e+00,-1.805599338239565199e+00,-4.009802786453770196e+00,8.083300153899477536e-01,1.182318529999008661e+01,-1.522526142619831546e+01,4.088746903492577189e+00,3.255346165532534641e+00,8.925124239523700709e+00,-1.353573318979415951e+01,4.611307677477362255e+00,-2.181389949252085181e+00,5.516225152053451097e-01,7.439751855861291840e-01,-3.072204576563283496e+00,-4.472037032261718892e+00,-5.781668446875426248e+00,-6.311742298648857386e+00,2.231626544996779415e+01,8.215446367080893708e+00,1.066073316142733773e+01,-1.180000329801364245e+01,-4.047888309819729358e+00,1.241407103630914222e+01,3.558325893843101717e-01,1.939413143606579482e+01,-6.553121891544964051e+00,-2.893384611665362982e+00,-4.638344813465950622e+00,6.230449185320083849e-01,2.725433367772128079e+00,-6.992693794075528935e+00,-3.501955324782109358e+00,-4.054080122170132583e+00,-8.944486453750162269e+00,-1.208353943588889479e+00,-8.058693130060529342e+00,1.607232801279105772e+01,1.290336895909498871e+01,-9.791509058648042441e+00,-6.686426711831192193e+00,-3.888327934622971771e+00,-1.376737561140262400e+01,4.596839615629777498e-02,7.887163153503774282e+00,-2.402821720238112135e+00,-2.433029277821074920e-03,3.801146070163642143e+00,1.173488689501091820e+01,-1.013054686207960309e+01,-5.146519117716851888e+00,-2.365743067637892327e+00,1.201223126313125178e+01,-6.255422470795459766e-01,1.886645560271088540e+00,6.140217563584325688e+00,1.594112811227645921e+00,-4.464789036050879290e+00,-9.942662232007538847e+00,-7.928245641038730085e+00,2.794663598038685137e+00,-3.409911700798947010e+00,1.524052955958256517e+00,1.194021862706683201e+00,9.668654355409451284e+00,1.201013438836211922e+00,3.293024889185658388e+00,-3.757542465550345767e+00,-2.535379871839548382e+00,1.407736028369142467e+01,-3.342633134869844813e+00,-1.902349669205657623e+00,-7.058929650869590233e+00,7.423026058085866019e+00,3.396152158921742270e+00
-1.955746749958219066e+00,-3.002579507519019586e+01,1.183873721490485842e+01,1.896114534852822331e+01,-1.973884799421023573e+01,-1.852960531488132290e+01,2.187006599218403480e+01,3.073086123711477047e+00,3.188588074169076947e+01,-1.685911101272703050e+01,6.149062430970730908e+00,-5.661304763202485191e+01,3.536750653254956411e+00,-1.571012701145698465e+00,2.483433117992819561e+01,-3.000470422293436190e+00,9.886293191017175630e+00,5.411500592158764533e+01,-1.335875697091807623e+01,-5.457474736033536722e+00,-1.897477237238035741e+01,-5.684109777246280082e+00,-2.917656915109678728e+00,2.637994204736030746e+00,-1.235020343263302234e+00,-1.292691985852837000e+01,-2.241532893472811949e+01,6.050241660735053983e+00,8.385637907731444685e+00,4.421151814883825182e+01,1.880885927463184260e+01,2.724427131694647386e+01,1.401564614069073755e+01,1.019689119134689825e+01,-3.130232047567596965e+01,5.563429094421091570e+00,7.951998686162522922e+00,-2.869696316716123619e+01,8.031411245913266939e+00,4.329852505297024834e+01,-1.177227463721976797e+01,-3.438517096690576480e+00,3.299736375483010575e-01,4.143503261906923285e+01,1.522383485195767072e+01,2.187734348686202424e+01,-3.235376582398525613e+01,-1.156102333034085028e+01,2.439032870481966953e+01,-1.326411767661756791e+01,4.394686830303525937e+01,-1.192316084339214122e+01,1.767377352840693305e+01,-1.955181503592564951e+01,-2.646726933439771834e+00,2.381492119795359130e+01,-2.645590939408178244e+01,-1.897749829216172657e+01,-1.242924167073462449e+01,1.808305860308734836e+01,1.153567775540000007e+01,-7.385842793190790623e+00,1.657820904322545630e+01,1.142237252414692428e+01,-2.292587625602442003e+01,-7.278741289347258281e+00,-1.407564587722802152e+01,-3.691655900341388730e+01,-4.311054097211171054e+00,6.848031020828967641e+00,-5.974427018202186801e+00,7.381541115437796341e-01,4.880407914860455665e-01,3.949679672689957499e+01,-2.241914592643657045e+01,-1.063566170811076894e+01,-4.547360942729391731e+00,2.140683649411815281e+01,8.295344946108535567e+00,1.025271818309988348e+01,3.224525032601950159e+01,-1.698333767322932342e-01,6.321447817457999108e+00,-3.108228223828108128e+01,-2.102542347832665470e+01,4.894169590974914996e+00,-4.834414497502655195e+01,1.170016846523817300e+01,-1.911206023379528318e+01,5.644371843419872192e+00,-1.974681291916452697e+00,1.238355193281299904e+01,8.278769907131392713e+00,-6.183770565459656865e+00,3.763923697420661796e+00,5.441645123512026672e+00,4.049105555427273684e-01,-2.099179242088833064e+01,3.134680381274868566e+01,2.726017314601158148e+00
-6.983112452134282222e+00,-5.888077836297803458e+01,2.657402482697950319e+01,5.029305499702171289e+01,-3.736970886312595042e+01,-5.418219603910657156e+01,6.250819153345833001e+01,-4.184203301499618277e-01,7.487947738043520474e+01,-3.283583075759064229e+01,7.219023492550369347e+00,-1.364767732715960733e+02,1.771930734931603268e+01,-7.482453674160931101e+00,4.967785037586019570e+01,-1.687551803710675458e+01,1.961547218965523598e+01,1.400200711924166512e+02,-3.150191184656535270e+01,-1.123610310894996722e+01,-5.153815339457758427e+01,-1.262159391777056960e+01,-4.893395514452267392e+00,1.598538823676197040e+00,8.787986508263111674e+00,-2.963765353990770279e+01,-4.575625679376928190e+01,6.690095820062722964e+00,1.728475299909964491e+01,1.006472153108296936e+02,1.732464112336708340e+01,5.799758100276233108e+01,3.128632023025566156e+01,3.101438418610313619e+01,-7.775999835535878901e+01,1.659643187434416944e+01,1.268060908715570889e+01,-5.497520563551502448e+01,1.651658728796449083e+01,8.012844616181926938e+01,-2.846573658152018638e+01,-1.394733683495669752e+01,-7.303970707304988430e+00,1.084678945897917828e+02,3.987298078562822212e+01,5.585786877061528344e+01,-7.761508080391756437e+01,-2.752208597119243549e+01,6.293961803874590544e+01,-2.528331931290499313e+01,1.096627682137812769e+02,-3.137773850974200585e+01,3.064383368497327709e+01,-4.376665326924749877e+01,-4.350231438173124410e+00,4.962906017321596863e+01,-6.012319847056557620e+01,-4.122224788680217245e+01,-2.921414344554846565e+01,2.382176739751660932e+01,2.085730261931798779e+01,-2.447069875971683928e+01,5.238917688773143766e+01,3.839880722494818599e+01,-5.679790319522609821e+01,-2.253576871255727809e+01,-3.219939819324037700e+01,-8.894265858775919753e+01,-8.305194670193408513e+00,2.321150183426855307e+01,-1.461408421286179582e+01,1.428889338257189223e+00,5.730955676458431292e+00,9.138995190272383695e+01,-5.624161260307539578e+01,-2.710972835423477179e+01,-1.179903832671832653e+01,5.664615162441214835e+01,1.530489159943547861e+01,2.226390856492973924e+01,7.028104721856180959e+01,1.676922117027195513e+00,6.643555901727837387e+00,-7.281083081256946343e+01,-5.076605638813222754e+01,1.301166370213314138e+01,-9.807501391650460221e+01,2.461546343836563011e+01,-3.557283172471899491e+01,2.311873458272260962e+01,-2.319081098902084914e+00,2.816762966223880937e+01,1.133073726178254859e+01,-1.518703201829192651e+01,2.501972531876513983e+01,6.349187616251676936e+00,-1.608847134249360433e+00,-4.960667611539889776e+01,7.015271230316389506e+01,9.562692137652380353e+00
-2.165584150659076723e+00,-1.007631605255510543e+01,5.583034339352022535e+00,1.264882218376221346e+01,-5.982482805724570696e+00,-1.477439655278199737e+01,1.674660309933302216e+01,-2.058661604564119507e+00,1.662228030473567486e+01,-5.549852004472404232e+00,-2.566700504734633626e-01,-3.120469247115526557e+01,6.357168385187270232e+00,-2.637612199328041029e+00,8.802815856806898154e+00,-6.276857581427083055e+00,3.427228548362861282e+00,3.441389974455276501e+01,-7.026685657959324871e+00,-2.087474729697609721e+00,-1.323754799868192222e+01,-2.614723082094840390e+00,-5.820750140707525722e-01,-8.285611481597618955e-01,4.960136102588059259e+00,-6.393960506899782459e+00,-8.385176724363462952e+00,-4.505165026867166134e-01,3.217086535882185849e+00,2.152434917453560814e+01,-3.065876395913516461e+00,1.133462996386898780e+01,6.526151530569838322e+00,8.704666586213329893e+00,-1.835618417232576505e+01,4.593433253871195276e+00,1.271807192592290914e+00,-9.007219438655489796e+00,3.062960406786422674e+00,1.223859696605194181e+01,-6.530204026223969116e+00,-4.608083337563044779e+00,-3.701412401466729118e+00,2.695270841183279487e+01,9.912548603435308081e+00,1.355369206731717746e+01,-1.765097834144562583e+01,-6.205495552506379298e+00,1.542965035847767297e+01,-4.102389493276731081e+00,2.600688711025173561e+01,-7.835140526836898545e+00,4.006333310564942352e+00,-9.162594799822224800e+00,-4.854635482047009454e-01,9.395778886005095032e+00,-1.283042095726066734e+01,-8.289917760485046472e+00,-6.491813873080948483e+00,4.880176978290418077e-01,3.025375919440561834e+00,-7.266899048783800552e+00,1.509458291385982065e+01,1.150419294780493829e+01,-1.337042969410894599e+01,-6.403948565563810646e+00,-6.927651599595430199e+00,-2.032325309225503673e+01,-1.375393422904348517e+00,6.988346211733375668e+00,-3.394495058282347877e+00,2.387812419296359845e-01,2.452639285748915210e+00,1.993654974861969364e+01,-1.341009428312674068e+01,-6.567281925154910383e+00,-2.907648114721554933e+00,1.421611380642377753e+01,2.322430843755578955e+00,4.475478957357439391e+00,1.420027150181653042e+01,9.066883991184357949e-01,-6.368068097001793326e-01,-1.611633512814015035e+01,-1.162749997397333424e+01,3.279356421977739355e+00,-1.779243338763790661e+01,4.727779484886253769e+00,-5.499934741431704133e+00,7.671625090148191717e+00,8.204346671064022267e-02,6.017685615453723713e+00,4.270359794061464598e-01,-3.542622779962771862e+00,9.720015431399911421e+00,-2.459960456664873618e-01,-1.016182056180979565e+00,-1.109196672752280577e+01,1.468195973103687280e+01,2.936647996385251869e+00
-5.543859145547457068e+00,-6.392770460985706649e+01,2.667785127036654202e+01,4.611694304556029067e+01,-4.143918753619599471e+01,-4.727394334012349475e+01,5.516432124044152374e+01,3.717784397901324311e+00,7.330216248731835549e+01,-3.579598421173490408e+01,1.097057551818899057e+01,-1.316942010072797018e+02,1.225717898711523013e+01,-5.274338752355760107e+00,5.330311833267244026e+01,-1.120650517591258932e+01,2.114895079440297465e+01,1.300762296328035461e+02,-3.076764578764335667e+01,-1.185353484957959935e+01,-4.668003874964095701e+01,-1.274858047502331537e+01,-5.848938349348165033e+00,4.049593196447279553e+00,2.284442407772553363e+00,-2.940223087792078616e+01,-4.851320426139947273e+01,1.061326645914354572e+01,1.822222349071887137e+01,1.002446798383617619e+02,3.147171245234053671e+01,6.000947878276293324e+01,3.150704329525029124e+01,2.654003007918979407e+01,-7.382404229495276127e+01,1.433777426173445235e+01,1.565347510628894412e+01,-6.052875577919858330e+01,1.743581194062735307e+01,9.009113031632814739e+01,-2.742272229524600391e+01,-1.047900755919504867e+01,-2.782847781321269309e+00,1.001482478878367317e+02,3.680482248488052477e+01,5.225834984916083670e+01,-7.509529884437382918e+01,-2.674088928821098321e+01,5.855284654321441451e+01,-2.792154533649603110e+01,1.038607370513326487e+02,-2.889076233789445425e+01,3.586930129264293754e+01,-4.400589415765659851e+01,-5.266900584546941211e+00,5.198761684515621795e+01,-5.994045169963525410e+01,-4.216145846215162862e+01,-2.858479332512613880e+01,3.339838305548984465e+01,2.378716488482036340e+01,-2.010301366563949799e+01,4.401071640379318950e+01,3.133275356791964583e+01,-5.400150434317604464e+01,-1.911886262628819821e+01,-3.198346472699898868e+01,-8.585315761619872887e+01,-9.113402398254081049e+00,1.886829911515422609e+01,-1.399055093477532452e+01,1.563429564791705806e+00,3.131754621203621802e+00,9.020148725107559073e+01,-5.311437018615092143e+01,-2.538540768790482716e+01,-1.094493559086196477e+01,5.200660231839015779e+01,1.723971451566590574e+01,2.277507603836722083e+01,7.174262245878122712e+01,5.194901687368741472e-01,1.093715443966712186e+01,-7.137521147321766080e+01,-4.894483259196162805e+01,1.191676180263939777e+01,-1.043633999194076694e+02,2.564339445077749602e+01,-3.985582488711156657e+01,1.729962053826657709e+01,-3.523389151041724343e+00,2.806804564362910881e+01,1.547657789009101847e+01,-1.450746223176366456e+01,1.574575237581496445e+01,9.691230044244278474e+00,-1.912248213701694954e-01,-4.839391736490853901e+01,7.054581197925516278e+01,7.652471904856946061e+00
-1.909332240747103837e+00,-2.666509420449073886e+01,1.069767152713431813e+01,1.755724197919757756e+01,-1.745620402665893067e+01,-1.743347661518978597e+01,2.049732752151768977e+01,2.375986784766555893e+00,2.899375618886585571e+01,-1.495979072126951870e+01,5.195646919819758125e+00,-5.167148305881757864e+01,3.731780898544906577e+00,-1.636362130602609710e+00,2.210826120557126018e+01,-3.266914543207111166e+00,8.792263205233236789e+00,4.991561388204864613e+01,-1.215425126603008010e+01,-4.875893361757523081e+00,-1.763610408265491358e+01,-5.128726618143216953e+00,-2.545713965749601293e+00,2.146863437427889654e+00,-4.825486502614283468e-01,-1.171499923744003446e+01,-2.000505670225155086e+01,5.089523065754511855e+00,7.493110336062541066e+00,4.002733186770626617e+01,1.563187592158626948e+01,2.444538545244136429e+01,1.265521915749519444e+01,9.659320279026848866e+00,-2.869605386702296101e+01,5.252320147200513212e+00,6.902320826064893389e+00,-2.541377683432914480e+01,7.174502481917858887e+00,3.819031465275474346e+01,-1.074944491728446572e+01,-3.448414457853385517e+00,-1.426333978419199733e-01,3.828848080727571812e+01,1.406885794218913155e+01,2.013860723553539600e+01,-2.950889293847873418e+01,-1.053283094061948866e+01,2.248833598664688083e+01,-1.173962909951717215e+01,4.031474368017931909e+01,-1.102679152755728786e+01,1.547562352636776772e+01,-1.766071977305544038e+01,-2.304458061696657012e+00,2.130981547324434189e+01,-2.394644618977855188e+01,-1.707297689511218408e+01,-1.130329542531947062e+01,1.542130798128283331e+01,1.014785205774163757e+01,-7.106400259117101825e+00,1.581192912086252989e+01,1.102058200972103919e+01,-2.100862211144160696e+01,-6.916771068903345032e+00,-1.275208784907735016e+01,-3.369139187632943333e+01,-3.820376224211501803e+00,6.617576290216216961e+00,-5.464531748878299844e+00,6.545135137465957209e-01,6.949995993160998919e-01,3.583967651778338848e+01,-2.058257636844847127e+01,-9.787879780677091190e+00,-4.196285672430253300e+00,1.981451342799112325e+01,7.314140246014710911e+00,9.223421855191970664e+00,2.902231866574826213e+01,-4.068926652019319579e-02,5.298682010056348979e+00,-2.825310025269098801e+01,-1.919457762209664864e+01,4.533456827560033986e+00,-4.311240241005582874e+01,1.048218349275450656e+01,-1.686846165090255667e+01,5.672892163527912146e+00,-1.668549569918940545e+00,1.121028585974603864e+01,7.083439549826552550e+00,-5.659344006875820732e+00,4.309139728889842758e+00,4.595760250852046980e+00,2.279254597526676751e-01,-1.910479684414399415e+01,2.831394087849752950e+01,2.651968040999382659e+00
-5.046391691367454690e+00,-3.775346365538526072e+01,1.764579699583408967e+01,3.461657722361091771e+01,-2.371901670502417403e+01,-3.796607726744029065e+01,4.362544024058438197e+01,-1.433065632687664959e+00,5.024383055210066118e+01,-2.101317355276230359e+01,3.754102607987711338e+00,-9.210798008612066212e+01,1.331032447003414987e+01,-5.593165990805990084e+00,3.202936399629786024e+01,-1.280686663210595810e+01,1.261842090647269998e+01,9.590563189236101493e+01,-2.115739200305226575e+01,-7.300923341173959358e+00,-3.563511610047046219e+01,-8.359359263309556809e+00,-2.987897387788536196e+00,3.789136307547598115e-01,7.660716642014785194e+00,-1.977817595454992983e+01,-2.966347549276396478e+01,3.354391441861947598e+00,1.123462126188376686e+01,6.705435956318741830e+01,7.573223750906951324e+00,3.801337143855542422e+01,2.074737975340878293e+01,2.187730799959531680e+01,-5.281820658064557250e+01,1.166912082874147849e+01,7.604083142708842225e+00,-3.501436646403619335e+01,1.072879665919655778e+01,5.051319942191049250e+01,-1.922418414065009173e+01,-1.024489051997966094e+01,-6.120212350012960378e+00,7.446635291536422585e+01,2.737670457073978270e+01,3.815684225279836284e+01,-5.232644460253538199e+01,-1.852345226630784580e+01,4.308680968910903175e+01,-1.607976197238581761e+01,7.455819984107324672e+01,-2.156413352322175925e+01,1.892280067292110246e+01,-2.904306716733641025e+01,-2.637483752923981850e+00,3.235056019590145127e+01,-4.003986432297602249e+01,-2.715532353937879151e+01,-1.960647181274347872e+01,1.317056470846818783e+01,1.305453108161771425e+01,-1.749522391595978377e+01,3.718397379637985978e+01,2.751236356774901282e+01,-3.855785389674123564e+01,-1.594282920470898901e+01,-2.147658977607122210e+01,-6.001964428512987126e+01,-5.298270161031881642e+00,1.665087796961535105e+01,-9.894128724372631467e+00,9.128141350752033700e-01,4.537403853235820961e+00,6.111663431135937685e+01,-3.828022334554865580e+01,-1.851249345691814341e+01,-8.086170968527166991e+00,3.897150234131407132e+01,9.639339413881911511e+00,1.466535013862065817e+01,4.633693169046908622e+01,1.438484238168541429e+00,3.220018980432809208e+00,-4.882838325894457654e+01,-3.427372717379333267e+01,8.959933965413917178e+00,-6.347554211387497958e+01,1.608513183763552590e+01,-2.246427655093936693e+01,1.700122996930933539e+01,-1.206230512478275729e+00,1.876251678514746146e+01,6.378785691269065694e+00,-1.029084950707743040e+01,1.923015368162094063e+01,3.289890777667474175e+00,-1.465847893860239504e+00,-3.333273134938450255e+01,4.654987698543101260e+01,6.893596050120885721e+00
-2.817183499563070903e+00,4.415027811573218663e+00,1.571400359731983887e+00,1.014246669415254232e+01,4.222390014972060790e+00,-1.487644627305133582e+01,1.613627195458474972e+01,-6.808347840547439134e+00,7.493329434368138031e+00,2.700896148936169361e+00,-5.677200836992749799e+00,-1.678502958325657701e+01,1.011594637056292001e+01,-4.110386980893576236e+00,-2.687493952382486562e+00,-1.039981393572948676e+01,-1.228433343240614262e+00,2.547867493596896793e+01,-3.268340478289550433e+00,2.758280976114877436e-01,-1.134214859806413500e+01,-6.190140436489508513e-01,1.245819732320665896e+00,-3.913511693877774089e+00,1.123790836235079915e+01,-2.328352673837938536e+00,1.520977027071273469e+00,-5.993218666806355621e+00,-4.040843153065498683e-01,7.256158776425086998e+00,-2.205738965072850277e+01,5.027376337933802120e-01,1.688594594652641945e+00,9.367917420901722636e+00,-1.154888781499358963e+01,4.790560935198377557e+00,-4.042674523777332496e+00,5.501555134661791691e+00,-4.245161602852167704e-01,-1.108142423730226689e+01,-3.575519143030905234e+00,-6.600088843279138473e+00,-7.890652343367592358e+00,2.074808419097831447e+01,7.643166009440181874e+00,9.561903694230624140e+00,-9.217703643913933931e+00,-3.084448204916772518e+00,1.131665674218532835e+01,2.668104021183167252e+00,1.669899611926186367e+01,-6.133608596013830017e+00,-6.558328888062629147e+00,-2.476175114844451297e+00,1.217687918628255872e+00,-6.140355132943549066e-01,-4.239963690900520277e+00,-1.161883722292632370e+00,-2.946404232281604418e+00,-1.413873997789163717e+01,-3.436287926441683904e+00,-8.764181956309343491e+00,1.716920475760896991e+01,1.410073118984376528e+01,-8.306870758025517887e+00,-7.078655792996356944e+00,-2.464294116934361067e+00,-1.089409455709108876e+01,7.806742089084761638e-01,8.641519843753981078e+00,-1.980006200871184063e+00,-1.269194049660735679e-01,4.636746489745799060e+00,7.937912475853431182e+00,-8.812799907059007509e+00,-4.603587613988939786e+00,-2.173510424713048117e+00,1.131860002666947196e+01,-2.168908011162603344e+00,6.211250572705697692e-01,2.209977047536497707e+00,2.007405177273664520e+00,-6.603551109447844070e+00,-7.125457263226883775e+00,-6.312844907675806638e+00,2.647751700500002414e+00,3.881565995526353063e+00,-7.194428286410925466e-02,4.690191408363182823e+00,1.105506023421417616e+01,1.822363288993606778e+00,2.009315029901312055e+00,-6.054126163756459178e+00,-2.109422854511191048e+00,1.684356958956915307e+01,-5.062855197791004791e+00,-2.429501716075097573e+00,-5.239338992908072257e+00,3.953233127877477049e+00,3.758351295084909616e+00
-4.807645310496267754e+00,-6.586549669573565780e+01,2.652184412733007690e+01,4.374883400887356544e+01,-4.307974243564255801e+01,-4.358061557974286160e+01,5.120018680352528406e+01,5.681802178435444439e+00,7.197614821756661740e+01,-3.694567286370172354e+01,1.269326432135540372e+01,-1.283730149966763179e+02,9.530989447044152740e+00,-4.169786297151029331e+00,5.463803953204168806e+01,-8.388757548542070452e+00,2.172441634933868215e+01,1.242809565065752793e+02,-3.017627992942291471e+01,-1.205945668008031824e+01,-4.397900760213868665e+01,-1.271130466513728408e+01,-6.264126878373661000e+00,5.199181274760831251e+00,-8.664599068956722050e-01,-2.906174130830675395e+01,-4.946678001982377282e+01,1.242139665103527335e+01,1.853314846337282518e+01,9.927657529778313972e+01,3.804439987081440222e+01,6.051532279640811396e+01,3.137005928863111848e+01,2.417942380585848383e+01,-7.135765784780960530e+01,1.313887616187396645e+01,1.696484544941231576e+01,-6.273687724785273900e+01,1.774401980061792372e+01,9.419516746274881314e+01,-2.670844080492645389e+01,-8.727117680999885607e+00,-5.831819053131956920e-01,9.536660354226513903e+01,3.504241624917555242e+01,5.012060124220052870e+01,-7.330137725120783898e+01,-2.615801125463923782e+01,5.598720621649608375e+01,-2.897694956837854008e+01,1.002633518391096032e+02,-2.746947536225203024e+01,3.810980068338239590e+01,-4.378130518461308185e+01,-5.667855628177136396e+00,5.272242467951956968e+01,-5.938949885447364352e+01,-4.228834325373103553e+01,-2.806083137208329603e+01,3.775424930710151727e+01,2.501500193538962336e+01,-1.784351005114387689e+01,3.963427722459914548e+01,2.768651190015280150e+01,-5.223721868443097094e+01,-1.732502318819367915e+01,-3.163243019324239214e+01,-8.370167727444059835e+01,-9.432397332770426246e+00,1.663012603731736760e+01,-1.358210017924563751e+01,1.616173900513302675e+00,1.855332543131337220e+00,8.893230168186801166e+01,-5.119754278702232853e+01,-2.435862206762620730e+01,-1.044892245600634162e+01,4.936973487497660074e+01,1.803872899869893942e+01,2.284545700882302199e+01,7.189272054970619763e+01,-4.214621051008871078e-02,1.292124705724763700e+01,-7.013234441064659563e+01,-4.768941593531268808e+01,1.129723185163308230e+01,-1.065870213595667622e+02,2.594058884756320182e+01,-4.161147425445106052e+01,1.436250150544497295e+01,-4.076386925325550692e+00,2.780330372850258414e+01,1.735442692847664858e+01,-1.406802234276409536e+01,1.115616097611862934e+01,1.122650657678577524e+01,4.932302354731902261e-01,-4.743589998142571318e+01,7.019038554714026645e+01,6.673072445538779540e+00
-3.130661375602515228e+00,2.912474688361164965e+00,2.393847990595098008e+00,1.198927563080035341e+01,3.326281446099200956e+00,-1.702600209427834699e+01,1.857458934270834305e+01,-7.095986292200061385e+00,9.934928050888551354e+00,1.872641847850348817e+00,-5.700949788675995222e+00,-2.136177776743847545e+01,1.103154343116373859e+01,-4.490489170505870931e+00,-1.377775865317786064e+00,-1.130281138522388851e+01,-7.180597413925222661e-01,3.050863331527816058e+01,-4.300217330626004753e+00,-3.384786111849313883e-02,-1.327308985075899095e+01,-1.004487319614697505e+00,1.156536627547723128e+00,-4.026335567554513162e+00,1.194390465359601983e+01,-3.268932998055824601e+00,2.760036107026948571e-01,-6.044867575465939780e+00,7.311636189454295831e-02,1.042394714200756489e+01,-2.245585758276104116e+01,2.179206349885896010e+00,2.650346590911969447e+00,1.063286325925015419e+01,-1.423696101708146422e+01,5.458453562000189052e+00,-3.844281902385655147e+00,4.154521762822014352e+00,2.992232481434209390e-02,-9.242089954225580328e+00,-4.533137101897395382e+00,-7.265610238344217819e+00,-8.418732321649502026e+00,2.468551949480961838e+01,9.091227227687154411e+00,1.154410622377774587e+01,-1.180724207467504172e+01,-3.995235433699912964e+00,1.357213269403680300e+01,2.054182585848218778e+00,2.050659106001848642e+01,-7.277963042795975390e+00,-5.948865781661741181e+00,-3.826192470776882182e+00,1.142775632469937852e+00,7.782499603323254078e-01,-6.128460612093392434e+00,-2.386026381967306431e+00,-3.899918066399753691e+00,-1.403103354500201050e+01,-2.979856749388411608e+00,-9.817826868306170240e+00,1.936040191556210743e+01,1.576818390617755128e+01,-1.026509574847810669e+01,-8.008797061373849502e+00,-3.483529315778305158e+00,-1.387497222363889549e+01,5.751325978691761431e-01,9.654241636650406022e+00,-2.477485383605221525e+00,-9.125705504431089188e-02,4.988148826347504894e+00,1.086896747508250272e+01,-1.077562670785534138e+01,-5.564114573271806918e+00,-2.598442006107576141e+00,1.339444577316303153e+01,-1.819704981075443762e+00,1.282018517949993441e+00,4.306329384615371403e+00,2.136575298625180253e+00,-6.681243158275899319e+00,-9.493089765226486065e+00,-8.018087390256717129e+00,3.126513058242568199e+00,1.238226467512898665e+00,6.280329722566961870e-01,3.864335058255723432e+00,1.216286459970471867e+01,1.829935294128915757e+00,2.895000268942627741e+00,-5.975728650086818305e+00,-2.628502937710619491e+00,1.824005062535195520e+01,-5.086565462458670694e+00,-2.573819928816198033e+00,-6.868006072514036831e+00,6.116510576455747028e+00,4.183599364557174738e+00
-3.837670233376781148e+00,-2.052050689876469391e+01,1.075908605484056757e+01,2.337486627452194199e+01,-1.242679963362327911e+01,-2.684230689688287441e+01,3.053581202495849212e+01,-3.020258938200129695e+00,3.160491402798731286e+01,-1.134324661449388572e+01,3.575038813095750001e-01,-5.891809266333609685e+01,1.098500317609867594e+01,-4.570907295208797905e+00,1.774920507847254569e+01,-1.078364236937114562e+01,6.938040433454340850e+00,6.391817957426771102e+01,-1.334493764587384668e+01,-4.154039991153585909e+00,-2.435220392253476973e+01,-5.056618948860366558e+00,-1.336031050745075666e+00,-1.037198707692051691e+00,8.062422531343919729e+00,-1.224144409930539368e+01,-1.674915196139164664e+01,2.369165403626549704e-02,6.398755287210912357e+00,4.129753073254892115e+01,-2.686021909777089434e+00,2.225159444812355858e+01,1.259911025932635908e+01,1.572305170042163169e+01,-3.440394684024480654e+01,8.320260407091423005e+00,3.119942508189597064e+00,-1.857968626290214331e+01,6.098249349528306773e+00,2.579347879208354399e+01,-1.232022012374156361e+01,-8.074013178002477531e+00,-6.091759873616656940e+00,4.993962052934728035e+01,1.836466960171934204e+01,2.524562881933535508e+01,-3.336918051400381557e+01,-1.175523719671362954e+01,2.867429017285558857e+01,-8.486912528360734953e+00,4.869204363808929514e+01,-1.450189578713972516e+01,8.889131073939260830e+00,-1.767288817074971874e+01,-1.141439703761172542e+00,1.860204749974118954e+01,-2.462996672346338300e+01,-1.615362085288992589e+01,-1.234024123599321676e+01,3.110885948308069970e+00,6.482097893344444195e+00,-1.298258832552105702e+01,2.712446737494136428e+01,2.051828397519293645e+01,-2.507542656266431891e+01,-1.153892090472936438e+01,-1.327209185277498626e+01,-3.837841494701187628e+01,-2.828067668651149891e+00,1.245251716738975212e+01,-6.385773065706236373e+00,4.896697117513653663e-01,4.126506597821006039e+00,3.806608471294396168e+01,-2.507664414637065065e+01,-1.223696025645736363e+01,-5.397317029457487259e+00,2.628345559254335484e+01,4.904687716992810920e+00,8.721791015671010783e+00,2.763705111426398986e+01,1.480890560072783746e+00,-2.504904910788798844e-01,-3.066418372419492400e+01,-2.194519462658983144e+01,6.057443325355294839e+00,-3.563934168414998283e+01,9.324165266117036666e+00,-1.154735162649017077e+01,1.343156891768936667e+01,-1.154407557747565427e-01,1.154872617772765686e+01,1.761637472537249671e+00,-6.657893582145986144e+00,1.658664274863853194e+01,2.851302808048403747e-01,-1.632409298843839451e+00,-2.105345793146181066e+01,2.832089526658498713e+01,5.213497035322514073e+00
-5.731037642542522903e+00,-7.474573357183753330e+01,3.039121346149445912e+01,5.079338710817302172e+01,-4.877091473282565914e+01,-5.101648643220989499e+01,5.981856768166076677e+01,5.884403153062349290e+00,8.276005283063845752e+01,-4.190715859132133403e+01,1.398153436612648548e+01,-1.479064694237648894e+02,1.175877331627613742e+01,-5.116795677248402008e+00,6.209001284348658345e+01,-1.048071375489444179e+01,2.467335185937776387e+01,1.440007539357731901e+02,-3.470858341630043498e+01,-1.373204060809473503e+01,-5.116111156912073454e+01,-1.455404636844148136e+01,-7.036278396328144780e+00,5.587642219076016659e+00,-3.242777685600550797e-03,-3.335482901222815855e+01,-5.629341627585682772e+01,1.364371248086789379e+01,2.110533654660135383e+01,1.138808543226606105e+02,4.146366396428686585e+01,6.907388812424262881e+01,3.593184498357933876e+01,2.840266661985942065e+01,-8.241005585806070144e+01,1.540745965963200170e+01,1.899741061516424878e+01,-7.108167171806645968e+01,2.020338654746439033e+01,1.064769998761160821e+02,-3.077974759812101979e+01,-1.053359285552746982e+01,-1.356939085995010785e+00,1.106034678481944837e+02,4.064288642134196294e+01,5.801076800232851838e+01,-8.442290195736362080e+01,-3.010882487233440585e+01,6.485662687187053166e+01,-3.282011199124373491e+01,1.158342400449748624e+02,-3.187210461979588416e+01,4.289693202249589632e+01,-5.015839109910854177e+01,-6.358577957948828185e+00,6.008663306825341976e+01,-6.811727046436065791e+01,-4.834015741536303779e+01,-3.226727033761510199e+01,4.182684714156728489e+01,2.823337917768269989e+01,-2.112236682651720088e+01,4.671588482390220065e+01,3.281808522208325485e+01,-6.031517550868979782e+01,-2.038317380941766288e+01,-3.629913013197129601e+01,-9.643347662008477528e+01,-1.069109910787100937e+01,1.972750720456182094e+01,-1.566666877750684250e+01,1.832443370721095199e+00,2.522839981818508548e+00,1.021409066217305224e+02,-5.917356773086120825e+01,-2.818943145324778499e+01,-1.210961632682627709e+01,5.730824888182314680e+01,2.038664589403827421e+01,2.611425713442184104e+01,8.220174220248757990e+01,1.278952553375276580e-01,1.416038930837839516e+01,-8.062457807308304325e+01,-5.495269916747338357e+01,1.311885522991773989e+01,-1.212435331284136311e+02,2.958411820316080210e+01,-4.705505348465727877e+01,1.735240202508510166e+01,-4.490183368306722045e+00,3.189136229255580446e+01,1.926547998914111659e+01,-1.623230491157055866e+01,1.420235731320694583e+01,1.236225831721226065e+01,3.496547443221351692e-01,-5.456940881133979815e+01,8.041270479702697571e+01,7.941433875529948061e+00
-4.386873807295018857e+00,-4.086873790107524229e+01,1.795405405730370063e+01,3.299204251431746115e+01,-2.613364407483192409e+01,-3.499940069587853486e+01,4.051895545042044944e+01,6.514653291684719960e-01,5.016824297810149602e+01,-2.282400381307135717e+01,5.717931114329445563e+00,-9.100691359049866946e+01,1.072283103401228743e+01,-4.550221876822659439e+00,3.433818053605645559e+01,-1.010678451149204271e+01,1.358158423360515954e+01,9.223251586109695666e+01,-2.108989896722076551e+01,-7.720863788774031455e+00,-3.367819367345369841e+01,-8.544989719197889855e+00,-3.517503835053626737e+00,1.631952462195215503e+00,4.461382157022510064e+00,-1.994462441860367719e+01,-3.149608375843251551e+01,5.399786012606033303e+00,1.187439477993895309e+01,6.782004004805344266e+01,1.488351349387618328e+01,3.958761824894360615e+01,2.116002892877748209e+01,1.991657981219917772e+01,-5.157936411294068790e+01,1.068839641885828939e+01,9.227296571564075123e+00,-3.834785903728490553e+01,1.135196182294843226e+01,5.631521794295743888e+01,-1.897156047924111633e+01,-8.627844449497853674e+00,-3.907606331355934159e+00,7.130961180975614866e+01,2.621131146648412980e+01,3.687702868453853000e+01,-5.180129813972175867e+01,-1.839394769667103446e+01,4.147765284101107852e+01,-1.765532768178274026e+01,7.268422122896923554e+01,-2.061042148261432061e+01,2.185638922163730058e+01,-2.958521603883899331e+01,-3.142232009630246736e+00,3.401928650861591308e+01,-4.052639812071959113e+01,-2.802642395025865696e+01,-1.956993110169022643e+01,1.823557051314210753e+01,1.473474765200657899e+01,-1.552536119531477965e+01,3.345766046201818256e+01,2.431405807739969660e+01,-3.769262220882065151e+01,-1.443443060149083479e+01,-2.167754135514710256e+01,-5.931587213958403737e+01,-5.786326040536899029e+00,1.468125512788943254e+01,-9.719969224458715473e+00,9.945056908573405297e-01,3.280120629731617221e+00,6.139634273144197607e+01,-3.724257813961365571e+01,-1.790279260950661566e+01,-7.768485713778577662e+00,3.717411868198357183e+01,1.076366154186037605e+01,1.513779848880586876e+01,4.775154940202227039e+01,8.701877265007044171e-01,5.452011512423441175e+00,-4.880442922532571259e+01,-3.384283692805917099e+01,8.532332233661520604e+00,-6.759501237658413686e+01,1.684115637031292323e+01,-2.496941847646691315e+01,1.428545885191596199e+01,-1.836666768798041360e+00,1.898340435758223066e+01,8.581292373071608637e+00,-1.009391042456647369e+01,1.478816713280385109e+01,5.038565158189832971e+00,-7.655139917014787132e-01,-3.319792151181885487e+01,4.742373697734547733e+01,6.021099230591000051e+00
-4.715408286287225081e+00,-2.472765564375844249e+01,1.306193942125728746e+01,2.854593129713581590e+01,-1.493590362646728842e+01,-3.286106319631849715e+01,3.736310071170454705e+01,-3.825646602827475373e+00,3.844139015424447336e+01,-1.366235865753418111e+01,2.910068165964885267e-01,-7.173298757904539968e+01,1.354867494578096654e+01,-5.635193426123224825e+00,2.141641572225370282e+01,-1.331203522795546945e+01,8.367086518628997993e+00,7.800206303633345328e+01,-1.623419283241591771e+01,-5.021132675597533179e+00,-2.975883943008036425e+01,-6.135944121564457454e+00,-1.586023744109316347e+00,-1.353105553986920562e+00,1.003921214683053620e+01,-1.487506900711547431e+01,-2.023507752722366604e+01,-1.209252902105681926e-01,7.734917183373969607e+00,5.016733815617986636e+01,-3.801732119468187676e+00,2.694570685318260672e+01,1.529201584885247556e+01,1.926490004779724075e+01,-4.193055180609085397e+01,1.019035976213649519e+01,3.675441848086292929e+00,-2.235137970405352092e+01,7.370677107807072304e+00,3.094361478469826920e+01,-1.500155040856773958e+01,-9.937473084184698990e+00,-7.570383812806006141e+00,6.096443938007492136e+01,2.241924101281086124e+01,3.079579590206729733e+01,-4.061988812013491668e+01,-1.430544143730642048e+01,3.498962283803971474e+01,-1.020589254729858908e+01,5.935330947220784736e+01,-1.770608823812973043e+01,1.059562777186174998e+01,-2.145293676736052291e+01,-1.351194105004463797e+00,2.250044682589589584e+01,-2.991775810280342540e+01,-1.958122029997901237e+01,-1.501007997152403384e+01,3.412463960399023222e+00,7.760105189093609468e+00,-1.593279407911217049e+01,3.325981941721015289e+01,2.518715158092754436e+01,-3.055845653593157252e+01,-1.414331645618634248e+01,-1.612595040953802794e+01,-4.672487241334574293e+01,-3.403584179561190304e+00,1.528813818749974374e+01,-7.778714777361542154e+00,5.895242915323006816e-01,5.110433140305784327e+00,4.627303871078537156e+01,-3.057255918860038690e+01,-1.492643574244939231e+01,-6.587125457362164482e+00,3.209582368272532449e+01,5.882456201236855975e+00,1.057229270557339795e+01,3.350683765808483372e+01,1.842566899857027041e+00,-4.680282277974336935e-01,-3.729355472979381148e+01,-2.671987357781638295e+01,7.397975127034478682e+00,-4.304069236258765585e+01,1.128410158045529244e+01,-1.385974940679106027e+01,1.653342114106287752e+01,-9.423914139589140149e-02,1.402864484704334025e+01,1.981150510812246246e+00,-8.111317815104387208e+00,2.049678964883038290e+01,2.187415397353742463e-01,-2.036500294518921006e+00,-2.561372575435851218e+01,3.437807212260413792e+01,6.404191629844857125e+00
-4.124688055333919579e+00,-5.935250430863567317e+01,2.367785015227004664e+01,3.855836597532313448e+01,-3.890812227155038272e+01,-3.809454383899494445e+01,4.484360735076771221e+01,5.544915595130516905e+00,6.404452309473180094e+01,-3.330720126902978961e+01,1.175720425067400576e+01,-1.140004391157325898e+02,7.877488558126315432e+00,-3.467230304730676060e+00,4.917079646600667786e+01,-6.834498582122367161e+00,1.956117693833396487e+01,1.097563780715473456e+02,-2.684253641706338911e+01,-1.083177106120692201e+01,-3.868544321696285238e+01,-1.135711167088093276e+01,-5.699315479687749431e+00,4.920766910665306249e+00,-1.519926775093731974e+00,-2.590529278457417206e+01,-4.445668189120452496e+01,1.153431782601735378e+01,1.664511346912658141e+01,8.854008915730562990e+01,3.557215209127198818e+01,5.422994915012509409e+01,2.801742416516843903e+01,2.106197645609967140e+01,-6.322180208755106179e+01,1.146471024980260012e+01,1.547940196081484920e+01,-5.661895278326677072e+01,1.593886440345323230e+01,8.519604082455165894e+01,-2.371266793864434774e+01,-7.389116776068366477e+00,-1.246501970715296892e-03,8.414206821781358769e+01,3.091669026148190369e+01,4.431021805194209406e+01,-6.511883061288506269e+01,-2.325157272435972899e+01,4.945470115979280479e+01,-2.615959793591894211e+01,8.880061150972552753e+01,-2.422595028597351074e+01,3.460608832379435995e+01,-3.909433297930974760e+01,-5.162788032482877654e+00,4.731600819776306821e+01,-5.297335597742152657e+01,-3.784250958491958272e+01,-2.496692980318314525e+01,3.478844337538497200e+01,2.265776644364726167e+01,-1.542057258134520836e+01,3.440433725572589196e+01,2.389382393088214940e+01,-4.629113281258991464e+01,-1.506709032663523651e+01,-2.820140350329977608e+01,-7.433379128973398053e+01,-8.509503619568571153e+00,1.434065894139789776e+01,-1.204796013750170403e+01,1.457590200365026289e+00,1.357094320936968579e+00,7.921945972563240446e+01,-4.532542185329236872e+01,-2.153765062501841143e+01,-9.225693037904768801e+00,4.352078484285205917e+01,1.631845478281261563e+01,2.044411533709008566e+01,6.431901926269868852e+01,-1.705098264484102288e-01,1.202287785820083243e+01,-6.241553329243826198e+01,-4.234501931255650931e+01,9.955005345326330968e+00,-9.583161863575037387e+01,2.326529559785146262e+01,-3.762247640156991224e+01,1.214774460514340326e+01,-3.775719403344163894e+00,2.479796349140782752e+01,1.596171933840540902e+01,-1.247512301697032377e+01,8.889964329662300102e+00,1.040136750246352015e+01,6.028967095009066801e-01,-4.218866930222979761e+01,6.267730691272890198e+01,5.735164203018937812e+00
-3.165208200715377451e+00,-4.238202693587883374e+00,4.753231492733747565e+00,1.470898633127162825e+01,-1.557876473020306740e+00,-1.899425695538712588e+01,2.109518276969987483e+01,-5.481283199992403432e+00,1.583666106871372037e+01,-2.173195921929800711e+00,-3.573621945422345902e+00,-3.135681221578897038e+01,1.039660320738657262e+01,-4.261656734315854678e+00,4.402635271410879625e+00,-1.051168148201080577e+01,1.605086340108279774e+00,3.875232150072618253e+01,-6.754866719057739388e+00,-1.260406516140462729e+00,-1.582914505955675466e+01,-2.156107309987093323e+00,3.482482922770999689e-01,-2.908425074481495454e+00,1.011418460206063763e+01,-5.760112890004648989e+00,-4.815704931541716860e+00,-3.895164490545210079e+00,1.955033711577993660e+00,1.904226625530260719e+01,-1.529710166992343368e+01,8.041243039609229371e+00,5.467428793038711099e+00,1.155192007374415297e+01,-1.944836418556082336e+01,6.004416384450758315e+00,-1.551420530731685510e+00,-2.857737270626493853e+00,1.837552099556476470e+00,1.724330835772747150e+00,-6.599699958518160159e+00,-7.097595289741754243e+00,-7.250963634738462282e+00,3.082543933183219664e+01,1.134434304994359977e+01,1.497939087347507048e+01,-1.757135071244195501e+01,-6.084007102572448922e+00,1.731085079343462496e+01,-1.204367287043709212e+00,2.775578310453186504e+01,-9.022087963908438368e+00,-1.189898006914113182e+00,-7.739271668122167824e+00,3.973837420054751046e-01,6.048725888857384270e+00,-1.129978906476472034e+01,-6.356600779084423891e+00,-6.196898610323695600e+00,-8.130117765619363723e+00,9.054254949159457055e-03,-1.020868975377410948e+01,2.058534301133503064e+01,1.629672800373614194e+01,-1.410298626593413118e+01,-8.610441725427495641e+00,-6.205939141270483184e+00,-2.039970008287444969e+01,-4.719348305795314502e-01,9.945043837314411661e+00,-3.503289097823180320e+00,8.708801813432456851e-02,4.450416773793783420e+00,1.836606813425215634e+01,-1.443291952255739652e+01,-7.240416820684715482e+00,-3.286656809241697452e+00,1.648330191789234078e+01,2.876673964045948217e-01,3.428062746757283286e+00,1.102010643837598636e+01,1.820791413792108848e+00,-4.387722298832525070e+00,-1.527094963593999921e+01,-1.171914271923479234e+01,3.824371233822481564e+00,-9.826790570954470283e+00,3.185488384080937596e+00,-9.483255559012899738e-01,1.185638163929212396e+01,1.146884376298321184e+00,5.312184121076158227e+00,-3.332351502955188227e+00,-3.681912227276057603e+00,1.672018039261980960e+01,-3.198588494288387540e+00,-2.148228462488662949e+00,-1.071083699683786783e+01,1.239255108655244086e+01,4.255138493786565057e+00
-3.373249381467853247e+00,-4.582987972487349992e+01,1.848408222558852643e+01,3.055766582674434417e+01,-2.996339965094957591e+01,-3.048280026869993264e+01,3.580038961092600402e+01,3.896046052944213578e+00,5.019175524167495439e+01,-2.570516914748888482e+01,8.788993515766353681e+00,-8.955002396771996587e+01,6.727819519883934340e+00,-2.940589438535903710e+00,3.802640939847607626e+01,-5.934894594050593497e+00,1.511810339003260850e+01,8.677792868582115204e+01,-2.104422045420070120e+01,-8.395848576977819278e+00,-3.072867614263233449e+01,-8.857793880724424085e+00,-4.351265844116473325e+00,3.585800860654698496e+00,-5.030349138769740769e-01,-2.025965006667460599e+01,-3.443551772728373095e+01,8.596839839880253464e+00,1.290303919428212964e+01,6.920189561495830333e+01,2.629744285698422601e+01,4.214789611967886884e+01,2.186146888357260210e+01,1.692243740640287086e+01,-4.979725676068493101e+01,9.192818123661790963e+00,1.177835973343452558e+01,-4.364137677508729496e+01,1.235330052343698704e+01,6.549936955522569804e+01,-1.863193030980964338e+01,-6.136592968618803212e+00,-4.766112363895355086e-01,6.659946471055950212e+01,2.447211613217590909e+01,3.498983534558959008e+01,-5.113005832452528665e+01,-1.824422012842665808e+01,3.909106411780403789e+01,-2.015597269756833754e+01,6.997343762272139145e+01,-1.918476999986421916e+01,2.648142400241979288e+01,-3.051180479717943328e+01,-3.936268543996017222e+00,3.671087812213783508e+01,-4.139724275454894098e+01,-2.946035384429375625e+01,-1.956812788928151647e+01,2.616610771010619629e+01,1.738997603208902731e+01,-1.250465857887321697e+01,2.775501395130122972e+01,1.940707738731772380e+01,-3.645265666426150375e+01,-1.212852486042628364e+01,-2.205111474040836939e+01,-5.838789248606187954e+01,-6.561832010080903110e+00,1.165855162477674156e+01,-9.476379765848918169e+00,1.124384164576464284e+00,1.333484754439009823e+00,6.200414135636515311e+01,-3.573313606714867063e+01,-1.700467833296629294e+01,-7.296135455430305505e+00,3.448261593573066364e+01,1.254295795028336080e+01,1.591532601181250151e+01,5.008646531225036824e+01,-1.142113148179146886e-02,8.939488677380058590e+00,-4.890442818897358279e+01,-3.326771626839911988e+01,7.891141474111373455e+00,-7.419347427632020242e+01,1.806461278625070577e+01,-2.893670637383077349e+01,1.010091526044190502e+01,-2.822554795322721688e+00,1.938041341220676372e+01,1.203170171474995342e+01,-9.815936187404460611e+00,7.919693527861271676e+00,7.773017705897338203e+00,3.217899267425831655e-01,-3.308157711250780153e+01,4.891651468751619802e+01,4.680755707295858770e+00
-6.492507305940824480e+00,-6.260321394264241235e+01,2.725968441584046076e+01,4.959071206786862263e+01,-4.012848325666712412e+01,-5.232359016307629673e+01,6.065028476448048167e+01,1.463399265384097703e+00,7.595624230241013208e+01,-3.497832819646563252e+01,9.108317702088324808e+00,-1.375667258077378960e+02,1.564649812364235437e+01,-6.652168788639627905e+00,5.252902393276027482e+01,-1.468781800950032768e+01,2.078793523484736383e+01,1.388343909149970443e+02,-3.192257671653849016e+01,-1.178834447751318848e+01,-5.055376853905635670e+01,-1.298278177279476076e+01,-5.447967345021226038e+00,2.758020642628884023e+00,6.024357840598979053e+00,-3.024171569007523530e+01,-4.811609098244791483e+01,8.645184950897970566e+00,1.812863478712517562e+01,1.028801225586840360e+02,2.421144952599295763e+01,6.031060834362026668e+01,3.213861230788298684e+01,2.971265398023226112e+01,-7.782711431404706559e+01,1.596189961804773993e+01,1.434489731741298257e+01,-5.883557545571897407e+01,1.733367621683577653e+01,8.660956990905567920e+01,-2.867226923820346229e+01,-1.269589264958559660e+01,-5.411447711279347317e+00,1.072673888564916069e+02,3.942717112945842217e+01,5.555289296040859881e+01,-7.832646361697253212e+01,-2.782571037284177606e+01,6.244462589210374404e+01,-2.709719751412427868e+01,1.096424949161014837e+02,-3.099374540344510720e+01,3.376982780803582074e+01,-4.492712809317301037e+01,-4.873978763305364836e+00,5.189967815051866040e+01,-6.148345876029856782e+01,-4.264177998866172459e+01,-2.962785572446870930e+01,2.877411217365874663e+01,2.269828301598391818e+01,-2.306061276280727412e+01,4.981505038693354948e+01,3.608898932004476023e+01,-5.688284300887094247e+01,-2.151409466164652784e+01,-3.287389436341450022e+01,-8.966548599308896428e+01,-8.874310280074839241e+00,2.178237450925275454e+01,-1.467983940868435866e+01,1.524741498977248977e+00,4.679729141273231363e+00,9.304106982502133860e+01,-5.616186792931979710e+01,-2.697207248917619182e+01,-1.169173005077969307e+01,5.588440446695702235e+01,1.655740863422988340e+01,2.303237614659025212e+01,7.263734642720525869e+01,1.187792711275486468e+00,8.766958225819106332e+00,-7.390272802291231358e+01,-5.115218002921790941e+01,1.282333673021280518e+01,-1.033065256903843050e+02,2.567676679014259022e+01,-3.838611432076401542e+01,2.101230910576649791e+01,-2.925614531631681281e+00,2.879852100620804123e+01,1.349911804093265033e+01,-1.524091578407847258e+01,2.137872617869791725e+01,8.030286375978221258e+00,-9.990738710641101639e-01,-5.024326463911754104e+01,7.201721715821798853e+01,8.918618499858784077e+00
-1.357847976602957196e+00,-1.025402498340620383e+01,4.779054364602552951e+00,9.348819861466845182e+00,-6.447632595813634460e+00,-1.023934037621373250e+01,1.176924525822495227e+01,-3.630695816740576731e-01,1.359633904072100208e+01,-5.708193702057468677e+00,1.039274481799482786e+00,-2.491364694617089270e+01,3.571380075150232258e+00,-1.501265584908318962e+00,8.695363827907742760e+00,-3.433794807131384186e+00,3.426297722323871753e+00,2.591084337799894044e+01,-5.724917731025520595e+00,-1.980799172020453414e+00,-9.620514840868994000e+00,-2.264455962296822999e+00,-8.148888071315454340e-01,1.174233374463623525e-01,2.035189344235968090e+00,-5.354445443210713584e+00,-8.049440278384061287e+00,9.320712444814756026e-01,3.047966689524199690e+00,1.815567851254537857e+01,2.136313368286952397e+00,1.030606282643242189e+01,5.619659854723754400e+00,5.897262830165153957e+00,-1.427921590158321230e+01,3.146309721910799606e+00,2.077130659963236425e+00,-9.515348148637123415e+00,2.910880682214622261e+00,1.373903356349195803e+01,-5.199544927084199131e+00,-2.753321074882524311e+00,-1.630007770750705243e+00,2.011497045709134923e+01,7.394981631343417128e+00,1.031099764854047152e+01,-1.415460795631522473e+01,-5.011371402805123054e+00,1.164125913454396866e+01,-4.370295426575999898e+00,2.015505933597171406e+01,-5.824468304239674765e+00,5.155819296125278228e+00,-7.866218070009508345e+00,-7.197629261834392889e-01,8.774686477979313892e+00,-1.084156587125359295e+01,-7.359253750223583523e+00,-5.305567513379946476e+00,3.624431018159706142e+00,3.552835045736161490e+00,-4.711252852448957640e+00,1.001866293779975337e+01,7.407553512824179620e+00,-1.042444458451154077e+01,-4.296615920111154452e+00,-5.814488408150801035e+00,-1.623445894043491577e+01,-1.439640025898374809e+00,4.482754579281658991e+00,-2.675530441971865958e+00,2.480004125296397521e-01,1.213004679502831751e+00,1.654301069800011348e+01,-1.034726340606862749e+01,-5.002703344215460035e+00,-2.184547505957525004e+00,1.052531889016356992e+01,2.621997554151536569e+00,3.974420705422664568e+00,1.255673072405788915e+01,3.825412758783059419e-01,8.979225478970178642e-01,-1.321389676530265334e+01,-9.270210594739726417e+00,2.419704358825581547e+00,-1.722698729393708561e+01,4.362016594885657739e+00,-6.109143401963605058e+00,4.568708078425292030e+00,-3.339225629832305864e-01,5.080229144903194438e+00,1.752413644546095828e+00,-2.782622496248011945e+00,5.151411749821464880e+00,9.110921999749634903e-01,-3.883786211877919836e-01,-9.019069554606087280e+00,1.260793754658624977e+01,1.855218531332047061e+00
-3.873293522980358006e+00,-5.085873924283013281e+01,2.065089899492375380e+01,3.445172954009070310e+01,-3.319602203472171453e+01,-3.456406128934288091e+01,4.053840487336990606e+01,4.057603130918675305e+00,5.620892089608717157e+01,-2.851648281546981067e+01,9.553698389739558650e+00,-1.004268109387549401e+02,7.911059506524535045e+00,-3.444898299195289670e+00,4.223934372439319418e+01,-7.039705450605081793e+00,1.678642003115052717e+01,9.769890594790223304e+01,-2.357230860883393220e+01,-9.339149849534706505e+00,-3.469178248636610817e+01,-9.890617865263703123e+00,-4.794550562213511391e+00,3.831756709375742531e+00,-9.564243443396414079e-02,-2.265966293546919985e+01,-3.828835210892237484e+01,9.326629944222741386e+00,1.435355750859701374e+01,7.737092764011936197e+01,2.837587606596813572e+01,4.696138018196762687e+01,2.441717832204064820e+01,1.923399785637092663e+01,-5.593722675552962187e+01,1.043619671752945699e+01,1.295056385917642316e+01,-4.837645956249143353e+01,1.374046254874087403e+01,7.248927644922245861e+01,-2.089841262086222073e+01,-7.107252459739273220e+00,-8.570197554059665324e-01,7.503034848350590380e+01,2.757085778398377940e+01,3.936388624500382605e+01,-5.732520824277935390e+01,-2.044631366924171090e+01,4.400401618480145061e+01,-2.233763464775814001e+01,7.862058502571353813e+01,-2.161987209615364236e+01,2.922153425096491830e+01,-3.408371667670022021e+01,-4.333526315419897301e+00,4.085994155568032937e+01,-4.627987188094503779e+01,-3.285836873475999198e+01,-2.191505799304221469e+01,2.855697640387020897e+01,1.922535441314537152e+01,-1.428890741348518922e+01,3.162088067336894426e+01,2.219683213699171276e+01,-4.094116206180316198e+01,-1.380032058847645793e+01,-2.466045776618905094e+01,-6.547764625699014118e+01,-7.275713370125531654e+00,1.334151732645443644e+01,-1.063580969278740795e+01,1.246992509710630470e+00,1.676807901066635687e+00,6.938289082094149762e+01,-4.016073963566491045e+01,-1.912862541221062784e+01,-8.215646330893791927e+00,3.887161483119546546e+01,1.387957022042574451e+01,1.775075976447661574e+01,5.587323594895516976e+01,7.026953523157958292e-02,9.683009760150495637e+00,-5.476000153466791431e+01,-3.731162108993684967e+01,8.897917272880659922e+00,-8.246965457201865490e+01,2.011579253199535344e+01,-3.203324226802789809e+01,1.170653947797608652e+01,-3.068172257831277339e+00,2.166725743801402260e+01,1.314955706679064917e+01,-1.101932787505199762e+01,9.516594121845049159e+00,8.447592500101013258e+00,2.579416038247561160e-01,-3.705993530042344020e+01,5.464231752447423673e+01,5.368387742185583456e+00
-6.310354422366284410e+00,-5.980669381309037647e+01,2.615705693013853761e+01,4.782472304030962107e+01,-3.829006113955930601e+01,-5.059779358963147189e+01,5.861336685344373620e+01,1.177180459744303853e+00,7.298647889999776339e+01,-3.340811687665281937e+01,8.535610907046933704e+00,-1.322939419596571327e+02,1.531709487652547175e+01,-6.505848978238802260e+00,5.021602249933558682e+01,-1.440836243095338887e+01,1.986715302588007859e+01,1.337942678144570436e+02,-3.067837876336474778e+01,-1.128005026190222182e+01,-4.878651032790328657e+01,-1.245337939158064700e+01,-5.176224789202187537e+00,2.512325103952489425e+00,6.139384245118600703e+00,-2.903773786011426239e+01,-4.602838877774284754e+01,8.081682051123626920e+00,1.734761949179724638e+01,9.876238312325303070e+01,2.245964400531645921e+01,5.777315170135564415e+01,3.083323350066179458e+01,2.876294352613622962e+01,-7.491170211288117287e+01,1.544373710435165847e+01,1.360426998879980687e+01,-5.616281908230688913e+01,1.658565262040267996e+01,8.257686414431825028e+01,-2.757583189454083694e+01,-1.237563860626637791e+01,-5.442180550070609968e+00,1.034082436615782967e+02,3.800926494226628449e+01,5.351529724349497741e+01,-7.531312268238566787e+01,-2.674894839599630458e+01,6.017297763038034475e+01,-2.586181400502754713e+01,1.055494042408187880e+02,-2.988325493273701383e+01,3.212374105784105893e+01,-4.310612571237601287e+01,-4.627469882249698685e+00,4.968162176443474465e+01,-5.901942798339879204e+01,-4.087426789282313422e+01,-2.847023027474342527e+01,2.708990573513590405e+01,2.162388165641235105e+01,-2.237271563991205525e+01,4.827100150545667390e+01,3.502514089867813141e+01,-5.474758982816278774e+01,-2.083617267881516710e+01,-3.156292734543738021e+01,-8.622717902708473048e+01,-8.472790535726741012e+00,2.114456769848927209e+01,-1.412339767659690004e+01,1.455991851333465537e+00,4.634274361674040499e+00,8.936244660045716159e+01,-5.407381022048501507e+01,-2.598149615361685605e+01,-1.126820133552548597e+01,5.389063047975974285e+01,1.578480297748448180e+01,2.207746611973291095e+01,6.963411232821324859e+01,1.203610525775062667e+00,8.178195929095075201e+00,-7.100780957915083036e+01,-4.919392980329532605e+01,1.236750720948474935e+01,-9.880388473682791073e+01,2.458704521739981885e+01,-3.660606949506739483e+01,2.048660780662445191e+01,-2.741698136796324903e+00,2.764515097324996873e+01,1.272805613781747169e+01,-1.466497636866801457e+01,2.102816465785971900e+01,7.523466487023667604e+00,-1.036786128688187647e+00,-4.828814671756421717e+01,6.909766190114825690e+01,8.664724730361617944e+00
-3.713187311589603024e+00,-1.000298856142662274e+01,7.210213389885271162e+00,1.906778399923877387e+01,-5.274294150768189304e+00,-2.352967496904187783e+01,2.636922906136397060e+01,-5.244405383691679745e+00,2.263534340797129474e+01,-5.397723095124622006e+00,-2.658204756964566151e+00,-4.362117388368728399e+01,1.166652825905793200e+01,-4.804470808238615831e+00,9.224254185071337986e+00,-1.169003328028817457e+01,3.515714088849167585e+00,5.099964694715990277e+01,-9.610375387684060300e+00,-2.337469424384445826e+00,-2.025731935359396729e+01,-3.328247710635350742e+00,-1.665476247196859827e-01,-2.597812505056136700e+00,1.049130697505111698e+01,-8.476962029841601520e+00,-9.217934630208009850e+00,-3.017084149420000472e+00,3.611082366768646246e+00,2.829491392136655747e+01,-1.275766700812991949e+01,1.352247884986236315e+01,8.366658970249176264e+00,1.411340432742169249e+01,-2.635554791755443205e+01,7.384153534554236842e+00,-1.843144764073718633e-01,-8.296176998402227554e+00,3.421562439711179238e+00,9.775476088910949102e+00,-9.154718412639846647e+00,-8.152532160683071183e+00,-7.623284564599297930e+00,4.027188762975579550e+01,1.481621790890729429e+01,1.988965117207709454e+01,-2.455948508716624801e+01,-8.569459058346835079e+00,2.282160503456977452e+01,-3.711130160680022883e+00,3.748005963259841167e+01,-1.174942439459472610e+01,1.983392965366475025e+00,-1.179039470048426352e+01,-6.474478759094881575e-02,1.078148837136932414e+01,-1.683084734297654350e+01,-1.021975043161344665e+01,-8.848466990327889192e+00,-5.296036851191448847e+00,2.127169835892757987e+00,-1.217396414704272090e+01,2.485753838642297708e+01,1.936644286429608997e+01,-1.915340039524108917e+01,-1.046063797527539663e+01,-9.160273487571465978e+00,-2.839427147643539584e+01,-1.291479281242081223e+00,1.179585343656144403e+01,-4.809151059521527216e+00,2.277883758063286579e-01,4.805701704526460283e+00,2.671287634213485873e+01,-1.941001196181962740e+01,-9.625041882970977625e+00,-4.317622609772080011e+00,2.139697817840906779e+01,1.827596944637873921e+00,5.514788611752275749e+00,1.759720183797341875e+01,1.898319497742433359e+00,-3.489263769555763339e+00,-2.188834362472945116e+01,-1.627837654759425945e+01,4.951102169625467120e+00,-1.928787638074672373e+01,5.523436964757893364e+00,-4.513294298965952578e+00,1.360034830396894812e+01,8.528678625173036210e-01,7.902546576609225326e+00,-2.011585123778920625e+00,-5.036866918978979868e+00,1.840933401840311134e+01,-2.390640045096673383e+00,-2.202152507084364164e+00,-1.520369990095174728e+01,1.888665793852882757e+01,5.009584678543965275e+00
-1.934736067647512492e+00,-7.856256833529636552e+00,4.615692005810926979e+00,1.088768390893735116e+01,-4.559689731428797188e+00,-1.291542883966523902e+01,1.459200787979915503e+01,-2.109311848220845942e+00,1.392630415146771483e+01,-4.309480572567499834e+00,-5.787375616662342459e-01,-2.632132886438312624e+01,5.800222417879274062e+00,-2.400859854303697638e+00,6.939822528945675195e+00,-5.753868529838989332e+00,2.689994670853090408e+00,2.948395038725328021e+01,-5.893609786239945691e+00,-1.669328747694005077e+00,-1.144202200693641203e+01,-2.154037656268791512e+00,-3.890371345821318494e-01,-9.256763842385580254e-01,4.744331820285541568e+00,-5.320688580919432198e+00,-6.678517660355200114e+00,-7.560954601448712786e-01,2.574039515075053242e+00,1.787327941831624045e+01,-3.920692419281632368e+00,9.194988631910359089e+00,5.385705106832782363e+00,7.648855882713095689e+00,-1.559308466976299101e+01,4.026287379431686908e+00,7.636659011543076581e-01,-6.921020821102060516e+00,2.448118720074805577e+00,9.168138862710126347e+00,-5.512377327925325865e+00,-4.156464543931148725e+00,-3.507973106296275123e+00,2.314349233535046579e+01,8.512431060393703675e+00,1.158115037728518004e+01,-1.487059716490668038e+01,-5.217792148082587289e+00,1.321229519463406099e+01,-3.141598887560431930e+00,2.211416505878542083e+01,-6.734483212450934175e+00,2.809550475786567247e+00,-7.568323321198359821e+00,-3.127829657617781089e-01,7.554726788821630734e+00,-1.064847805478891196e+01,-6.776964220077044132e+00,-5.440204131697998768e+00,-5.301317607874009852e-01,2.220781608867291368e+00,-6.447184854940468668e+00,1.332418101403405686e+01,1.022129961732232495e+01,-1.135094048804424105e+01,-5.639410910257813825e+00,-5.760976614913204230e+00,-1.714030325584398895e+01,-1.060717979129202515e+00,6.214000919922263222e+00,-2.873352908717046628e+00,1.847138743776878811e-01,2.285762426077122544e+00,1.663439851365406597e+01,-1.141608804716702075e+01,-5.609579578749515960e+00,-2.492474647016571065e+00,1.223148530471213924e+01,1.735451619920745259e+00,3.658278925957734629e+00,1.162301608862118307e+01,8.641780326565317027e-01,-9.465923724828688712e-01,-1.349327671253103489e+01,-9.811679165933158586e+00,2.823950577406575846e+00,-1.412830544542619293e+01,3.816897145986852813e+00,-4.139039933880150457e+00,6.924149960238159096e+00,1.854925774559331719e-01,4.995670974440417744e+00,-5.072728575997142997e-02,-3.001552137761155592e+00,8.958466347127831853e+00,-5.299339807731082708e-01,-9.802881833932158839e-01,-9.308589520044284527e+00,1.212637991856519371e+01,2.619557638887459738e+00
-3.999444903471438550e+00,-5.014737323170627548e+01,2.055442776729187315e+01,3.472086840739489588e+01,-3.265504112548307347e+01,-3.510289776449381804e+01,4.109537810789626633e+01,3.631658449948296674e+00,5.613025640870555577e+01,-2.810473114278233098e+01,9.142847210733062724e+00,-1.004805152742557226e+02,8.418155985925215745e+00,-3.648866496400350989e+00,4.170453826591227653e+01,-7.570896961721119034e+00,1.656471003280927690e+01,9.827436737203272799e+01,-2.354651675432105762e+01,-9.239110363732240927e+00,-3.502735881773304527e+01,-9.836773804152960210e+00,-4.680047928892524745e+00,3.573390136603133982e+00,5.478568753387951240e-01,-2.258835289013336833e+01,-3.785590301774534794e+01,8.899756201659997146e+00,1.420093916408088219e+01,7.708775766623780612e+01,2.685849794303713622e+01,4.656640061013426646e+01,2.429342599831781513e+01,1.959615263740501589e+01,-5.609292960061272737e+01,1.061597857275779866e+01,1.260253294197548612e+01,-4.762535821499709954e+01,1.359220771820840135e+01,7.120152414191609580e+01,-2.091431301597572201e+01,-7.420548388257133254e+00,-1.300511469836043155e+00,7.553982896163026339e+01,2.775916041997621164e+01,3.955550383075325982e+01,-5.733507940056564678e+01,-2.043821157337394823e+01,4.425411129352451667e+01,-2.198350939506517676e+01,7.886612525312540356e+01,-2.177554638414750698e+01,2.858283485437342364e+01,-3.391778156405874256e+01,-4.224792173097939418e+00,4.045615240726110073e+01,-4.610475362317843206e+01,-3.262833248113648210e+01,-2.188580954210364382e+01,2.749078977645575250e+01,1.885538263508113133e+01,-1.466115689057539484e+01,3.231738390187885557e+01,2.280289802175526503e+01,-4.104677935157544511e+01,-1.408059224650436114e+01,-2.457886849191144307e+01,-6.550982257138336706e+01,-7.165422623350377940e+00,1.371530062709129894e+01,-1.065306974859900890e+01,1.228483157049662600e+00,1.926829131674870244e+00,6.921078208772821938e+01,-4.030233001236239687e+01,-1.921928422372790024e+01,-8.265808790835482256e+00,3.916813027925533675e+01,1.363030772145914327e+01,1.762611504095986703e+01,5.549547343509741637e+01,1.844283474967125525e-01,9.218018760171611703e+00,-5.467337386422027379e+01,-3.733595965826507523e+01,8.969043002787094210e+00,-8.150357185778557323e+01,1.993017536526799560e+01,-3.147600194105828919e+01,1.223309260779764429e+01,-2.936277120414628516e+00,2.158665771195997252e+01,1.268470640717386999e+01,-1.104052813106754449e+01,1.039392106779252600e+01,8.081852785397975580e+00,1.166839099943489666e-01,-3.702515670199277764e+01,5.437534904428913762e+01,5.534869408107438993e+00
-3.472900233258991776e+00,9.683657552198461360e-01,3.390394698147989327e+00,1.411492494022064115e+01,2.139895700840897419e+00,-1.944805211131243539e+01,2.133452534836405334e+01,-7.338432300856927881e+00,1.284543667831618308e+01,7.964594436361895902e-01,-5.634271351668494354e+00,-2.677107076973838318e+01,1.199915153078301167e+01,-4.893694488076191007e+00,2.971529743929171019e-01,-1.224993339975201678e+01,-6.229947497064847184e-02,3.633440060519893677e+01,-5.528546491358312664e+00,-4.237808012607322539e-01,-1.548307187363591098e+01,-1.473550445245831009e+00,1.024346803434932118e+00,-4.100365408808664291e+00,1.263173888096972064e+01,-4.399615084899127559e+00,-1.298606995882474635e+00,-6.007542342055890217e+00,6.736352436210979455e-01,1.424190489213178346e+01,-2.257772464310781402e+01,4.256326114757038148e+00,3.818211030416748031e+00,1.204776337982427492e+01,-1.738536246145869058e+01,6.208161322543487515e+00,-3.528948123844529938e+00,2.385474226759276561e+00,6.024697988243903346e-01,-6.766012655664042086e+00,-5.663876746605353674e+00,-7.981698061301804259e+00,-8.941959746438055134e+00,2.923229351362722994e+01,1.076316837022762130e+01,1.384803439283754400e+01,-1.487257117931828709e+01,-5.076037711458653234e+00,1.618628995037091656e+01,1.245200596445365626e+00,2.496046347581974700e+01,-8.597658090216240723e+00,-5.079494241019574474e+00,-5.463736518414101795e+00,1.028940891408093750e+00,2.520754863340676444e+00,-8.406015024375703248e+00,-3.889249898879653333e+00,-5.036214866264001166e+00,-1.365739977971404073e+01,-2.353783252402784854e+00,-1.098008711549697836e+01,2.179539626532738339e+01,1.760361268904291165e+01,-1.256046597798988174e+01,-9.045978642829977545e+00,-4.709759306934425460e+00,-1.739874046376631966e+01,3.061931324591233849e-01,1.076766976808843523e+01,-3.062823787195173786e+00,-4.473949759984557906e-02,5.346728233412241238e+00,1.438085772029539555e+01,-1.306814683109927344e+01,-6.681048322379831816e+00,-3.090246542542241848e+00,1.578509793868774125e+01,-1.348511584133746943e+00,2.093687246027945204e+00,6.876876579429823444e+00,2.263247870318867871e+00,-6.665972739200159758e+00,-1.231781465308316648e+01,-1.003252727693066504e+01,3.677247498205352905e+00,-2.116056368956829914e+00,1.500071528336886395e+00,2.757418998827743550e+00,1.335367443348084393e+01,1.808467868500748033e+00,3.962796565819428629e+00,-5.775584520135831568e+00,-3.238520823343278288e+00,1.969188348021447865e+01,-5.030251534133513225e+00,-2.712183574564023480e+00,-8.805375981838947652e+00,8.740770434045025183e+00,4.648935923950045179e+00
-2.412861298220711159e+00,-6.320751978789544978e-01,2.779357178662273498e+00,1.027664488331687842e+01,5.927840922745550856e-01,-1.383532298444229980e+01,1.524322103820325580e+01,-4.790950916026107897e+00,9.976824389064727683e+00,-1.853855993238315847e-01,-3.516624461382556799e+00,-2.037261657375241697e+01,8.199170261944608740e+00,-3.349411479246346968e+00,1.259311862455598785e+00,-8.344487603224242989e+00,3.801896956728589849e-01,2.668042139038412586e+01,-4.278362273450249553e+00,-5.171842151885079897e-01,-1.119488605308910145e+01,-1.230971447669301000e+00,5.625277437321630769e-01,-2.637647777657321946e+00,8.419793503072110497e+00,-3.502720111881723497e+00,-1.827768732257128548e+00,-3.771207109762209519e+00,8.097520862953715426e-01,1.143957417790465669e+01,-1.434077863304534617e+01,4.017718120987191277e+00,3.159224002016326249e+00,8.516050061707916896e+00,-1.299698850054992505e+01,4.401474080126410726e+00,-2.027562822071711235e+00,3.751428217889731798e-01,7.468997353175350629e-01,-2.690071443611296687e+00,-4.301416857238581137e+00,-5.500343941585565055e+00,-5.983571686861878014e+00,2.137559460263707223e+01,7.868996126150866743e+00,1.022210480256197584e+01,-1.135645847861529489e+01,-3.898117753492913451e+00,1.189770850899108900e+01,2.690441577601663248e-01,1.861755524671596973e+01,-6.275637291631289472e+00,-2.652609462276246610e+00,-4.499230013884334412e+00,5.771732287854384191e-01,2.707240752153350805e+00,-6.767396453901827869e+00,-3.418658395865206590e+00,-3.908465408440137345e+00,-8.388613204554468794e+00,-1.086380569978697253e+00,-7.679941964981725988e+00,1.532646983224750237e+01,1.229484148453505377e+01,-9.403246288847913803e+00,-6.378102681321514034e+00,-3.759774664045018255e+00,-1.324559368315970964e+01,2.136503591478877695e-02,7.514511534362991796e+00,-2.309339059261490412e+00,1.498378322094151560e-03,3.607051165949688443e+00,1.133153613610237898e+01,-9.722135200646194519e+00,-4.935152118405834898e+00,-2.266821013894831260e+00,1.150127212630779638e+01,-5.504198758045881767e-01,1.841918441126665362e+00,5.988860829386690732e+00,1.510783122548471802e+00,-4.201261381645193360e+00,-9.588631631140950518e+00,-7.626560761040607872e+00,2.675343975240324745e+00,-3.482775703722177596e+00,1.505542971791004492e+00,1.033729684356615053e+00,9.197651162114828693e+00,1.128711563973579857e+00,3.186539547377001291e+00,-3.520505535762328275e+00,-2.436120027597428184e+00,1.336862590674107842e+01,-3.141683859085989461e+00,-1.801864751910021267e+00,-6.802036005783552497e+00,7.200685209964595046e+00,3.234543127053128853e+00
-5.081866982417735379e+00,-7.669580582709527050e+01,3.033205326855020445e+01,4.879221448244879156e+01,-5.038287682464076767e+01,-4.781965540591062336e+01,5.640093537661780232e+01,7.673108962274410416e+00,8.178546465961859724e+01,-4.305757815955135470e+01,1.557415373703193495e+01,-1.453059229293436090e+02,9.329474548420780167e+00,-4.133479927277888599e+00,6.346187360748703554e+01,-7.965332353943380461e+00,2.525911796895433525e+01,1.391563856137864832e+02,-3.426803188782010068e+01,-1.395482351353776984e+01,-4.886040256245365754e+01,-1.455950673605456736e+01,-7.429971208143019368e+00,6.640375371355422551e+00,-2.847530490693712224e+00,-3.313710255546738637e+01,-5.730546514720644069e+01,1.531255091986961325e+01,2.144271751743513121e+01,1.133129726155926846e+02,4.750816304770003740e+01,6.971611822595332342e+01,3.590474518446995944e+01,2.634809963889989604e+01,-8.040512970203356247e+01,1.436663176550358934e+01,2.023221646397836082e+01,-7.326592098315924773e+01,2.053589114961413031e+01,1.104677800484542871e+02,-3.021768437689277675e+01,-8.980489631501660241e+00,6.250247273758223754e-01,1.065843460041736535e+02,3.916119810721112060e+01,5.623693288783682220e+01,-8.303040817132588813e+01,-2.966357499830844802e+01,6.271493518658259347e+01,-3.386100405850301343e+01,1.128981895089949461e+02,-3.067477195534882384e+01,4.503467207680733964e+01,-5.009044014616493712e+01,-6.737601309504317015e+00,6.091139585289187863e+01,-6.780297306622362896e+01,-4.858459146116209126e+01,-3.188100329722471571e+01,4.587122618980369282e+01,2.941759893916346869e+01,-1.913950072989500129e+01,4.289086158547322469e+01,2.961485655214115909e+01,-5.888465286071351557e+01,-1.881867046123596054e+01,-3.607979662133604393e+01,-9.475049324683961061e+01,-1.100778021430873821e+01,1.776014772582806245e+01,-1.534006406726288319e+01,1.884979036381126960e+00,1.377409411102866743e+00,1.012696960575694760e+02,-5.760227995545435675e+01,-2.733831423024876983e+01,-1.169441188447494717e+01,5.508197784496548621e+01,2.116268776663345363e+01,2.624796179928470963e+01,8.255812141792999626e+01,-3.787430091583918745e-01,1.598945514922262845e+01,-7.971930749683571094e+01,-5.396711629839942503e+01,1.259486571238149111e+01,-1.235765659685030613e+02,2.993188843404898236e+01,-4.876629911294573105e+01,1.474773078074559862e+01,-5.001433099518455272e+00,3.173807972926515575e+01,2.101235921128614237e+01,-1.587924665260645085e+01,1.009755590238411216e+01,1.378135181989625835e+01,9.684430934113541500e-01,-5.385125448674075699e+01,8.030794613232869494e+01,7.078682324106547519e+00
-5.640637312899498212e+00,-5.548306022156803152e+01,2.403828791338908388e+01,4.347805225417782538e+01,-3.561271606884152874e+01,-4.572944772679689862e+01,5.304512729053683273e+01,1.529224048401248481e+00,6.687226468360123022e+01,-3.100818942322776550e+01,8.246791928210704725e+00,-1.210031308950303384e+02,1.347831302437633028e+01,-5.736953567757246297e+00,4.651942384958378796e+01,-1.262117695007313500e+01,1.841539610578297825e+01,1.218223767261246877e+02,-2.810067529837433398e+01,-1.042835793767664399e+01,-4.428766658238497911e+01,-1.145303137940255134e+01,-4.858190563031445919e+00,2.573163291021127730e+00,4.935185155072774776e+00,-2.664765348022887181e+01,-4.257876693081857411e+01,7.848411565788889099e+00,1.603649152290858382e+01,9.067640965521817975e+01,2.216268308679389776e+01,5.328645416686749314e+01,2.834633428216168127e+01,2.593620864894818823e+01,-6.838530012739536801e+01,1.394154155238961224e+01,1.281837902741347790e+01,-5.219077374417777548e+01,1.533459705455167921e+01,7.693133804466907577e+01,-2.521734005382910837e+01,-1.099228985954336935e+01,-4.509429285305483148e+00,9.408661815973214004e+01,3.458186169367891694e+01,4.876767201209701597e+01,-6.890738770278116476e+01,-2.448614287127611533e+01,5.479795613394467324e+01,-2.404153338984231780e+01,9.632604927229319003e+01,-2.718050139285604416e+01,3.007370987410143570e+01,-3.962182993544674758e+01,-4.349912099185130998e+00,4.589137000417392898e+01,-5.419358939125702079e+01,-3.764751462887059574e+01,-2.608370116559506613e+01,2.592096727047398019e+01,2.018028369796449795e+01,-2.007789856927316663e+01,4.343292358449651402e+01,3.140781376532822122e+01,-4.998658563546445777e+01,-1.876943724778067946e+01,-2.896932308237363429e+01,-7.887100045750675292e+01,-7.870356836496573472e+00,1.895241189662316472e+01,-1.290578467120394635e+01,1.351997193891049776e+00,3.975434230759858689e+00,8.195681836657084318e+01,-4.933184646341042168e+01,-2.367905606421544817e+01,-1.025812365386816438e+01,4.899981793295712862e+01,1.470893951152762291e+01,2.033501524338201349e+01,6.412196364310747754e+01,9.802619894210369278e-01,7.977179234671663899e+00,-6.507006566074227294e+01,-4.499076951964187998e+01,1.124183546407399348e+01,-9.143908145539735699e+01,2.269619472133128824e+01,-3.408897579736539285e+01,1.818820656502766298e+01,-2.648849833240464413e+00,2.538317699757882195e+01,1.214053635351385552e+01,-1.339719360998719822e+01,1.831154212349171928e+01,7.272722922451779759e+00,-7.988467580628829667e-01,-4.422463559863734872e+01,6.351349366066700242e+01,7.752287075602653843e+00
-6.286006822647772552e+00,-6.009492426835365109e+01,2.622469950621895407e+01,4.782714841667669248e+01,-3.849787566096532743e+01,-5.053120801979550691e+01,5.855452819919516827e+01,1.294964740735837339e+00,7.312337252456997305e+01,-3.357303682060677374e+01,8.660930548971244036e+00,-1.324886520803114536e+02,1.520332351642991497e+01,-6.460632710927043831e+00,5.044102655211732156e+01,-1.428659569443281185e+01,1.995892719160883644e+01,1.338493546860773051e+02,-3.073393980409192849e+01,-1.132512437870590283e+01,-4.877237643760706476e+01,-1.248773786927467988e+01,-5.215577127367396315e+00,2.586615255251288215e+00,5.973968901707531032e+00,-2.910309081210457549e+01,-4.621891034809124932e+01,8.210644022281721632e+00,1.741660362905764359e+01,9.899571796285884773e+01,2.290813875397065758e+01,5.797205935650863751e+01,3.091569969240386584e+01,2.870989340143412960e+01,-7.498785846218272866e+01,1.541924542397994635e+01,1.372051300738740309e+01,-5.645609796023621385e+01,1.665224357526341947e+01,8.305798797501604724e+01,-2.761513721722283066e+01,-1.230995623111003923e+01,-5.330094483089752089e+00,1.034332082207937873e+02,3.801815926434154846e+01,5.354782425693579029e+01,-7.542960256140960951e+01,-2.679347768220714698e+01,6.020012417932024107e+01,-2.599911045671776222e+01,1.056495885527269678e+02,-2.988817151089807922e+01,3.234839301554924873e+01,-4.321949116346258535e+01,-4.664384031556069843e+00,4.987012390888497038e+01,-5.916047192061280668e+01,-4.100154717053843001e+01,-2.852323812891458843e+01,2.742293422508910083e+01,2.175878518091149871e+01,-2.230680710443800052e+01,4.815782499628222979e+01,3.491561844412014182e+01,-5.480547181548451618e+01,-2.079286484257784906e+01,-3.163507336208482457e+01,-8.635485759188132704e+01,-8.516212686013217237e+00,2.107629845796545709e+01,-1.414104746785797850e+01,1.463332991379383330e+00,4.573563321637739598e+00,8.955068259525644692e+01,-5.412083595692254079e+01,-2.599793314819382672e+01,-1.127237895930009870e+01,5.389520322250256612e+01,1.587761619393976709e+01,2.214632111746172782e+01,6.984710167111157375e+01,1.174446435294322466e+00,8.317684296065745997e+00,-7.114373959322701069e+01,-4.926514451223653168e+01,1.236771904756319529e+01,-9.922314124250024747e+01,2.467646483432150006e+01,-3.681564450413992517e+01,2.037572089124045860e+01,-2.781931778841356007e+00,2.771082866922235155e+01,1.287470545679200029e+01,-1.468241075527243389e+01,2.082267087614278012e+01,7.634907463947633310e+00,-9.999830634822670650e-01,-4.837401707460161759e+01,6.927964962344728406e+01,8.633126436361305167e+00
-5.155670011648573414e+00,-7.451872720089676250e+01,2.970367526033184191e+01,4.831535364599265847e+01,-4.886000892363492909e+01,-4.769842626207865521e+01,5.615909761864040917e+01,7.008866818990478365e+00,8.031947985191219175e+01,-4.181976493456768651e+01,1.479684321292580584e+01,-1.429447976292087219e+02,9.811646283867805352e+00,-4.321056050573309548e+00,6.172816875583504981e+01,-8.500625094823391237e+00,2.455793603268757863e+01,1.375546030713324797e+02,-3.366280617019110366e+01,-1.359569129383226738e+01,-4.846600406363130986e+01,-1.424839793147542721e+01,-7.161698318417227149e+00,6.204267894157109886e+00,-1.990183667185832617e+00,-3.249350152447346574e+01,-5.580346197843676492e+01,1.451945082729642067e+01,2.089226649025736648e+01,1.110626827766606652e+02,4.480468785161947665e+01,6.805382820222396845e+01,3.514889348701719030e+01,2.636342645870091062e+01,-7.925713421837683370e+01,1.435273161112634455e+01,1.945609944245796186e+01,-7.109616965314103254e+01,2.000608806045961430e+01,1.070009225358238325e+02,-2.973262162041370615e+01,-9.224624127462501377e+00,5.650680331593405104e-02,1.054439586831190212e+02,3.874359328967896943e+01,5.553808842144497504e+01,-8.165502431973585828e+01,-2.915757015229491245e+01,6.198140026774538569e+01,-3.284942087660541432e+01,1.113201388243795975e+02,-3.035795473014663770e+01,4.347823156453090832e+01,-4.904440173789080148e+01,-6.488159804799917829e+00,5.938518608167130708e+01,-6.644932422833784358e+01,-4.748306031052282350e+01,-3.131132575012538410e+01,4.376287151937378894e+01,2.846034411678046538e+01,-1.928801784860863933e+01,4.305041547832519910e+01,2.988250871404517639e+01,-5.803333419233958068e+01,-1.885680912062481696e+01,-3.537407521757851470e+01,-9.320728280022395040e+01,-1.068500637225843342e+01,1.793365003087779996e+01,-1.510538307619763287e+01,1.830181323613701005e+00,1.669002827179322468e+00,9.936045734026673415e+01,-5.681766240252071043e+01,-2.699545127432198655e+01,-1.156206884053499095e+01,5.453443676619946956e+01,2.049530440626613625e+01,2.565239469830973462e+01,8.070284994054568983e+01,-2.287599739916444663e-01,1.513707586786295423e+01,-7.827783678335970308e+01,-5.309571374687167378e+01,1.247385138495556411e+01,-1.202953779260475926e+02,2.919802151450824823e+01,-4.724999121871553598e+01,1.516382291052291720e+01,-4.751865838020835398e+00,3.110617281967742542e+01,2.007620158927791820e+01,-1.564051171552896058e+01,1.103277177916928586e+01,1.309077328028839027e+01,7.745034890596250721e-01,-5.290739798535550165e+01,7.862970350581522894e+01,7.169859644240434982e+00
-2.779763990011112185e+00,-2.678789589828205209e+01,1.166614102805641018e+01,2.122660608882251054e+01,-1.717027595034443976e+01,-2.239844395600345450e+01,2.596234884025047762e+01,6.228670715459698748e-01,3.250801717618461595e+01,-1.496709988390161961e+01,3.894952597210163070e+00,-5.887787822063832976e+01,6.700688620702108800e+00,-2.848729182944790495e+00,2.247765685188335283e+01,-6.290576807401690118e+00,8.895268751641843608e+00,5.942466192446430284e+01,-1.366239456343117631e+01,-5.044504111180676098e+00,-2.163932549100681513e+01,-5.556088393134384518e+00,-2.330756793643397273e+00,1.178314177086417835e+00,2.583597366339707158e+00,-1.294263036597268091e+01,-2.058978783150466896e+01,3.696605536854403518e+00,7.757670317860746678e+00,4.402956020281299487e+01,1.034999257097928904e+01,2.580924633309643212e+01,1.375406123259314306e+01,1.271971320274471395e+01,-3.331063677818308832e+01,6.833022204521270737e+00,6.136675882972284057e+00,-2.517505479871546825e+01,7.417469903509570806e+00,3.705774491193006526e+01,-1.227162760819753551e+01,-5.436280999546921677e+00,-2.319654024214325982e+00,4.591370582278342027e+01,1.687603715793041914e+01,2.377774216022152487e+01,-3.352317100976135578e+01,-1.190911253607736953e+01,2.672782240095087758e+01,-1.159450745328489063e+01,4.692809044261066731e+01,-1.326633463951093894e+01,1.444803016208760837e+01,-1.922709997405464222e+01,-2.085141140949582361e+00,2.220936497599545589e+01,-2.631300066002420124e+01,-1.824846943730858229e+01,-1.268024455184410293e+01,1.230643594753009573e+01,9.711679166856692191e+00,-9.872775437851309732e+00,2.132608852851322467e+01,1.545071198796855683e+01,-2.434625221912952853e+01,-9.210131968031499028e+00,-1.406909808029076991e+01,-3.837636156145912025e+01,-3.797237943425335160e+00,9.325712281247218627e+00,-6.282992201735590143e+00,6.524268131309445273e-01,2.004914672882524673e+00,3.981942656824878668e+01,-2.403797260566585337e+01,-1.154456375347311514e+01,-5.004372597473189188e+00,2.392047749355004527e+01,7.084414141636184326e+00,9.856658799262628889e+00,3.108512991092267796e+01,5.092918809902395871e-01,3.748414242693541176e+00,-3.162906511592840886e+01,-2.189291549784643109e+01,5.488861162260705306e+00,-4.420651640935934523e+01,1.098794183377926359e+01,-1.642442426039214709e+01,8.997370048348919624e+00,-1.251069139198007996e+00,1.232487937810482848e+01,5.773741387420531446e+00,-6.523160307230465804e+00,9.157039617624850081e+00,3.433929952277062991e+00,-4.287416177887400370e-01,-2.150342743298190484e+01,3.082061855266380235e+01,3.818447119947040225e+00
-9.588473857877179984e-01,-6.114417169997676815e+00,3.008859223692983864e+00,6.195905099146681749e+00,-3.781268160996657191e+00,-6.951316114225619458e+00,7.947718296781929759e+00,-5.218977593180352814e-01,8.692706457489160599e+00,-3.393101698464826121e+00,3.903896690772921119e-01,-1.606226936946299588e+01,2.640607552654403278e+00,-1.103781332782092228e+00,5.231320789598234988e+00,-2.568416193854078600e+00,2.053904687673949070e+00,1.705693633926181363e+01,-3.665141358054051057e+00,-1.206442399759240169e+00,-6.415651107916944262e+00,-1.420179765837873642e+00,-4.466696691088928306e-01,-9.937190944657803282e-02,1.744780037879976486e+00,-3.396017656093588855e+00,-4.885116833641255596e+00,3.105835478332492627e-01,1.857312783350153040e+00,1.148709667322313877e+01,3.469877351442169910e-01,6.362073905733664603e+00,3.531117406501510736e+00,4.038630590834370260e+00,-9.290631536875235241e+00,2.145596498392143836e+00,1.100526601365604984e+00,-5.612357587898221034e+00,1.772085005811299130e+00,7.965984213423665139e+00,-3.355415122260211991e+00,-1.983187766631747895e+00,-1.348745176066179718e+00,1.328402536489294405e+01,4.884358788909603177e+00,6.762354774385901379e+00,-9.111753289389563193e+00,-3.218122039714167659e+00,7.657643997227042476e+00,-2.571498502210392001e+00,1.313113422119040408e+01,-3.852024564824176434e+00,2.884146247848702771e+00,-4.947678583948264652e+00,-3.893842185292574753e-01,5.371039378337721715e+00,-6.855379450548657161e+00,-4.578175201342514988e+00,-3.393050797437675570e+00,1.609673387504745534e+00,2.034932660000275728e+00,-3.282553447161658866e+00,6.916098569738851509e+00,5.175257395125709259e+00,-6.777111170472647217e+00,-2.953568863174660830e+00,-3.684985478555138361e+00,-1.046473480092237907e+01,-8.513974605559428976e-01,3.136608354238718199e+00,-1.732741979388070064e+00,1.469981474100961194e-01,9.495314274795871867e-01,1.052491922791467616e+01,-6.751816294308451205e+00,-3.279404043261245683e+00,-1.439186886826462342e+00,6.971231036039005069e+00,1.517879712499301093e+00,2.472199334759140665e+00,7.821490365082974350e+00,3.233545672248008818e-01,2.628130125660275151e-01,-8.441306434484342702e+00,-5.979617475175562191e+00,1.604644941231767152e+00,-1.042739931511634488e+01,2.680247368111018602e+00,-3.552525056881991272e+00,3.295318691703335023e+00,-1.255099404655828366e-01,3.213336910684846615e+00,8.125666169477878675e-01,-1.804297228484666338e+00,3.907609788433867859e+00,3.384742768281876479e-01,-3.454545181604845583e-01,-5.778048555570237887e+00,7.929433411358550288e+00,1.306087430230916002e+00
-3.665548339334475880e+00,7.941157443744642386e+00,1.331161596803122293e+00,1.240550205807975814e+01,6.998776580243879941e+00,-1.881187048400943240e+01,2.028739345689975693e+01,-9.376351173704479791e+00,7.978572244289774851e+00,4.757827221715533739e+00,-8.056630312677626193e+00,-1.885515005121575172e+01,1.339365569810562917e+01,-5.433319730004426695e+00,-5.269172333209057868e+00,-1.381168705735831992e+01,-2.311231948344704357e+00,3.073324406722535329e+01,-3.516417030075469796e+00,7.338728392680295975e-01,-1.402083560698680920e+01,-4.566341818430226240e-01,1.872072191952156572e+00,-5.447481872826186233e+00,1.522194141536487777e+01,-2.278710229291936784e+00,3.537039700643128448e+00,-8.475816761845100800e+00,-1.101036042437647300e+00,6.840865990794003260e+00,-3.096475110303524758e+01,-1.131195005209653992e+00,1.344543494812977302e+00,1.194378955700163836e+01,-1.348104776819914719e+01,6.084645725670270622e+00,-5.974240345555168474e+00,9.316742381036885234e+00,-1.105048457549653085e+00,-1.780332820904025226e+01,-4.035566791326679947e+00,-8.663535121291822350e+00,-1.065236607211107867e+01,2.520179283547701843e+01,9.286473993337663657e+00,1.142977535414931367e+01,-1.027062895066607418e+01,-3.388008124442454250e+00,1.362700388937664009e+01,4.475010696206062732e+00,1.958003394692907762e+01,-7.471865813971565018e+00,-1.000872421209014718e+01,-2.038094601886879964e+00,1.816187860424816503e+00,-2.408093879702713380e+00,-3.956011019628932424e+00,-3.055755897241914099e-01,-3.144399259219916587e+00,-2.024839112340208658e+01,-5.395190039484139888e+00,-1.131702313644391822e+01,2.203026075207117529e+01,1.823859310822339097e+01,-9.669364733808901491e+00,-9.053354307917913957e+00,-2.385600303349660667e+00,-1.222621855033972693e+01,1.337912512980788282e+00,1.118747034469604706e+01,-2.270921593143508943e+00,-2.199878434248263015e-01,6.214331411178578790e+00,8.072306322403363765e+00,-1.038460084985076115e+01,-5.496052664774315311e+00,-2.626344455682233292e+00,1.382766828335854292e+01,-3.472652032090238539e+00,1.562106757044965377e-01,8.368672895413400425e-01,2.715694525476938015e+00,-9.316073051182973686e+00,-7.536310126798033693e+00,-7.109122218254381842e+00,3.242231433707346788e+00,8.438451066865900074e+00,-8.735905312447043158e-01,7.587402390838852817e+00,1.451894535452721691e+01,2.586209083757083249e+00,1.884964779220758002e+00,-8.705804002441851708e+00,-2.431378209677578894e+00,2.244217929149028024e+01,-7.182011345949932846e+00,-3.299956954612485838e+00,-5.665103647964244260e+00,3.245060145493569692e+00,4.882379394431104025e+00
-2.589228338299421672e+00,3.280526244588797269e+00,1.696700238915324288e+00,9.601763583177080008e+00,3.348242717900802301e+00,-1.386535889258543008e+01,1.508116413978059001e+01,-6.074242759598213581e+00,7.513764784559151977e+00,2.042312747515167004e+00,-4.980818120904068280e+00,-1.648291079160068051e+01,9.215524771857113606e+00,-3.747666853795212472e+00,-1.842887088202378898e+00,-9.459197650017989289e+00,-8.767875122868746818e-01,2.427266521608770944e+01,-3.264363146588111331e+00,1.208232428102369305e-01,-1.068512982562647551e+01,-6.923436881764063466e-01,1.056166803843899382e+00,-3.471068699631355781e+00,1.011632508621635118e+01,-2.405619812519291578e+00,8.466004150656241123e-01,-5.268433152838962741e+00,-1.678317635346882053e-01,7.589163884582369235e+00,-1.947112815352069504e+01,1.093789122307105011e+00,1.853633050356231937e+00,8.696657983535642344e+00,-1.116132577552581751e+01,4.455488905113409892e+00,-3.462855707963055085e+00,4.292631317602447538e+00,-1.945974540810113673e-01,-8.987043453387347114e+00,-3.504413030121910300e+00,-6.039179361399757084e+00,-7.115754981488296771e+00,1.970415867551411537e+01,7.257666415380052527e+00,9.146141509290949045e+00,-9.081481449317379884e+00,-3.056123110441448798e+00,1.078931997579930879e+01,2.097149967487454969e+00,1.610773135252991750e+01,-5.817343441865038045e+00,-5.505582052587831399e+00,-2.694679889040834553e+00,1.037133783290710376e+00,5.040639093874865750e-03,-4.449156269219710857e+00,-1.494676951824353228e+00,-2.951893279987576335e+00,-1.233939521301592990e+01,-2.831247894812346289e+00,-8.085591537602990542e+00,1.588937480976359851e+01,1.299812187487465920e+01,-8.037754191159232064e+00,-6.561420313177865893e+00,-2.555326648842136450e+00,-1.070206336350800846e+01,6.035148656446445159e-01,7.962222483004070206e+00,-1.927836297986904590e+00,-9.724183969005523176e-02,4.197415068565629959e+00,8.093893947480722773e+00,-8.482593417226514276e+00,-4.405832996377420763e+00,-2.069007881055055620e+00,1.072099638780691322e+01,-1.763196229684686589e+00,8.015595065752461057e-01,2.752512732353668223e+00,1.808251643224138894e+00,-5.813057476460743445e+00,-7.162782590045987163e+00,-6.192953062078151660e+00,2.505288402608686127e+00,2.368657072732521129e+00,2.098704336689189986e-01,3.785285763496489153e+00,1.011284088995505570e+01,1.598806656205341126e+00,2.104836786037028951e+00,-5.271074163497434739e+00,-2.049587955875678880e+00,1.529440947939114182e+01,-4.442816745308896031e+00,-2.183789393620203967e+00,-5.223025832731993390e+00,4.305182365948641454e+00,3.456986257241510430e+00
-3.265807755752752062e+00,-3.093978388106971522e+01,1.353318311905818838e+01,2.474645726210516727e+01,-1.980804757752996537e+01,-2.618296495207293262e+01,3.033037793356677980e+01,6.063832778678888147e-01,3.776307585814833345e+01,-1.728292280375747225e+01,4.413767977671394505e+00,-6.844989531352830170e+01,7.928351915413658801e+00,-3.367450140305235262e+00,2.597863945482407289e+01,-7.458321647098454577e+00,1.027796234093262662e+01,6.922947376744299675e+01,-1.587298526614275396e+01,-5.835721958384204378e+00,-2.524451136479405378e+01,-6.443100767092450276e+00,-2.677480214455429053e+00,1.298254497945211305e+00,3.180621274355813100e+00,-1.502382126594307010e+01,-2.381258438917278752e+01,4.178801480612619024e+00,8.974780222214613801e+00,5.109836487564590612e+01,1.161112986906132605e+01,2.988962134186069974e+01,1.595248788832518194e+01,1.488438473444728238e+01,-3.876067943400708060e+01,7.991805633772003148e+00,7.036715447260654344e+00,-2.905417315589300387e+01,8.580562322072065484e+00,4.271753728791588856e+01,-1.426797568211282830e+01,-6.405200961967052464e+00,-2.818618681536091408e+00,5.350717341653259496e+01,1.966737792193836043e+01,2.769029852684471038e+01,-3.896745348381527663e+01,-1.383999005871411470e+01,3.113538617969820166e+01,-1.337879221302727117e+01,5.461335023363510999e+01,-1.546273269012180407e+01,1.661694387393616879e+01,-2.230227748021580680e+01,-2.393588156529056654e+00,2.570296702591215876e+01,-3.053584252775370089e+01,-2.114709724040928762e+01,-1.473045618043883742e+01,1.400970637480978453e+01,1.118596426350408457e+01,-1.157811236101202823e+01,2.498006883733919636e+01,1.812602110349178020e+01,-2.832734864393721708e+01,-1.078251511488080894e+01,-1.633030203300777572e+01,-4.461458266948462636e+01,-4.383166680689151384e+00,1.094267210539325852e+01,-7.307626709605115067e+00,7.532204081889231073e-01,2.399379432262411793e+00,4.623549304338076382e+01,-2.797895934114777106e+01,-1.344353145170693153e+01,-5.830541909108545084e+00,2.788516175423050214e+01,8.165559372850568209e+00,1.142220386433321977e+01,3.602665139441503328e+01,6.234767043947879728e-01,4.228497001288250345e+00,-3.673925193307046300e+01,-2.545334240498557676e+01,6.399461013324586389e+00,-5.111551578811044294e+01,1.272028689465637896e+01,-1.893663886642271876e+01,1.060320722355297818e+01,-1.417733718643562790e+00,1.430323096415905582e+01,6.582618598778235963e+00,-7.587867205029276363e+00,1.088563156788594810e+01,3.890364845566340435e+00,-5.373324285701883696e-01,-2.498431149090154335e+01,3.574979045530813693e+01,4.484226128942937706e+00
-3.997460210352123511e+00,-3.687631535764313639e+01,1.624189194195739105e+01,2.993207454292145542e+01,-2.356403869881009783e+01,-3.180220783249277616e+01,3.680463469482147332e+01,5.077012991897476013e-01,4.542091373183872349e+01,-2.059155451052149033e+01,5.099188764504170024e+00,-8.243305095316343056e+01,9.809395524522608767e+00,-4.160438667349107611e+00,3.099587441529562071e+01,-9.256114086559311005e+00,1.225765342047982998e+01,8.364387845923036480e+01,-1.909560669704791280e+01,-6.973259343650237696e+00,-3.056634353056233522e+01,-7.728576805960736706e+00,-3.163586936810923511e+00,1.428088559443138283e+00,4.164918829376011544e+00,-1.804956388569502579e+01,-2.844163937709523537e+01,4.807956363314350945e+00,1.072484694194006138e+01,6.136818133691178900e+01,1.318638815129536823e+01,3.577717967783772224e+01,1.914019062830372064e+01,1.810793233361029309e+01,-4.674422249566249832e+01,9.714954906586793726e+00,8.289672898682928448e+00,-3.458553986462032270e+01,1.025253580951527432e+01,5.075441626471743461e+01,-1.718513790303095234e+01,-7.874566617211247177e+00,-3.624726218840288894e+00,6.468177962255316515e+01,2.377531526548147767e+01,3.343562769022152281e+01,-4.691704036409014122e+01,-1.665737001657194583e+01,3.761359813852170220e+01,-1.592155094210643007e+01,6.587572193920280483e+01,-1.869642461007819279e+01,1.967135231810782159e+01,-2.676251878334601031e+01,-2.824827453610573968e+00,3.073237921876821588e+01,-3.666989753037780275e+01,-2.533837235379014885e+01,-1.771834204099665655e+01,1.630945532661993269e+01,1.327339270624814382e+01,-1.413286690175880977e+01,3.043636182456133099e+01,2.213775398187841503e+01,-3.415767054113482004e+01,-1.312706364891388588e+01,-1.961703668965549596e+01,-5.372711152459803685e+01,-5.219216093318051364e+00,1.336867768236036014e+01,-8.806467168826891623e+00,8.971218282453645720e-01,3.019039734529382457e+00,5.557186301001781459e+01,-3.375702880200267941e+01,-1.623162890516078605e+01,-7.045416079660894226e+00,3.372496630086939717e+01,9.700207155826319649e+00,1.368583554060851881e+01,4.317437399562587075e+01,8.101685012945898379e-01,4.847889466393715097e+00,-4.418420302312642178e+01,-3.065530960985934783e+01,7.741263843474446738e+00,-6.103240550058214353e+01,1.521674091052474687e+01,-2.250648670115880634e+01,1.303973795462253271e+01,-1.637933956534886049e+00,1.717721580930904324e+01,7.682027550900415669e+00,-9.145897757614203982e+00,1.356281577777615865e+01,4.492621966040665882e+00,-7.206050330097459877e-01,-3.005980145602265452e+01,4.289889364512144709e+01,5.485330959463404099e+00
-4.309881859209671262e+00,-5.689947539655302222e+01,2.307867651806348164e+01,3.844601617346242506e+01,-3.714884704150706796e+01,-3.853639699908030281e+01,4.520711037891215511e+01,4.587577199532992367e+00,6.279307076118507780e+01,-3.190519901635537536e+01,1.072450465238260797e+01,-1.121652432111254711e+02,8.770322425884614859e+00,-3.821259400572073250e+00,4.724902712620416878e+01,-7.793924285942413377e+00,1.877852139097930717e+01,1.090504134617146406e+02,-2.633256398844732260e+01,-1.044442579964005624e+01,-3.870550074927191275e+01,-1.105438056610687525e+01,-5.370194534586127055e+00,4.313514356134048100e+00,-1.905500065146692457e-01,-2.531910191444319835e+01,-4.282263026501176029e+01,1.047296400939605654e+01,1.605213430286824305e+01,8.645668731227846138e+01,3.189199381147653867e+01,5.250513755930824544e+01,2.728899048348339207e+01,2.143639269297457872e+01,-6.245910854570878001e+01,1.163337198152914631e+01,1.451047742639759441e+01,-5.413205037175785606e+01,1.536676710159714609e+01,8.113480250714093245e+01,-2.334051812857459041e+01,-7.897720301354899775e+00,-8.995525556487026231e-01,8.373923883909424148e+01,3.077090904344861144e+01,4.394276006457804584e+01,-6.402839468939934875e+01,-2.283866675168114568e+01,4.911796833344609325e+01,-2.499620613770790101e+01,8.778371118944512830e+01,-2.412817079380562646e+01,3.272223651738171668e+01,-3.809156714004895861e+01,-4.854500686397399178e+00,4.569125123236737807e+01,-5.171531864934630107e+01,-3.673124841078466574e+01,-2.448193931456511407e+01,3.203557301162659599e+01,2.152199080767661599e+01,-1.591163575340632441e+01,3.522848359851738564e+01,2.471401154516891552e+01,-4.571569516766304986e+01,-1.537787291217422592e+01,-2.755523710601613985e+01,-7.313139924683470383e+01,-8.140993799153175559e+00,1.485324408607455204e+01,-1.187747540046110473e+01,1.395242677490117433e+00,1.840390284406367982e+00,7.751996001857693841e+01,-4.483931818764293808e+01,-2.135401907179425507e+01,-9.169981062694493090e+00,4.337926742789912282e+01,1.553528559555216226e+01,1.984301693279336121e+01,6.245703956693349568e+01,6.363541395012073387e-02,1.087598343313420912e+01,-6.117572905120980664e+01,-4.167223583966254097e+01,9.929319613292022950e+00,-9.224058548755290587e+01,2.249258489549151818e+01,-3.585218975921613804e+01,1.300717143878681803e+01,-3.444170456729419794e+00,2.421183823768359389e+01,1.474794258118204837e+01,-1.230533532332387736e+01,1.051546397703791413e+01,9.483164956074190854e+00,3.064873321891163349e-01,-4.139880550269093362e+01,6.106774433133302438e+01,5.974587725047904918e+00
-6.000065465181348756e+00,-4.445048182059906594e+01,2.083836484673400591e+01,4.100080128097298626e+01,-2.790161750501714977e+01,-4.503247060903466092e+01,5.172873229480583035e+01,-1.807050815683662215e+00,5.938603730810017112e+01,-2.473648059726664172e+01,4.330096844783144938e+00,-1.089199894549832948e+02,1.587183468860530056e+01,-6.667133141581673250e+00,3.772916267377516419e+01,-1.528293246612861012e+01,1.486102420292459492e+01,1.135481943769841564e+02,-2.500906260743073162e+01,-8.605944512011719283e+00,-4.222266049821256217e+01,-9.869624073285054422e+00,-3.502523874622536226e+00,3.796945608887076773e-01,9.227973293902680396e+00,-2.336628107105077845e+01,-3.495887202356468038e+01,3.853253055566380425e+00,1.324313031884462610e+01,7.920823733237753572e+01,8.553106815829199405e+00,4.484145369862783781e+01,2.449837164714933024e+01,2.596285798721137894e+01,-6.249187996168193138e+01,1.384476906925623396e+01,8.898813534095008748e+00,-4.120134570601237556e+01,1.264621194580892372e+01,5.938480280968853009e+01,-2.273431904281993710e+01,-1.219610686338340955e+01,-7.353636423436043401e+00,8.818156864946354290e+01,3.241921096458698059e+01,4.516620780030019944e+01,-6.187187155353699097e+01,-2.189944695821658627e+01,5.101072110493106493e+01,-1.891859729566503034e+01,8.822037002420159979e+01,-2.553796839996574519e+01,2.220487116797218263e+01,-3.429579566350776787e+01,-3.089730424028627631e+00,3.814358133827717268e+01,-4.729565937146499266e+01,-3.204683192326172048e+01,-2.317438577484972129e+01,1.529055147419169813e+01,1.533746214607204017e+01,-2.078427905111004037e+01,4.414942731815236243e+01,3.269008255267111451e+01,-4.561761054724173192e+01,-1.892445044036542612e+01,-2.537171779948192452e+01,-7.097398469990191927e+01,-6.235355008121469034e+00,1.978635464235798835e+01,-1.170309330892572319e+01,1.074390227546352161e+00,5.431008954321128179e+00,7.221701303139586514e+01,-4.529886092459303626e+01,-2.191260568797313013e+01,-9.574117449154998738e+00,4.615717706611665960e+01,1.133135925407285427e+01,1.730692131604097028e+01,5.468754130360744625e+01,1.731009681807383238e+00,3.684295338572035838e+00,-5.771034796474314987e+01,-4.053069096063879329e+01,1.061277279953760910e+01,-7.479616014030116844e+01,1.896950635664115126e+01,-2.641374975644090028e+01,2.024099872448573478e+01,-1.391333715497875101e+00,2.216293876369501703e+01,7.419166038045612588e+00,-1.217320632378867096e+01,2.296917090105768011e+01,3.793155493414842816e+00,-1.770529635485952991e+00,-3.940245214847143274e+01,5.496861972509591965e+01,8.194810846298558715e+00
-2.179436527876644547e+00,-1.955739741536865495e+01,8.677252350318399365e+00,1.612180871709502838e+01,-1.247197128082934903e+01,-1.720296032336579017e+01,1.988949155608263197e+01,1.476917929316932110e-01,2.432201451660225189e+01,-1.091651115841060538e+01,2.613076063652750136e+00,-4.419868691710434661e+01,5.405838825077093013e+00,-2.289523035112388527e+00,1.645713854505182638e+01,-5.116326238888296629e+00,6.505169064975445892e+00,4.500009251144609834e+01,-1.022745203168873118e+01,-3.708348469033657668e+00,-1.648117636678031417e+01,-4.126683249017729871e+00,-1.662190620241806638e+00,6.899607032353569647e-01,2.420322507084350150e+00,-9.653490240477635709e+00,-1.511800405524573065e+01,2.452298845718744236e+00,5.703788980008462239e+00,3.280979267169858105e+01,6.624460836036218936e+00,1.906070007094730911e+01,1.022273168165273383e+01,9.811400987834103304e+00,-2.509975471744964537e+01,5.259603044812208417e+00,4.341483724328510263e+00,-1.831796508841584981e+01,5.451911304732823815e+00,2.682749445346777151e+01,-9.215646002483277144e+00,-4.312182696048586727e+00,-2.072359303983301704e+00,3.481738972568083312e+01,1.279825484544213765e+01,1.797701980947821809e+01,-2.514978162566073649e+01,-8.925757830157209582e+00,2.023343813225545418e+01,-8.430286650443944652e+00,3.538022300251691377e+01,-1.006650669562860223e+01,1.035699807412208706e+01,-1.429587364605987787e+01,-1.482305248970718026e+00,1.635418187068217222e+01,-1.960341180169320197e+01,-1.351382488776380519e+01,-9.488247075679149489e+00,8.430186990086731669e+00,7.006280541594336775e+00,-7.683768686206136067e+00,1.651694381776734843e+01,1.204258340454907916e+01,-1.833890213167635963e+01,-7.117802719544552126e+00,-1.049063160450986842e+01,-2.880640340688927026e+01,-2.765210397487636307e+00,7.274621686413061283e+00,-4.725189193160392875e+00,4.754380953524823816e-01,1.691201927618069867e+00,2.973548837627662422e+01,-1.813467223677250217e+01,-8.726416923742791099e+00,-3.790901293061159194e+00,1.816274470620743386e+01,5.126363732002187312e+00,7.299010556809411021e+00,2.303052554779869254e+01,4.675880199415295424e-01,2.462567432035991377e+00,-2.365682808411057891e+01,-1.643794054963099427e+01,4.169990169125355806e+00,-3.243032527134469234e+01,8.101743500288929312e+00,-1.190038795006689831e+01,7.142942383627858050e+00,-8.393805013360197131e-01,9.183209739038083796e+00,3.981668045852814863e+00,-4.908270422434508617e+00,7.525774922679244305e+00,2.301142678180520207e+00,-4.274994837143605286e-01,-1.610148662591343083e+01,2.291523755435903098e+01,2.988696589401672377e+00
-3.185922885919489911e+00,-4.361596059053759689e+01,1.756516336709353610e+01,2.897999575740072942e+01,-2.852631017283807680e+01,-2.887208092262385506e+01,3.391904545732877807e+01,3.757739823626458087e+00,4.767149213777292971e+01,-2.446516317371558813e+01,8.401891288443103178e+00,-8.502698011903888187e+01,6.319318938683798237e+00,-2.764455446128669891e+00,3.618188585293045634e+01,-5.563088655672229876e+00,1.438601978984326735e+01,8.232343173064245434e+01,-1.998655174735137052e+01,-7.986133132445373484e+00,-2.913331122130441742e+01,-8.418476543647932075e+00,-4.147480106022542579e+00,3.440258161558828576e+00,-5.655318953494352652e-01,-1.924775969712088752e+01,-3.275809521973812366e+01,8.221615005977094270e+00,1.227322017256490838e+01,6.575093727549428024e+01,2.517853266608576490e+01,4.007644783175298642e+01,2.077596456359044552e+01,1.601964634908852503e+01,-4.726488640368016547e+01,8.704707352088320249e+00,1.123193619484191075e+01,-4.154324205575318985e+01,1.175060720780495593e+01,6.237228296484264689e+01,-1.769021274605665539e+01,-5.784367502071584788e+00,-3.920229725377020191e-01,6.317150988485255425e+01,2.321235754992137146e+01,3.319925040179190034e+01,-4.855039105155047707e+01,-1.732533080377575985e+01,3.708568327467563108e+01,-1.918792600954042271e+01,6.641138290937664124e+01,-1.819608984107594196e+01,2.523326149942741026e+01,-2.899585232860552608e+01,-3.752622115515740653e+00,3.491480350009192790e+01,-3.933362757558946754e+01,-2.800617493099557365e+01,-1.858536560422479766e+01,2.499221464980211493e+01,1.656357307697151171e+01,-1.182326314396659583e+01,2.626032002185799996e+01,1.834569055574748475e+01,-3.460004896358119453e+01,-1.147865525007669518e+01,-2.095029026728681387e+01,-5.543919113390732178e+01,-6.245999652266448265e+00,1.101961313251717911e+01,-8.996160638926481212e+00,1.070212461993733433e+00,1.232103648445538102e+00,5.890097762392279890e+01,-3.391189964304981430e+01,-1.613481018520069910e+01,-6.921366333977468699e+00,3.270328563729696469e+01,1.194449242122960086e+01,1.512978782761632957e+01,4.761235046131374560e+01,-2.643244056817389831e-02,8.552189726229228128e+00,-4.645016801652633376e+01,-3.158681235414643140e+01,7.483505846275243734e+00,-7.058405203407365036e+01,1.717901836440254471e+01,-2.755360969675369631e+01,9.519664024772922062e+00,-2.698231663041382067e+00,1.841412844711139840e+01,1.148845354146353515e+01,-9.318056360220575485e+00,7.400539438025942829e+00,7.430988255861967318e+00,3.248504456532765317e-01,-3.141813143447117440e+01,4.648626875875283559e+01,4.421989303745449185e+00
-1.651391634822410026e+00,-1.277459482707408434e+01,5.910886224316271864e+00,1.147931992362127041e+01,-8.049647383883979046e+00,-1.252821925357589272e+01,1.441150395538354090e+01,-3.699470283478558663e-01,1.678063491729304602e+01,-7.114215994179535762e+00,1.356592202655604096e+00,-3.071236018977941029e+01,4.311445454578392678e+00,-1.814038367855121070e+00,1.082030077318190742e+01,-4.137383348618357104e+00,4.265606320203261248e+00,3.184678441116025738e+01,-7.064368973212191705e+00,-2.460880345770054767e+00,-1.180222908315347574e+01,-2.802236043316021163e+00,-1.025783307574754666e+00,1.919737987898109122e-01,2.392192884787530005e+00,-6.615833434034641414e+00,-1.000509402566603967e+01,1.227320420207713703e+00,3.786453845771550863e+00,2.244030594188124184e+01,2.911435805248559383e+00,1.278099790160955607e+01,6.952456677712675948e+00,7.206062701335074649e+00,-1.757993004456356090e+01,3.847034121710671162e+00,2.624950475679555417e+00,-1.187095344055850887e+01,3.616610065946150865e+00,1.717735852344911152e+01,-6.408895217156140411e+00,-3.338044147527436056e+00,-1.929063061577541038e+00,2.471167359433993838e+01,9.084711418034416397e+00,1.267997984448189364e+01,-1.745289681900639067e+01,-6.181232252985544129e+00,1.430970948875787485e+01,-5.453870319359288565e+00,2.480930037558935197e+01,-7.153996507982068209e+00,6.474494752183831636e+00,-9.730493019819860478e+00,-9.074259658580259291e-01,1.089419566988811461e+01,-1.340120815796392151e+01,-9.117035822566521119e+00,-6.547880021586527377e+00,4.664121763354073913e+00,4.448715591720086238e+00,-5.741696028691654519e+00,1.222730426921614644e+01,9.023937386573550157e+00,-1.283557878866676383e+01,-5.247181829092649075e+00,-7.185010432601814934e+00,-2.001358431015552597e+01,-1.795423791881380904e+00,5.459644229672056426e+00,-3.296168428083975144e+00,3.092002500659403741e-01,1.450162006494966072e+00,2.043137293281155209e+01,-1.273383500218761455e+01,-6.152511082477428062e+00,-2.684707289941414388e+00,1.292511654117392084e+01,3.278817384003802626e+00,4.923799428958253621e+00,1.555325660466900928e+01,4.508856666105131583e-01,1.192169700914096353e+00,-1.631048168131168907e+01,-1.142707989929608381e+01,2.970862474945258569e+00,-2.141978314175149123e+01,5.412894384809218806e+00,-7.635209479536650079e+00,5.537744081433432441e+00,-4.358572727014619064e-01,6.279380833724763633e+00,2.245856412446141981e+00,-3.427509155089513815e+00,6.192257041250103455e+00,1.190288082148051485e+00,-4.531361365237759342e-01,-1.112818017800580250e+01,1.559617284877358045e+01,2.257358502724292393e+00
-2.463076957808341128e+00,2.569160233464948817e+00,1.793171466547201165e+00,9.332624715872881893e+00,2.807261808662163016e+00,-1.332652241743449117e+01,1.452419090525422618e+01,-5.648298078627835395e+00,7.592429271940762447e+00,1.630561074827689527e+00,-4.569966941897572354e+00,-1.642920645609988384e+01,8.708428292456432018e+00,-3.543698656590151153e+00,-1.308081629721460359e+00,-8.928006138901952937e+00,-6.550775139456266327e-01,2.369720379195721449e+01,-3.290155001100981913e+00,2.078375700777090884e-02,-1.034955349425953486e+01,-7.461877492871501483e-01,9.416641705229115145e-01,-3.212702126858747231e+00,9.472825776443592360e+00,-2.476929857855124428e+00,4.141513238885972115e-01,-4.841559410276218500e+00,-1.521341901855843837e-02,7.872333858463923306e+00,-1.795375003058969909e+01,1.488768694140464977e+00,1.977385374079062341e+00,8.334503202501551300e+00,-1.100562293044271200e+01,4.275707049885069111e+00,-3.114824790762119378e+00,3.541529970108112657e+00,-4.634262354853868615e-02,-7.699291146080982529e+00,-3.488512635008409024e+00,-5.725883432881896162e+00,-6.672263267058220926e+00,1.919467819738976289e+01,7.069363779387620284e+00,8.954523923541518826e+00,-9.071610291531083448e+00,-3.064225206309206584e+00,1.053922486707624628e+01,1.743024714794489949e+00,1.586219112511804141e+01,-5.661669153871173421e+00,-4.866882655996336737e+00,-2.860615001682308645e+00,9.283996409687519380e-01,4.088297875131026160e-01,-4.624274526986311251e+00,-1.724713205447860886e+00,-2.981141730926145872e+00,-1.127320858560147521e+01,-2.461276116748102538e+00,-7.713342060512785814e+00,1.519287158125368897e+01,1.239205599011111048e+01,-7.932136901386951600e+00,-6.281148655149961790e+00,-2.636915923119746985e+00,-1.066988704911476482e+01,4.932241188694904688e-01,7.588439182367207714e+00,-1.910576242175304085e+00,-7.873248702908725027e-02,3.947393837957394958e+00,8.266002680694004567e+00,-8.341003040529034962e+00,-4.315174184860147477e+00,-2.018845421113365735e+00,1.042448093974704548e+01,-1.513933730718086013e+00,9.262042300919934856e-01,3.130275246211421170e+00,1.694092830959005980e+00,-5.348066476481859510e+00,-7.249410260493627689e+00,-6.168614493749924321e+00,2.434162672702250507e+00,1.402574358499435903e+00,3.954876003962755071e-01,3.228045436526876255e+00,9.586287760133497926e+00,1.466911518788692748e+00,2.185436512091079919e+00,-4.806223503880657333e+00,-2.028387699860133786e+00,1.441708253344366497e+01,-4.077077030605860131e+00,-2.042531699789796207e+00,-5.257804431162654168e+00,4.572150846133736124e+00,3.290504591319654004e+00
-6.956484162189861209e+00,-6.310617059946732610e+01,2.791801824299128754e+01,5.170423449545356220e+01,-4.027579639489532326e+01,-5.507856802929021001e+01,6.370441404137899610e+01,6.320318517695611149e-01,7.818228280697674393e+01,-3.522991088091001899e+01,8.548397929474273127e+00,-1.420024682067662809e+02,1.718296302373941131e+01,-7.281455442768742792e+00,5.307893250856232470e+01,-1.624377370663134457e+01,2.098482467262545015e+01,1.443847238468164846e+02,-3.287310067363489452e+01,-1.195290683363702300e+01,-5.283442001341437333e+01,-1.328005250995573050e+01,-5.383395478307972049e+00,2.312540044880736723e+00,7.539268785028028219e+00,-3.104563301696697764e+01,-4.873809373729106653e+01,8.037700328517548343e+00,1.838423298254974014e+01,1.055314061107791446e+02,2.184710872237522850e+01,6.139318983272642782e+01,3.289414578867741312e+01,3.139280472431688196e+01,-8.059473401191648634e+01,1.683406578044960611e+01,1.407901600301612532e+01,-5.913822860213509358e+01,1.757326891654211920e+01,8.668002805412820067e+01,-2.960648226950146622e+01,-1.374039234832487466e+01,-6.495105470972193373e+00,1.116893400792317834e+02,4.105464066162255676e+01,5.769418606226434321e+01,-8.080939332649597873e+01,-2.868386621954632076e+01,6.492305040373838665e+01,-2.721969724507604482e+01,1.135954457723617992e+02,-3.228885756006005181e+01,3.351593956013702069e+01,-4.599784488537740401e+01,-4.803242757835352705e+00,5.269967233127589168e+01,-6.305579348651083649e+01,-4.350860711699760230e+01,-3.049911325347712321e+01,2.748260348918071827e+01,2.264983889047379506e+01,-2.455241568736835944e+01,5.281592728257103886e+01,3.847203037570008632e+01,-5.888880330177408950e+01,-2.276781542428924254e+01,-3.373939427133338143e+01,-9.255086140923343407e+01,-8.926138994052507769e+00,2.323714884330985697e+01,-1.517692885596891728e+01,1.534553356192126072e+00,5.341863748519473987e+00,9.561178009623786522e+01,-5.821925937037607923e+01,-2.800682126539935979e+01,-1.216264646834129870e+01,5.825219291876763350e+01,1.656453594889515912e+01,2.349976988602411154e+01,7.414294690752804229e+01,1.460285735372874871e+00,8.084786810041496352e+00,-7.604780284038808702e+01,-5.281054637118583628e+01,1.337301197978335843e+01,-1.045645259984923428e+02,2.610170726161435084e+01,-3.844515533482932312e+01,2.275755351646258617e+01,-2.745913747034691266e+00,2.953792882322292357e+01,1.296601557601098165e+01,-1.576376173668902503e+01,2.385802794214513867e+01,7.529395419683551083e+00,-1.321452842841538633e+00,-5.175128276325544618e+01,7.373153840431213268e+01,9.541946529253218401e+00
-3.429546881657906887e+00,-3.212954621026022295e+01,1.409429427365647136e+01,2.585696800046092036e+01,-2.055352724025970090e+01,-2.740611287497317861e+01,3.173452971219237639e+01,5.515844878678488605e-01,3.936492865263278418e+01,-1.794479532836291469e+01,4.524838248585757228e+00,-7.139065434469175386e+01,8.363938791678592111e+00,-3.550295186760853205e+00,2.698947435984462473e+01,-7.878353380274517370e+00,1.067596066777024078e+01,7.230253566664877951e+01,-1.654767241827180868e+01,-6.066601650425874404e+00,-2.638894222611475016e+01,-6.708743210365930132e+00,-2.770402415484404468e+00,1.304850325037967274e+00,3.438803705691875656e+00,-1.565352241246411324e+01,-2.475009000934233683e+01,4.276774106574962708e+00,9.330084765795668034e+00,5.323237273460121344e+01,1.182054385849599676e+01,3.109441022666920418e+01,1.661200527782284908e+01,1.559030211275424094e+01,-4.044967970456136896e+01,8.368049529481377036e+00,7.271994038683256001e+00,-3.015567205692619268e+01,8.919816367992542183e+00,4.430226168845970847e+01,-1.488185178011471343e+01,-6.738831423849761748e+00,-3.023380601524379152e+00,5.589459915804686574e+01,2.054510897496180988e+01,2.891214705801379381e+01,-4.063765642129590816e+01,-1.443099168219483808e+01,3.251581829974898596e+01,-1.388444152591845793e+01,5.699809150999728047e+01,-1.615426193635215313e+01,1.720727369548489705e+01,-2.322565334486183275e+01,-2.475449677530418668e+00,2.672684045453839374e+01,-3.180998461768344043e+01,-2.200886211392938918e+01,-1.535557233508089325e+01,1.440735872449675625e+01,1.159472649423519641e+01,-1.214439077273607026e+01,2.618161062293663832e+01,1.901697027873405688e+01,-2.956016562553049809e+01,-1.129729203966998696e+01,-1.701398916896158653e+01,-4.653078783420989595e+01,-4.549913797599208110e+00,1.148203594060729849e+01,-7.623764010506616451e+00,7.819589581878982898e-01,2.549509794187134304e+00,4.818236203771748194e+01,-2.920368115806309461e+01,-1.403628462185362302e+01,-6.089678481719873915e+00,2.913524194486945973e+01,8.467894407358148356e+00,1.188759493846969306e+01,3.749745213956069279e+01,6.718146867249571441e-01,4.321370138962087104e+00,-3.829576144834639706e+01,-2.654770260347532584e+01,6.686929666048571974e+00,-5.312077601059084486e+01,1.322969286465054672e+01,-1.964172768555972937e+01,1.115700292746330824e+01,-1.453424157607408507e+00,1.490031980355622920e+01,6.776306425954551571e+00,-7.916749641553354699e+00,1.151802640763868979e+01,3.987579663689706067e+00,-5.871202910089280413e-01,-2.604738209570252749e+01,3.722974464675412065e+01,4.707776676625983647e+00
-4.206093385317787536e+00,-4.405155307835045164e+01,1.879496934428045662e+01,3.338565806531771329e+01,-2.839101100266670841e+01,-3.476345616176428877e+01,4.041823238555956976e+01,1.771780448753287995e+00,5.202549894712765166e+01,-2.463885411282806004e+01,6.966377743235899977e+00,-9.386936443387808993e+01,9.768236845176884842e+00,-4.174079641627527870e+00,3.685016468128669942e+01,-9.069716636185145120e+00,1.460140061126235267e+01,9.378937625316152094e+01,-2.185188474495986810e+01,-8.233540148556835803e+00,-3.392304302103048030e+01,-8.965669151331365327e+00,-3.928883837660305911e+00,2.352289200447861717e+00,2.948427981160858469e+00,-2.078627000335037778e+01,-3.365029414519026574e+01,6.679075942455058090e+00,1.265967628798315303e+01,7.078694611722816887e+01,1.928876739401157892e+01,4.191198854369206828e+01,2.217704124545005229e+01,1.963906773284786311e+01,-5.287854224637388256e+01,1.057705814050151716e+01,1.042940528171837400e+01,-4.155005449094609560e+01,1.210875906857575046e+01,6.149432310655083711e+01,-1.955613729783432930e+01,-8.104124976947490566e+00,-2.892361657203730285e+00,7.234674446267729309e+01,2.658986693088617770e+01,3.759873932485606929e+01,-5.348400461611358025e+01,-1.902139800453606000e+01,4.220021352078032351e+01,-1.915107648575190424e+01,7.444758333620244173e+01,-2.088845815358138580e+01,2.422480141999941594e+01,-3.098887402089113863e+01,-3.526355959925622230e+00,3.618276504784349612e+01,-4.231453687709826283e+01,-2.954404525934654302e+01,-2.029071241022552385e+01,2.158739669925202875e+01,1.617506913240872635e+01,-1.507700482297359024e+01,3.276413480186439386e+01,2.355232407508650994e+01,-3.866308708012842743e+01,-1.418738049279316371e+01,-2.260284856139035981e+01,-6.118883332085952986e+01,-6.261655865609525584e+00,1.420110708123056575e+01,-9.995962973616308034e+00,1.075049561300869705e+00,2.743290696688946539e+00,6.386491367928054785e+01,-3.810540086414820848e+01,-1.825926794713289780e+01,-7.895248267803602893e+00,3.763501525871048869e+01,1.176163431243065460e+01,1.595852715822994305e+01,5.030071329842137118e+01,6.043808459636054176e-01,6.831356772364528318e+00,-5.063725586648741483e+01,-3.489603251398738593e+01,8.630202885994494366e+00,-7.231624533891022111e+01,1.787534799055393719e+01,-2.723033983721373730e+01,1.339815057117414021e+01,-2.237488788221294378e+00,1.981731836511433187e+01,1.006346506555084019e+01,-1.037207030725057244e+01,1.301252552279101238e+01,6.148232874495952238e+00,-4.263469821904921631e-01,-3.438235849811407263e+01,4.967626969005139159e+01,5.790165904482326376e+00
-5.103301423079513732e+00,-3.134485270800788825e+01,1.562500209655784467e+01,3.254506868324168067e+01,-1.930435767606467934e+01,-3.670022776638398909e+01,4.191412890874968866e+01,-3.060103972230090008e+00,4.529932726848679181e+01,-1.738091474632765809e+01,1.712452363088158513e+00,-8.386084009272455830e+01,1.418039514494993369e+01,-5.921121992876489770e+00,2.687610722962814336e+01,-1.382272059025164523e+01,1.054273620991529725e+01,8.946374429338641221e+01,-1.910557029348367308e+01,-6.216556859310244043e+00,-3.374428991239373232e+01,-7.368423777795697127e+00,-2.240372392812350011e+00,-7.227676046310169689e-01,9.613473887927691308e+00,-1.766521389007010256e+01,-2.515039882400985860e+01,1.283332717278934609e+00,9.571462252165996887e+00,5.971976750755061403e+01,6.113751233485942294e-01,3.288727954082921912e+01,1.832876039377935840e+01,2.136119463499669280e+01,-4.860474629487313791e+01,1.133855166539275849e+01,5.467841452482655740e+00,-2.869352826917859645e+01,9.130163570384823402e+00,4.055138850401235118e+01,-1.752226656164409491e+01,-1.059657617548764819e+01,-7.388744479087025141e+00,6.972325885409421176e+01,2.563708091642622833e+01,3.543972374852314289e+01,-4.755603432480282322e+01,-1.678685309216753652e+01,4.015786808456414292e+01,-1.313905694062878382e+01,6.871680425975583262e+01,-2.022422009210384530e+01,1.454563395369493151e+01,-2.568751813288239916e+01,-1.945996774594707990e+00,2.770876079148339954e+01,-3.563529274563271798e+01,-2.370865853143428126e+01,-1.768297700138926487e+01,7.557117548061814460e+00,1.032654863262315104e+01,-1.742370534808519267e+01,3.664106932400969896e+01,2.748528607998875373e+01,-3.544875361643492084e+01,-1.563425310740947793e+01,-1.916502178266000911e+01,-5.463398253278349870e+01,-4.355708909161785769e+00,1.666332646607223111e+01,-9.055680067557394963e+00,7.524567394036228984e-01,5.152593443572913934e+00,5.478657989801936168e+01,-3.534518921345346598e+01,-1.718470339118696444e+01,-7.549815436712089323e+00,3.661262176491461418e+01,7.723798009273842524e+00,1.280225986934778071e+01,4.051661996185983128e+01,1.777604597614087734e+00,1.003922179127617831e+00,-4.398114227448806446e+01,-3.122291774542447840e+01,8.429801143602734470e+00,-5.365013628946657320e+01,1.383973317779482670e+01,-1.809784691612436092e+01,1.761227927110562064e+01,-5.507046243840965083e-01,1.670458103865768251e+01,3.872834663152707080e+00,-9.432194036585109131e+00,2.108467194058936656e+01,1.477195949556483257e+00,-1.914348435742719623e+00,-3.012433667070080645e+01,4.116747437406097987e+01,6.947195024706553923e+00
-4.448344919458895319e+00,-2.658580339124583958e+01,1.338055747816471275e+01,2.810302572981865055e+01,-1.632243902514573364e+01,-3.180763607478302646e+01,3.629752179424730230e+01,-2.840908812229931080e+00,3.889191609054897469e+01,-1.473342464790587414e+01,1.268171279430705845e+00,-7.209780396807079228e+01,1.243804763989019690e+01,-5.189741807054017997e+00,2.283276760954593954e+01,-1.214259365754739228e+01,8.950742902564847725e+00,7.717149669656325273e+01,-1.640682168496746129e+01,-5.293038091143564827e+00,-2.916656646711095391e+01,-6.305854004701774151e+00,-1.868683588696450570e+00,-7.491509130020408413e-01,8.580744162583441081e+00,-1.514640930398592467e+01,-2.140037634333165428e+01,8.914422134295580946e-01,8.150244077841781731e+00,5.118373607172937056e+01,-2.262808343900815089e-01,2.806812400159519783e+01,1.569069083578868984e+01,1.853752512176885858e+01,-4.184874521265599157e+01,9.833576082555264719e+00,4.526727086792244670e+00,-2.428753266504583763e+01,7.773147386702921047e+00,3.421249090183708574e+01,-1.506676216963654902e+01,-9.262054327956809274e+00,-6.569696799133875054e+00,6.017355588803714284e+01,2.212615670433243054e+01,3.055232962384680562e+01,-4.087522257488032551e+01,-1.442284659824464299e+01,3.463613960436103412e+01,-1.111645968906404036e+01,5.917783915430716490e+01,-1.745810310718243841e+01,1.218431466750002379e+01,-2.199401467429830248e+01,-1.618550690589260155e+00,2.361326707697846317e+01,-3.053872438591378113e+01,-2.026159903735388212e+01,-1.518251238282103976e+01,5.966508149313911602e+00,8.691499709698696563e+00,-1.515859170118903521e+01,3.183490218161993823e+01,2.392148937901964345e+01,-3.051748569006180034e+01,-1.357514540825276406e+01,-1.643027323884475877e+01,-4.696916187388238484e+01,-3.688720441521558868e+00,1.450587112521607125e+01,-7.791130863951391206e+00,6.375025394077220575e-01,4.552071995874023003e+00,4.699910392067248210e+01,-3.044630194579215043e+01,-1.481369071060020204e+01,-6.513269146266775778e+00,3.161230100235879092e+01,6.514457871243521048e+00,1.094069557280188754e+01,3.463341698127720036e+01,1.584252668293411714e+00,6.324296284322707962e-01,-3.775510421338429978e+01,-2.684547695146548207e+01,7.279926532706793907e+00,-4.562909539954492288e+01,1.180210929781815388e+01,-1.527749163957632561e+01,1.539709645546429861e+01,-4.079428685287120881e-01,1.431622568106898896e+01,3.098083354447445537e+00,-8.116664290488795785e+00,1.855509258157839980e+01,1.088336677063020730e+00,-1.715196985987760492e+00,-2.587205425149688409e+01,3.524765760827703076e+01,6.052992833974367493e+00
-4.284309796447147711e+00,-4.260426071734448072e+01,1.840833298883228863e+01,3.319006297800112293e+01,-2.736623479945232873e+01,-3.484813564390342577e+01,4.043917459086573274e+01,1.270515029456646960e+00,5.116531777490067157e+01,-2.381388893492668402e+01,6.404814249744827492e+00,-9.253549407251551884e+01,1.018864825954680597e+01,-4.339542625569213996e+00,3.570667463506244843e+01,-9.527367205578304521e+00,1.413737950529813503e+01,9.303848949293937665e+01,-2.149867237645390716e+01,-7.999739027067274577e+00,-3.379355140209398201e+01,-8.772508674111643145e+00,-3.742870005439571379e+00,2.029265906970938005e+00,3.622197397386148765e+00,-2.039812368697218403e+01,-3.266844973698558618e+01,6.103911963109593053e+00,1.230152760259125166e+01,6.942016050244372138e+01,1.731038781827097850e+01,4.084925722389433389e+01,2.170976818298480282e+01,1.975129871017247041e+01,-5.226703135430807379e+01,1.062048143949404633e+01,9.886472435935022673e+00,-4.009559620308016292e+01,1.176365592319246289e+01,5.914533244010304003e+01,-1.928350154987871790e+01,-8.333143525644501892e+00,-3.343940960789403061e+00,7.184066041582447326e+01,2.640503635972278573e+01,3.725414751141770608e+01,-5.270089131742964383e+01,-1.872993749370896666e+01,4.185250645536564917e+01,-1.847185030961242802e+01,7.361599443853992852e+01,-2.075189810717838412e+01,2.315292129967245671e+01,-3.034372775540834866e+01,-3.352751059431120062e+00,3.519527685045481746e+01,-4.149098946751593076e+01,-2.884887424366025144e+01,-1.995682568304345850e+01,2.007799785117367009e+01,1.552236015445722828e+01,-1.526822874140715669e+01,3.305430937735406616e+01,2.387842984896410670e+01,-3.820679563813540369e+01,-1.428925162902334023e+01,-2.217626796659245514e+01,-6.031619201262008545e+01,-6.045702028216450863e+00,1.440704648429809254e+01,-9.866790994668050985e+00,1.038448196102063958e+00,2.981350143192131430e+00,6.272474620276089752e+01,-3.769750237009969140e+01,-1.808924877560824029e+01,-7.833955802678396196e+00,3.740685334171844545e+01,1.130905453537315886e+01,1.558259032238231612e+01,4.913262602167098692e+01,7.227022409917848167e-01,6.211428325879319701e+00,-4.978880755294465388e+01,-3.440504207549387417e+01,8.581373478867229565e+00,-7.016525711058335446e+01,1.740296198889427259e+01,-2.620466666137659217e+01,1.378636125385305355e+01,-2.057194599532183421e+00,1.943320020933447267e+01,9.395703378798488714e+00,-1.024170755921073273e+01,1.379759943693895963e+01,5.649119504804875014e+00,-5.775289543430249806e-01,-3.383307518348516396e+01,4.864099719484794804e+01,5.889833420536506381e+00
-2.136062938966740710e+00,-1.094714750303450934e+01,5.834385542639368261e+00,1.283956651834466811e+01,-6.591629966126909324e+00,-1.482288821031478676e+01,1.684333820252398084e+01,-1.792964747250546775e+00,1.720867422781823564e+01,-6.044977294465869733e+00,5.425415916898801427e-02,-3.214914259120921969e+01,6.164299691008460869e+00,-2.562581750009872650e+00,9.496297797467693869e+00,-6.062740485075078567e+00,3.707701322869564553e+00,3.505461276153436501e+01,-7.268775945010923500e+00,-2.231127617579810263e+00,-1.339530739821086236e+01,-2.739166603926496801e+00,-6.893841699610693263e-01,-6.541181572804370958e-01,4.617197373184907860e+00,-6.651400919297352665e+00,-8.985977991871330062e+00,-1.332764656574392248e-01,3.437266946753290586e+00,2.242446511010841448e+01,-1.984486317481295004e+00,1.199954597336073014e+01,6.828492209550947045e+00,8.698535858292924416e+00,-1.881538236578845869e+01,4.598993315622093014e+00,1.582254001200449345e+00,-9.875119970662776581e+00,3.274881642448230323e+00,1.362533997110412187e+01,-6.724229128815596646e+00,-4.510429539178708147e+00,-3.474005231842773878e+00,2.740886334025465132e+01,1.007959053044817033e+01,1.383322985387392023e+01,-1.820113188208163280e+01,-6.407897490911792282e+00,1.572306432601255644e+01,-4.507022766035770900e+00,2.663810738409787149e+01,-7.961867416917772111e+00,4.628909515475515768e+00,-9.581010163131882251e+00,-5.852401500864604644e-01,1.000626279449332401e+01,-1.337188049241497900e+01,-8.730530220740750025e+00,-6.719684891920681302e+00,1.331359566001003358e+00,3.408277848393762355e+00,-7.207492201298343559e+00,1.503076135671902946e+01,1.139713208304333136e+01,-1.371095716145851995e+01,-6.388693101808266661e+00,-7.209940161098441713e+00,-2.094053727090130224e+01,-1.504502959724470568e+00,6.918945289713480662e+00,-3.488367454708448445e+00,2.607003270366063941e-01,2.336001919318333009e+00,2.070024523554078755e+01,-1.372394130430019743e+01,-6.704427107525624763e+00,-2.960585332297537953e+00,1.443513023793018490e+01,2.589384187902506351e+00,4.713705797747429038e+00,1.494238009277025014e+01,8.466951850517367983e-01,-2.958550971563100873e-01,-1.669292341353056131e+01,-1.197606099458443296e+01,3.327762152948110952e+00,-1.910490860462010332e+01,5.021326252702547066e+00,-6.106457899123782340e+00,7.505188238237264109e+00,-1.778343788840763828e-02,6.270448379288814600e+00,8.014990282094367480e-01,-3.638116754793767615e+00,9.345929080685840162e+00,3.023537017665933746e-02,-9.386062144402880225e-01,-1.146950932807690648e+01,1.535325678164226382e+01,2.900177068331696972e+00
-4.855264045442575949e+00,-4.210148082309271445e+01,1.885412953722471485e+01,3.538683069104194345e+01,-2.677904891085158923e+01,-3.796028718806355329e+01,4.383586469060252711e+01,-1.692536045877179873e-02,5.300008711814751905e+01,-2.348843454459803581e+01,5.373758372330450506e+00,-9.646991092829938452e+01,1.219753561303224032e+01,-5.157395391598040391e+00,3.547830391728624022e+01,-1.158509803713620734e+01,1.401563450168578484e+01,9.863374457514822780e+01,-2.229243627344020240e+01,-8.010757243113804549e+00,-3.622375202769755731e+01,-8.960208783718279335e+00,-3.535191025845430435e+00,1.299556048168456712e+00,5.792715694168969698e+00,-2.100399646011114640e+01,-3.263824527384065277e+01,5.010237503453339514e+00,1.232229531714937742e+01,7.135482782429610893e+01,1.324426831059841092e+01,4.126975844198138077e+01,2.220414104455942805e+01,2.169363471380739128e+01,-5.488346840240102154e+01,1.161788603462992597e+01,9.194599432904265512e+00,-3.936580522585330755e+01,1.177625446642600870e+01,5.750354293421261787e+01,-2.011820051906257589e+01,-9.657228200973300147e+00,-4.874325470574563113e+00,7.636586630669810916e+01,2.807155524501702715e+01,3.937257443934775836e+01,-5.487649840215130581e+01,-1.946664787856201784e+01,4.434190520606825459e+01,-1.811018441849262928e+01,7.738363387218235800e+01,-2.208579081802844613e+01,2.208706136568797262e+01,-3.105682497383473617e+01,-3.147332608370132956e+00,3.535800226320503725e+01,-4.262883427523529889e+01,-2.929961121354749665e+01,-2.067697945061590659e+01,1.754301765101563149e+01,1.499084937092796110e+01,-1.705987091959579161e+01,3.658915804029336982e+01,2.675555274502860215e+01,-4.009360972810470969e+01,-1.575188384097486605e+01,-2.282218207202561189e+01,-6.287181669410470164e+01,-5.944974759171797629e+00,1.616846655996432247e+01,-1.032256768386026735e+01,1.022513895640837722e+00,3.888721267404588566e+00,6.473612424344159422e+01,-3.967668863955505998e+01,-1.911038517013191296e+01,-8.310452710154933698e+00,3.986128629556815639e+01,1.098559243983547340e+01,1.582482249336707092e+01,4.994433408297896904e+01,1.111019110459525061e+00,5.002290931520294137e+00,-5.154252644273474715e+01,-3.588161538306134446e+01,9.154192403530741373e+00,-6.998321249882077666e+01,1.752757775966575693e+01,-2.551909420892528146e+01,1.600282181551364147e+01,-1.726239057009561151e+00,1.997060092840497703e+01,8.316585843405817968e+00,-1.072512856621467847e+01,1.711732693361384605e+01,4.729139371811955428e+00,-1.045135331279711144e+00,-3.510051282271310669e+01,4.978102835474965815e+01,6.652917455905726030e+00
-1.685938459935272249e+00,-1.992527220902313090e+01,8.270269726454920090e+00,1.419903062409254346e+01,-1.293380530300348852e+01,-1.449647411468467162e+01,1.693209738237507267e+01,1.244756063859801642e+00,2.268236793511821503e+01,-1.116005376395968440e+01,3.483920045909253638e+00,-4.070739463812990522e+01,3.676505230801227153e+00,-1.585205931665105261e+00,1.660071190991057222e+01,-3.346253445405275251e+00,6.588752401704063288e+00,4.009047259660828644e+01,-9.519018361643926340e+00,-3.687439000792023691e+00,-1.435828429195123945e+01,-3.953856033688416982e+00,-1.834071642845377603e+00,1.309884291862828842e+00,5.624728332521493623e-01,-9.107013325983466245e+00,-1.509680256791045139e+01,3.377023505128442515e+00,5.668371195455002010e+00,3.105862505517628236e+01,1.007019171808616775e+01,1.864303459133288854e+01,9.769538879839416268e+00,8.125119515829073435e+00,-2.279133321304292181e+01,4.392996944161239981e+00,4.917811847333524611e+00,-1.888321247400701708e+01,5.424239840688286129e+00,2.814377931344743899e+01,-8.475458073776904300e+00,-3.170029198924972924e+00,-7.612943746665010725e-01,3.085159343136252019e+01,1.133782724029085998e+01,1.611526449417921825e+01,-2.321700545677330396e+01,-8.270003921858080531e+00,1.804842758815569681e+01,-8.712420192251217443e+00,3.205849242010273770e+01,-8.898121429094532076e+00,1.123346252693145964e+01,-1.364357221716514523e+01,-1.652817856322488677e+00,1.616467159841317169e+01,-1.857253661063525030e+01,-1.308761021968363991e+01,-8.844860565510469286e+00,1.056503754273671802e+01,7.437626596057657302e+00,-6.132558914159593755e+00,1.345224536498907142e+01,9.552481484132140821e+00,-1.667346930612278655e+01,-5.848826493146296102e+00,-9.907420258093994292e+00,-2.653831216939107662e+01,-2.842491220330088275e+00,5.750446430336062065e+00,-4.321972142301933495e+00,4.875453232445757790e-01,9.124299539412449311e-01,2.792847359198120571e+01,-1.639112781688967146e+01,-7.828813329890336625e+00,-3.372922093075536143e+00,1.601397268590323364e+01,5.386189761483840321e+00,7.069843657765543021e+00,2.226703365842962512e+01,1.351017817774419205e-01,3.485690560357471046e+00,-2.208834155202520222e+01,-1.512813522827416080e+01,3.668720650525171934e+00,-3.248480018021886195e+01,7.970349796633460215e+00,-1.244787009369366437e+01,5.231261121020839511e+00,-1.118908190532056368e+00,8.696564685858293231e+00,4.889233559577771615e+00,-4.480918444654951038e+00,4.672386808517956069e+00,3.078265050318333973e+00,-2.754467019624040613e-02,-1.497101110232963350e+01,2.187221335887027962e+01,2.328897631953683156e+00
-3.646078354483193618e+00,-8.972691671591665141e+00,6.803982210942457698e+00,1.841715646276966822e+01,-4.596980739202153110e+00,-2.289385517882536192e+01,2.561878562045569652e+01,-5.349854417348446134e+00,2.154122004918778543e+01,-4.819224187825165373e+00,-2.869201997242973423e+00,-4.167856930807858618e+01,1.154516916801486914e+01,-4.750563509669890827e+00,8.372095762230664207e+00,-1.158707596187614541e+01,3.176478538177009536e+00,4.914275948906620783e+01,-9.151986668093734067e+00,-2.150203134422510765e+00,-1.960622422316914992e+01,-3.133204728082782164e+00,-6.643194626004023107e-02,-2.688331914042176862e+00,1.053368512408466096e+01,-8.033391250382294402e+00,-8.448781186369298979e+00,-3.224690480915811452e+00,3.323339889542567427e+00,2.677785202410250065e+01,-1.340306904206336469e+01,1.258762640271223887e+01,7.885729936009789220e+00,1.376351100222841595e+01,-2.528144868554594282e+01,7.193251555824101473e+00,-4.571771764227525736e-01,-7.311477281881991530e+00,3.145974798920037507e+00,8.289742386112951777e+00,-8.750767812343090313e+00,-8.034543828933884413e+00,-7.634607189417131679e+00,3.885009729478773011e+01,1.429383141888913755e+01,1.913895801321418233e+01,-2.344930684810793053e+01,-8.172757277403768228e+00,2.198468199077694152e+01,-3.255988867854911817e+00,3.597207885749426026e+01,-1.134029632643911256e+01,1.376939952136824630e+00,-1.111949908650642271e+01,2.607427385061189540e-02,9.964309702812091274e+00,-1.592304653043452412e+01,-9.568561764725544094e+00,-8.421973403586994422e+00,-5.916533960120917257e+00,1.731337756050601584e+00,-1.192052836492342749e+01,2.428867827219465170e+01,1.897449870905575153e+01,-1.836672817076966169e+01,-1.021087724475857783e+01,-8.677285638843052595e+00,-2.712752680474962474e+01,-1.143550954376991724e+00,1.156087197996437155e+01,-4.604146210857726906e+00,2.024595582533558202e-01,4.788955206779389684e+00,2.535759410150595272e+01,-1.864072754277523813e+01,-9.260092706712276467e+00,-4.161585714678424530e+00,2.066242986733638531e+01,1.542952755310620372e+00,5.162979654489044279e+00,1.649074716992372913e+01,1.904147113610698439e+00,-3.706176194664616563e+00,-2.082179472439627688e+01,-1.555691593804383288e+01,4.783164977778288751e+00,-1.762900866101541197e+01,5.121960595852661058e+00,-3.857488310551408617e+00,1.340666887796924556e+01,9.206265342987505207e-01,7.477620774993093633e+00,-2.295660561768722907e+00,-4.824678713301442379e+00,1.828017977388377346e+01,-2.577363162079929104e+00,-2.216046496735339932e+00,-1.448339329827420663e+01,1.781103231750313753e+01,4.916044868729219530e+00
-4.303927779851726143e+00,-1.708630177436360498e+01,1.014106904206002291e+01,2.407963458004209656e+01,-9.875839761488132140e+00,-2.863432720307717716e+01,3.233488013968778318e+01,-4.784294252742654407e+00,3.066504273058458452e+01,-9.365669119572856971e+00,-1.406470686304068352e+00,-5.802285024784859502e+01,1.294404104167679570e+01,-5.355975913418342671e+00,1.512303557435419421e+01,-1.284957566045699195e+01,5.857351553990970849e+00,6.515894672330757942e+01,-1.297983381662789171e+01,-3.646872739394045215e+00,-2.532245488775977904e+01,-4.729789571530209180e+00,-8.208115583413266858e-01,-2.122390375345938995e+00,1.066063585559698090e+01,-1.170273490112817427e+01,-1.457983934306141904e+01,-1.802435505640886504e+00,5.623857636445775299e+00,3.929795832430038871e+01,-9.124335563748768863e+00,2.013747476241861989e+01,1.182928437344110151e+01,1.697173178159040674e+01,-3.441298723085809286e+01,8.930300983016136840e+00,1.571897296519917830e+00,-1.501259532062752733e+01,5.347751375517763250e+00,1.979347887554495244e+01,-1.215299278974028141e+01,-9.259774988217237990e+00,-7.872196802661440174e+00,5.116509082186294677e+01,1.881937357996440952e+01,2.558313164298284548e+01,-3.277427757997281788e+01,-1.149614208127512960e+01,2.919642886843764629e+01,-6.810330778831668930e+00,4.881250124767728948e+01,-1.489080547159768919e+01,5.987788908584906977e+00,-1.662577879791076896e+01,-6.546065279353043831e-01,1.651993166688871995e+01,-2.341075037094439892e+01,-1.486136802874566243e+01,-1.197953681124414160e+01,-1.508430337880867000e+00,4.776021021177664139e+00,-1.432676578695656744e+01,2.958541736656480836e+01,2.271857942553837262e+01,-2.504836873634119954e+01,-1.251728711940279837e+01,-1.266974169924830740e+01,-3.778326610647870609e+01,-2.302374209056196719e+00,1.381337525188173387e+01,-6.337667661144752884e+00,4.011586910772232395e-01,5.117022092969905067e+00,3.660320278544574535e+01,-2.520341455656378571e+01,-1.239105311609291604e+01,-5.508802929170730778e+00,2.704977549274129345e+01,3.744983898653691412e+00,8.022178431739316551e+00,2.549374124851887302e+01,1.940855875343752812e+00,-2.234404448199479809e+00,-2.970821652792826129e+01,-2.163028569444535165e+01,6.245982135354076981e+00,-3.082708641594261678e+01,8.352281531261763092e+00,-8.943644039517693045e+00,1.542710747926148329e+01,4.508590349098076100e-01,1.098351252973080783e+01,-2.600939876383190352e-01,-6.621444202963861159e+00,2.002214810698881209e+01,-1.284527501997738241e+00,-2.205379496823168584e+00,-2.050273976478057136e+01,2.663837813382992437e+01,5.825972379115798461e+00
-5.296729996539119689e+00,-6.476783563688863410e+01,2.668708509842336341e+01,4.539034635273650764e+01,-4.211981671567695429e+01,-4.608119316245286967e+01,5.389480101394928369e+01,4.421761183520043659e+00,7.300999116357122887e+01,-3.628928221107035057e+01,1.160667330848384182e+01,-1.308370523368784575e+02,1.132208336239711954e+01,-4.896216539952047420e+00,5.390425136175520748e+01,-1.023647251351194143e+01,2.140367218230752400e+01,1.283396806391812390e+02,-3.063270025034467992e+01,-1.195503505010601231e+01,-4.583699279708191909e+01,-1.276618355310717945e+01,-6.009986798265033237e+00,4.466173502411971974e+00,1.174967174219117005e+00,-2.935276350818519475e+01,-4.896782274659406653e+01,1.127873587839784975e+01,1.837626390614042649e+01,1.001442386901578914e+02,3.387357336842450195e+01,6.033342957209090685e+01,3.153467345545691458e+01,2.576880112033991921e+01,-7.312959476062540887e+01,1.394815880915516004e+01,1.615533315067025200e+01,-6.145633682010928567e+01,1.758699132089123296e+01,9.176101575658648812e+01,-2.723620172510936399e+01,-9.884387125387327444e+00,-2.011185455104212316e+00,9.869809656238166440e+01,3.627006960795806378e+01,5.162810390454604459e+01,-7.464188286718919585e+01,-2.659922082775192820e+01,5.778638890717331122e+01,-2.836245902081314441e+01,1.028386206345709439e+02,-2.845760344998691593e+01,3.674877583862355124e+01,-4.403271447071645639e+01,-5.421506416615468282e+00,5.237321337795667375e+01,-5.989027261722815609e+01,-4.230819778685822996e+01,-2.846842706233471532e+01,3.502044293209998216e+01,2.427911003649479937e+01,-1.935201302347049079e+01,4.256835499473972106e+01,3.011816020859615861e+01,-5.350762428360363288e+01,-1.853026693775061773e+01,-3.193650073069864703e+01,-8.529919937356258686e+01,-9.248296505270744206e+00,1.812186419537658111e+01,-1.387980821798710451e+01,1.585870325052589180e+00,2.687638486381433101e+00,8.997024522538033864e+01,-5.256436814802003710e+01,-2.508338187707653333e+01,-1.079585107717721471e+01,5.119912773350682755e+01,1.756409938590746478e+01,2.285499364273954725e+01,7.196902823844135355e+01,3.220016677925670034e-01,1.166567309405169262e+01,-7.110780854279870766e+01,-4.861880914363527495e+01,1.172631644993460043e+01,-1.054023466365639905e+02,2.581050163333759784e+01,-4.057335739243124806e+01,1.630206421515039850e+01,-3.727586163321004342e+00,2.804216002787450535e+01,1.617846547949581293e+01,-1.438700213150599971e+01,1.415969105291714314e+01,1.025791903473117195e+01,5.051778975587406517e-02,-4.817180231825315673e+01,7.059043961131897049e+01,7.324381207066476662e+00
-4.874734030293858211e+00,-2.518763170775640958e+01,1.338130892308537767e+01,2.937517628635203337e+01,-1.518329159140555973e+01,-3.387830249324763088e+01,3.850447252704658752e+01,-4.043422116814806344e+00,3.943743931324949870e+01,-1.391138313505733670e+01,1.863300568957955150e-01,-7.364649167143653585e+01,1.404602214312300212e+01,-5.840151611932576259e+00,2.183703582184651992e+01,-1.380970913261838362e+01,8.527924015164071392e+00,8.022422915330737681e+01,-1.665686663542193813e+01,-5.126681269423263743e+00,-3.063836341151521481e+01,-6.283638237478520239e+00,-1.596686887633233631e+00,-1.459593910615553103e+00,1.048097198544918740e+01,-1.524931543902078879e+01,-2.065242438682822268e+01,-2.408887774759511657e-01,7.897919385169164030e+00,5.141784179098760887e+01,-4.317413750373471970e+00,2.755093703405948702e+01,1.566295460336261947e+01,1.987391326858060836e+01,-4.308306748505422945e+01,1.050928020447609690e+01,3.677536263771850500e+00,-2.273758556293443434e+01,7.525231209956317002e+00,3.141047233905941738e+01,-1.540299949804616730e+01,-1.028621949333123631e+01,-7.892084353268509211e+00,6.271756184738738682e+01,2.306419781946554792e+01,3.166339178028289325e+01,-4.169782050470944768e+01,-1.468189872560070341e+01,3.598422710466795138e+01,-1.037918485443165295e+01,6.099158896161718957e+01,-1.821736030556090213e+01,1.070139720146100082e+01,-2.197542048921519253e+01,-1.357219021795928127e+00,2.298559868069023437e+01,-3.066179876442971164e+01,-2.003662503854614485e+01,-1.539940530624882697e+01,3.211160487734460389e+00,7.864321575393220520e+00,-1.645636569111628233e+01,3.433074052016989697e+01,2.601964714419624514e+01,-3.139624629114394594e+01,-1.459436090413420217e+01,-1.653049673653221774e+01,-4.797050843969481093e+01,-3.463511291814017845e+00,1.579506492469599621e+01,-7.989343066146049388e+00,6.000664939626556560e-01,5.314097471803777673e+00,4.745083646433899816e+01,-3.142056194663058832e+01,-1.534634512819395269e+01,-6.775211451158742904e+00,3.302652471159031222e+01,5.969987652434614489e+00,1.081805351458252495e+01,3.429045420259657817e+01,1.922566522325764415e+00,-6.076059249980616528e-01,-3.825704184513650574e+01,-2.743382166327188898e+01,7.613258859459798522e+00,-4.391575277093945573e+01,1.153202663256839067e+01,-1.407420350753501914e+01,1.711509829207161459e+01,-6.065650755122886650e-02,1.437794493263264428e+01,1.906442402732687391e+00,-8.331828062590814099e+00,2.127932645122034927e+01,1.244911879419516865e-01,-2.129045789156856827e+00,-2.628222317240314609e+01,3.521505618274009208e+01,6.619251981607611413e+00
-2.766375845762253149e+00,-3.320264693034899040e+01,1.373535940237876396e+01,2.348158283467299157e+01,-2.157063857548820351e+01,-2.391254182410043683e+01,2.794691123802181920e+01,2.162249425427365868e+00,3.762823350916442422e+01,-1.859972414846787103e+01,5.871568125979235830e+00,-6.748533797212546403e+01,5.979063331894185040e+00,-2.581391533491399493e+00,2.764938340086868251e+01,-5.425905962465730425e+00,1.097610372551967650e+01,6.634200192555968556e+01,-1.578962343786982281e+01,-6.137301130515549374e+00,-2.373031274950113811e+01,-6.568391967397802844e+00,-3.067533930014272769e+00,2.231567949455121713e+00,7.841474212568586566e-01,-1.511697398687914351e+01,-2.513210105672143158e+01,5.698018384992410645e+00,9.434057326668426668e+00,5.156426367520513310e+01,1.704774703100729383e+01,3.100353127485539417e+01,1.622762269597746609e+01,1.338884621352923077e+01,-3.775482620951353141e+01,7.242626470736029276e+00,8.234635326043838077e+00,-3.148395689179237422e+01,9.028251363400890739e+00,4.696292734278696912e+01,-1.404965432174918760e+01,-5.183988671123611169e+00,-1.159972926458881393e+00,5.103806113482880846e+01,1.875601977303103851e+01,2.667681741073105428e+01,-3.849429519105803621e+01,-1.371452578999057259e+01,2.986873832621096270e+01,-1.452795640273031097e+01,5.310015336204966019e+01,-1.471822522622653651e+01,1.877381721309977181e+01,-2.266096801855861287e+01,-2.765662273241501712e+00,2.689614185555106474e+01,-3.083589996087980367e+01,-2.175390907236291227e+01,-1.467258681952454857e+01,1.776413950624883498e+01,1.241785297130700805e+01,-1.008261276466261158e+01,2.214470097126591597e+01,1.569929597464119198e+01,-2.762223400482024971e+01,-9.633376110287418470e+00,-1.644651658526264981e+01,-4.399627179806198285e+01,-4.738642281256122857e+00,9.448670584341886780e+00,-7.162363881193692272e+00,8.126798737717422227e-01,1.455220836223753533e+00,4.634846848411206821e+01,-2.714577654962191389e+01,-1.296018801784409291e+01,-5.581132475540413473e+00,2.648465627322744353e+01,8.988469241025326184e+00,1.175141091573903829e+01,3.700858220179065938e+01,1.976705789202148900e-01,5.886997655630592519e+00,-3.664510434354679802e+01,-2.507864182000277964e+01,6.066764200806919582e+00,-5.408662793373292033e+01,1.325862841067119646e+01,-2.076865202568162516e+01,8.552544640793682262e+00,-1.885721005756140656e+00,1.443854480051255074e+01,8.214207507416587006e+00,-7.425006592740520439e+00,7.544916353093175765e+00,5.188533265459305710e+00,-1.307442978333028805e-02,-2.483175364110749328e+01,3.632835504774214996e+01,3.823172099308755456e+00
-2.749778545350067382e+00,-1.176289495388097350e+01,6.754055846055024404e+00,1.568938714422166214e+01,-6.889572010498230092e+00,-1.850427397485546521e+01,2.093163308892049201e+01,-2.857171822517666104e+00,2.027446055442078787e+01,-6.462941755390632537e+00,-6.404848360426727005e-01,-3.822087414325606147e+01,8.180774775441401303e+00,-3.389125547295664731e+00,1.034508955531389596e+01,-8.101661898524433525e+00,4.016966035658129819e+00,4.256184217345717968e+01,-8.576489602314724792e+00,-2.474486240391955860e+00,-1.646246926394303856e+01,-3.156268173779732678e+00,-6.211732069917836885e-01,-1.219018455798079437e+00,6.579922177523114257e+00,-7.766197423885934370e+00,-9.915448542913505747e+00,-8.903826226597884030e-01,3.814761275797894591e+00,2.610952916883068653e+01,-4.956709042566227907e+00,1.355380729375089999e+01,7.886260297107034134e+00,1.093771506241901648e+01,-2.258207499519146566e+01,5.762808209116397684e+00,1.279486716772667787e+00,-1.042330758788548550e+01,3.629658781333658712e+00,1.395040799870950998e+01,-8.002184020978202028e+00,-5.886820171100354493e+00,-4.880981049829241414e+00,3.338082412531184673e+01,1.227739022783583245e+01,1.673487695410769760e+01,-2.160339708488556454e+01,-7.585838942918750938e+00,1.907653266944789294e+01,-4.737794619431297427e+00,3.201391190475264636e+01,-9.709804774084512147e+00,4.394154552428877203e+00,-1.107836844662267950e+01,-5.075549097734053383e-01,1.117466902025100062e+01,-1.555857004989038117e+01,-9.959735135231197134e+00,-7.919340100405187322e+00,-2.500950352743736005e-01,3.407502669205802359e+00,-9.186661626132217151e+00,1.902129362471221441e+01,1.455667667979017210e+01,-1.644232546322097477e+01,-8.057778208039295009e+00,-8.410988131907458865e+00,-2.489058518886828963e+01,-1.595126167831383279e+00,8.847077581452968076e+00,-4.166798783825544028e+00,2.774359841742707888e-01,3.199408501241559399e+00,2.425514151164965782e+01,-1.651943772923748810e+01,-8.106949672884969260e+00,-3.597296758642342773e+00,1.762868424559539804e+01,2.643379498147359730e+00,5.376601923724237508e+00,1.707353216502625415e+01,1.200020348170471651e+00,-1.148591699435812075e+00,-1.964912121773000209e+01,-1.424530962064352657e+01,4.068730107537246177e+00,-2.100098821826117401e+01,5.636838009300947583e+00,-6.286266444159547717e+00,9.804441310513563934e+00,2.051797908077366284e-01,7.298452595947838795e+00,1.531062497810964373e-01,-4.351160354079670611e+00,1.258931704016312203e+01,-5.915806689090405968e-01,-1.355515536520077502e+00,-1.354312392701979206e+01,1.775090128486869290e+01,3.725202619515349589e+00
-5.690704973933831567e+00,-6.088593461786871330e+01,2.584654553390693721e+01,4.563280608000294336e+01,-3.929287607097208479e+01,-4.735247090579941442e+01,5.509899944520981308e+01,2.700189411642790915e+00,7.142549680589533523e+01,-3.406341115488937987e+01,9.817306068309932243e+00,-1.287489453451819088e+02,1.308066480284892563e+01,-5.597563677586458120e+00,5.089440132267525030e+01,-1.210709812635433380e+01,2.017244636094994448e+01,1.283091864754887297e+02,-2.999573694783281397e+01,-1.135918027946305564e+01,-4.632804192170726765e+01,-1.233439623736207658e+01,-5.462608445126746481e+00,3.390615265352569629e+00,3.638035261513641760e+00,-2.856257099095592622e+01,-4.643963638158458451e+01,9.433280453096067220e+00,1.746482005175991503e+01,9.729438548061227721e+01,2.742275301029741286e+01,5.775046579357458398e+01,3.050379302257130831e+01,2.671450727309710871e+01,-7.244757776339133670e+01,1.439734914847235103e+01,1.452862902900575648e+01,-5.747916781539240105e+01,1.670623598689061140e+01,8.518090131160428768e+01,-2.681974357072095927e+01,-1.092018918062490407e+01,-3.687623906323733713e+00,9.893296688913564196e+01,3.636053470112257457e+01,5.146192434244655090e+01,-7.337047535571193180e+01,-2.610129658356493465e+01,5.773787197755752487e+01,-2.649807279952778316e+01,1.019821334309927323e+02,-2.855919537820907905e+01,3.363890490724192972e+01,-4.261975939612275965e+01,-4.906716631923428551e+00,4.989590064058497632e+01,-5.816367105010744609e+01,-4.067808947836647349e+01,-2.785609221551331061e+01,3.029094291520033977e+01,2.242519948893991355e+01,-2.044925639077530732e+01,4.450979982416848912e+01,3.192897309349764612e+01,-5.297653971283693863e+01,-1.928692479438900520e+01,-3.106130527329911573e+01,-8.392691147519330741e+01,-8.660362105344347583e+00,1.924660914177540860e+01,-1.370292056992684060e+01,1.486608431886526915e+00,3.605481157388981117e+00,8.772754054937502133e+01,-5.218867542390469794e+01,-2.499323374824712829e+01,-1.080005967559817215e+01,5.144534301139567134e+01,1.629389150593273428e+01,2.197294394420579167e+01,6.924838295270193100e+01,7.569654753458422425e-01,9.666310057395440580e+00,-6.952595071751309774e+01,-4.785978591361026702e+01,1.179511196097812942e+01,-9.982444235993516202e+01,2.464126868047170404e+01,-3.771079196566376623e+01,1.804837341419587560e+01,-3.153120963409010269e+00,2.723910564612423002e+01,1.410047231115920141e+01,-1.421642413487291101e+01,1.729744959775095836e+01,8.666328573864518603e+00,-4.955736213396604306e-01,-4.719244979241108240e+01,6.832160618584460110e+01,7.838444106991771854e+00
-3.741188063131332786e+00,-1.175693163176456402e+01,7.809762746552171286e+00,1.981620907936617826e+01,-6.463995663941417114e+00,-2.412315501818882169e+01,2.710920139961916675e+01,-4.888323640386593283e+00,2.415955735286828698e+01,-6.388704591374767539e+00,-2.166425769940622637e+00,-4.623071363997726024e+01,1.157768164291603341e+01,-4.775646614836497328e+00,1.064815763102413726e+01,-1.156416531400362224e+01,4.086960192503434897e+00,5.323197778536466274e+01,-1.024537029152736878e+01,-2.641636275091161945e+00,-2.097316029348703381e+01,-3.619870931797779967e+00,-3.596702192896992223e-01,-2.345781449331635571e+00,1.011204411790492763e+01,-9.114605967490007288e+00,-1.047801027814905694e+01,-2.521895828251457417e+00,4.077899186690675748e+00,3.049536862602284160e+01,-1.112307518632617231e+01,1.498869695691135817e+01,9.081224535721190705e+00,1.440718216395266360e+01,-2.773540259559582921e+01,7.553343863788107626e+00,3.600146464996845097e-01,-1.000810585885543702e+01,3.869701653193964752e+00,1.243570512493284141e+01,-9.694986886914408686e+00,-8.156011218083751402e+00,-7.386172287988627794e+00,4.194671998815027791e+01,1.543101968450714523e+01,2.081264023765918836e+01,-2.606121997556653014e+01,-9.111891094703450378e+00,2.383238161106994113e+01,-4.505884541574872948e+00,3.940383485653381967e+01,-1.222683248595183869e+01,3.125786038759603258e+00,-1.278386344720349932e+01,-2.423662992797603888e-01,1.209241113862089634e+01,-1.815042186030973070e+01,-1.121852460634449500e+01,-9.441903940659814864e+00,-3.920840318222801102e+00,2.849356404710665203e+00,-1.233178796994522841e+01,2.528131121290646632e+01,1.959533413259762469e+01,-2.016821834070902852e+01,-1.065946313767712539e+01,-9.856551633698829917e+00,-3.009733680224088914e+01,-1.547384526803707860e+00,1.192786519162475400e+01,-5.078741897659456050e+00,2.714178759587043688e-01,4.703418479021937770e+00,2.863824232102358991e+01,-2.038324562788827521e+01,-1.007500064499200931e+01,-4.504305737428339285e+00,2.224560744797777190e+01,2.338531022493875344e+00,6.054565986939319799e+00,1.928770014439830049e+01,1.833331184360078803e+00,-2.962387121204306695e+00,-2.337911668183401304e+01,-1.724533237639143479e+01,5.143454065036277889e+00,-2.202223821464145459e+01,6.161106334492956194e+00,-5.681936875299068213e+00,1.359992238862919223e+01,6.949620963913014648e-01,8.519531456115288393e+00,-1.393628842412941715e+00,-5.314236498676436327e+00,1.814595130584847382e+01,-1.954360243267879049e+00,-2.112667531357121931e+00,-1.619864816094374049e+01,2.047991980715623939e+01,5.053290730331620573e+00
-6.352355549678878610e+00,-6.243760841859727861e+01,2.705638096513888868e+01,4.894736066050072765e+01,-4.007461340931914151e+01,-5.148801366335189300e+01,5.972332536082652155e+01,1.711303074701933546e+00,7.527279981734325531e+01,-3.489458912102803367e+01,9.273279387582849864e+00,-1.362082515940921041e+02,1.518382495231262297e+01,-6.462612688135624950e+00,5.235187766826479105e+01,-1.421956048152656571e+01,2.072402218136147667e+01,1.371427640717641907e+02,-3.163087111912970784e+01,-1.173630053796229866e+01,-4.986027173774288457e+01,-1.289081422332429128e+01,-5.465908681057206842e+00,2.890371687539241563e+00,5.570489959399315794e+00,-2.999420376658686749e+01,-4.791850224965440930e+01,8.824464532876442391e+00,1.804784472168028842e+01,1.020630651802374445e+02,2.491153173802208087e+01,5.997247886192913313e+01,3.190508184886981269e+01,2.920361028093268629e+01,-7.698148412994325440e+01,1.569752259820246465e+01,1.442076367316039054e+01,-5.873071237298670155e+01,1.725786144062685423e+01,8.656720769835109763e+01,-2.838623460595268000e+01,-1.238085719236739735e+01,-5.086512135154605652e+00,1.059204921991700132e+02,3.893146760566605735e+01,5.489978084186812168e+01,-7.756572501498608574e+01,-2.756259645053122753e+01,6.168914249513059644e+01,-2.705394557636982000e+01,1.084350670767218929e+02,-3.059936706977268273e+01,3.383733066793075039e+01,-4.459632883245487278e+01,-4.893902149782916489e+00,5.164800591531210472e+01,-6.099878975939857639e+01,-4.237242915491970763e+01,-2.936038570024131644e+01,2.915270053458887389e+01,2.270716150963920654e+01,-2.260945137426581653e+01,4.890666074518190953e+01,3.536847780113043882e+01,-5.626981674636469677e+01,-2.113441042241775847e+01,-3.260734456462842701e+01,-8.878177701579296865e+01,-8.856648404069179747e+00,2.134258533108423705e+01,-1.452778393380379462e+01,1.521436101562029020e+00,4.480849523417257174e+00,9.225049556879025658e+01,-5.553366071958798500e+01,-2.665643429664840269e+01,-1.154822602700987488e+01,5.516357438411280611e+01,1.655120409426848482e+01,2.288713218251347925e+01,7.216985978785056943e+01,1.106128055701530721e+00,8.968510901622261500e+00,-7.324396916480766606e+01,-5.064436354649109262e+01,1.265603505260096462e+01,-1.029054274876700248e+02,2.554354927200241221e+01,-3.835903335956706428e+01,2.048596893361481719e+01,-2.978556785985327693e+00,2.857062829250906333e+01,1.365499055986643739e+01,-1.508103073821419748e+01,2.063309058902776627e+01,8.177886189766859104e+00,-9.025586650973241865e-01,-4.978056910755221054e+01,7.148755470408937640e+01,8.730283808043100890e+00
-2.653908606626625311e+00,-1.029104225411674989e+01,6.173725590422432852e+00,1.475991923498008518e+01,-5.921981422546747531e+00,-1.759595998883187207e+01,1.985957103048009742e+01,-3.007813299170189580e+00,1.871142718473006283e+01,-5.636514744962838108e+00,-9.419094650118262635e-01,-3.544572474952935437e+01,8.007404645379883945e+00,-3.312115120768914789e+00,9.127720379827218622e+00,-7.954580015078676958e+00,3.532343820412189750e+00,3.990914580475190121e+01,-7.921648574328545855e+00,-2.206962969017762788e+00,-1.553233336333615711e+01,-2.877635341561778137e+00,-4.781508091922894721e-01,-1.348331897206708430e+00,6.640462390428178097e+00,-7.132524881801210803e+00,-8.816657908858205772e+00,-1.186963096225232217e+00,3.403700594046353167e+00,2.394229788702488904e+01,-5.878711948185435077e+00,1.221830379782215203e+01,7.199218819622194232e+00,1.043786745500005253e+01,-2.104764752089362290e+01,5.490091096644775348e+00,8.896828596078383278e-01,-9.016593707142288139e+00,3.235962151632027162e+00,1.182793128042665209e+01,-7.425111734839978439e+00,-5.718265411458659742e+00,-4.897156228140432610e+00,3.134969507535747368e+01,1.153112381352418225e+01,1.566245815573210898e+01,-2.001742817194510948e+01,-7.019122113000082486e+00,1.788092832117241926e+01,-4.087592772538278574e+00,2.985965365460385712e+01,-9.125336105290779543e+00,3.527793104957949843e+00,-1.011994614094004952e+01,-3.778133934283183226e-01,1.000727092231209880e+01,-1.426171174625891958e+01,-9.029465611105621292e+00,-7.310063547918196569e+00,-1.136519476602183332e+00,2.842028269431292831e+00,-8.824610508818942378e+00,1.820863631867175059e+01,1.399675645801826462e+01,-1.531850799969036636e+01,-7.700977164443839840e+00,-7.721005490866869714e+00,-2.308094994360290286e+01,-1.383799986595541265e+00,8.511389786314293104e+00,-3.873934714305828919e+00,2.412519590985953144e-01,3.175484933031458734e+00,2.231902402503693139e+01,-1.542045998774549886e+01,-7.585593706801107672e+00,-3.374386908508548721e+00,1.657932951549156542e+01,2.236744941965568945e+00,4.874017699062477504e+00,1.549288263924098530e+01,1.208345513696564399e+00,-1.458466592448459220e+00,-1.812547993153975412e+01,-1.321465160700006258e+01,3.828819833469848000e+00,-1.863117719007360051e+01,5.063300339436331399e+00,-5.349400746424484154e+00,9.527756416228275071e+00,3.019778933526606757e-01,6.691415736496221456e+00,-2.527158044900499334e-01,-4.048034345968903658e+00,1.240481097656406995e+01,-8.583279788851201353e-01,-1.375364093164328727e+00,-1.251411449462330516e+01,1.621429325483199335e+01,3.591574319779998525e+00
-4.013277043380188758e+00,-1.792029271670561030e+01,1.010187939507074084e+01,2.316956968173707310e+01,-1.057076534478481733e+01,-2.719332865836586421e+01,3.079210884725890196e+01,-3.992661481462906892e+00,3.019715835747151544e+01,-9.858601660776692199e+00,-7.053381798787388135e-01,-5.680538181935632025e+01,1.186050003085082416e+01,-4.917235348397520411e+00,1.570569882112136462e+01,-1.172835988484661485e+01,6.106922664575091808e+00,6.294694532756447813e+01,-1.276948111445916112e+01,-3.739942402449299763e+00,-2.427924786478314800e+01,-4.726024560864514612e+00,-9.926078658635046903e-01,-1.657382606364172783e+00,9.397853321213487376e+00,-1.159188597496595108e+01,-1.500522127179335108e+01,-1.067320209941576614e+00,5.764670052777418618e+00,3.899740575934117714e+01,-6.458380480134451318e+00,2.039323250771384011e+01,1.180197242989282458e+01,1.604748317655463907e+01,-3.348781055097274617e+01,8.461650427570807764e+00,2.112037588055859949e+00,-1.595211246331891708e+01,5.486782384702056703e+00,2.151999280284453420e+01,-1.189036308505798800e+01,-8.565761227324840021e+00,-6.991683445125763896e+00,4.933367824563249115e+01,1.814426174225488353e+01,2.477092895213374391e+01,-3.212014769922404156e+01,-1.128565954104317903e+01,2.821799691168133606e+01,-7.258500545460392139e+00,4.745971749279402019e+01,-1.434566942809246726e+01,6.918643122779526422e+00,-1.657428010092066373e+01,-8.201782060411864084e-01,1.686055072455161508e+01,-2.324224356502501365e+01,-1.494933272634245291e+01,-1.179432309212648455e+01,2.693731404169135146e-01,5.289774817396347473e+00,-1.343744638585084772e+01,2.786734798712880945e+01,2.128247956730250934e+01,-2.438760717138439560e+01,-1.181402338590880774e+01,-1.255692719138729174e+01,-3.699505937958605983e+01,-2.438425230112168052e+00,1.293153353255253890e+01,-6.186001921713665475e+00,4.237037863688889461e-01,4.607410204469395865e+00,3.617297325722721979e+01,-2.448064270657202357e+01,-1.200119310662482164e+01,-5.319314069233832321e+00,2.603700270458002564e+01,4.080855074114176695e+00,8.070434188908109263e+00,2.561700646592027297e+01,1.715868317023924172e+00,-1.428372405446767246e+00,-2.927201535434744173e+01,-2.116934535233151493e+01,6.007766565914248069e+00,-3.181132743313374789e+01,8.494100796770631234e+00,-9.683378414362895370e+00,1.426332726190425149e+01,2.257880010944801619e-01,1.090189723805826283e+01,5.072785098867775844e-01,-6.457793287688462947e+00,1.819369178965424183e+01,-6.597469965820970117e-01,-1.930803531820054708e+00,-2.016069318868330029e+01,2.655767188218543851e+01,5.439557727377946073e+00
-6.230469552533022259e+00,-7.248287052255825813e+01,3.018903717817388710e+01,5.205826153560519032e+01,-4.700832373486741034e+01,-5.328690956018238722e+01,6.220203437720572026e+01,4.328537005502871793e+00,8.289489517962236675e+01,-4.059035724661093525e+01,1.252373421781864415e+01,-1.488710267651677270e+02,1.370806189979561118e+01,-5.902854284062237333e+00,6.041926889744196671e+01,-1.251312943952716594e+01,2.397521047479071399e+01,1.468882257776564870e+02,-3.479194524457336257e+01,-1.343046143596339270e+01,-5.267531018441365376e+01,-1.442875516813612791e+01,-6.646224680769300619e+00,4.654328767566106251e+00,2.393231075413353004e+00,-3.326167629129208336e+01,-5.497389960830818012e+01,1.212449557648810128e+01,2.064605944214754274e+01,1.134149555231013977e+02,3.602704680234090517e+01,6.795997819124792727e+01,3.565671017592705283e+01,2.989820514077747404e+01,-8.341590908255425063e+01,1.615663882266797557e+01,1.779949073638106327e+01,-6.865188798216708221e+01,1.975569750613556508e+01,1.022316098212450015e+02,-3.099806895848466226e+01,-1.175480514637090934e+01,-3.015584841072221245e+00,1.130725801298982702e+02,4.155424457024929552e+01,5.902424911844217092e+01,-8.489606025012086832e+01,-3.023428914105794973e+01,6.612327472535777417e+01,-3.167094780154069156e+01,1.173474369165603122e+02,-3.261661208369115172e+01,4.074005868333230040e+01,-4.979970056076573570e+01,-5.986503841236383572e+00,5.889345823861451379e+01,-6.781721303123455868e+01,-4.773334558340941669e+01,-3.232513969852938374e+01,3.807241401012823445e+01,2.700149046987977641e+01,-2.261786642286661930e+01,4.955125268997548460e+01,3.524481035093383952e+01,-6.102029014780676874e+01,-2.153231281401104980e+01,-3.618291557971642192e+01,-9.705178749150742590e+01,-1.033562350730403701e+01,2.122150872561319090e+01,-1.581193160591826619e+01,1.772983905138275862e+00,3.466998577857166808e+00,1.020279311809992038e+02,-6.000675052238706542e+01,-2.867277488711062361e+01,-1.235902576039440959e+01,5.870875436282621251e+01,1.956373602586351623e+01,2.578505008301602075e+01,8.121981139511194669e+01,5.537013808121008518e-01,1.250188865403605476e+01,-8.071872566260671533e+01,-5.532739975245618069e+01,1.345155204243540581e+01,-1.182724209827911466e+02,2.904577668714598104e+01,-4.522304032539837237e+01,1.940306460784439935e+01,-4.022196081194143957e+00,3.175604845620230776e+01,1.763389108050276732e+01,-1.639516552385931547e+01,1.754307252799971550e+01,1.106408989731929537e+01,-1.746032544647226903e-01,-5.472196666113384822e+01,7.983414020459296978e+01,8.602487905164130311e+00
-4.377286813422674783e+00,-4.072155263109882384e+01,1.789602103174043890e+01,3.289909572339330168e+01,-2.603688501603677707e+01,-3.490856929727617342e+01,4.041174924457641282e+01,6.364011815032197816e-01,5.001193964113242174e+01,-2.274136111202857791e+01,5.687788651432530429e+00,-9.072939865112599023e+01,1.070549402100613534e+01,-4.542520834169984312e+00,3.421644361850778182e+01,-1.009207632314746661e+01,1.353312201208056464e+01,9.196724622422642881e+01,-2.102441486442214469e+01,-7.694111461636611971e+00,-3.358518008339300565e+01,-8.517126435976095422e+00,-3.503201595273677249e+00,1.619021118054353003e+00,4.467436178313016093e+00,-1.988125716439520474e+01,-3.138620469502697929e+01,5.370127965249488433e+00,1.183328871176379948e+01,6.760331691987286717e+01,1.479131320331426380e+01,3.945406789935072567e+01,2.109132478102899810e+01,1.986659505145728133e+01,-5.142592136551090221e+01,1.066112470761112618e+01,9.188316185847591910e+00,-3.820718764921058153e+01,1.131259215997826928e+01,5.610297027112915913e+01,-1.891385325062729095e+01,-8.610988973533682866e+00,-3.909223849187053457e+00,7.110649890476071278e+01,2.613668482505296353e+01,3.676978680470097061e+01,-5.164270124842771281e+01,-1.833727601367916904e+01,4.135809240618353044e+01,-1.759030749709343766e+01,7.246879540395434560e+01,-2.055197461573494522e+01,2.176975307689020767e+01,-2.948937380827073085e+01,-3.129257857995738412e+00,3.390254669882202165e+01,-4.039671229035644728e+01,-2.793339699784609920e+01,-1.950900344644152895e+01,1.814692806900932709e+01,1.467820021202912883e+01,-1.548915608358345253e+01,3.337639473141413760e+01,2.425806605522250692e+01,-3.758024046246760008e+01,-1.439875049713128874e+01,-2.160854309104304249e+01,-5.913490861505749763e+01,-5.765193422413315005e+00,1.464768634837556505e+01,-9.690682817506743874e+00,9.908872883497729100e-01,3.277728272910607199e+00,6.120273098278070734e+01,-3.713268036546445217e+01,-1.785065701289822826e+01,-7.746194728765198434e+00,3.706918320897318608e+01,1.072299808624219963e+01,1.508754006633969169e+01,4.759348444944374279e+01,8.710202430533137141e-01,5.421024023122177127e+00,-4.865206509670668567e+01,-3.373977112669481926e+01,8.508341206254780076e+00,-6.735803127376537702e+01,1.678380260332646046e+01,-2.487573190669341017e+01,1.425779036248743026e+01,-1.826986958543549200e+00,1.892270067163707026e+01,8.540710167644494533e+00,-1.006359782375539602e+01,1.476971652644394695e+01,5.011890427192225772e+00,-7.674988473659037913e-01,-3.309502056857920849e+01,4.727007617434180275e+01,6.007736400617464945e+00
-6.508640373384301014e+00,-6.814713352422992898e+01,2.907755158687547237e+01,5.165494447913665965e+01,-4.391969872140855102e+01,-5.378919637364049322e+01,6.253811205906086457e+01,2.737084761951921408e+00,8.049006471230738669e+01,-3.811582717103841134e+01,1.077400902121494575e+01,-1.452297354391710655e+02,1.511774152901324086e+01,-6.459861588504404395e+00,5.700726854108481234e+01,-1.403726426091637158e+01,2.258829743421849301e+01,1.451110178991108342e+02,-3.380771530392553359e+01,-1.273748860896586166e+01,-5.248699639802174488e+01,-1.387064182522652267e+01,-6.077435325501785002e+00,3.636831424118263101e+00,4.567846624919281950e+00,-3.215861889858413036e+01,-5.205760294015681211e+01,1.032935776200670119e+01,1.958484138506175398e+01,1.095147100955033750e+02,2.982781390758873385e+01,6.483997727588747750e+01,3.430983309228620470e+01,3.038791771893718874e+01,-8.181210555191481149e+01,1.636594382251160340e+01,1.613240995187637949e+01,-6.427657701678859326e+01,1.873253644106528881e+01,9.512800933486039412e+01,-3.025627084916348863e+01,-1.254125411954662361e+01,-4.479173783147858856e+00,1.119355892401151493e+02,4.114011181754617752e+01,5.817243042436138722e+01,-8.274743425763320204e+01,-2.942872168834956526e+01,6.529212784982894391e+01,-2.962601319081065654e+01,1.151833375616943300e+02,-3.231890910007982853e+01,3.747303865413741164e+01,-4.794258077436732179e+01,-5.454723293715524335e+00,5.597597112158604205e+01,-6.546489852599987103e+01,-4.570660716346035457e+01,-3.139232697330942301e+01,3.338847386420552255e+01,2.502155489148103129e+01,-2.332985693710403297e+01,5.069748438682703551e+01,3.644463417147900230e+01,-5.981829732721208615e+01,-2.195259426765799304e+01,-3.496902430688336949e+01,-9.466811205104556848e+01,-9.686605081085504665e+00,2.197473373436731947e+01,-1.546533869171635978e+01,1.663075474511076290e+00,4.246672671045041980e+00,9.880641625396353334e+01,-5.895582485210239554e+01,-2.825055157117645521e+01,-1.221555271127093611e+01,5.822956681512801680e+01,1.819451038947210009e+01,2.468890142267667187e+01,7.781869012711950973e+01,9.361646232721605454e-01,1.056458992621228710e+01,-7.834217896514027757e+01,-5.398934533076315034e+01,1.335283403778864830e+01,-1.118741619977756869e+02,2.765390659921822802e+01,-4.212381892836141617e+01,2.073392055012218904e+01,-3.460439493590765192e+00,3.065942366478067171e+01,1.556512111212541605e+01,-1.604726809475753058e+01,2.014068926488031508e+01,9.508658273317315945e+00,-6.609825247993919017e-01,-5.319404824668902876e+01,7.685365660269093269e+01,8.959814407274054204e+00
-6.872333909011374864e+00,-6.644845121609809269e+01,2.891381350562351216e+01,5.255773324834047600e+01,-4.260132957389379982e+01,-5.542995162785969399e+01,6.425739931423541407e+01,1.592099147697569883e+00,8.054726821170385165e+01,-3.712813479797271299e+01,9.696917589016685213e+00,-1.458630735057004415e+02,1.654259662012588095e+01,-7.034250955460504606e+00,5.574959313597244659e+01,-1.552378024608848328e+01,2.206340382644809850e+01,1.471577586799931225e+02,-3.385138488391272915e+01,-1.250919659549956364e+01,-5.357260509188703423e+01,-1.377133140281011947e+01,-5.787582003483979776e+00,2.948953201240098299e+00,6.326875189535983601e+00,-3.207340896877541780e+01,-5.106065630037966230e+01,9.207356552833108054e+00,1.923707655694891372e+01,1.091152581416451284e+02,2.581637457801184965e+01,6.398749656513327722e+01,3.408974646060826785e+01,3.147131669807925292e+01,-8.250881318389546948e+01,1.690806941907207062e+01,1.524354060457764604e+01,-6.245722324030923289e+01,1.839373256729877326e+01,9.195812391546738240e+01,-3.040098458579980445e+01,-1.343231500590803407e+01,-5.695945341626111436e+00,1.136921081386991403e+02,4.178854068902990804e+01,5.888705207488805371e+01,-8.305212450131008950e+01,-2.950561636994899573e+01,6.618912015976557939e+01,-2.876595406911128094e+01,1.162355683808530245e+02,-3.284929540910185608e+01,3.586822856681821037e+01,-4.765398311809773446e+01,-5.178409167690528392e+00,5.506984563057247328e+01,-6.521027352027721236e+01,-4.523680463271767849e+01,-3.141851712991357815e+01,3.061158491604814458e+01,2.410309052176490141e+01,-2.441690194463192043e+01,5.275508329378636319e+01,3.820930139338884857e+01,-6.030541293020371540e+01,-2.278578150986393069e+01,-3.486540076480204675e+01,-9.507328308354841795e+01,-9.420287609170102883e+00,2.306138317526795944e+01,-1.556405505736421091e+01,1.618506959081657426e+00,4.938417679654455661e+00,9.867193779778423846e+01,-5.953751949278156985e+01,-2.859110059691363404e+01,-1.239250869988399906e+01,5.922862137506082547e+01,1.758019956464575984e+01,2.443408067232142500e+01,7.705645688102312363e+01,1.248644453034210233e+00,9.340092782547568362e+00,-7.837059009649257746e+01,-5.423664154605338439e+01,1.359041409299314118e+01,-1.096321514635675385e+02,2.724382848294430204e+01,-4.075535952629861214e+01,2.223036151363140078e+01,-3.114667533640343322e+00,3.054400586853606470e+01,1.435780065767672653e+01,-1.615861585021966462e+01,2.258562692736570909e+01,8.549554837129779372e+00,-1.045967685420267745e+00,-5.327848375167410211e+01,7.638839968743835129e+01,9.441023941012844034e+00
-7.387286654923345353e+00,-6.243778518117044030e+01,2.816051134068214168e+01,5.325765080112648775e+01,-3.963474065894661180e+01,-5.735514307372592668e+01,6.617414473746183035e+01,-4.075047288280231328e-01,7.933360966515670043e+01,-3.482071741514376839e+01,7.682303737554417644e+00,-1.445784108489043263e+02,1.872917720589511248e+01,-7.909752108293567119e+00,5.267341552629063983e+01,-1.783324701021548364e+01,2.079916661552721635e+01,1.482883520857924395e+02,-3.337515897321240743e+01,-1.191188111013266138e+01,-5.457112383770447650e+01,-1.337578507009189543e+01,-5.193657834749812352e+00,1.715181230988613414e+00,9.255919200611185005e+00,-3.140399386661757219e+01,-4.851030054135262048e+01,7.123305450839767516e+00,1.832421063166298225e+01,1.066490160541849406e+02,1.848107142673178771e+01,6.147556156912234826e+01,3.315498819123886420e+01,3.282609702865222800e+01,-8.236554087590563711e+01,1.756709335574021225e+01,1.346300935573277613e+01,-5.830357454217596569e+01,1.751005268356674804e+01,8.499587633753318983e+01,-3.015514660643454192e+01,-1.474944156643547188e+01,-7.700554404632611316e+00,1.148676493127838256e+02,4.222545602312443691e+01,5.915950087165391835e+01,-8.222426180923118011e+01,-2.915746268208881986e+01,6.665696575746784447e+01,-2.681477941620178740e+01,1.161556573666246379e+02,-3.322837193723769644e+01,3.251758248604746626e+01,-4.638014284308565038e+01,-4.617747693251917696e+00,5.261072550881955578e+01,-6.370896929333021319e+01,-4.368999325314283055e+01,-3.095179699682217134e+01,2.532621164995281049e+01,2.212720660059982336e+01,-2.589289647701554031e+01,5.544238630375868837e+01,4.062864175285027102e+01,-6.016259112923714270e+01,-2.385076339701200254e+01,-3.411875857798047207e+01,-9.422277711342205464e+01,-8.807749849002197706e+00,2.455877974080757298e+01,-1.548065007028057138e+01,1.515313658315680101e+00,6.050355254875957378e+00,9.683258388068745148e+01,-5.957023843009964281e+01,-2.871231946739524332e+01,-1.249563935204801801e+01,5.998579578977312821e+01,1.623486931339607153e+01,2.359675809293209525e+01,7.448716832948134936e+01,1.766937949266659702e+00,7.077202091485627733e+00,-7.714276287207354699e+01,-5.377930319602649689e+01,1.377852922683502968e+01,-1.039813831840154847e+02,2.609310551424566071e+01,-3.773250192118106128e+01,2.444767390597149870e+01,-2.467900458865716740e+00,2.984743682859445002e+01,1.204277055955209796e+01,-1.608729769782869568e+01,2.643211984914986701e+01,6.757015100479271119e+00,-1.692544013811438486e+00,-5.255602487091805131e+01,7.434190711008523067e+01,1.011669587280675486e+01
-2.749018315274764923e+00,-1.307528221428964699e+01,7.179506126032146440e+00,1.615897185157659166e+01,-7.788996347286014199e+00,-1.882525982819533539e+01,2.134998680964356765e+01,-2.546282522208336285e+00,2.132976448841056438e+01,-7.205995148512438497e+00,-2.391332377094750328e-01,-3.999786908142802133e+01,8.039917120281046437e+00,-3.337198225935521734e+00,1.140378224862069523e+01,-7.931669367206156451e+00,4.442825474738614666e+00,4.399836410105036322e+01,-9.015032197762177901e+00,-2.698396109686414412e+00,-1.689926943365404099e+01,-3.364301545276775496e+00,-7.713890822219486854e-01,-1.005781432496166250e+00,6.218821384248443884e+00,-8.213739598908922801e+00,-1.084588700063796551e+01,-4.841684435608777370e-01,4.158259891194461488e+00,2.765981448894523353e+01,-3.598718092448242700e+00,1.461937435202126601e+01,8.394713419333594828e+00,1.108153861672430196e+01,-2.350160143094350929e+01,5.850183404608781501e+00,1.706874682530275411e+00,-1.171322228411572830e+01,3.959689005905954406e+00,1.597389401924654706e+01,-8.369330809411296812e+00,-5.839732800608526730e+00,-4.648721326711928725e+00,3.444631776872001439e+01,1.266831207914218993e+01,1.733614038017711323e+01,-2.262934129940371264e+01,-7.958255930299764636e+00,1.972862794146541887e+01,-5.337488446258241481e+00,3.329140965364342009e+01,-1.001187226480350745e+01,5.276639191580729360e+00,-1.178431050163712612e+01,-6.462539665586908288e-01,1.213537235812090032e+01,-1.648908707613412972e+01,-1.067942845272457575e+01,-8.329994084991016123e+00,8.591741652959310471e-01,3.960046918091356005e+00,-9.235870113840741524e+00,1.920126925938355811e+01,1.461759188156013778e+01,-1.711999816962973142e+01,-8.149563057362387397e+00,-8.900271485722647924e+00,-2.605075994109417081e+01,-1.787633559022257401e+00,8.878382997974675561e+00,-4.348530401107558951e+00,3.102102768039438629e-01,3.089948205274007265e+00,2.559967224455456858e+01,-1.716297807285853949e+01,-8.400501645080842295e+00,-3.717106931258463476e+00,1.816250709613295555e+01,3.032323209148823917e+00,5.765604031512754801e+00,1.828983561371555311e+01,1.137529584445944986e+00,-7.146775189881493517e-01,-2.068280188897748673e+01,-1.490306804534766449e+01,4.189108920727836249e+00,-2.302440674369964313e+01,6.102446078076626534e+00,-7.173849311172145526e+00,9.721009926888221742e+00,7.631345544521161983e-02,7.733326417618415327e+00,6.493159148657312585e-01,-4.537592131343897606e+00,1.227058250852876675e+01,-2.353250600730705244e-01,-1.271985127786110503e+00,-1.422936935729283903e+01,1.888318074448509520e+01,3.728820181382399568e+00
-3.386765286961190835e+00,1.089714301265222396e+01,7.365413544573062854e-02,1.017962982863410559e+01,8.905364948515394730e+00,-1.649874577788087748e+01,1.759676720814568895e+01,-9.502322155687467742e+00,4.501079406176451414e+00,6.411412158834336239e+00,-8.529410138354975857e+00,-1.258421174758025707e+01,1.275002466576687432e+01,-5.158062171716708555e+00,-7.740850248813618606e+00,-1.321515706404734836e+01,-3.290776933477445709e+00,2.447694652557323280e+01,-2.055920644362999816e+00,1.285780456958730777e+00,-1.176024166493786005e+01,1.433676600920038569e-01,2.136621270340524070e+00,-5.609253829609297526e+00,1.503640723951489377e+01,-8.886020322692244067e-01,5.793094081679040386e+00,-8.929685956085979370e+00,-1.949613404120550841e+00,2.106180593671737267e+00,-3.228056857921296796e+01,-3.938588085132658900e+00,-1.394236676664974972e-01,1.063805504979191952e+01,-9.950734528487451769e+00,5.381141294994950641e+00,-6.677283565575566904e+00,1.210629793896191231e+01,-1.916738459112085735e+00,-2.193502467152349666e+01,-2.729203949958925346e+00,-8.127638947839077588e+00,-1.046701436609621894e+01,2.037701223401749573e+01,7.513223243140233265e+00,8.921024264929521053e+00,-6.697263317656904746e+00,-2.116946305059327571e+00,1.081184655139529127e+01,5.760902225368869978e+00,1.461018277038837176e+01,-6.078974165188734347e+00,-1.163868777060398685e+01,3.538802957830000651e-02,2.053739201040282847e+00,-4.832845025855627696e+00,-1.125638965341447362e+00,1.672512712746597741e+00,-1.788151241593470608e+00,-2.170975280268243779e+01,-6.482521549944665118e+00,-1.031628338394395072e+01,1.985353019922518314e+01,1.667573966685482389e+01,-7.087966795978890566e+00,-8.110416130814192215e+00,-8.739339981471401231e-01,-8.138451091295985762e+00,1.758251047373855069e+00,1.024528115531559713e+01,-1.603347408818349473e+00,-2.921472235146120866e-01,6.035492767401736458e+00,3.802096344131375538e+00,-7.841105743145046603e+00,-4.277672335326990982e+00,-2.099716062910352399e+00,1.131836241659499009e+01,-4.262948534015967184e+00,-9.122814680260871167e-01,-2.530712886546639950e+00,2.677346741778079853e+00,-9.780796060471985243e+00,-4.151431068093794252e+00,-4.777972403392475975e+00,2.666870452102483746e+00,1.328748452317140227e+01,-2.071241705076412032e+00,9.416730047257937386e+00,1.363312777747454163e+01,2.738057245774838222e+00,5.594317084816436969e-01,-9.386478294743543671e+00,-1.738744563420579148e+00,2.158837717541867818e+01,-7.599322936044594634e+00,-3.273987360146847436e+00,-3.367221724287479567e+00,-7.882368199645828355e-02,4.498474887065636807e+00
-2.439193591058538058e+00,-1.361490261667881363e+01,7.024250427916346240e+00,1.506301337142325281e+01,-8.290403812992401811e+00,-1.720259848627930666e+01,1.959280310552660964e+01,-1.784778046259092976e+00,2.054927344135935385e+01,-7.533642287630717860e+00,4.017143429220251249e-01,-3.822537077419040230e+01,6.921702083442773379e+00,-2.883055575609349663e+00,1.174297166029052519e+01,-6.781037214906628030e+00,4.595472142273547611e+00,4.125582343156621334e+01,-8.673711289996212770e+00,-2.737961118466830435e+00,-1.567003523055603154e+01,-3.304809968167490730e+00,-9.145809101842279354e-01,-5.666363517961257035e-01,4.968146892445963303e+00,-7.976156164329752940e+00,-1.105151080255883933e+01,1.916307574253433010e-01,4.216860171175794925e+00,2.692581566762486034e+01,-1.117163589957767655e+00,1.460803139813074125e+01,8.229993180288351695e+00,1.005732049020474150e+01,-2.226953925619859120e+01,5.326989426669126892e+00,2.169054202633251105e+00,-1.237139665065847893e+01,4.019980689149922348e+00,1.727591260288955866e+01,-7.991286647501359752e+00,-5.112008087787789812e+00,-3.771443004838490598e+00,3.220867938249867990e+01,1.184394695857033497e+01,1.630945392965289997e+01,-2.165801763606684460e+01,-7.634430024084078781e+00,1.851107511505400893e+01,-5.655617843508359499e+00,3.150777424873039223e+01,-9.349842487539538283e+00,6.034221116281162978e+00,-1.154112734351049774e+01,-7.858773413955555398e-01,1.224251179619601437e+01,-1.606120860948845319e+01,-1.058133924549624538e+01,-8.022925055375960568e+00,2.459692755328152458e+00,4.360705834355138144e+00,-8.274140489272369337e+00,1.732066841873946927e+01,1.306950797896989513e+01,-1.623447311196680687e+01,-7.374939115149307334e+00,-8.649460449653515681e+00,-2.490062616514844862e+01,-1.881419343831060687e+00,7.929403719617745594e+00,-4.138291847772528342e+00,3.255185670804745524e-01,2.575551603131477130e+00,2.478221921901350200e+01,-1.622041067456838448e+01,-7.906370442395977527e+00,-3.483036101294807008e+00,1.693986336195091624e+01,3.286867473372950599e+00,5.713342943749194269e+00,1.809697092595989432e+01,9.142070592313346067e-01,2.937954516203333810e-02,-1.994187245815862042e+01,-1.423599610050513498e+01,3.902911296474527614e+00,-2.353468555525326877e+01,6.129557809612570018e+00,-7.726210546470333895e+00,8.501892730673933585e+00,-1.293979578611312853e-01,7.530303754055545085e+00,1.335524001536597449e+00,-4.313316014446345825e+00,1.040522497847438643e+01,3.361059833473549752e-01,-1.001378874111846784e+00,-1.368152089471626986e+01,1.849515288683326375e+01,3.315679869697476967e+00
-3.131273607124521074e+00,-4.379247878874739541e+00,4.762841043250902295e+00,1.461846491671454018e+01,-1.668931935631180252e+00,-1.883683998694880302e+01,2.092913790960727738e+01,-5.378563066666122161e+00,1.581725135631685397e+01,-2.255473164840974931e+00,-3.478444766394950705e+00,-3.127400739707060495e+01,1.026549483428486376e+01,-4.208739424351421121e+00,4.505902406643942371e+00,-1.037520655714565265e+01,1.648398284312443174e+00,3.854213873547593039e+01,-6.744943656986302827e+00,-1.278728305806724475e+00,-1.572199757919984719e+01,-2.162602504459330444e+00,3.231981938918404573e-01,-2.847066267323559163e+00,9.954823279940073988e+00,-5.762098587786489645e+00,-4.896347438484591308e+00,-3.795860566743660236e+00,1.982911780663237478e+00,1.905887796672785228e+01,-1.494080721183116545e+01,8.106600345169351129e+00,5.481190837032297480e+00,1.144888518830015656e+01,-1.937107778743260056e+01,5.952652992831882983e+00,-1.474157897860572497e+00,-3.010344760481498128e+00,1.864773391447053896e+00,1.993206994642267915e+00,-6.581298052586328495e+00,-7.015057438621246533e+00,-7.140495085588723256e+00,3.064729098605224777e+01,1.127861073058770103e+01,1.490467600707832219e+01,-1.752923370017186855e+01,-6.071864705791421457e+00,1.721843690754697320e+01,-1.276643554044625262e+00,2.764054159142517619e+01,-8.968557675190130141e+00,-1.051882193953012745e+00,-7.756794888640470731e+00,3.734437443336124929e-01,6.120488223513718573e+00,-1.131114717161558403e+01,-6.390853104387161920e+00,-6.188978809246163060e+00,-7.885731719798947381e+00,8.741033947085696809e-02,-1.010657610656872762e+01,2.039090077155654157e+01,1.613121352700095912e+01,-1.404848650690279577e+01,-8.531453784830633325e+00,-6.209086893813871910e+00,-2.034641512314450296e+01,-4.942243627424238728e-01,9.843205817276729164e+00,-3.491652482132287183e+00,9.081075567267468673e-02,4.387313376936472942e+00,1.836069238039015872e+01,-1.437004748484572758e+01,-7.204718218653300532e+00,-3.268543448002930063e+00,1.638293918762477830e+01,3.398171572417001407e-01,3.446659322019925753e+00,1.107503082869579103e+01,1.792459839863977944e+00,-4.279221421163120098e+00,-1.525451552139715261e+01,-1.168729162681164979e+01,3.800592044494187860e+00,-1.000906597380805074e+01,3.217554234016161363e+00,-1.064213995200316454e+00,1.171782623447960248e+01,1.116330544507782241e+00,5.317158131103379759e+00,-3.226284389407772846e+00,-3.669034013069402356e+00,1.649623600454296124e+01,-3.113822248362030809e+00,-2.113410252947167223e+00,-1.069380641063562187e+01,1.242087800584779700e+01,4.210177369812718062e+00
-4.132586353193542728e+00,-2.902041204925980722e+01,1.383446068723296740e+01,2.766497091523562446e+01,-1.812460346663622346e+01,-3.062103781357561871e+01,3.511426556829293588e+01,-1.620602459649318927e+00,3.961622927599788113e+01,-1.613433052618546881e+01,2.495975026113544715e+00,-7.285204059840476987e+01,1.109987761380831728e+01,-4.653857653361293423e+00,2.469912760240163863e+01,-1.072961861409816109e+01,9.717947617958211382e+00,7.645110410003361778e+01,-1.669057261897336275e+01,-5.655091740296959379e+00,-2.854602572354910706e+01,-6.544480843227155731e+00,-2.230048109614002794e+00,3.384030580437791258e-03,6.791445491514207511e+00,-1.554845550483699945e+01,-2.294671830013645319e+01,2.161733659385872919e+00,8.703539246830390042e+00,5.266680366649053013e+01,4.246159947996414274e+00,2.958835646031378275e+01,1.625429820620904664e+01,1.770404994633627282e+01,-4.191925131782424785e+01,9.427809042230604675e+00,5.610498362673390638e+00,-2.681024338189679312e+01,8.308799575320252373e+00,3.844361468037151042e+01,-1.521058457606934233e+01,-8.455270821416245752e+00,-5.344837651500026432e+00,5.943260151443033834e+01,2.185086104000452778e+01,3.037391737250793255e+01,-4.136351678767366025e+01,-1.462931033160454319e+01,3.433694946856213903e+01,-1.230161973420992361e+01,5.920273746022285621e+01,-1.721995113255727716e+01,1.422230547855468785e+01,-2.276182348340921280e+01,-1.959735574786799051e+00,2.510309161696148195e+01,-3.144177854345215195e+01,-2.119653633015934346e+01,-1.546096050246037734e+01,9.186609318135197100e+00,9.892701279302084316e+00,-1.425257225231778690e+01,3.018363192768084247e+01,2.243678226799575270e+01,-3.059227881883547795e+01,-1.292035868784454955e+01,-1.687888810144637830e+01,-4.746880846401221277e+01,-4.060701004054880769e+00,1.358706558188476521e+01,-7.838846533063397182e+00,7.001630673749784650e-01,3.872288771369659877e+00,4.810164112015814908e+01,-3.041409617585897252e+01,-1.473381966790495312e+01,-6.447768082720610749e+00,3.113792380747789679e+01,7.332085974160754915e+00,1.144680843548801619e+01,3.618597499026623154e+01,1.267610255768315763e+00,2.011864218603315102e+00,-3.848851372512714875e+01,-2.711350974299698535e+01,7.162301614536001892e+00,-4.905601144784687051e+01,1.249895624902438485e+01,-1.711438389050665876e+01,1.403899793909773308e+01,-8.021138797515963148e-01,1.473516190703940154e+01,4.508314836031706463e+00,-8.156879539082044772e+00,1.620240795089253183e+01,2.180813768238597739e+00,-1.320287547044759258e+00,-2.630212346271006041e+01,3.648121853854797081e+01,5.638597450103251418e+00
-6.086664644447859374e+00,-7.027509147291192448e+01,2.931854179472500022e+01,5.066405967174281955e+01,-4.555693785294018738e+01,-5.192443858114699395e+01,6.059394128954514258e+01,4.102574790524087689e+00,8.055034512508628097e+01,-3.935071673096923917e+01,1.207159727436491359e+01,-1.447083026745776522e+02,1.344800670470333515e+01,-5.787338644272112198e+00,5.859321513421195959e+01,-1.229250661435852976e+01,2.324827715192180477e+01,1.429091812245985693e+02,-3.380968370259409284e+01,-1.302917652890210221e+01,-5.128010633350333336e+01,-1.401080591980919543e+01,-6.431691084070059183e+00,4.460358605453163428e+00,2.484041394770948763e+00,-3.231116747816499668e+01,-5.332571365722522927e+01,1.167962486613993534e+01,2.002946841952023149e+01,1.101641086003927086e+02,3.464404244391208465e+01,6.595672294735480534e+01,3.462614795969979298e+01,2.914843372964902457e+01,-8.111426787110750070e+01,1.574756315396054163e+01,1.721478495063382042e+01,-6.654181716105227906e+01,1.916515256158312042e+01,9.904789474382072001e+01,-3.013246052927732777e+01,-1.150197300690836855e+01,-3.039847608539008039e+00,1.100258865549667036e+02,4.043484494878181579e+01,5.741562092087878710e+01,-8.251710688071018751e+01,-2.938421389617994706e+01,6.432986820294455299e+01,-3.069564503120116683e+01,1.141160495413371336e+02,-3.173990908050055637e+01,3.944051651212591025e+01,-4.836206710224178806e+01,-5.791891566718753381e+00,5.714236109170616373e+01,-6.587192557578737251e+01,-4.633794129722105737e+01,-3.141122486979890027e+01,3.674277734813652074e+01,2.615327887021801345e+01,-2.207478974689670892e+01,4.833226673091478176e+01,3.440493001827597652e+01,-5.933456395251085524e+01,-2.099711124861786971e+01,-3.514794161815553508e+01,-9.433733462360935107e+01,-1.001863423545027487e+01,2.071797703290517845e+01,-1.537263550163869397e+01,1.718707867524762678e+00,3.431113225542016476e+00,9.912375495108011592e+01,-5.835828391014908334e+01,-2.789074093798483034e+01,-1.202466098519371940e+01,5.713472226767046180e+01,1.895378419159082739e+01,2.503117374602338430e+01,7.884883710643404697e+01,5.661891291012400851e-01,1.203707631451708338e+01,-7.843326373332133983e+01,-5.378141273199099004e+01,1.309168663133430854e+01,-1.147177044405097774e+02,2.818547018234905721e+01,-4.381774177879577792e+01,1.898803726641646605e+01,-3.876998927376757997e+00,3.084549316702488397e+01,1.702515799909604866e+01,-1.594047651169316282e+01,1.726631343260113738e+01,1.066396893235517496e+01,-2.043760894310997500e-01,-5.317845251253911698e+01,7.752922815953790803e+01,8.402045455561102827e+00
-4.928750840258002697e+00,-1.542445997436914595e+01,1.026787181108469227e+01,2.608323258213339102e+01,-8.471692191079032597e+00,-3.176457265954047671e+01,3.569367379048217970e+01,-6.455215780963182048e+00,3.177652452617665801e+01,-8.380169495296787119e+00,-2.873770415285209268e+00,-6.081810686292419632e+01,1.525956844943659618e+01,-6.294075396077096762e+00,1.397617886313546798e+01,-1.524319032488747716e+01,5.363359610143158207e+00,7.005840191691456198e+01,-1.347594638583540672e+01,-3.469163950754693637e+00,-2.760903000413063779e+01,-4.758687681611156073e+00,-4.664710846916602094e-01,-3.100833376326544766e+00,1.333950822519402379e+01,-1.198581430987925600e+01,-1.375831204206020608e+01,-3.342311973484512144e+00,5.355460802872400450e+00,4.009917487097415290e+01,-1.472033989850774915e+01,1.969415231586092929e+01,1.193885036429255031e+01,1.897324863784783133e+01,-3.649406973618679473e+01,9.946637196772835310e+00,4.533344662934037927e-01,-1.312162493346406400e+01,5.081837728228761897e+00,1.628382253390454792e+01,-1.275436133365052171e+01,-1.074719583708671067e+01,-9.742074549051414678e+00,5.520917722509925341e+01,2.030995621617052294e+01,2.738949377091534743e+01,-3.428325124503449928e+01,-1.198592124151192628e+01,3.136526710266547724e+01,-5.906735163262608168e+00,5.184873609556539265e+01,-1.609305471420581313e+01,4.074700811981658788e+00,-1.680709520194093187e+01,-3.124973256861864890e-01,1.588367102670048681e+01,-2.386609170629544963e+01,-1.474421326066191185e+01,-1.241881170580569105e+01,-5.219780896164067485e+00,3.726704784196048337e+00,-1.624372334810471585e+01,3.329726409581934377e+01,2.581228564092247524e+01,-2.653677337163920669e+01,-1.403848263134718444e+01,-1.296122122653100561e+01,-3.959392804452047443e+01,-2.029115252904944988e+00,1.571246549009167559e+01,-6.681922162649791552e+00,3.559641654631091057e-01,6.201741623649245305e+00,3.766264934440606282e+01,-2.682172806840817003e+01,-1.325860733366890187e+01,-5.928184995296673421e+00,2.928061927234178086e+01,3.061755242513795494e+00,7.957328764605266613e+00,2.535035137597480315e+01,2.418330049358932143e+00,-3.923981922073042305e+00,-3.074941711825176682e+01,-2.268708327246051226e+01,6.770183490968770812e+00,-2.891331008152550552e+01,8.093930917295267591e+00,-7.441973420301767561e+00,1.792089180821699301e+01,9.218751240765095112e-01,1.120247278899384114e+01,-1.860323890808813552e+00,-6.991936848532388282e+00,2.392145573609470688e+01,-2.592180027757770233e+00,-2.787364780706467204e+00,-2.130676444641700940e+01,2.692512452082722163e+01,6.657125636538886226e+00
-5.462433578254770161e+00,-3.752049396232807510e+01,1.801396569516861845e+01,3.626536569657506703e+01,-2.338253454927663100e+01,-4.026689814064240380e+01,4.614353848826269910e+01,-2.339753784628463507e+00,5.168835437182188741e+01,-2.085154273199279373e+01,3.043470520889083097e+00,-9.515614778828569342e+01,1.476010430510044813e+01,-6.183947431671731110e+00,3.197058798435657323e+01,-1.428928138751409449e+01,1.257299923662781538e+01,1.001296166398277876e+02,-2.178049544615557664e+01,-7.331724061610696452e+00,-3.745069962452503631e+01,-8.517313584361549061e+00,-2.851814322175535210e+00,-1.312236876977017630e-01,9.205897692896366280e+00,-2.026525701039930993e+01,-2.973608293057946383e+01,2.598616582698804578e+00,1.128468911643256156e+01,6.862202747437962103e+01,4.747881494479617714e+00,3.842820117969721139e+01,2.115939249546078571e+01,2.330753493997045567e+01,-5.481861254136606476e+01,1.240492843490753394e+01,7.143299899729569802e+00,-3.461366267008071418e+01,1.077154104405208912e+01,4.952241920784157969e+01,-1.986986102887898298e+01,-1.120511283889808851e+01,-7.211957698861401589e+00,7.787273961312720871e+01,2.863104089574809663e+01,3.976192595546631026e+01,-5.401638985558859929e+01,-1.909824969805305628e+01,4.496743202660593397e+01,-1.587716077989107433e+01,7.743402157225916937e+01,-2.256701134543983756e+01,1.823573170128683785e+01,-2.963457280669948446e+01,-2.501876989281426766e+00,3.256685532768922542e+01,-4.096376989737256480e+01,-2.755701590565187686e+01,-2.017309106550839815e+01,1.143584380332625727e+01,1.272334975622034037e+01,-1.880600128186423348e+01,3.977852203899711014e+01,2.961544451251839405e+01,-4.000190545787908292e+01,-1.701814944555397346e+01,-2.199709836346981362e+01,-6.200020207864163524e+01,-5.244435784391630051e+00,1.793780840610311600e+01,-1.024478613689733386e+01,9.045339797522424785e-01,5.187576676377013918e+00,6.271928583926953138e+01,-3.978812591585895575e+01,-1.928656425009938147e+01,-8.445632461021876480e+00,4.081461342807276083e+01,9.443149450456290950e+00,1.488145176572363404e+01,4.705220740789923894e+01,1.715139845028976540e+00,2.382910118148875434e+00,-5.021163743332523666e+01,-3.541676450893953643e+01,9.389654077950773114e+00,-6.354863690788921815e+01,1.622330347417497975e+01,-2.205488471613714552e+01,1.860813193286278278e+01,-9.781306766088246896e-01,1.919840617243653469e+01,5.642772199211824713e+00,-1.066213245563259981e+01,2.161720241326863601e+01,2.655626166384767117e+00,-1.798151143959793474e+00,-3.432624475732415448e+01,4.749589421650680521e+01,7.450109929647644513e+00
-1.017741810619092302e+00,-1.297686409668344432e+01,5.300600149751219625e+00,8.913190423250886951e+00,-8.457611558710146582e+00,-8.986156545170361554e+00,1.052715037802202502e+01,9.750210518980886309e-01,1.445754585074212173e+01,-7.274019524291020389e+00,2.392397870406631544e+00,-2.586259369715918766e+01,2.119438688972794083e+00,-9.201651639038355146e-01,1.078672787354517126e+01,-1.899053027161574425e+00,4.285276603445993260e+00,2.524553765308957054e+01,-6.064229705758605427e+00,-2.387926937977528752e+00,-8.985840207010927116e+00,-2.537441278516236576e+00,-1.215605666214306879e+00,9.442484323276406633e-01,8.047532975566540348e-02,-5.821844596052101473e+00,-9.786303805537263756e+00,2.331324661595883807e+00,3.670245995773205649e+00,1.987208094691235871e+01,7.057248899327634106e+00,1.202520294030400372e+01,6.265733416886181573e+00,5.010737530030469955e+00,-1.442587835605303326e+01,2.716051001214426552e+00,3.277144954431978174e+00,-1.233133774341740541e+01,3.513123825692693103e+00,1.845128117272419033e+01,-5.382672656198984384e+00,-1.880855193185622554e+00,-2.930625561359984088e-01,1.939898064270003530e+01,7.128580289090781896e+00,1.016511241064241311e+01,-1.475938204813251531e+01,-5.262364422375864770e+00,1.136921554768497167e+01,-5.692751923412102677e+00,2.028014195379559936e+01,-5.591232907775575356e+00,7.418462064888136531e+00,-8.747392330206983146e+00,-1.097861959687349342e+00,1.045301316241255662e+01,-1.188566396600597663e+01,-8.421470320744338878e+00,-5.637023487190450766e+00,7.177560676934190198e+00,4.888940139838697796e+00,-3.739324868103653277e+00,8.254216174686218821e+00,5.813323947242293954e+00,-1.055711970060694327e+01,-3.598521363465624567e+00,-6.335249287399869367e+00,-1.686178409536134026e+01,-1.855042738718174045e+00,3.495679795426539727e+00,-2.740895902344950841e+00,3.180020805428139252e-01,4.725104149621673910e-01,1.783378389228505512e+01,-1.036208337257297707e+01,-4.939269296097182682e+00,-2.123224066185971814e+00,1.005551443802549727e+01,3.532438873524054834e+00,4.549388565837610976e+00,1.432227807594525437e+01,3.673477287246988687e-02,2.416845505038732078e+00,-1.408323629112167552e+01,-9.609458095212435325e+00,2.302291278733235025e+00,-2.107315984791136998e+01,5.148283163013574359e+00,-8.155610661966470332e+00,3.099722646674734516e+00,-7.683272162511459724e-01,5.564843066845993391e+00,3.309294445104887128e+00,-2.840272131445682913e+00,2.593233337418659357e+00,2.115010268074505095e+00,4.333388296113022120e-02,-9.535009122856665797e+00,1.402348619915621697e+01,1.409224853460619320e+00
-1.952241596688298220e+00,-1.937951172194440375e+01,8.377101949524616842e+00,1.511152089876463833e+01,-1.244669424111282297e+01,-1.587088708956001604e+01,1.841603002055539307e+01,5.709075735715871680e-01,2.328714593280349021e+01,-1.083204116670980000e+01,2.908107181408233988e+00,-4.211957318727648669e+01,4.646274881531640588e+00,-1.978730229374168426e+00,1.624305271592513833e+01,-4.345702484495075346e+00,6.430955456848700180e+00,4.235756086397165632e+01,-9.784932104539837638e+00,-3.639443454540450151e+00,-1.538735742463165224e+01,-3.991979522048143103e+00,-1.701627673488408377e+00,9.191666741798619755e-01,1.659840024224572330e+00,-9.283215204136002541e+00,-1.486194220952692291e+01,2.770870180587227782e+00,5.596542916383755895e+00,3.159251245974131805e+01,7.852731383126041464e+00,1.858618450119066523e+01,9.879317015129762680e+00,8.996317996162741082e+00,-2.379266624222983140e+01,4.837155819234856935e+00,4.493914574385179606e+00,-1.823697420924494850e+01,5.351799786364733080e+00,2.689838921684566131e+01,-8.777393101141187870e+00,-3.798360584661033101e+00,-1.529721665221319693e+00,3.270797056680846993e+01,1.202183340007564993e+01,1.695999419846912559e+01,-2.398761521654603612e+01,-8.525015748300871721e+00,1.905400609385190691e+01,-8.401546877312712880e+00,3.351146048689419388e+01,-9.448174050760815845e+00,1.052726027044503354e+01,-1.380843636524181406e+01,-1.524160327522977809e+00,1.601255468520050229e+01,-1.888208735376864311e+01,-1.312692479980214877e+01,-9.083082138799293048e+00,9.120262554392134291e+00,7.058776324338121633e+00,-6.955969779791256968e+00,1.505713823525062978e+01,1.087905888781000918e+01,-1.739211285840131893e+01,-6.508782390402968687e+00,-1.009238078260245430e+01,-2.745419746108031234e+01,-2.749862349560593611e+00,6.564018909141442926e+00,-4.491287672994098479e+00,4.723413679988276437e-01,1.361330802405453344e+00,2.854693911499900594e+01,-1.716092540331895577e+01,-8.235110333935400817e+00,-3.566588576787045994e+00,1.703131821680732116e+01,5.143131802478640324e+00,7.090442898325570731e+00,2.235675778392656454e+01,3.309252496165305812e-01,2.819146884575429279e+00,-2.266047273968219500e+01,-1.566029027932919959e+01,3.907148058043447669e+00,-3.191981566870005693e+01,7.917950148046278613e+00,-1.191771072792099417e+01,6.284154422994077116e+00,-9.340707987617604680e-01,8.843857673503224603e+00,4.268510381027205369e+00,-4.662003746534770343e+00,6.295349344135587444e+00,2.564925521826658006e+00,-2.653175699934336995e-01,-1.539892803546430677e+01,2.213490733281379264e+01,2.683713989691222768e+00
-4.112800133926848289e+00,-2.143431894207105870e+01,1.134940158345064454e+01,2.484988804747312230e+01,-1.293587196731554734e+01,-2.862853712370044690e+01,3.254530458970592832e+01,-3.368153980513763024e+00,3.342129929663143884e+01,-1.184093011140858920e+01,2.131850780386690403e-01,-6.238478109002731031e+01,1.183125218467488615e+01,-4.920205314210392977e+00,1.857197549534257419e+01,-1.162780706548724474e+01,7.254565149204055707e+00,6.788705940609479228e+01,-1.411487808701582836e+01,-4.356706641333889962e+00,-2.591109081498687772e+01,-5.330639091938931706e+00,-1.368105196398221146e+00,-1.201747957932242539e+00,8.792634907751164519e+00,-1.292855540668939085e+01,-1.755460912413810703e+01,-1.465894440494954765e-01,6.711531691711387637e+00,4.359842658540908644e+01,-3.453291004057309266e+00,2.339386176584457644e+01,1.328604566459175018e+01,1.678805849580247767e+01,-3.647824905261354189e+01,8.879066188904586099e+00,3.162413586715341118e+00,-1.936403408244464330e+01,6.395209182747213283e+00,2.678382238784708846e+01,-1.304700916815276557e+01,-8.672112669210877200e+00,-6.626309923223043796e+00,5.306460421319683007e+01,1.951422425424165397e+01,2.679886382953224100e+01,-3.532433137958874170e+01,-1.243933769352929986e+01,3.045152438539687267e+01,-8.840753224938476151e+00,5.163793527878640788e+01,-1.541246276640437785e+01,9.152049601351775365e+00,-1.863953660440909843e+01,-1.164455383381455933e+00,1.952737373419230948e+01,-2.599972032320367177e+01,-1.700565570291437112e+01,-1.305004444911656947e+01,2.864022604666571326e+00,6.712339310487913657e+00,-1.389141279059257528e+01,2.899060161047831485e+01,2.196176860281796195e+01,-2.658412456770467003e+01,-1.232634175566867540e+01,-1.401533399520269541e+01,-4.063543851545353647e+01,-2.949078807196113594e+00,1.333096384223070885e+01,-6.766106620632387880e+00,5.108584516428578137e-01,4.468339507138671785e+00,4.022269271752794850e+01,-2.659987985057018989e+01,-1.298894482930668559e+01,-5.733084670798497484e+00,2.793955944699538207e+01,5.091236924607254188e+00,9.181650786485731075e+00,2.910114364102875228e+01,1.613390747634736444e+00,-4.521324971119939917e-01,-3.242235971171842834e+01,-2.323817390371335989e+01,6.440240573470902063e+00,-3.733475680088841386e+01,9.794727453291995900e+00,-1.199846169750360758e+01,1.442869932546579115e+01,-6.914950962147781155e-02,1.219159667298832694e+01,1.677706164498432351e+00,-7.055723262101108340e+00,1.790932135898171396e+01,1.547210921467412348e-01,-1.784666934242640224e+00,-2.227052123810918260e+01,2.986952950314857702e+01,5.585293784900638769e+00
-8.762175927598379044e-01,-6.831923265811093771e+00,3.153753926370965299e+00,6.110234437323732060e+00,-4.307952666419572196e+00,-6.660728006115365751e+00,7.663996128192207991e+00,-1.836090640086857073e-01,8.947083994236708193e+00,-3.805218829283908644e+00,7.362061319533081960e-01,-1.636888479205323677e+01,2.281956459361581757e+00,-9.604314881941400373e-01,5.784596030394758337e+00,-2.188407795947770129e+00,2.280764963335627726e+00,1.695692731725210578e+01,-3.766340377436976805e+00,-1.314912423032863931e+00,-6.280235846967599400e+00,-1.495391915698176311e+00,-5.504244438245704529e-01,1.105672003089572808e-01,1.254588028937274391e+00,-3.528709257856053938e+00,-5.346802481280938046e+00,6.678114139509874203e-01,2.023159126956192821e+00,1.197037806386002856e+01,1.600271690544867731e+00,6.825246521599778404e+00,3.709811833979238305e+00,3.829495455986173802e+00,-9.365657837350136461e+00,2.044849746029841153e+00,1.410275271411911113e+00,-6.351522833611871199e+00,1.932488207423357585e+00,9.197108033688794038e+00,-3.415623861692364205e+00,-1.769285165198565046e+00,-1.014104492954723380e+00,1.315580613754397454e+01,4.836415113704235935e+00,6.752693934870777071e+00,-9.302596035167395527e+00,-3.295038215354819666e+00,7.619523209219178916e+00,-2.918367672591743123e+00,1.321626133190009611e+01,-3.808327432427994985e+00,3.471465976226190797e+00,-5.191932706639699191e+00,-4.871525148138620698e-01,5.819806001894505698e+00,-7.148825431827540378e+00,-4.866986082075841935e+00,-3.491146704702476455e+00,2.520116413231562102e+00,2.383095793520272565e+00,-3.048622729008164889e+00,6.495303311611479558e+00,4.790698009274535707e+00,-6.838375386084763363e+00,-2.787965250103164649e+00,-3.832425264393419795e+00,-1.066680697078562012e+01,-9.605312932917888791e-01,2.898231853153405702e+00,-1.756404946219334073e+00,1.654031650402815468e-01,7.650059505496735746e-01,1.089601546365122786e+01,-6.782995729471839041e+00,-3.276579430383772973e+00,-1.429428773136919073e+00,6.880013791257082900e+00,1.755655906246975428e+00,2.628505905479421312e+00,8.302393441199447111e+00,2.366948123351895472e-01,6.502906241767720807e-01,-8.696732348093854981e+00,-6.090195800634825574e+00,1.581289428060365321e+00,-1.144818772931460771e+01,2.891152451889613673e+00,-4.087563514326083336e+00,2.934989456122828244e+00,-2.365310563461848758e-01,3.349666312656837341e+00,1.211932368444264663e+00,-1.826287787486853054e+00,3.272677836923143069e+00,6.461224766024750155e-01,-2.370301782071477514e-01,-5.932758683442794556e+00,8.321735775251957179e+00,1.197929718256443010e+00
-3.587352165513935098e+00,-3.521429679507553345e+01,1.526456433543880564e+01,2.762538240438699333e+01,-2.259976387877354043e+01,-2.906532387858204203e+01,3.371260896898056103e+01,9.555875744991775278e-01,4.247158567961736964e+01,-1.967992659212968221e+01,5.222864685551459552e+00,-7.685814831342679554e+01,8.579570678699919739e+00,-3.651398729849919089e+00,2.952747984605103682e+01,-8.036042222300878279e+00,1.168851704246628387e+01,7.739774563880908431e+01,-1.784743141217273532e+01,-6.619969982840521183e+00,-2.814206654697160204e+01,-7.272504069274077665e+00,-3.081497309468652190e+00,1.624836015013161772e+00,3.158361957761184335e+00,-1.692285319441540281e+01,-2.702831378439581300e+01,4.969238977507400179e+00,1.018008419838399448e+01,5.758344700963804996e+01,1.402084412782668110e+01,3.383077452408682717e+01,1.799985027678611615e+01,1.648696244214817597e+01,-4.344124825502882459e+01,8.861720362805744600e+00,8.128864385884028820e+00,-3.312170730826759524e+01,9.734430919286381823e+00,4.881609128389493435e+01,-1.601759444645933073e+01,-6.993403092012643540e+00,-2.880561695752257290e+00,5.977870891217566651e+01,2.197190948422921153e+01,3.098226978836822454e+01,-4.376747723490672115e+01,-1.555228294525115018e+01,3.481461311041227447e+01,-1.525712148670540813e+01,6.119136649718816301e+01,-1.726966898522130833e+01,1.907801240338785576e+01,-2.516002117674539562e+01,-2.758872707892455090e+00,2.913339898507253167e+01,-3.441505933179722376e+01,-2.390365348748327534e+01,-1.656620563897734399e+01,1.642459365297279561e+01,1.280403137830591653e+01,-1.276637936015723440e+01,2.761248299523907690e+01,1.997129624554268901e+01,-3.175330079356037771e+01,-1.193190618626403321e+01,-1.839710220358615089e+01,-5.009677336501072631e+01,-4.994855692233783451e+00,1.205157351084696593e+01,-8.197855533855152643e+00,8.580497458775993014e-01,2.534253533750023824e+00,5.204922125708093006e+01,-3.133876460333540237e+01,-1.504329795198992947e+01,-6.517384820748693741e+00,3.113358867480955894e+01,9.333313280558835245e+00,1.291135996305585287e+01,4.071367558145103516e+01,6.268327817446406325e-01,5.049620802656786367e+00,-4.132660990618406061e+01,-2.857716753833911127e+01,7.142971024855073736e+00,-5.804267346981958298e+01,1.440883405431500286e+01,-2.163134752032888031e+01,1.157181731122136270e+01,-1.677574194487795989e+00,1.611936753248668808e+01,7.694017648044261470e+00,-8.510123443568234691e+00,1.166309414675994915e+01,4.605840529568222763e+00,-5.126049681789298651e-01,-2.808837037429325534e+01,4.033128762612287233e+01,4.930072152122837892e+00
-7.309830473869288525e+00,-6.257269028176773418e+01,2.812169741615319296e+01,5.298366118108815215e+01,-3.976009252537321004e+01,-5.694947773824691950e+01,6.573484881143258463e+01,-2.171286098407119169e-01,7.913848690339389691e+01,-3.490262919992333934e+01,7.842515632712292906e+00,-1.441352862720949304e+02,1.844962344668554621e+01,-7.796216445712024878e+00,5.275821287920809510e+01,-1.754558897214060309e+01,2.083732828241094737e+01,1.476027169184214074e+02,-3.328982874627091348e+01,-1.192177236232776671e+01,-5.426381528692997591e+01,-1.336091217581457435e+01,-5.229455791740382331e+00,1.824967501163622607e+00,8.943250577660565526e+00,-3.134459800797277751e+01,-4.856170649183284382e+01,7.292255251086322332e+00,1.833886070165831583e+01,1.064655163488548624e+02,1.910146005235440825e+01,6.147272583064970775e+01,3.311380813147755475e+01,3.257004249702233523e+01,-8.205752533221939871e+01,1.743629486125529837e+01,1.357855423575852249e+01,-5.846811813381165024e+01,1.752512560437774169e+01,8.532138098344394450e+01,-3.006063556595705677e+01,-1.456751038823028743e+01,-7.481234824164252117e+00,1.143082397162284849e+02,4.201936474298148028e+01,5.890282925902286593e+01,-8.198143089339696132e+01,-2.907650620553490128e+01,6.635257755086499287e+01,-2.689431176551431335e+01,1.157097485153963845e+02,-3.306286449292170460e+01,3.270697796722257777e+01,-4.631934705355399018e+01,-4.652653536961134151e+00,5.263751036833833297e+01,-6.360199967666879672e+01,-4.366547095133574885e+01,-3.087502973941840878e+01,2.572634129746086629e+01,2.222737132966577178e+01,-2.565246407087344593e+01,5.497223609359767238e+01,4.024162077720271213e+01,-5.994120986482140978e+01,-2.365710741145873186e+01,-3.405605581896318768e+01,-9.393524366943563564e+01,-8.831196295204398083e+00,2.432153492121834049e+01,-1.542809043194681351e+01,1.519140730884812829e+00,5.921756104340325066e+00,9.662822062430218750e+01,-5.933459658052710495e+01,-2.858878666672402602e+01,-1.243712164455710401e+01,5.968013485622762460e+01,1.629850537945210576e+01,2.358369282099120312e+01,7.443895215754243111e+01,1.711107317963007191e+00,7.263216357523171851e+00,-7.695753051436882686e+01,-5.361253520981586007e+01,1.370697982077170174e+01,-1.041089528869038929e+02,2.609988344712964548e+01,-3.787059223000561303e+01,2.414289460691792755e+01,-2.519328312192302466e+00,2.979668116270373091e+01,1.221432258121981462e+01,-1.603122866860431017e+01,2.596578046663627148e+01,6.899872861334376495e+00,-1.624892450392872778e+00,-5.241906275527391301e+01,7.424490014567227547e+01,1.001341079488552310e+01
-1.556894157696276704e+00,-1.728207743413709352e+01,7.274098741362362119e+00,1.270945659293894714e+01,-1.117784584087509536e+01,-1.310975730688288543e+01,1.527563674311900499e+01,8.859454202242302845e-01,2.004462091904084886e+01,-9.672850603321258234e+00,2.876320997634298049e+00,-3.607244548751286572e+01,3.512884382798355798e+00,-1.507205516534064316e+00,1.442791717635016013e+01,-3.232689168412642644e+00,5.721582691581802216e+00,3.579107153505957228e+01,-8.415711676138856845e+00,-3.214327649789634034e+00,-1.288420074127644988e+01,-3.473685024445656300e+00,-1.565883468200978124e+00,1.028692634310222953e+00,8.247525173113210428e-01,-8.027784306657594016e+00,-1.314821598307356787e+01,2.773532776265638766e+00,4.941689967392136396e+00,2.735772016468118650e+01,8.146492320441243606e+00,1.630732134269389633e+01,8.587806324121602941e+00,7.378413468660829366e+00,-2.026009290486481262e+01,3.981141244578358496e+00,4.177882657282200540e+00,-1.633919138688857586e+01,4.727734278304936311e+00,2.426669273349706657e+01,-7.512837093273753375e+00,-2.966023958654599113e+00,-8.992607269452657093e-01,2.757682239222003417e+01,1.013490665531695534e+01,1.436686740333746215e+01,-2.056297531704461790e+01,-7.318727707777370028e+00,1.610831408197504544e+01,-7.534800785532170586e+00,2.851149490795648589e+01,-7.958054980863495054e+00,9.622632253269781444e+00,-1.199673107698637153e+01,-1.408317280863978560e+00,1.410833249726070626e+01,-1.635651938761090207e+01,-1.147189970336742348e+01,-7.817010227360115415e+00,8.813729946659021763e+00,6.397964031919292083e+00,-5.619185661932410980e+00,1.226517018449877128e+01,8.766131583855083065e+00,-1.481747937715208607e+01,-5.321252659630887116e+00,-8.731302015781604808e+00,-2.351521721216986549e+01,-2.460947180066265449e+00,5.281615198637997111e+00,-3.835739839809311214e+00,4.223097430775774042e-01,9.348632848413855889e-01,2.464244961860157090e+01,-1.458573769406496012e+01,-6.978206789579187053e+00,-3.012088709086854443e+00,1.433043237499428102e+01,4.642761255137690668e+00,6.196853900577909968e+00,1.952500507427485843e+01,1.775861370999306521e-01,2.850402364566566149e+00,-1.951458548004462301e+01,-1.340786769750341634e+01,3.284652373938889536e+00,-2.827384602944639980e+01,6.963269907928388847e+00,-1.073930996824502948e+01,4.899452205548372241e+00,-9.237975844151463667e-01,7.659628014763321779e+00,4.093268953769405805e+00,-3.978482445073302287e+00,4.582670888476412685e+00,2.540028377432641093e+00,-9.610542603296323705e-02,-1.323872565345785191e+01,1.923165278851253035e+01,2.146690646377434231e+00
-3.150299596315912609e+00,-1.327772824647216154e+01,7.673350427010348085e+00,1.790313249183196831e+01,-7.757087771739641369e+00,-2.115032653016384501e+01,2.391645260891736413e+01,-3.320122245492347801e+00,2.306748526967307811e+01,-7.291926972739663171e+00,-7.943032199868769183e-01,-4.351826184362003858e+01,9.393262608257940016e+00,-3.890464442142178125e+00,1.169174720700980430e+01,-9.307025574438291926e+00,4.537640192147081919e+00,4.854270535700793943e+01,-9.759180784391288555e+00,-2.801023274064252444e+00,-1.879373265747308253e+01,-3.584477627244596398e+00,-6.889605945541061871e-01,-1.428697255508965647e+00,7.592533070428448383e+00,-8.829540860957086679e+00,-1.121889507220739546e+01,-1.081323284209381619e+00,4.318417951178807002e+00,2.967754036792383587e+01,-5.883365309659462028e+00,1.536666209790892168e+01,8.957896500876154633e+00,1.250870019313923542e+01,-2.573160648839535014e+01,6.588771041650285376e+00,1.401314843855083758e+00,-1.174646875616389607e+01,4.108394008592387792e+00,1.567648530770372517e+01,-9.112020248936000044e+00,-6.751128220334788210e+00,-5.626763090748392315e+00,3.808078193069391659e+01,1.400616936765693232e+01,1.908099297612343292e+01,-2.459436332277493165e+01,-8.634254331247680270e+00,2.175595726272976549e+01,-5.337203890143016771e+00,3.648284152175240536e+01,-1.107811353206202298e+01,4.900858322401750122e+00,-1.258502382265503172e+01,-5.605355038570158932e-01,1.265690944415279162e+01,-1.768372241810781986e+01,-1.130142704912551110e+01,-9.010548847175799736e+00,-4.538758057600187357e-01,3.820316557170581717e+00,-1.051694405600246185e+01,2.176390672343041643e+01,1.666714239394870845e+01,-1.873431346444235857e+01,-9.217255566329601635e+00,-9.561924353872745641e+00,-2.833995982392906754e+01,-1.798353950792066502e+00,1.013061297345249478e+01,-4.746124011845310520e+00,3.128896640344683844e-01,3.681802345199908455e+00,2.758417151592527006e+01,-1.882780415375556160e+01,-9.243145029447438432e+00,-4.103037032541164031e+00,2.011512639864485408e+01,2.969609917796666387e+00,6.100819078810727270e+00,1.937616562662256925e+01,1.384188584273030376e+00,-1.381310525000147393e+00,-2.235435020605335055e+01,-1.622038589079941673e+01,4.643031898749878650e+00,-2.375373914620498184e+01,6.387391098524228816e+00,-7.067719055215966328e+00,1.124469346448620399e+01,2.544998390151387291e-01,8.295597186825032665e+00,1.005339472101356435e-01,-4.956622067314564006e+00,1.447058806481942561e+01,-7.314739634342051211e-01,-1.565500457015319036e+00,-1.541165406550954842e+01,2.016484650086358954e+01,4.267098596882380690e+00
-3.279808131523616943e+00,-3.181675541623868497e+01,1.383295779739163756e+01,2.512066980216886947e+01,-2.040289833411658194e+01,-2.647970497664640632e+01,3.070036410269437965e+01,7.844241495204320458e-01,3.852518283059681892e+01,-1.777841355188254369e+01,4.659657471183365374e+00,-6.975466519167329693e+01,7.883928607342708617e+00,-3.353038043604176011e+00,2.669059117780047075e+01,-7.395387663956178415e+00,1.056358539275976227e+01,7.034563918654536963e+01,-1.619048271806440908e+01,-5.987805383737562437e+00,-2.560243183474058526e+01,-6.588912377673665333e+00,-2.774041511740435784e+00,1.424270025807462092e+00,2.990989845782717538e+00,-1.534264323476727121e+01,-2.444262221314331285e+01,4.426395641196890551e+00,9.208188632175627220e+00,5.219859222797404641e+01,1.242842577996320053e+01,3.062273039538519370e+01,1.630977067106118739e+01,1.503127365271276972e+01,-3.945060677302777918e+01,8.076400798388938540e+00,7.308880008714181642e+00,-2.991013758611960682e+01,8.804631928813458686e+00,4.404765180592683294e+01,-1.453810991925010931e+01,-6.406940490667391686e+00,-2.700062543230756340e+00,5.434458959572983616e+01,1.997477880973828590e+01,2.815179305963575729e+01,-3.971832092801542302e+01,-1.411120607689242235e+01,3.164077446794828674e+01,-1.377616940347469665e+01,5.557523784560282110e+01,-1.570143673580036037e+01,1.718814041063273379e+01,-2.279901185357542559e+01,-2.482398912373461997e+00,2.635842840953794664e+01,-3.119562978642029449e+01,-2.164648432777481446e+01,-1.502717465560480115e+01,1.469730464129410841e+01,1.154705754791303818e+01,-1.165702427246328376e+01,2.519195525058093921e+01,1.824046673764254933e+01,-2.883475761667118320e+01,-1.088192769608167332e+01,-1.667844110607145680e+01,-4.546611533238736769e+01,-4.511119303469964592e+00,1.100867798292491351e+01,-7.442422128674079040e+00,7.750351582651108240e-01,2.348237819510150537e+00,4.719817603282512408e+01,-2.846557617418209318e+01,-1.366851083271744649e+01,-5.923883472936674721e+00,2.830947638901485419e+01,8.421026411778568033e+00,1.169209255192674313e+01,3.687190054762747593e+01,5.909825477036106944e-01,4.491935325463979112e+00,-3.748463846162274393e+01,-2.593682031938416799e+01,6.495636961029991774e+00,-5.248269670505780482e+01,1.303912157952390949e+01,-1.952096015458927880e+01,1.060299426588309935e+01,-1.496686601706564090e+00,1.461172340391208735e+01,6.891596739461226306e+00,-7.726551994878005480e+00,1.075394021160862756e+01,4.108504746480738490e+00,-4.925899407065670865e-01,-2.548178562089754351e+01,3.654642138962183395e+01,4.506079154836765355e+00
-4.889198639033432769e+00,-4.196043563780585828e+01,1.884451998670756012e+01,3.547735210559903152e+01,-2.666799344824071838e+01,-3.811770415650187971e+01,4.400190955069512455e+01,-1.196454937850539579e-01,5.301949683054438367e+01,-2.340615730168686071e+01,5.278581193303055308e+00,-9.655271574701774284e+01,1.232864398613395096e+01,-5.210312701562474835e+00,3.537503678205317925e+01,-1.172157296200136045e+01,1.397232255748162189e+01,9.884392734039847994e+01,-2.230235933551163896e+01,-7.992435453447543026e+00,-3.633089950805446477e+01,-8.953713589246040883e+00,-3.510140927460170701e+00,1.238197241010519978e+00,5.952077016289532452e+00,-2.100201076232930575e+01,-3.255760276689778010e+01,4.910933579651789671e+00,1.229441724806413383e+01,7.133821611287086739e+01,1.288797385250614269e+01,4.120440113642126079e+01,2.219037900056584434e+01,2.179666959925138769e+01,-5.496075480052924433e+01,1.166964942624880308e+01,9.117336800033152500e+00,-3.921319773599829972e+01,1.174903317453543039e+01,5.723466677534310065e+01,-2.013660242499440756e+01,-9.739766052093807858e+00,-4.984794019724303027e+00,7.654401465247806868e+01,2.813728756437292589e+01,3.944728930574450487e+01,-5.491861541442138872e+01,-1.947879027534304441e+01,4.443431909195590634e+01,-1.803790815149171323e+01,7.749887538528905395e+01,-2.213932110674675613e+01,2.194904555272687219e+01,-3.103930175331643326e+01,-3.123392610698270566e+00,3.528623992854870295e+01,-4.261747616838443520e+01,-2.926535888824476217e+01,-2.068489925169343735e+01,1.729863160519521159e+01,1.491249328640626359e+01,-1.716198456680117346e+01,3.678360028007185178e+01,2.692106722176378852e+01,-4.014810948713604688e+01,-1.583087178157172836e+01,-2.281903431948222050e+01,-6.292510165383465193e+01,-5.922685227008905429e+00,1.627030458000200497e+01,-1.033420429955116049e+01,1.018791158102487771e+00,3.951824664261899933e+00,6.474149999730359184e+01,-3.973956067726673069e+01,-1.914608377216332968e+01,-8.328566071393701975e+00,3.996164902583571887e+01,1.093344267899836808e+01,1.580622591810442756e+01,4.988940969265915726e+01,1.139350684387655965e+00,4.893790053850889166e+00,-5.155896055727759375e+01,-3.591346647548448345e+01,9.177971592859034189e+00,-6.980093709596718554e+01,1.749551190973053494e+01,-2.540320576962625410e+01,1.614137722032616296e+01,-1.695685225219021985e+00,1.996562691837775816e+01,8.210518729858399922e+00,-1.073800678042133327e+01,1.734127132169069085e+01,4.644373125885598697e+00,-1.079953540821206648e+00,-3.511754340891535264e+01,4.975270143545430557e+01,6.697878579879573913e+00
-1.987232417461051170e+00,-7.178596209597198907e-01,2.353155453764486094e+00,8.534909619428571403e+00,3.530609953221608421e-01,-1.144367071263782520e+01,1.261791658468089850e+01,-3.899326911750562452e+00,8.375997232374421841e+00,-2.643737190505617285e-01,-2.836134837180843693e+00,-1.704693393221470998e+01,6.732053413872160164e+00,-2.750928995727931259e+00,1.196350956848219127e+00,-6.847364659471528725e+00,3.771491439931491385e-01,2.219116700604682180e+01,-3.589774727548319611e+00,-4.596311676143511882e-01,-9.286288938973839890e+00,-1.045153843395512760e+00,4.407469178991116898e-01,-2.140441803345722871e+00,6.880666473481036327e+00,-2.952271801823872721e+00,-1.645282231036100384e+00,-3.045090297955611369e+00,7.185781635714232340e-01,9.655183138531873155e+00,-1.160763666717993559e+01,3.469338030252531624e+00,2.678507112215836372e+00,7.035838360590882523e+00,-1.084313979239964532e+01,3.638394762713193842e+00,-1.605759964808923357e+00,1.151104159078153444e-01,6.647856874918420811e-01,-1.911538901370672505e+00,-3.598032740395869844e+00,-4.523266146702965784e+00,-4.893443855844555657e+00,1.776609499987865348e+01,6.540033159711388322e+00,8.509779220056470805e+00,-9.507916334268029956e+00,-3.266648638755838441e+00,9.897525736666636931e+00,1.314631499547247451e-01,1.552630769051517312e+01,-5.214312602533837548e+00,-2.052176635389075798e+00,-3.811882143952995072e+00,4.545406167773924366e-01,2.374205810571683006e+00,-5.713805049142149706e+00,-2.923939077179565693e+00,-3.280918500426520001e+00,-6.742534743545319564e+00,-8.117466845587735236e-01,-6.332959487345950933e+00,1.265065585902620171e+01,1.013576851758848463e+01,-7.846812981357013328e+00,-5.267102336116982642e+00,-3.170267812542368002e+00,-1.108407236512140770e+01,-1.133672260187834624e-02,6.194012318361357572e+00,-1.929395239784816862e+00,6.160131137487340203e-03,2.954485985987486352e+00,9.535272859530955714e+00,-8.104334856186703462e+00,-4.108945728616209436e+00,-1.885068536386742988e+00,9.553225566538721125e+00,-3.948933679971460275e-01,1.575558391557511762e+00,5.115520159378011300e+00,1.234960032240646211e+00,-3.395140008662524522e+00,-8.053013328141265248e+00,-6.380457624530061267e+00,2.221632835296729169e+00,-3.172699806889179186e+00,1.310017568265087640e+00,7.180244193279037290e-01,7.563080709132854018e+00,9.102915383586209774e-01,2.689946474142766775e+00,-2.825074249132202731e+00,-2.034524478231182432e+00,1.096312656873348068e+01,-2.534093978800889602e+00,-1.471546357474892153e+00,-5.705621654604245307e+00,6.101007175885127864e+00,2.664666417552834954e+00
-3.487068844891971775e+00,-3.301265783011876209e+01,1.444249242703602576e+01,2.641464874600587009e+01,-2.113408159303059008e+01,-2.795110126658733307e+01,3.237776694725661031e+01,6.419693738593625909e-01,4.030274867444722275e+01,-1.844065153461959383e+01,4.705693025967249810e+00,-7.305574398092777244e+01,8.467960869715504657e+00,-3.596501442676903082e+00,2.771989586513662829e+01,-7.966602510341971310e+00,1.096673399691780304e+01,7.389415348787194660e+01,-1.694057703506351942e+01,-6.227115613250389536e+00,-2.694702376647887831e+01,-6.875922909696703833e+00,-2.856215854164100509e+00,1.382438389883144492e+00,3.402479577948837264e+00,-1.603372593771494792e+01,-2.540936438977551859e+01,4.454722390714229263e+00,9.576721174846591467e+00,5.453271150368469478e+01,1.237374560186752070e+01,3.189571232422645863e+01,1.702423016431375302e+01,1.589021067720562286e+01,-4.137033618914006894e+01,8.531679796964349194e+00,7.505876352982153499e+00,-3.099970038537210826e+01,9.156034345813520048e+00,4.557574771942941538e+01,-1.522809515179764794e+01,-6.839964279634778599e+00,-3.013675494537664701e+00,5.711327658801949525e+01,2.099286882354880035e+01,2.955559833703914663e+01,-4.158923776906017622e+01,-1.477102178014603950e+01,3.323318090871426733e+01,-1.427456263405426640e+01,5.829064646008654904e+01,-1.650494313762839127e+01,1.772709056396745453e+01,-2.380070672827141465e+01,-2.553294587337470389e+00,2.742727931330173519e+01,-3.258809959986231064e+01,-2.256702382840473220e+01,-1.572113826657308877e+01,1.493921338929344600e+01,1.193401113409990444e+01,-1.236162144312403477e+01,2.666920500656091519e+01,1.935292241179720207e+01,-3.023445610364886349e+01,-1.151137266582725971e+01,-1.742797875358593984e+01,-4.761656898136912730e+01,-4.676709506340713141e+00,1.168344861769050347e+01,-7.799482452218445161e+00,8.036693732333035634e-01,2.563863935113194437e+00,4.934403252968511566e+01,-2.986306780295829100e+01,-1.434909820150393855e+01,-6.223424391800150168e+00,2.976485478293175646e+01,8.711875141067222827e+00,1.218914547326674835e+01,3.844584185503185125e+01,6.668195874093014730e-01,4.507295074769675836e+00,-3.920994622006055152e+01,-2.716609741166140424e+01,6.830875830489010703e+00,-5.454266262750339678e+01,1.357381546656931626e+01,-2.020384710420076502e+01,1.132301386403448262e+01,-1.511503019134363246e+00,1.526454191922719872e+01,7.019799658517239749e+00,-8.098625246419816293e+00,1.162873004579812175e+01,4.147628049675353701e+00,-5.752111570223772397e-01,-2.666478775514041999e+01,3.815170946477613967e+01,4.787953656467194286e+00
-1.546842930855223397e+00,-1.239059769280188128e+00,2.052629330510371553e+00,6.888546522831489938e+00,-1.912356818314018270e-01,-9.076264269599747081e+00,1.004097968275402053e+01,-2.874854478818230419e+00,7.068367037225394611e+00,-5.909244837740250667e-01,-2.000183108157904677e+00,-1.419347635070397828e+01,5.168502218710306018e+00,-2.114931287550431804e+00,1.480131021571236438e+00,-5.243183167542813550e+00,5.143449795667911495e-01,1.802226913020031773e+01,-3.022232325172188983e+00,-4.739045639812942134e-01,-7.456571524623046621e+00,-9.215580000375526160e-01,2.653115141209015926e-01,-1.556014333594461618e+00,5.170070079188386458e+00,-2.530543697964806160e+00,-1.763196363569006664e+00,-2.160353467634374081e+00,7.374944462830270719e-01,8.320850066945494561e+00,-8.333799662098417826e+00,3.253415944263742698e+00,2.348960561905900413e+00,5.552561295513643636e+00,-8.918890180980710625e+00,2.878095476175424938e+00,-1.028733703242055819e+00,-5.788722559769858833e-01,6.886322574970527022e-01,-4.396348566039574024e-01,-2.991661174848972315e+00,-3.497361452628198641e+00,-3.689612440015256123e+00,1.438467286133116474e+01,5.294591156778341912e+00,6.937222530829334488e+00,-7.934450960238771167e+00,-2.736380493221470367e+00,8.044049948109627479e+00,-2.084344942302367443e-01,1.275067027123744623e+01,-4.216351358476821076e+00,-1.140455706046618278e+00,-3.333741955676485791e+00,2.820197038284665281e-01,2.346412823234129252e+00,-4.930943411959626488e+00,-2.649525988621777017e+00,-2.767307101832769067e+00,-4.674785348450187783e+00,-3.456618346622497562e-01,-4.956273585967445605e+00,9.942931107234503685e+00,7.923165118261114692e+00,-6.460643407540898053e+00,-4.148474259034679257e+00,-2.721905241791223506e+00,-9.231193136406234956e+00,-1.085932495286066057e-01,4.838812641349776733e+00,-1.596387618521193374e+00,2.178142650636571975e-02,2.243602122809992050e+00,8.120857326420077626e+00,-6.643458022313939892e+00,-3.351311930011941165e+00,-1.529784667666645781e+00,7.714687222522846000e+00,-1.058901881162404024e-01,1.428311762183352318e+00,4.613233784846190844e+00,9.291403348994708988e-01,-2.418542779407921284e+00,-6.805689167836784570e+00,-5.308634998325063137e+00,1.792124560838318947e+00,-3.518861518547277356e+00,1.261265548647317880e+00,9.905757545315285739e-02,5.845291830195414207e+00,6.419580604441383898e-01,2.319734782826078590e+00,-1.942411438100432930e+00,-1.680675916280434556e+00,8.370584055368848198e+00,-1.788388390594216393e+00,-1.102440042169417378e+00,-4.797978603701989364e+00,5.336977667108357082e+00,2.076554244025763829e+00
-3.111043392197935908e+00,-2.260548425461971789e+01,1.066111193736736062e+01,2.109970402875937978e+01,-1.416411359186499652e+01,-2.323981053510459915e+01,2.667888379388629261e+01,-1.041177010000758685e+00,3.043520309520464195e+01,-1.257557796750348089e+01,2.110335147372901066e+00,-5.587442159210540638e+01,8.276150649033750639e+00,-3.474055882656742256e+00,1.920586319539046016e+01,-7.980602930345201074e+00,7.561968209914642358e+00,5.838817608490996491e+01,-1.281905589045202198e+01,-4.386714148791723389e+00,-2.174418636509319214e+01,-5.047206422196132358e+00,-1.765521819550521121e+00,1.253207147623638384e-01,4.905466195385187689e+00,-1.196432178389983569e+01,-1.781260678322148294e+01,1.861479893284539777e+00,6.750786328040018880e+00,4.054614932015088868e+01,3.978865799258704428e+00,2.289098881136161268e+01,1.253083040045567031e+01,1.341243018783221785e+01,-3.209100514053143627e+01,7.148634018478097651e+00,4.470293237029450140e+00,-2.092847911963061591e+01,6.445826872489041293e+00,3.010976361033250726e+01,-1.166364586203583364e+01,-6.338978775771481722e+00,-3.890476479777464913e+00,4.536108908877113066e+01,1.667689000744553240e+01,2.321512209221260647e+01,-3.173385581213187123e+01,-1.122903084613374958e+01,2.622821028096480234e+01,-9.607336944932541201e+00,4.531008425088113256e+01,-1.313905567837667121e+01,1.121626660942580855e+01,-1.754414142827446099e+01,-1.555368899025877827e+00,1.945359514389842559e+01,-2.420869970866492338e+01,-1.637353259688189056e+01,-1.187720693819907147e+01,7.555394644052524811e+00,7.766482383891152530e+00,-1.075928982275676127e+01,2.282929392635136523e+01,1.692803432960328536e+01,-2.342352265027231084e+01,-9.780761570994391363e+00,-1.299005558312245157e+01,-3.640789812978027840e+01,-3.168195221291078667e+00,1.024791286906676291e+01,-6.006608717128520070e+00,5.460324499805297993e-01,2.852476876569731257e+00,3.699051089239765844e+01,-2.326971452139125418e+01,-1.126231023278713295e+01,-4.923594879615242448e+00,2.375152362214017998e+01,5.744365655644022794e+00,8.842430408592989011e+00,2.794521415776748086e+01,9.184216642732119240e-01,1.764589615802899303e+00,-2.957368079024288221e+01,-2.079284377130523964e+01,5.461904401755721672e+00,-3.809994422712783546e+01,9.678713429889207021e+00,-1.339668756360317659e+01,1.052211837429629071e+01,-6.781183403130752740e-01,1.134468794854629081e+01,3.680068716349991220e+00,-6.248766293957492834e+00,1.201550195530210274e+01,1.847081544343943005e+00,-9.459693863360545407e-01,-2.019834149121863121e+01,2.811912963747376537e+01,4.247460405977883546e+00
-7.295830098098423200e+00,-6.169571874659875732e+01,2.782192273781974379e+01,5.260944864102444996e+01,-3.916524176878659347e+01,-5.665273771367345290e+01,6.536486264230499899e+01,-3.951694814932551481e-01,7.837637993094540434e+01,-3.440713845179826791e+01,7.596626139200322037e+00,-1.428305163939499494e+02,1.849404675475649640e+01,-7.810628542413083686e+00,5.204626115623169369e+01,-1.760852295528287925e+01,2.055170523058381349e+01,1.464865514993190345e+02,-3.297233129434926013e+01,-1.176968893697440777e+01,-5.390589481698344088e+01,-1.321510056523336019e+01,-5.132894494455376488e+00,1.698951973301372043e+00,9.132882006233661087e+00,-3.102577603914857818e+01,-4.793166866786232561e+01,7.044661090502049916e+00,1.810545229169730064e+01,1.053652889965267008e+02,1.828416414145253199e+01,6.073961677712521379e+01,3.275652534874154753e+01,3.242315357875685322e+01,-8.136759799319870012e+01,1.735169969663836298e+01,1.330638967430499164e+01,-5.761215370358505083e+01,1.730105599763634316e+01,8.399126646543300012e+01,-2.979050132881977575e+01,-1.456577085952994821e+01,-7.599790962469588074e+00,1.134708235370312508e+02,4.171196385518154415e+01,5.844133472623181547e+01,-8.123056344919683625e+01,-2.880529018735659363e+01,6.584718926261490424e+01,-2.649693457506688432e+01,1.147478609034286876e+02,-3.282416044724314474e+01,3.213578143052600922e+01,-4.582261268019438205e+01,-4.563842781116728808e+00,5.198204898471254864e+01,-6.294221241800219957e+01,-4.316608386397022201e+01,-3.057831126425244861e+01,2.503874303097653709e+01,2.186627804525681285e+01,-2.557355215942218862e+01,5.476034968035592243e+01,4.012717514305194300e+01,-5.943380089208744010e+01,-2.355769483025786570e+01,-3.370791674589950304e+01,-9.308371100653289432e+01,-8.703243672423583988e+00,2.425552904368668550e+01,-1.529329501287784865e+01,1.497325980808625001e+00,5.972897717092585879e+00,9.566553763485782724e+01,-5.884797974749277927e+01,-2.836380728571351284e+01,-1.234378008072897259e+01,5.925582022144326544e+01,1.604303834052410593e+01,2.331380413339768154e+01,7.359370300432998135e+01,1.743601474654184358e+00,6.999778033347444861e+00,-7.621214398581655303e+01,-5.312905729541726885e+01,1.361080387306629724e+01,-1.027417719699565168e+02,2.578104876226210962e+01,-3.728627094183905655e+01,2.414310756458780460e+01,-2.440375429129300944e+00,2.948818872295069937e+01,1.190534444053682606e+01,-1.589254387875558017e+01,2.609747182291359024e+01,6.681732960419979328e+00,-1.669634938256494117e+00,-5.192158862527791996e+01,7.344826921135856423e+01,9.991557768991695454e+00
-6.939590864671081327e+00,-5.887463827828847229e+01,2.652560135193339974e+01,5.010958679154046536e+01,-3.738400526694167070e+01,-5.393394767206588369e+01,6.223494046752168884e+01,-3.307643444889327711e-01,7.470376433106926584e+01,-3.283546529945903814e+01,7.284058208680849411e+00,-1.361164535135050642e+02,1.757086196320817351e+01,-7.421835321543822417e+00,4.965938059354459000e+01,-1.672433492389702536e+01,1.961032191233480759e+01,1.395446187902958854e+02,-3.142650468169529887e+01,-1.122767257147881104e+01,-5.133799232415999114e+01,-1.260022582902101185e+01,-4.904143373057578081e+00,1.646966286693271719e+00,8.634679207433054060e+00,-2.957627198348107456e+01,-4.572702023730662546e+01,6.759741696507729714e+00,1.727152500000973490e+01,1.004471038940743455e+02,1.758873529089743570e+01,5.792938795872957769e+01,3.123137812650076484e+01,3.086136453991724338e+01,-7.752926920980078762e+01,1.651739677147812912e+01,1.271889133431033869e+01,-5.498714173729571542e+01,1.650443891688490439e+01,8.018507464886050684e+01,-2.838962744697453289e+01,-1.384794350787202077e+01,-7.195119675986370034e+00,1.080866333390164016e+02,3.973262182484115357e+01,5.567591202438097753e+01,-7.741436690035344270e+01,-2.745327189141954349e+01,6.272764371803070560e+01,-2.529057539521661013e+01,1.093321008756597195e+02,-3.126576135414432400e+01,3.069521335318728106e+01,-4.368833425919753921e+01,-4.361197284210478919e+00,4.958408269807841151e+01,-6.000487074705329604e+01,-4.116347325969235271e+01,-2.914529598922223741e+01,2.397751099920424522e+01,2.087911126386223515e+01,-2.433238000078013030e+01,5.211346891734891074e+01,3.817730072603580993e+01,-5.663102168984170248e+01,-2.242110066760087150e+01,-3.213354768167970121e+01,-8.870841010350271461e+01,-8.306351584232718466e+00,2.307609503471699952e+01,-1.457316119021893108e+01,1.428993673287971777e+00,5.665459922780110347e+00,9.119096440020057059e+01,-5.606884279121452153e+01,-2.702189415559497121e+01,-1.175863398046617725e+01,5.644085342113420012e+01,1.531637790465440752e+01,2.223224671772620908e+01,7.017790665630309377e+01,1.649423059651673906e+00,6.721069290095976534e+00,-7.264203256940758990e+01,-5.063113949434473682e+01,1.296389348539810626e+01,-9.802030821653943349e+01,2.459017552131439288e+01,-3.559503359424451929e+01,2.295251068848155285e+01,-2.339955120438132141e+00,2.811189998632087139e+01,1.139622216990284898e+01,-1.514384120327419225e+01,2.477733032432838911e+01,6.407279131180424692e+00,-1.576013780372289785e+00,-4.948674458595700543e+01,7.002737841945558728e+01,9.504368183704997364e+00
-6.350370856559564459e+00,-4.916655054453414664e+01,2.274384513980440303e+01,4.415856679602728718e+01,-3.098361098264616942e+01,-4.818732373135085112e+01,5.543258194775172853e+01,-1.412654076056615970e+00,6.456345714047643014e+01,-2.738141248876719658e+01,5.229620941353956276e+00,-1.181607872729998121e+02,1.657506449091001599e+01,-6.974184859084381571e+00,4.164321381764813168e+01,-1.590477760636476035e+01,1.641696556903202975e+01,1.225122751589618275e+02,-2.717996106185656302e+01,-9.470449517880293655e+00,-4.539925645057217451e+01,-1.078261722513206777e+01,-3.949447688975606940e+00,7.450701103792463087e-01,9.187551913436532658e+00,-2.545541476214852494e+01,-3.850423860900429673e+01,4.732664694530795302e+00,1.457175249953946938e+01,8.634348885091142733e+01,1.123942194628031288e+01,4.918325792963258891e+01,2.675184647885571820e+01,2.771538997713796348e+01,-6.763277702499303246e+01,1.479649893203146327e+01,1.010790362986783464e+01,-4.569089402260992472e+01,1.391818953193372721e+01,6.612009982115242224e+01,-2.465705949300791033e+01,-1.283487542132150949e+01,-7.410726884158850503e+00,9.506244286009291500e+01,3.494762245117132693e+01,4.877990470133639178e+01,-6.714768597851058018e+01,-2.378175489372922158e+01,5.504862934012777487e+01,-2.099198712341107509e+01,9.544466376279927999e+01,-2.752024529570337208e+01,2.492584813166514479e+01,-3.744106605174214053e+01,-3.493937430295551039e+00,4.192423272681921276e+01,-5.156393366659794708e+01,-3.508246902757337438e+01,-2.519291819913432207e+01,1.797136608475305763e+01,1.712517158080622437e+01,-2.208116138544923146e+01,4.702563866786438496e+01,3.470333376125359592e+01,-4.938070793592407881e+01,-2.018088182482728143e+01,-2.764551276237248345e+01,-7.699906596900764555e+01,-6.910441874036854060e+00,2.099596238635329826e+01,-1.268118135403167734e+01,1.190074772757730992e+00,5.573060126271768944e+00,7.861157649107985890e+01,-4.898835950922826754e+01,-2.366877897808128850e+01,-1.032783331583528685e+01,4.972041040572685944e+01,1.262110352863566121e+01,1.894685268216212748e+01,5.984876034837903092e+01,1.731868209499408007e+00,4.598381607844365782e+00,-6.275479832371382116e+01,-4.396371349808536877e+01,1.142825589328831626e+01,-8.243426113046659509e+01,2.083011481725916170e+01,-2.938951811966758498e+01,2.129261428043970739e+01,-1.680213622105585447e+00,2.416118638985813405e+01,8.652311703592982184e+00,-1.318640036476086053e+01,2.380198529901139892e+01,4.588655370409550294e+00,-1.739847608101419141e+00,-4.281521386158208742e+01,6.001109930492167877e+01,8.680745359399065109e+00
-5.918808133750777856e+00,-5.114732322323971658e+01,2.292680232209066915e+01,4.307473519770929471e+01,-3.252409105538266232e+01,-4.623173454025500462e+01,5.338120497239196283e+01,-6.222819514970190369e-02,6.446743421628625015e+01,-2.853365934765524514e+01,6.497066731607008094e+00,-1.173618395690337053e+02,1.488799265359395818e+01,-6.293960872199415135e+00,4.310742349322661937e+01,-1.414531177146234242e+01,1.702848306521075372e+01,1.200451688475790348e+02,-2.711644535772650499e+01,-9.735385110679114717e+00,-4.409935279599307023e+01,-1.089491803649294610e+01,-4.289401207763932078e+00,1.555665947573283692e+00,7.109800704578704611e+00,-2.554459608752091881e+01,-3.966247026266719899e+01,6.053273751307486350e+00,1.497527346582279506e+01,8.677616422762015702e+01,1.596345019204174065e+01,5.016645325150703627e+01,2.699945719852082959e+01,2.642592122710790292e+01,-6.678149659675592886e+01,1.415084655223324006e+01,1.115129824290879057e+01,-4.781546277879929363e+01,1.431143598948139761e+01,6.982773755828446838e+01,-2.447554194450793119e+01,-1.177873883271908539e+01,-5.973018227381119871e+00,9.294962726994903335e+01,3.416772894097579893e+01,4.791585331801623227e+01,-6.675876171029349848e+01,-2.368057541856773440e+01,5.396680925841584298e+01,-2.199659877911228278e+01,9.416194991742720788e+01,-2.688279840924472452e+01,2.680668984490655049e+01,-3.776471014904834078e+01,-3.818131551664272205e+00,4.297388288714545013e+01,-5.184127488602231182e+01,-3.562077620892151941e+01,-2.515088844037510185e+01,2.123702712455127184e+01,1.820034811956575282e+01,-2.078988908351058029e+01,4.457915528134807914e+01,3.260763758587337691e+01,-4.878459281486977517e+01,-1.918971870142761915e+01,-2.775543180954058542e+01,-7.648732501704489550e+01,-7.221338410278041131e+00,1.970563690537728974e+01,-1.255919175700203994e+01,1.242088763263849982e+00,4.755108323947733417e+00,7.873530343953517274e+01,-4.828092079312575180e+01,-2.325683274828127978e+01,-1.011465060474468913e+01,4.852063038525893290e+01,1.333971387513620854e+01,1.923886658304266462e+01,6.072084237511504057e+01,1.362725231881096954e+00,6.039880506847898012e+00,-6.269351896327584939e+01,-4.365271509794884963e+01,1.114311745942723597e+01,-8.504082247038192577e+01,2.130432463340353166e+01,-3.098975440032843665e+01,1.951906250730545622e+01,-2.087093245637086092e+00,2.428655220615718235e+01,1.007176638513650069e+01,-1.304929618088541510e+01,2.090915886037231530e+01,5.717291298449800330e+00,-1.285226028397552289e+00,-4.269671718419252926e+01,6.053301005876498664e+01,8.109613577712579513e+00
-3.751387288525683150e+00,-1.919583946897689231e+01,1.023678882477123508e+01,2.253834515620452095e+01,-1.155596810446694533e+01,-2.602482430946163561e+01,2.957095617236213769e+01,-3.155836267187400956e+00,3.019818399526566211e+01,-1.059946230510887233e+01,8.622171523733701548e-02,-5.642045820898206188e+01,1.082897005904331067e+01,-4.501597911334722646e+00,1.665357282053453503e+01,-1.065126867426996427e+01,6.501880439732993899e+00,6.153075284243296039e+01,-1.275558072068628412e+01,-3.913269046916812322e+00,-2.351508161198857749e+01,-4.805849399864207783e+00,-1.207310892725531160e+00,-1.153580804959817740e+00,8.116908722958477540e+00,-1.167113881142914344e+01,-1.576024039074187399e+01,-2.432307721726338912e-01,6.028800673634524543e+00,3.934702257892370625e+01,-3.515824524834375353e+00,2.104964130178768400e+01,1.198077292959000140e+01,1.527318885374456414e+01,-3.302296211337674947e+01,8.074815005866962991e+00,2.769119036741249928e+00,-1.731364377023326639e+01,5.743922382796839088e+00,2.388324974562897651e+01,-1.180085506621716362e+01,-7.922313894324950923e+00,-6.106317534096729283e+00,4.811160438438834319e+01,1.769302982883885633e+01,2.428045190079732407e+01,-3.194180849235740283e+01,-1.124519204978682652e+01,2.759824625940765941e+01,-7.901730866157018696e+00,4.675321121295538518e+01,-1.397587398522536617e+01,8.109405771215424608e+00,-1.681030809563535300e+01,-1.024672339050594516e+00,1.755138921159617738e+01,-2.346279425019507059e+01,-1.531637828117690781e+01,-1.179189233875492349e+01,2.313103951113042456e+00,5.973170933547383932e+00,-1.265674231993911114e+01,2.639307579950494898e+01,2.001435577559822221e+01,-2.406399084548677791e+01,-1.121779996549345526e+01,-1.265110747583845630e+01,-3.674974322627303991e+01,-2.637874105538891900e+00,1.215039815176494642e+01,-6.122195403138492864e+00,4.571040891832574560e-01,4.104975386431915396e+00,3.632357897499251465e+01,-2.408756417902786140e+01,-1.176773988698188944e+01,-5.196698164337073322e+00,2.533903633544990441e+01,4.538716616429198325e+00,8.269465213475427845e+00,2.621446654105724861e+01,1.488383209046267419e+00,-5.293778947902616494e-01,-2.929290656662369940e+01,-2.101760241431071563e+01,5.841524078694637190e+00,-3.350651175878116561e+01,8.807981363238882366e+00,-1.070417249852861552e+01,1.318255251283260776e+01,-2.832246348432487792e-02,1.100239300422120081e+01,1.396397623693217405e+00,-6.385080174846295975e+00,1.642058729139938578e+01,4.505770182636847920e-02,-1.650272999823665598e+00,-2.012734944230497547e+01,2.693794803955195860e+01,5.093231565560698115e+00
-4.409552948309627851e+00,-5.180939179427387842e+01,2.153175537381045856e+01,3.702756054592936152e+01,-3.361931594551963087e+01,-3.783978171840455218e+01,4.418740383373717151e+01,3.183772174638867636e+00,5.907958446092691673e+01,-2.901635906117414265e+01,9.019171289685772308e+00,-1.060554179139923718e+02,9.647980831747906549e+00,-4.157906433899539067e+00,4.317293283515685687e+01,-8.790968825979554424e+00,1.713384641082282656e+01,1.045205001924540227e+02,-2.479469203919623865e+01,-9.592399724541955663e+00,-3.745163580132377490e+01,-1.029284654083961748e+01,-4.762137556234796065e+00,3.376642681033110716e+00,1.554413746953621889e+00,-2.371506358141299131e+01,-3.926922861044477031e+01,8.738473587466948800e+00,1.474570190763695088e+01,8.087249199351154516e+01,2.602404196650582691e+01,4.851280576388516153e+01,2.543376634983542317e+01,2.121712252886712946e+01,-5.939590384124639399e+01,1.146921311653884779e+01,1.276334145477438575e+01,-4.908919077134982700e+01,1.411031260843729562e+01,7.313984912273859607e+01,-2.208185647254734008e+01,-8.301711913455736891e+00,-2.044675992924075203e+00,8.044289967200778335e+01,2.956256620122847778e+01,4.200886173260655454e+01,-6.048464252974906685e+01,-2.154329864469474742e+01,4.705309632163393019e+01,-2.264793885046620048e+01,8.355048069514005249e+01,-2.320230200900439144e+01,2.917617476909338592e+01,-3.552027917065935014e+01,-4.290746918816058297e+00,4.205513264095678494e+01,-4.835959182175902527e+01,-3.406305134744334850e+01,-2.303794594412295993e+01,2.737565145010288603e+01,1.932474396302335862e+01,-1.602764443217697021e+01,3.514126273120110966e+01,2.496935575809099461e+01,-4.345114909914988743e+01,-1.527574970915421382e+01,-2.579880297798078814e+01,-6.914016073097069182e+01,-7.389783024434644965e+00,1.503240479860469314e+01,-1.126168138357074611e+01,1.267555239417427648e+00,2.411615332454229765e+00,7.273342384066508259e+01,-4.272059421102966326e+01,-2.040761517689875504e+01,-8.793840049747682741e+00,4.175950790531516787e+01,1.399720159672662945e+01,1.840059061851253119e+01,5.795617184927225196e+01,3.677640670466619244e-01,9.016287423908540433e+00,-5.753096698116264207e+01,-3.941410172978531534e+01,9.567335821406468099e+00,-8.449330388854812668e+01,2.073808222147773961e+01,-3.235114112188821167e+01,1.370101325119881253e+01,-2.896636882461718798e+00,2.264450598878233123e+01,1.267271631003002597e+01,-1.167630244511351378e+01,1.229364269880873550e+01,7.968634221870418699e+00,-9.131615483646726705e-02,-3.899658778372218393e+01,5.694295506328770529e+01,6.090128215448006088e+00
-5.140445172833696397e-01,-5.905831053125599084e+00,2.466591447668678327e+00,4.268276253410058452e+00,-3.827473140358754744e+00,-4.378001045216426412e+00,5.108001431571493889e+00,3.395979496270055686e-01,6.779272626860709750e+00,-3.306804416105996847e+00,1.010594367485174505e+00,-1.218155684917994641e+01,1.138816678569650298e+00,-4.898967639583267641e-01,4.924886048893519330e+00,-1.041876873412213467e+00,1.953939692945050988e+00,1.203714268118345743e+01,-2.845585606554885238e+00,-1.095384697910244842e+00,-4.321026813680306056e+00,-1.178635595120494761e+00,-5.398460153820455742e-01,3.719713765832950991e-01,2.177610508699149849e-01,-2.718834837618793188e+00,-4.482872205609167438e+00,9.773842649267591165e-01,1.683926724275896403e+00,9.269259377489195373e+00,2.895729119885785074e+00,5.546593115813255537e+00,2.912992221204052434e+00,2.458449368233541765e+00,-6.829897333865385889e+00,1.327973758484602307e+00,1.444368687195426659e+00,-5.591047217630739752e+00,1.611231632045279971e+00,8.320021412007719164e+00,-2.536616548189855713e+00,-9.723990198208102287e-01,-2.618523807110959556e-01,9.268299952143653542e+00,3.406142539607794895e+00,4.835545432205277550e+00,-6.946017362454207422e+00,-2.473309558993359136e+00,5.418340355247496021e+00,-2.579039140637230165e+00,9.609035014959852461e+00,-2.673806141967977723e+00,3.311306785241689088e+00,-4.068646252880400382e+00,-4.860685272682861990e-01,4.804524817168273287e+00,-5.542416385062686857e+00,-3.897401977831759456e+00,-2.643648578926660608e+00,3.078466960248333883e+00,2.196471665465297374e+00,-1.863160746063227347e+00,4.077753135309459154e+00,2.904200383824759868e+00,-4.995914370275624350e+00,-1.771208309251038449e+00,-2.957482098844370189e+00,-7.941286433830999414e+00,-8.418339828254419732e-01,1.748971579209350091e+00,-1.294225346007453759e+00,1.444230952103542076e-01,2.921815338753648295e-01,8.341432454020704768e+00,-4.914220401550561945e+00,-2.348926460254848081e+00,-1.012852439291615170e+00,4.813313530249161865e+00,1.592079309070384863e+00,2.105322440257634931e+00,6.632019789917240615e+00,4.919651002219370406e-02,1.006959406946166702e+00,-6.600959874246608905e+00,-4.527382735936321900e+00,1.102951746474691852e+00,-9.643361212645832126e+00,2.370014430612178646e+00,-3.680857182363689972e+00,1.605411259864302664e+00,-3.245703455715567287e-01,2.595336465560289518e+00,1.426833492723683872e+00,-1.342076477496266795e+00,1.465209237706459167e+00,8.927146951180713330e-01,-1.910583505420580808e-02,-4.475832317911634384e+00,6.522433771271741954e+00,7.094850607835521128e-01
-4.177944635222761605e+00,-5.090171983565709013e+01,2.098986332024648505e+01,3.573600697845942875e+01,-3.309594720801165124e+01,-3.630179985862766756e+01,4.245116233492638713e+01,3.444011231291470132e+00,5.743891224164872966e+01,-2.851904102239104688e+01,9.098455376826198204e+00,-1.029490492453922030e+02,8.950177209279555512e+00,-3.869226767515053123e+00,4.236863220060242696e+01,-8.097987243073184516e+00,1.682247197239353653e+01,1.010270727627477214e+02,-2.410015876292431258e+01,-9.398163611832810460e+00,-3.609290997928927425e+01,-1.004019448651061097e+01,-4.719315551976340117e+00,3.492764468256227328e+00,9.775086713764333801e-01,-2.308933383045562593e+01,-3.849300800416096990e+01,8.839108809107703024e+00,1.444615350222638384e+01,7.877170755740671382e+01,2.652721689325569798e+01,4.743873149019690061e+01,2.480177304832492879e+01,2.030513537967217630e+01,-5.755233077443567424e+01,1.098944243759172146e+01,1.268258812909400923e+01,-4.829290685002664674e+01,1.382550114629797378e+01,7.209287703993382479e+01,-2.143117656268179161e+01,-7.803005749332012186e+00,-1.618976974636308741e+00,7.769917723893361483e+01,2.855337050949323086e+01,4.063758346864396742e+01,-5.873020556772826950e+01,-2.092801222765196911e+01,4.548783642980784947e+01,-2.228684207157684227e+01,8.093525639256451143e+01,-2.240371218533741882e+01,2.886187657346686564e+01,-3.463194974704993712e+01,-4.256765393158421062e+00,4.117478388164321501e+01,-4.710816594553101311e+01,-3.326979112452873011e+01,-2.239699018732583724e+01,2.746677119205674700e+01,1.907269390133564357e+01,-1.525713872604216270e+01,3.355083646604668957e+01,2.374737762937834162e+01,-4.210933259949393204e+01,-1.460299690317131116e+01,-2.512141134711374946e+01,-6.711738564678552166e+01,-7.267614971850373529e+00,1.428936492331528640e+01,-1.092227085128745934e+01,1.246262164495152591e+00,2.135278176814884077e+00,7.077580333860439055e+01,-4.137012831869098761e+01,-1.974346480268923187e+01,-8.498476754658819132e+00,4.030870225414108887e+01,1.379916608389325994e+01,1.797239269490134461e+01,5.659521988476620891e+01,2.627629368602311111e-01,9.140416041573512729e+00,-5.594158923680100770e+01,-3.825603934644927051e+01,9.232308790025895107e+00,-8.285259447177489278e+01,2.029280795135401760e+01,-3.187782918134925936e+01,1.287010673766343771e+01,-2.922054107078951191e+00,2.205736516943959913e+01,1.269116270994854112e+01,-1.132166358017612318e+01,1.121335908290230243e+01,8.040951895599768307e+00,2.810812668526341263e-02,-3.789945600651670787e+01,5.551965471043243383e+01,5.776655419817263493e+00
-6.916615726549878218e+00,-6.514220404037898504e+01,2.853678670069249534e+01,5.227161674646679046e+01,-4.168760883329029099e+01,-5.535721414156051168e+01,6.411229665944898670e+01,1.193553861727211896e+00,7.966767732707999983e+01,-3.638544686298251207e+01,9.230531274553007037e+00,-1.444463983256195263e+02,1.683189966139409677e+01,-7.146796629437757176e+00,5.470937022498125657e+01,-1.584495589061648957e+01,2.164269466468804382e+01,1.461966891545207261e+02,-3.348824945333532810e+01,-1.229371726367626394e+01,-5.333596599259362847e+01,-1.358466612006263396e+01,-5.626618269648504977e+00,2.687288714921112209e+00,6.841283283640713364e+00,-3.168724835017906116e+01,-5.015945439911786252e+01,8.731496497289192860e+00,1.890680594064225772e+01,1.077650842382859082e+02,2.419428946036351746e+01,6.299012255089566281e+01,3.363623544213660210e+01,3.148051278995986735e+01,-8.182001589370143790e+01,1.689972932644572623e+01,1.477787039166541128e+01,-6.115537244229830094e+01,1.807585071380606223e+01,8.987800940788912385e+01,-3.010994693191236138e+01,-1.357879570348453946e+01,-6.037056096062044297e+00,1.130078757460663610e+02,4.153797779851061023e+01,5.846774539505294399e+01,-8.222689419035607727e+01,-2.920201346234087936e+01,6.574899920846324619e+01,-2.815900415997272432e+01,1.152887379700838295e+02,-3.265920507398054440e+01,3.493436425945235158e+01,-4.702636007313324740e+01,-5.028744264867889058e+00,5.415411976784012893e+01,-6.439808421754574397e+01,-4.457588594233411783e+01,-3.107671060165398202e+01,2.934657211379020225e+01,2.352873762833510085e+01,-2.450601221586010325e+01,5.285081562949755352e+01,3.836989269053125895e+01,-5.979462172917936158e+01,-2.280866470549724667e+01,-3.444196792254752637e+01,-9.414735681557903035e+01,-9.226623303939920362e+00,2.316548455829780195e+01,-1.542324646272506250e+01,1.585628331421201853e+00,5.113373729300329629e+00,9.752639456740259050e+01,-5.906674896102138916e+01,-2.838538282335756335e+01,-1.231310287352002319e+01,5.890009672780121974e+01,1.717976954842536941e+01,2.407674041173644142e+01,7.594329399459253693e+01,1.338634274134258506e+00,8.828665213731762051e+00,-7.750570766840694148e+01,-5.371380001513673363e+01,1.351780549653758179e+01,-1.076634386380942487e+02,2.680350833121986298e+01,-3.984557478976049083e+01,2.248001679149778909e+01,-2.964927176741771753e+00,3.016486172278342792e+01,1.379610608447179132e+01,-1.601537488797317010e+01,2.314675645343681154e+01,8.135207713365060656e+00,-1.162331448031305392e+00,-5.271216985084294748e+01,7.538145411153026032e+01,9.495730333093177933e+00
-3.901294274522088212e+00,-5.261268231316806521e+01,2.125044835159065215e+01,3.520015462021810748e+01,-3.438572354789494767e+01,-3.515754133848982832e+01,4.127837721162509865e+01,4.413684874223762655e+00,5.773313484098415671e+01,-2.950746431171995710e+01,1.004547737676350039e+01,-1.030363506950449164e+02,7.822212890382635564e+00,-3.416074105793171611e+00,4.366324717034599701e+01,-6.913837484320531246e+00,1.735766613480479137e+01,9.993123678610700722e+01,-2.420730351267723890e+01,-9.643316700241422623e+00,-3.540762342625917114e+01,-1.018224108642613146e+01,-4.987673156783525741e+00,4.083787765100245437e+00,-4.749052915801541541e-01,-2.329730687311760562e+01,-3.954842775686342549e+01,9.821818265391284442e+00,1.482037432851904235e+01,7.957138234477565675e+01,3.001046788777188112e+01,4.842759828901662189e+01,2.513174388751265909e+01,1.952777569290189774e+01,-5.731708143357101903e+01,1.060538704676332777e+01,1.349489298208347954e+01,-5.008838842294463944e+01,1.418860176222365865e+01,7.514950548524436158e+01,-2.143868109513678277e+01,-7.110731517139953439e+00,-6.199074787952963961e-01,7.670518084190040042e+01,2.818565955958363389e+01,4.028687531058591986e+01,-5.882694313117963247e+01,-2.098874570559832264e+01,4.501479276130162077e+01,-2.313238902865299096e+01,8.054436024964894614e+01,-2.209728018751075496e+01,3.036392732435804831e+01,-3.507718542341945067e+01,-4.511147827108709762e+00,4.217086432293189802e+01,-4.759944639827822499e+01,-3.385714290949104566e+01,-2.250849494337413859e+01,2.993217293683885316e+01,1.994754098196328229e+01,-1.444673123638769852e+01,3.204465349985242995e+01,2.242572340529325103e+01,-4.195598000727109422e+01,-1.399914575087818669e+01,-2.535673591231641666e+01,-6.718071158279562383e+01,-7.531618615687158069e+00,1.347352908151774642e+01,-1.090540053092533768e+01,1.290622009863006125e+00,1.574524675562113396e+00,7.130825679983023235e+01,-4.113397330173355471e+01,-1.957858417423165776e+01,-8.402329458550051200e+00,3.972024410076417666e+01,1.439050429828174771e+01,1.829053713966365891e+01,5.756373425538004795e+01,5.281221849224915221e-03,1.020988640850195317e+01,-5.625077459177246908e+01,-3.827857691873402501e+01,9.090269168291470692e+00,-8.520401640591339287e+01,2.075346190173041450e+01,-3.320188484436101817e+01,1.170611356263633063e+01,-3.226078023957279051e+00,2.228424231752008566e+01,1.376751334815662631e+01,-1.129669745474945408e+01,9.253211409290411638e+00,8.883872301929805815e+00,3.474265795519985156e-01,-3.805488356041542630e+01,5.623557939310164500e+01,5.412093793973238753e+00
-2.576156428465974813e+00,-2.763416701000319264e+01,1.172379833115933678e+01,2.068347760147997860e+01,-1.783660872600967551e+01,-2.145394214537351019e+01,2.496607967969487873e+01,1.239187871503659721e+00,3.239155890180342112e+01,-1.546076334136866670e+01,4.466015671374534257e+00,-5.838104930832813011e+01,5.914038382091858281e+00,-2.531225323158186047e+00,2.309725966328173286e+01,-5.471727258210771438e+00,9.155140416866824893e+00,5.816356533296276865e+01,-1.360285619100255516e+01,-5.154434849178246125e+00,-2.099644060886537389e+01,-5.595059559967807239e+00,-2.481057383954954787e+00,1.546467020034036910e+00,1.627429433616328414e+00,-1.295454455266372129e+01,-2.107364287316191209e+01,4.292429079663701685e+00,7.924938732372210026e+00,4.412923047136445120e+01,1.248775931953290907e+01,2.620139016645716268e+01,1.383663349655466313e+01,1.210150389008073368e+01,-3.284691838941375863e+01,6.522441854808016970e+00,6.600251680198963911e+00,-2.609069973784549035e+01,7.580797654853035361e+00,3.867100186514718274e+01,-1.216121617260654908e+01,-4.941053892823878080e+00,-1.656842729315889384e+00,4.484481574810373417e+01,1.648164324179502316e+01,2.332945296184103867e+01,-3.327046893614084411e+01,-1.183625815539120651e+01,2.617333908562496347e+01,-1.202816505529038693e+01,4.623664136397053426e+01,-1.294515290720108247e+01,1.527612503985421455e+01,-1.933223929716445966e+01,-2.228781126980757143e+00,2.263993898393346171e+01,-2.638114930112938339e+01,-1.845398338912500691e+01,-1.263272574537890769e+01,1.377275222245260267e+01,1.018181567398688259e+01,-9.260093554619011513e+00,2.015943508984229382e+01,1.445762512755744567e+01,-2.401925366494151959e+01,-8.736204324450325132e+00,-1.408798459555109694e+01,-3.805665180307944695e+01,-3.930975136402690140e+00,8.714684161021121866e+00,-6.213172507590232208e+00,6.747632383610451257e-01,1.626294291738657583e+00,3.978717204507680094e+01,-2.366074037939583263e+01,-1.133037214128462544e+01,-4.895692430040584853e+00,2.331830111194466681e+01,7.397312706658817127e+00,9.968238250838485470e+00,3.141467625284151666e+01,3.393024374214541061e-01,4.399419508709971893e+00,-3.153046042867133281e+01,-2.170180894330757226e+01,5.346186026290942195e+00,-4.530016882648083509e+01,1.118033693339060619e+01,-1.711975489618630775e+01,8.166037619473790699e+00,-1.434392129941242322e+00,1.235472343826816299e+01,6.410144068705025511e+00,-6.445891021990533432e+00,7.813373289163779489e+00,3.942527427835205600e+00,-2.198323605397669023e-01,-2.140124391576842555e+01,3.099058006843593915e+01,3.548680376103953371e+00
-3.581270324911510983e+00,-4.571339487834490711e+01,1.866816657525578904e+01,3.138206006322641883e+01,-2.979515857307580262e+01,-3.163321070530098567e+01,3.705943873476516615e+01,3.442701976973815192e+00,5.091401715153557461e+01,-2.562435373710413344e+01,8.433677472217041782e+00,-9.107410781880248862e+01,7.452709437417083471e+00,-3.235980158968773779e+00,3.799702139250543098e+01,-6.676101971754661690e+00,1.509539255511016620e+01,8.888992105955453837e+01,-2.135577217575235309e+01,-8.411248937196189601e+00,-3.163646790465961800e+01,-8.936771041250418435e+00,-4.283224311309973054e+00,3.330732201428467931e+00,2.695556115638160222e-01,-2.050319059459929605e+01,-3.447182144619147692e+01,8.218952410298681954e+00,1.292807312155652788e+01,6.998572957055441179e+01,2.488477172877055921e+01,4.235531099024975532e+01,2.206747525459860526e+01,1.763755087659043852e+01,-5.079745974104518069e+01,9.560721926744816912e+00,1.154796811194488981e+01,-4.344102487810955893e+01,1.237467271586475270e+01,6.500397944819124518e+01,-1.895476875392408900e+01,-6.616704128078017888e+00,-1.022483910813755781e+00,6.830265805944100066e+01,2.509928429468006783e+01,3.579237719692356734e+01,-5.197503095105189175e+01,-1.853161884429925976e+01,4.003137528655248900e+01,-2.005467210132096412e+01,7.141134848831434567e+01,-1.968620891097326009e+01,2.613788951660266235e+01,-3.080755761686096861e+01,-3.868465162174740346e+00,3.681902568803172926e+01,-4.185919554174720503e+01,-2.966120002743030071e+01,-1.985143751566397796e+01,2.529874725753522924e+01,1.722438536939034037e+01,-1.316004726182544182e+01,2.905228807260985846e+01,2.045861785970241442e+01,-3.717468244483042383e+01,-1.266618498084877587e+01,-2.231136903410765981e+01,-5.937817138281776863e+01,-6.534914821760777315e+00,1.230201684302062404e+01,-9.651708472111270254e+00,1.120244086914983672e+00,1.658571166009605857e+00,6.280546712032022327e+01,-3.648708735230381706e+01,-1.739171372955691197e+01,-7.475866201677660250e+00,3.540417147911000484e+01,1.244486296857055052e+01,1.602337682536399299e+01,5.044410317096544816e+01,1.269066719484260308e-01,8.520934246238091703e+00,-4.959605527616391640e+01,-3.383923493597221466e+01,8.106001530379801423e+00,-7.423002167332731460e+01,1.813369860452043625e+01,-2.873201045642965923e+01,1.090436624221862871e+01,-2.708504877387996057e+00,1.959835810585130034e+01,1.166369496872133382e+01,-1.000157766168204532e+01,9.113217893685117588e+00,7.455885400255984230e+00,1.556383016928060692e-01,-3.357833381647763105e+01,4.938952330305409788e+01,4.959012647059238610e+00
-6.185871500579106730e+00,-4.928917547575230884e+01,2.260818426518324387e+01,4.351764076502645651e+01,-3.113755565670421532e+01,-4.728516166179047531e+01,5.444678388984921469e+01,-1.046965985747246641e+00,6.401690827998174882e+01,-2.746259335728355211e+01,5.519902268772790777e+00,-1.169970231800083127e+02,1.599861995948472781e+01,-6.739412491268620187e+00,4.169107160593438266e+01,-1.531475334187041781e+01,1.644482668127490399e+01,1.208757351873492212e+02,-2.694381650517496496e+01,-9.463479695133083069e+00,-4.469162575896248057e+01,-1.072500815335562940e+01,-4.006741363176796966e+00,9.517113065884030831e-01,8.568268688825799728e+00,-2.527325579065046668e+01,-3.849717144655920720e+01,5.040906247667360063e+00,1.455994657135498116e+01,8.575976631207065282e+01,1.238799890696362738e+01,4.904403610309444872e+01,2.660078221158461176e+01,2.715329615313628864e+01,-6.686330319019079127e+01,1.450763023181447231e+01,1.030001300420283883e+01,-4.587930981780698403e+01,1.390896571058554798e+01,6.655886144114565184e+01,-2.441033018343911820e+01,-1.245415758894697333e+01,-6.973705241053250958e+00,9.374051076198681187e+01,3.446081324945423319e+01,4.815931959623672043e+01,-6.650342725554810386e+01,-2.356317025762951189e+01,5.432029249209453070e+01,-2.108603163734683505e+01,9.433742023532789744e+01,-2.713078354019201299e+01,2.521800294926827135e+01,-3.722363224211056121e+01,-3.550774966079475181e+00,4.186106263606288280e+01,-5.122030860291196319e+01,-3.494039747154665321e+01,-2.497845602907809592e+01,1.868298293563638168e+01,1.726895359896066395e+01,-2.156409146143371558e+01,4.600407251693828670e+01,3.387329978778127781e+01,-4.882556366073955445e+01,-1.975788974936119757e+01,-2.745110898023386170e+01,-7.624303555650824649e+01,-6.936202148317672567e+00,2.048790396766096222e+01,-1.254677567041219000e+01,1.194110515388428828e+00,5.313469468379494742e+00,7.800923822964804799e+01,-4.840717803593399537e+01,-2.336957778013047005e+01,-1.018850691584007961e+01,4.900415306562545936e+01,1.270771220512954258e+01,1.887046371581417503e+01,5.959426305192267392e+01,1.621039463444712281e+00,4.939422650618191746e+00,-6.223196947968536108e+01,-4.352711172429975051e+01,1.126116605375492163e+01,-8.245241943342465163e+01,2.078631691604067200e+01,-2.957201216754316775e+01,2.065538719290403336e+01,-1.773389518504264295e+00,2.399897137213153897e+01,8.954833541501297844e+00,-1.304394970550100830e+01,2.285085592762430196e+01,4.847696161122153846e+00,-1.606529336928712581e+00,-4.243838868705415734e+01,5.966342457309209379e+01,8.460812373583067370e+00
-5.611876331282465991e+00,-5.504150441163876906e+01,2.386418883669930935e+01,4.319921188140535406e+01,-3.532243889245608415e+01,-4.545695353098982139e+01,5.272350867300471577e+01,1.484031605405491838e+00,6.640335467269400738e+01,-3.076026132009942771e+01,8.156364539519959322e+00,-1.201705860769123291e+02,1.342630198535787578e+01,-5.713850439799221803e+00,4.615421309693778085e+01,-1.257705238503940848e+01,1.827000944120919357e+01,1.210265678155131042e+02,-2.790422298997847861e+01,-1.034810095626438731e+01,-4.400862581220291503e+01,-1.136944152973716626e+01,-4.815283843691599230e+00,2.534369258598538455e+00,4.953347218944294639e+00,-2.645755171760345448e+01,-4.224912974060197968e+01,7.759437423719254490e+00,1.591317331838312299e+01,9.002624027067645329e+01,2.188608221510813934e+01,5.288580311808886592e+01,2.814022183891622930e+01,2.578625436672250260e+01,-6.792497188510600381e+01,1.385972641864812616e+01,1.270143787026402649e+01,-5.176875957995481770e+01,1.521648806564118672e+01,7.629459502918422231e+01,-2.504421836798763934e+01,-1.094172343165086225e+01,-4.514281838798840596e+00,9.347727944474583239e+01,3.435798176938542525e+01,4.844594637258433778e+01,-6.843159702889903429e+01,-2.431612782230051550e+01,5.443927482946202900e+01,-2.384647283577441357e+01,9.567977179724854864e+01,-2.700516079221792864e+01,2.981380143986016051e+01,-3.933430324374196374e+01,-4.310989644281605138e+00,4.554115057479226181e+01,-5.380453190016758214e+01,-3.736843377163292246e+01,-2.590091819984896659e+01,2.565503993807563887e+01,2.001064137803214038e+01,-1.996928323407918526e+01,4.318912639268437914e+01,3.123983769879664862e+01,-4.964944039640527507e+01,-1.866239693470204486e+01,-2.876232829006145764e+01,-7.832810988392714080e+01,-7.806958982125821400e+00,1.885170555808156223e+01,-1.281792545034803155e+01,1.341141986368347139e+00,3.968257160296828623e+00,8.137598312058702277e+01,-4.900215314096282526e+01,-2.352264927439028952e+01,-1.019125069882802492e+01,4.868501151392597848e+01,1.458694914467308656e+01,2.018423997598348407e+01,6.364776878537189475e+01,9.827595390788648189e-01,7.884216766767869977e+00,-6.461297327488520637e+01,-4.468157211554883901e+01,1.116986238185377367e+01,-9.072813814694109169e+01,2.252413342037190347e+01,-3.380791608804487680e+01,1.810520109674207845e+01,-2.619810402476987043e+00,2.520106593974333364e+01,1.201878973723250965e+01,-1.330625580755396697e+01,1.825619030441200152e+01,7.192698729458954610e+00,-8.048013250561584231e-01,-4.391593276891840247e+01,6.305251125165599291e+01,7.712198585682048524e+00
-2.961768875032355197e+00,-3.818852585547865885e+01,1.556321184639126010e+01,2.609136910965062484e+01,-2.490333578597041964e+01,-2.625606427545860555e+01,3.077216903890924016e+01,2.937398403029033211e+00,4.241540781801506199e+01,-2.140847960952756068e+01,7.091516012865796803e+00,-7.583988663652317541e+01,6.123185615779764390e+00,-2.661371925831022445e+00,3.173302925057656410e+01,-5.472435026552116000e+00,1.260836842539458047e+01,7.393481237279527818e+01,-1.778986143841267165e+01,-7.021588640774331758e+00,-2.629229160031174217e+01,-7.451639330690174035e+00,-3.586053658348483442e+00,2.816516039295680951e+00,1.183887948894715159e-01,-1.708731596068730951e+01,-2.878027954312148395e+01,6.915329624449935153e+00,1.079197964735393533e+01,5.833251578307883278e+01,2.097483941270364483e+01,3.533966402891488201e+01,1.839873740816122805e+01,1.462926914019603331e+01,-4.227969218545216989e+01,7.932759344541430835e+00,9.674815181868149594e+00,-3.630259239166129959e+01,1.033037479114767798e+01,5.434923364607237772e+01,-1.578337269098218698e+01,-5.458894872651343100e+00,-7.784242262449703187e-01,5.680011615234752753e+01,2.087224869932945737e+01,2.977717108650513822e+01,-4.328444778436318785e+01,-1.543492077239536542e+01,3.329787014820197300e+01,-1.676041092910141472e+01,5.943262939819083357e+01,-1.636948723333217970e+01,2.187358513914295344e+01,-2.568464682772967578e+01,-3.239680966926858030e+00,3.073036296313066273e+01,-3.489023502268991450e+01,-2.474050157306040632e+01,-1.653758472900162602e+01,2.124521341182630607e+01,1.440589186417308554e+01,-1.089863028671761214e+01,2.408061190065589230e+01,1.693850523192855206e+01,-3.094256886467112722e+01,-1.050249552364273953e+01,-1.859490603011864351e+01,-4.944628617919484270e+01,-5.460622039575908637e+00,1.018378868915873170e+01,-8.035332649632129787e+00,9.360185641213865093e-01,1.340073707103130785e+00,5.233430543102552690e+01,-3.036399143511206944e+01,-1.446929570660981668e+01,-6.217812927238871801e+00,2.943656774574662904e+01,1.040548564770019624e+01,1.336521173797842188e+01,4.207336890268440754e+01,8.686784400493441360e-02,7.173112456978012474e+00,-4.131908998710802905e+01,-2.817812838502808859e+01,6.739148482430971754e+00,-6.197986832967515625e+01,1.513279273705717820e+01,-2.402060100655740271e+01,8.994601598640510787e+00,-2.277456619017022454e+00,1.633528109489423130e+01,9.790457216299387255e+00,-8.326062575263932786e+00,7.445051986019701751e+00,6.269748664164224827e+00,1.529107244383354214e-01,-2.797059112292986072e+01,4.117682069874198447e+01,4.102536456566799217e+00
-3.744545217847957019e+00,-3.100732481265493590e+01,1.406584134456533874e+01,2.676460752239887597e+01,-1.965078713555699608e+01,-2.891369698952044942e+01,3.333613965886981845e+01,-3.578325644034343611e-01,3.969591940117364715e+01,-1.728694284320512509e+01,3.698386100236116469e+00,-7.241341265252971482e+01,9.561251162600120423e+00,-4.034252019093434782e+00,2.618180706029572491e+01,-9.121335892405472379e+00,1.033461539145736197e+01,7.445945019077160509e+01,-1.670246407971335856e+01,-5.928457870566937515e+00,-2.744628313938759590e+01,-6.678149743337592703e+00,-2.559253769797016798e+00,7.655524047574018276e-01,4.867001583486437966e+00,-1.569901838663602511e+01,-2.413418651026200124e+01,3.412696839717558994e+00,9.120288212203625733e+00,5.329959045995460798e+01,8.706094026227489735e+00,3.063974482622099060e+01,1.655685102962905475e+01,1.656760084249210863e+01,-4.129870003514515275e+01,8.861191765298420009e+00,6.615610728559717657e+00,-2.892287603630547821e+01,8.714194403947507439e+00,4.209462393046231199e+01,-1.510517616211501668e+01,-7.498527559898496619e+00,-4.015980026040915085e+00,5.770104717506183079e+01,2.121132649059606834e+01,2.969182273542208250e+01,-4.117530642302071442e+01,-1.459694493621595157e+01,3.346710370756539987e+01,-1.329897530759951962e+01,5.825069095297234867e+01,-1.669448140169631145e+01,1.605176752358208248e+01,-2.316378659076537261e+01,-2.272963850118165041e+00,2.619771925242527644e+01,-3.183744748638881106e+01,-2.179361813861730823e+01,-1.548777820002738537e+01,1.229652675624577718e+01,1.094606917351736541e+01,-1.309961870931584471e+01,2.801285651154707779e+01,2.056259259152791330e+01,-3.016304520316557358e+01,-1.204386360940129386e+01,-1.705465766017515250e+01,-4.719131599630594565e+01,-4.370440626256759664e+00,1.243214690046031023e+01,-7.757779958676624510e+00,7.520727228503149009e-01,3.119832722723945295e+00,4.842435557113672218e+01,-2.987942727161732748e+01,-1.440970763674474497e+01,-6.274989717882160534e+00,3.014344199028790783e+01,8.039210015442378676e+00,1.177048418357208348e+01,3.716119757926096412e+01,9.259663355255262074e-01,3.375849729238706409e+00,-3.859603260785104339e+01,-2.693742823664796049e+01,6.924933397409955838e+00,-5.171727848772736991e+01,1.299845398221999559e+01,-1.869241830164199314e+01,1.243167006020453158e+01,-1.188119481747049733e+00,1.491625739925639316e+01,5.862284609454925466e+00,-8.062966170224331819e+00,1.355197650669020248e+01,3.251358181350099574e+00,-8.984993212179626099e-01,-2.630355831476239459e+01,3.712846317609957936e+01,5.125789622364148812e+00
-4.181281552630567333e+00,-2.844395113873324732e+01,1.369917553507213981e+01,2.766012016250148875e+01,-1.770897442382418063e+01,-3.075420895324754511e+01,3.523194287679005754e+01,-1.856171021632386786e+00,3.934244202685347602e+01,-1.580449063827756184e+01,2.245335742264923162e+00,-7.246262035709617066e+01,1.132742033399943082e+01,-4.744290187984811169e+00,2.424911949683817625e+01,-1.097315208713931511e+01,9.534399286500695681e+00,7.634093035679306638e+01,-1.657945053751900133e+01,-5.564943506689597363e+00,-2.857429350414154356e+01,-6.475763887839089961e+00,-2.151343433283584794e+00,-1.451962720171606769e-01,7.122276178336347741e+00,-1.541774960085637503e+01,-2.256567515943964253e+01,1.903809717069684382e+00,8.565570972309593856e+00,5.220013398727888188e+01,3.349170450688031764e+00,2.919054115000779248e+01,1.608936582272490412e+01,1.781015019574047642e+01,-4.176693861922112205e+01,9.476792402974030693e+00,5.378012325498199075e+00,-2.622368562603815434e+01,8.175617665598769790e+00,3.748136701897590228e+01,-1.513197393070536023e+01,-8.586635571728921335e+00,-5.569009785461743967e+00,5.938267239599936431e+01,2.183307239585399984e+01,3.030886334562631035e+01,-4.113055702962574145e+01,-1.454025175918286550e+01,3.428265637068234639e+01,-1.202702683082948809e+01,5.900236883640647534e+01,-1.721011797623514994e+01,1.377300156313830115e+01,-2.253509258123607850e+01,-1.885907276174056735e+00,2.472608732806103404e+01,-3.115969066902413687e+01,-2.094197777472875188e+01,-1.535494479411804392e+01,8.520552338228799982e+00,9.622894230303785434e+00,-1.438438932326589637e+01,3.040998494602973068e+01,2.265582717711173899e+01,-3.047651484419202816e+01,-1.300697436031918386e+01,-1.673459606815148604e+01,-4.721345133441903386e+01,-3.973856703481928321e+00,1.372360406293239699e+01,-7.803546950541240257e+00,6.854807872831431004e-01,3.993710851442262122e+00,4.772516913055959975e+01,-3.032004470298391396e+01,-1.470094567875100999e+01,-6.439412835171386185e+00,3.112877832199225736e+01,7.146459541250186120e+00,1.130909844003037712e+01,3.575999630446956701e+01,1.325938436729796166e+00,1.732887484661976174e+00,-3.821665369697478809e+01,-2.697108032511457765e+01,7.161877938379109132e+00,-4.821749843650218992e+01,1.232011701518101354e+01,-1.669523387236159451e+01,1.426077176986571970e+01,-7.216465956615336630e-01,1.460380651509463590e+01,4.215016198082645715e+00,-8.122010765873200810e+00,1.661339551432641315e+01,1.957931814390667213e+00,-1.393893677456600422e+00,-2.613038274863525956e+01,3.611724309394991650e+01,5.701794038103876971e+00
-4.220241759641949031e+00,-3.632441478587483630e+01,1.630030068998097903e+01,3.066109661211230275e+01,-2.309122404073515611e+01,-3.292837244032743627e+01,3.801531626706515254e+01,-7.849120543743826062e-02,4.584997868015806688e+01,-2.026317645514000532e+01,4.588410616133629105e+00,-8.348490974421898159e+01,1.063071978914516436e+01,-4.493344612441061869e+00,3.061974543899457757e+01,-1.010438001243938189e+01,1.209470619830403670e+01,8.543551432447296179e+01,-1.928611327507377382e+01,-6.916833259927505750e+00,-3.139525559282515133e+01,-7.745332205570905515e+00,-3.041890826059264974e+00,1.085798404777245540e+00,5.108978719518377787e+00,-1.816438420742093030e+01,-2.817754246224904691e+01,4.271448915218139852e+00,1.063979066377890703e+01,6.170195732472148364e+01,1.123302198386559247e+01,3.565213654366274909e+01,1.919502665983916856e+01,1.882611116775806437e+01,-4.751482637929139941e+01,1.008007867879437391e+01,7.904057872889212355e+00,-3.395123770163893795e+01,1.016794738411213572e+01,4.956565465515689084e+01,-1.741096379584958243e+01,-8.403504675862629725e+00,-4.284302478076488008e+00,6.615689550722373724e+01,2.431896246447920262e+01,3.409840064827712069e+01,-4.748693622029874462e+01,-1.684356776324183969e+01,3.840720232350270180e+01,-1.561793370947954074e+01,6.699802266787268934e+01,-1.913450007614679649e+01,1.901652972983540124e+01,-2.684906392137272135e+01,-2.707135770848417167e+00,3.053528483041798580e+01,-3.686112054999891541e+01,-2.531891230679883975e+01,-1.788771615795925030e+01,1.502042393996298486e+01,1.291635107907285729e+01,-1.481795900845376224e+01,3.176554672444035532e+01,2.324282488664390911e+01,-3.470943258802896025e+01,-1.367235150121415010e+01,-1.973614670260328907e+01,-5.440874833203078964e+01,-5.127744136587864432e+00,1.404684336161419012e+01,-8.934859676876191870e+00,8.820222080303988799e-01,3.402444829315269814e+00,5.599134103051234490e+01,-3.435405657657109657e+01,-1.655009171056604700e+01,-7.198678217120257017e+00,3.453701362849553647e+01,9.468635502040045893e+00,1.367477293396501281e+01,4.316095755886409080e+01,9.784929117581570024e-01,4.258859178979814253e+00,-4.458753596762154814e+01,-3.105254776712689946e+01,7.931921034257688241e+00,-6.041271528909817334e+01,1.513905334488632448e+01,-2.199852920491165875e+01,1.392640736235471977e+01,-1.473970586300636709e+00,1.726877912103603308e+01,7.126789280470149812e+00,-9.283792244476289923e+00,1.494338331895703931e+01,4.037373952477739003e+00,-9.255445789298689663e-01,-3.036778685971543723e+01,4.303625373535665233e+01,5.781823363253560721e+00
-4.171546560204925314e+00,-3.690087569640140686e+01,1.643558584214180840e+01,3.066594736484644557e+01,-2.350685308354719893e+01,-3.279520130065551342e+01,3.789763895856803089e+01,1.570773565456304866e-01,4.612376592930247909e+01,-2.059301634304791406e+01,4.839049899982251546e+00,-8.387432998552759500e+01,1.040317706895405081e+01,-4.402912077817543235e+00,3.106975354455803284e+01,-9.860846539398227861e+00,1.227825452976155240e+01,8.554568806771349898e+01,-1.939723535652813169e+01,-7.006981493534867766e+00,-3.136698781223271482e+01,-7.814049160958970397e+00,-3.120595502389682974e+00,1.234378707374843565e+00,4.778148032696238445e+00,-1.829509011140155650e+01,-2.855858560294585402e+01,4.529372857534329277e+00,1.077775893829970144e+01,6.216862700393313190e+01,1.213001148117397499e+01,3.604995185396873580e+01,1.935995904332331108e+01,1.872001091835386433e+01,-4.766713907789452520e+01,1.003109531805094612e+01,8.136543910064405694e+00,-3.453779545749758739e+01,1.030112929383361653e+01,5.052790231655250608e+01,-1.748957444121356275e+01,-8.272139925549954143e+00,-4.060130344114770473e+00,6.620682462565471837e+01,2.433675110862973412e+01,3.416345467515874645e+01,-4.771989597834667052e+01,-1.693262633566352093e+01,3.846149542138249444e+01,-1.589252661285997448e+01,6.719839129168906311e+01,-1.914433323246892371e+01,1.946583364525178794e+01,-2.707579482354585210e+01,-2.780964069461159482e+00,3.091228911931843726e+01,-3.714320842442693049e+01,-2.557347086222942778e+01,-1.799373186630158372e+01,1.568648091986938553e+01,1.318615812807115439e+01,-1.468614193750564922e+01,3.153919370609146711e+01,2.302377997752792282e+01,-3.482519656267240293e+01,-1.358573582873951580e+01,-1.988043873589818133e+01,-5.466410546162398276e+01,-5.214588437160818657e+00,1.391030488056656012e+01,-8.970159259398350571e+00,8.967044881222341335e-01,3.281022749242668013e+00,5.636781302011089423e+01,-3.444810804944614802e+01,-1.658296569971998835e+01,-7.207033464669482470e+00,3.454615911398117589e+01,9.654261934950614688e+00,1.381248292942265188e+01,4.358693624466076244e+01,9.201647307966765998e-01,4.537835912921153181e+00,-4.485939599577390879e+01,-3.119497718500930361e+01,7.932344710414580113e+00,-6.125122830044285394e+01,1.531789257872969756e+01,-2.241767922305672656e+01,1.370463353158673314e+01,-1.554437870390699805e+00,1.740013451298080227e+01,7.420087918419211448e+00,-9.318661017685133885e+00,1.453239575552316154e+01,4.260255906325669528e+00,-8.519384485180276911e-01,-3.053952757379023808e+01,4.340022917995469953e+01,5.718626775252935168e+00
-1.163215177408158052e+00,-3.955758797867864107e+00,2.525751640612934334e+00,6.269448879134285946e+00,-2.215511048543637784e+00,-7.574832071515693599e+00,8.525633736614455671e+00,-1.449107859585054836e+00,7.753860797880577138e+00,-2.156384847875972177e+00,-5.820250034202760769e-01,-1.478210334360123390e+01,3.568115446425007775e+00,-1.473212513928839451e+00,3.553025284893059244e+00,-3.557258274363275241e+00,1.368173583368482049e+00,1.688151100317016429e+01,-3.286137135035219092e+00,-8.726017924672118120e-01,-6.621735820347383950e+00,-1.173175227507408325e+00,-1.461532035671699870e-01,-6.807617756961101829e-01,3.062048763878026492e+00,-2.936561294379561815e+00,-3.470823334259551363e+00,-6.914541740749602372e-01,1.346545753442122795e+00,9.837141084557135429e+00,-3.148769963527385585e+00,4.904363014102569807e+00,2.940092020313429533e+00,4.513016349193067711e+00,-8.834823489892524861e+00,2.368801652613013786e+00,2.095628383813166185e-01,-3.406797952537953034e+00,1.278727029895537992e+00,4.329241239669510577e+00,-3.098679769418103191e+00,-2.525502243846620143e+00,-2.243816194081928561e+00,1.328742179616446606e+01,4.887830853738641679e+00,6.609380546696969283e+00,-8.338511148491930314e+00,-2.918559433019317417e+00,7.560032040535430653e+00,-1.538147073377952978e+00,1.254508555093976341e+01,-3.871138806415038935e+00,1.173566730930247992e+00,-4.136597205824000589e+00,-1.070451757127972581e-01,3.979762032529816196e+00,-5.856713783199727352e+00,-3.652967932032711307e+00,-3.029915619317041564e+00,-9.659120879880669364e-01,1.012251903984533019e+00,-3.846026842685430935e+00,7.902776373738434224e+00,6.107429053766853855e+00,-6.426437018251903943e+00,-3.335711657432741895e+00,-3.176815609479621827e+00,-9.624269807076172967e+00,-5.251528763877139072e-01,3.716331057943107474e+00,-1.620830056251413520e+00,9.188742955032240534e-02,1.437612104591006856e+00,9.212643018181747578e+00,-6.485508176957420545e+00,-3.200043683253862792e+00,-1.428056881642945974e+00,7.039584567106826896e+00,8.160374364752041032e-01,1.971617775394766126e+00,6.275640574474834921e+00,5.558347745181132504e-01,-8.221064338980665909e-01,-7.506230450493936779e+00,-5.512965605010281323e+00,1.626941264010938637e+00,-7.310328372556386789e+00,2.022244199723997049e+00,-1.969611554075233251e+00,4.210082504203806586e+00,1.866793856401763874e-01,2.748619028850937340e+00,-3.200457294213405746e-01,-1.695134736460373270e+00,5.570010648529292396e+00,-5.263788075659256993e-01,-6.378941841434246918e-01,-5.193986642510671992e+00,6.627192435970008511e+00,1.572236612206952877e+00
-4.860121423000987484e+00,-1.701893760535153177e+01,1.071254119209612377e+01,2.637177446037414441e+01,-9.593227453088564616e+00,-3.177072457600370115e+01,3.577993779102005334e+01,-5.938886214001288799e+00,3.279300903537270528e+01,-9.287777374240938855e+00,-2.282064458897221648e+00,-6.242949216365941822e+01,1.485649404807282536e+01,-6.136313454788085764e+00,1.524140582690839274e+01,-1.480024794383889386e+01,5.875842937631972518e+00,7.107455831400721991e+01,-1.389464285713998493e+01,-3.729717399381674792e+00,-2.783153521312782530e+01,-4.979711442052672687e+00,-6.667871566923446736e-01,-2.764878738708758554e+00,1.265968478767822525e+01,-1.243732788046592219e+01,-1.485003551367041297e+01,-2.737489946782502237e+00,5.754715556439455426e+00,4.168268361393918298e+01,-1.264976003220522216e+01,2.089043398525154061e+01,1.247482757450628554e+01,1.891100242126512398e+01,-3.725902337568238920e+01,9.930485609027467575e+00,1.035247697793238331e+00,-1.471675460940431890e+01,5.466310536582213331e+00,1.884506087218062476e+01,-1.308470431021995317e+01,-1.053503276435386660e+01,-9.288877727634623938e+00,5.591837417694752332e+01,2.056941342876508116e+01,2.784132746419127002e+01,-3.522496143501247445e+01,-1.233405343533088683e+01,3.183253460290769965e+01,-6.650981524091383434e+00,5.289575081824278868e+01,-1.628806162748819020e+01,5.233217077055712707e+00,-1.754808369799198786e+01,-4.990763778151974250e-01,1.698789903388305333e+01,-2.481932494624092556e+01,-1.553241122876076297e+01,-1.281362608823645566e+01,-3.621739603952928377e+00,4.435961202124999225e+00,-1.608870454140247475e+01,3.308835525093371643e+01,2.554217188922206816e+01,-2.710544655998528896e+01,-1.397229159947655219e+01,-1.345680008543297035e+01,-4.064753287728645859e+01,-2.266201708421603733e+00,1.554009486653801808e+01,-6.840380548550019313e+00,3.961839331694823607e-01,5.966074533967071325e+00,3.899642856958697479e+01,-2.733952433660588355e+01,-1.348076210180194323e+01,-6.011768445435259345e+00,2.961371666234420985e+01,3.554998475189470319e+00,8.383524022919068841e+00,2.667650360530371501e+01,2.299176137778143669e+00,-3.273065986286569640e+00,-3.175022956041356181e+01,-2.328113951231836509e+01,6.843003925502773477e+00,-3.130127941267113911e+01,8.623670685941394964e+00,-8.561333165912420995e+00,1.756034961496660785e+01,7.319011251329061718e-01,1.164729463071886073e+01,-1.151979998629347079e+00,-7.152612197383303005e+00,2.315483242830666200e+01,-2.066391927069085810e+00,-2.634197952889508976e+00,-2.195894870428556445e+01,2.811405781903433621e+01,6.570820950458240439e+00
-5.161435617835585354e+00,-3.951968689510233190e+01,1.834219330259319847e+01,3.573193871470081007e+01,-2.488012541056595239e+01,-3.905605405066860669e+01,4.491191471071284980e+01,-1.252295860704636610e+00,5.211947059572952412e+01,-2.200488596527566187e+01,4.115812162750696501e+00,-9.543815935859271349e+01,1.351836862610797141e+01,-5.685578502638090725e+00,3.349020700688187446e+01,-1.298336489224086421e+01,1.319996756476782807e+01,9.908886753480734910e+01,-2.194320123663568367e+01,-7.621951266822991400e+00,-3.675127918119871850e+01,-8.693718661971102435e+00,-3.159524265147928279e+00,5.340897604451151359e-01,7.588068386528709297e+00,-2.053858300505159917e+01,-3.098202425363032830e+01,3.710288010140480708e+00,1.172789407998561728e+01,6.965503710135436677e+01,8.679627237649999216e+00,3.961597563366992603e+01,2.157182952639059081e+01,2.247712512849807354e+01,-5.465951954980297955e+01,1.199638136370742458e+01,8.071847771306636332e+00,-3.670242312092802450e+01,1.120123261483851529e+01,5.306017148384990634e+01,-1.991667088401596075e+01,-1.044715623154969464e+01,-6.100802136039530588e+00,7.690370777530947066e+01,2.827222426791376364e+01,3.944374481084907558e+01,-5.422960729806392521e+01,-1.920351246221024866e+01,4.452153490703960159e+01,-1.686000418865743811e+01,7.714330974125179807e+01,-2.226549592577423908e+01,1.996243440988621742e+01,-3.019317393415556339e+01,-2.793173572538085292e+00,3.375143791342812705e+01,-4.159609428733377712e+01,-2.827164696832948465e+01,-2.033760367572786976e+01,1.423427403806156022e+01,1.373310036134712675e+01,-1.792968525673571278e+01,3.815916256362841352e+01,2.818426783387530321e+01,-3.990643485297796644e+01,-1.637099045702353450e+01,-2.230456894531993228e+01,-6.219120657944833397e+01,-5.551861578514891704e+00,1.705370332378176101e+01,-1.024556560779629066e+01,9.562349651660139171e-01,4.566112135087941226e+00,6.343997529529464430e+01,-3.959899663533904146e+01,-1.913812061621877447e+01,-8.353662788687719498e+00,4.023072801743866478e+01,1.012730088130006223e+01,1.526845120821476876e+01,4.823371112141141026e+01,1.428494039537230087e+00,3.591868852047986671e+00,-5.065675280237287836e+01,-3.551051679016548945e+01,9.247826294294794636e+00,-6.631931534770006920e+01,1.677337704147306496e+01,-2.358851538822144178e+01,1.733325184245168060e+01,-1.322388235532184764e+00,1.949096101648940405e+01,6.865772156394440273e+00,-1.065460071681035181e+01,1.945156095793980455e+01,3.609987549638771220e+00,-1.442029625887137900e+00,-3.456754266826028754e+01,4.839380662147505063e+01,7.053950009803306997e+00
-3.790495494090363238e+00,-1.847219328847391040e+01,1.004347064704714931e+01,2.244054761254622576e+01,-1.104358000285975550e+01,-2.606716405053120766e+01,2.958142727501522273e+01,-3.406468976835721474e+00,2.976809340915217916e+01,-1.018697971615818254e+01,-1.945600315081978948e-01,-5.575352302830077633e+01,1.103917576622827212e+01,-4.584329403305566153e+00,1.608182779742240598e+01,-1.088009395896654397e+01,6.269869886750885968e+00,6.115530946232189535e+01,-1.257897453643330365e+01,-3.796368486172030821e+00,-2.345033580252032834e+01,-4.709269161254346692e+00,-1.114303976615163894e+00,-1.315092451698279152e+00,8.453793431071122910e+00,-1.147706565324004657e+01,-1.526931818663953777e+01,-5.308127618453664098e-01,5.849726330938573859e+00,3.866362977153148250e+01,-4.505014312704673785e+00,2.051827564188881681e+01,1.174713639835737666e+01,1.532930434240686779e+01,-3.271720666734383798e+01,8.096526655363227576e+00,2.497652613849574266e+00,-1.658641462630030361e+01,5.571370810105195304e+00,2.270875441240508508e+01,-1.166453719223935792e+01,-8.036823168673457474e+00,-6.332107185889564782e+00,4.785856236096192617e+01,1.760061454325715857e+01,2.410815599407814247e+01,-3.155025184301543817e+01,-1.109946179437327984e+01,2.742439272670032580e+01,-7.562117778087283249e+00,4.633741676412412858e+01,-1.390759396202386355e+01,7.573465711051944993e+00,-1.648773496289395624e+01,-9.378698888033438763e-01,1.705764511290183805e+01,-2.305102054540390455e+01,-1.496879277333376201e+01,-1.162494897516389258e+01,1.558404527073861345e+00,5.646816444571634896e+00,-1.275235427915589526e+01,2.653816308724978512e+01,2.017740866253701881e+01,-2.383584512449026249e+01,-1.126873553360854530e+01,-1.243781717843950396e+01,-3.631342257215330704e+01,-2.529897186842354095e+00,1.225336785329870892e+01,-6.057609413664365228e+00,4.388034065838546383e-01,4.224005109683507619e+00,3.575349523673268948e+01,-2.388361493200360641e+01,-1.168273030121956069e+01,-5.166051931774469530e+00,2.522495537695387924e+01,4.312426727900451340e+00,8.081496795551615264e+00,2.563042290268205647e+01,1.547543906560357341e+00,-8.393421180328664022e-01,-2.886868240985231893e+01,-2.077210719506396330e+01,5.817109375131005677e+00,-3.243101764461772518e+01,8.571788362409050066e+00,-1.019133591061004296e+01,1.337665785417206443e+01,6.182463086023060050e-02,1.081033392633127121e+01,1.062516780317042553e+00,-6.319898800826376117e+00,1.681312424847336118e+01,-2.044989830191701330e-01,-1.725863985899932063e+00,-1.985270778499052113e+01,2.642031179195023682e+01,5.143065323587789450e+00
-2.728619864486064195e+00,1.802533460135007815e+00,2.325453969594019732e+00,1.071469969789990628e+01,2.394948533765044907e+00,-1.502192124564970577e+01,1.642647726415762222e+01,-6.011257268606720494e+00,9.252511203615814139e+00,1.215520278955766642e+00,-4.744428208065395225e+00,-1.961837994341842517e+01,9.537340288026490143e+00,-3.885295632939071098e+00,-6.070481304000976408e-01,-9.757462646673475959e+00,-3.870150197205046716e-01,2.740081398691376791e+01,-3.994611339444346321e+00,-1.551305660351138815e-01,-1.181542679665095008e+01,-9.923446091439195316e-01,9.238922646497154112e-01,-3.390182721239800578e+00,1.020909217414134318e+01,-3.100673911030647822e+00,-2.814267754523323006e-01,-5.041498555718524344e+00,2.564569173067632324e-01,9.956506583143502453e+00,-1.881321941543183840e+01,2.497485662268607243e+00,2.595616631595969892e+00,9.349525237140500877e+00,-1.292648239538166521e+01,4.807241120451069882e+00,-3.111334097952856759e+00,2.897853538639932225e+00,2.112475467002048468e-01,-6.921195222145723136e+00,-4.157594450805787822e+00,-6.307127448126127689e+00,-7.208430834495726636e+00,2.211654897624387672e+01,8.144291790478767723e+00,1.040051705390084535e+01,-1.086816426582196549e+01,-3.691654020133012359e+00,1.219689864478998231e+01,1.454204202906050458e+00,1.859265694080027487e+01,-6.513789266256452493e+00,-4.690600273330911563e+00,-3.731421204773424094e+00,9.183581129829772038e-01,1.217416212170332912e+00,-5.864342296363453499e+00,-2.483721103059747914e+00,-3.630017288800799324e+00,-1.160871437337575429e+01,-2.287582139582083673e+00,-8.585961413852976065e+00,1.697774008618659281e+01,1.377954859555894274e+01,-9.328453160074236195e+00,-7.032889401729727652e+00,-3.311159801443396056e+00,-1.274594709302987994e+01,3.933455984481113443e-01,8.433317077694294284e+00,-2.261623390149483992e+00,-6.116214964516231145e-02,4.286834390454052013e+00,1.022899893661671555e+01,-9.754340970579374215e+00,-5.015023161101083815e+00,-2.332322077440996289e+00,1.197564932118869052e+01,-1.368047978721821600e+00,1.335805578440538044e+00,4.436302820397659552e+00,1.827425535073567753e+00,-5.580695971816236778e+00,-8.855222119398106884e+00,-7.358527969509103706e+00,2.792968893411117648e+00,-5.585965542022996999e-02,8.086960205847733008e-01,2.870621935286947313e+00,1.055574967848139423e+01,1.522882575196463861e+00,2.767603321406586492e+00,-4.930737017346588758e+00,-2.395904779004178753e+00,1.572131053742694462e+01,-4.234160950261566470e+00,-2.196774190853022724e+00,-6.371966794570375292e+00,5.967124279693654998e+00,3.648938510924244039e+00
-3.933392173546925719e+00,-3.059646942617349197e+01,1.413385964310608500e+01,2.740310817703263524e+01,-1.928902794009292876e+01,-2.988244462891679021e+01,3.438077637102089312e+01,-8.413049357043376197e-01,4.010557463709611170e+01,-1.704084203073481163e+01,3.282785130892971637e+00,-7.338246662486689331e+01,1.025146705412096537e+01,-4.314240654220954596e+00,2.590894521922774629e+01,-9.833126893420390147e+00,1.021498011348573165e+01,7.604090329076393573e+01,-1.688304759566777946e+01,-5.890353576510468869e+00,-2.816804772129351164e+01,-6.701400337419997300e+00,-2.462607757430617550e+00,4.846210572494453750e-01,5.651700151508240566e+00,-1.581582440614377028e+01,-2.395073210235869254e+01,2.975493315422898633e+00,9.063110003127713199e+00,5.364997815918955126e+01,7.109022316889983983e+00,3.058005899760613033e+01,1.662544910515808994e+01,1.718274479119588705e+01,-4.199201752064583104e+01,9.174552145887123089e+00,6.307258335637117241e+00,-2.844118136317910128e+01,8.656827270434947152e+00,4.117473847977129253e+01,-1.531260014900181510e+01,-7.944927767429372345e+00,-4.565087736127374285e+00,5.899801471395245045e+01,2.168924137023789456e+01,3.027988082708093742e+01,-4.170308526695923490e+01,-1.477100028610482241e+01,3.416829400665876193e+01,-1.306763434197354101e+01,5.925775016853555144e+01,-1.707902657904660515e+01,1.553496074827076612e+01,-2.326785494931038301e+01,-2.179212165027870629e+00,2.607238719873138422e+01,-3.204002861286078030e+01,-2.180841041692873361e+01,-1.564923251591244480e+01,1.125188141540924747e+01,1.066738363086377639e+01,-1.368259716880541355e+01,2.914759917164761305e+01,2.150214901955821745e+01,-3.066030749102837305e+01,-1.251016352110469576e+01,-1.717691542566633345e+01,-4.781966784400875525e+01,-4.301258201689465821e+00,1.300847455967645772e+01,-7.874535851035032508e+00,7.406958401736993824e-01,3.440134420652521730e+00,4.883845783776925487e+01,-3.041358300847407747e+01,-1.469247184011859275e+01,-6.410138494102755047e+00,3.085512658764648819e+01,7.859788122493208462e+00,1.177801815219121906e+01,3.720270553281898174e+01,1.065959172060962246e+00,2.895320319494209649e+00,-3.898293143780331604e+01,-2.730281530149236957e+01,7.091811398864903637e+00,-5.127986367909697663e+01,1.295283226651679698e+01,-1.830034924469386937e+01,1.317978406312419892e+01,-1.054709943303339337e+00,1.501279472101060364e+01,5.413113452572074991e+00,-8.187982442879762957e+00,1.470859965979423656e+01,2.880876413713529871e+00,-1.068620657596589973e+00,-2.659451313225292779e+01,3.729415018563013717e+01,5.377320902180457551e+00
-5.829484268598467800e+00,-5.507220483508659470e+01,2.410630621192983014e+01,4.411655290881158464e+01,-3.525095687337746142e+01,-4.669819536619323230e+01,5.408976400268791451e+01,1.045751677100345667e+00,6.728191991952370188e+01,-3.076208861075744849e+01,7.831190958867561669e+00,-1.219721848673675169e+02,1.416852891589717700e+01,-6.016942202884766999e+00,4.624656200851580223e+01,-1.333296795108805455e+01,1.829576082781134616e+01,1.234038298261170183e+02,-2.828125881432875133e+01,-1.039025364362017534e+01,-4.500943116429088775e+01,-1.147628197348495860e+01,-4.761544550665046671e+00,2.292231943513170833e+00,5.719883723094577377e+00,-2.676445949973661698e+01,-4.239531252291526187e+01,7.411208041494228738e+00,1.597931331383267484e+01,9.102679735445312303e+01,2.056561137745639556e+01,5.322676833825263287e+01,2.841493235769071646e+01,2.655135259765196665e+01,-6.907861761289603919e+01,1.425490193297831532e+01,1.251002663449087393e+01,-5.170907907105139145e+01,1.527722992103911714e+01,7.601145259397804921e+01,-2.542476404071590679e+01,-1.143869006707424596e+01,-5.058536995391941460e+00,9.538358569862276681e+01,3.505977657332074671e+01,4.935573010375587444e+01,-6.943516654671968524e+01,-2.466019822116498617e+01,5.549914643303802109e+01,-2.381019242421634630e+01,9.733310848785639280e+01,-2.756504657020634141e+01,2.955690309879011579e+01,-3.972589829399175443e+01,-4.256160414094836142e+00,4.576603795048004031e+01,-5.439617051772899714e+01,-3.766230690718201402e+01,-2.624515548148012556e+01,2.487632192963745936e+01,1.990159815531090715e+01,-2.066087702876273724e+01,4.456766624459705639e+01,3.234737019335852182e+01,-5.048384792332725368e+01,-1.923573715948408136e+01,-2.909158084786480813e+01,-7.949935230520956964e+01,-7.801174411929280517e+00,1.952873955583931220e+01,-1.302254056356235523e+01,1.340620311214434368e+00,4.295735928688435123e+00,8.237092063320336877e+01,-4.986600220026717523e+01,-2.396182026758929595e+01,-1.039327243008875890e+01,4.971150253031570543e+01,1.452951761857845625e+01,2.034254921200114907e+01,6.416347159666550226e+01,1.120254825956473077e+00,7.496649824927168027e+00,-6.545696449069455980e+01,-4.535615658448629262e+01,1.140871346552894217e+01,-9.100166664676697792e+01,2.265057300562809317e+01,-3.369690674041726908e+01,1.893632056794732677e+01,-2.515440294796754017e+00,2.547971431933303421e+01,1.169136519663100415e+01,-1.352220988264262935e+01,1.946816527659575513e+01,6.902241154815210500e+00,-9.689680944415104413e-01,-4.451559041612787837e+01,6.367918067019756023e+01,8.003818355418962582e+00
-6.009504460500395773e+00,-5.320177691822006238e+01,2.369084120493019086e+01,4.419252206516625847e+01,-3.389301428233046209e+01,-4.725512575364734857e+01,5.460884078827187693e+01,2.363258578248599306e-01,6.647996788448732275e+01,-2.969029170412255070e+01,6.984095928294303590e+00,-1.208867289621600492e+02,1.498226544957222472e+01,-6.341157116719755571e+00,4.479327055659236123e+01,-1.420004329507667329e+01,1.770180388923463966e+01,1.232834913616456447e+02,-2.795781563203710363e+01,-1.010148715313182777e+01,-4.520138198642511185e+01,-1.126363591284852461e+01,-4.500380423288533827e+00,1.785132228562437806e+00,6.871737105681558155e+00,-2.637035609001290126e+01,-4.117154059388195719e+01,6.538132290744114172e+00,1.553753042118504268e+01,8.961017660539295093e+01,1.751834842743898335e+01,5.196796510177453143e+01,2.790637316324470518e+01,2.697268823130856319e+01,-6.869896591521489881e+01,1.445361540682747403e+01,1.173530589009418179e+01,-4.979679831362045661e+01,1.485046289998409463e+01,7.285583345092169338e+01,-2.520733401055579037e+01,-1.191532216913278042e+01,-5.841521946426832201e+00,9.541194668910976873e+01,3.507214296022505096e+01,4.923528288950775078e+01,-6.877840428484600466e+01,-2.440516490068097610e+01,5.542868102528630914e+01,-2.291413744707412192e+01,9.684724412951393901e+01,-2.758907738995826620e+01,2.807097553957985525e+01,-3.902818236695406284e+01,-4.010735520584747249e+00,4.456326274912235874e+01,-5.353854878759407399e+01,-3.686437891558750835e+01,-2.593502815753065605e+01,2.263376494409784101e+01,1.901382092379431299e+01,-2.115844188881245458e+01,4.544116753942218878e+01,3.317001939744167771e+01,-5.019105575842823441e+01,-1.957457211750484660e+01,-2.865555699543673995e+01,-7.878656587615994056e+01,-7.518351978047527417e+00,2.004019301901988470e+01,-1.292827843168677582e+01,1.292850733400578322e+00,4.723105565763553670e+00,8.124688041826972551e+01,-4.964671981935367029e+01,-2.389889690215888507e+01,-1.038632004867985437e+01,4.978442880412634963e+01,1.392048855900964277e+01,1.991082265036559562e+01,6.283061114895568977e+01,1.323570942769045411e+00,6.551218745433742718e+00,-6.465781852078032443e+01,-4.496071942326221205e+01,1.143122162638656114e+01,-8.830385220987935213e+01,2.208198945416275549e+01,-3.232356824668304540e+01,1.974019746506380812e+01,-2.243484610736025786e+00,2.508067413347150776e+01,1.070540216923640742e+01,-1.343048177722275760e+01,2.092507235497424034e+01,6.148829047345061305e+00,-1.224604695218529660e+00,-4.401739886010572178e+01,6.255892741710804472e+01,8.238369243394686237e+00
-1.943266834337959992e+00,-2.652404901920388269e+01,1.068806197661716340e+01,1.764776339375466563e+01,-1.734514856404805627e+01,-1.759089358362810884e+01,2.066337238161029077e+01,2.273266651440274622e+00,2.901316590126272033e+01,-1.487751347835834359e+01,5.100469740792362927e+00,-5.175428787753594406e+01,3.862889271646615441e+00,-1.689279440567043711e+00,2.200499407033819566e+01,-3.403389468072264723e+00,8.748951261029072057e+00,5.012579664729889828e+01,-1.216417432810151844e+01,-4.857571572091261558e+00,-1.774325156301182105e+01,-5.122231423670979389e+00,-2.520663867364341559e+00,2.085504630269953363e+00,-3.231873281408651488e-01,-1.171301353965819558e+01,-1.992441419530867819e+01,4.990219141952962012e+00,7.465232266977296582e+00,4.001072015628102463e+01,1.527558146349399948e+01,2.438002814688124431e+01,1.264145711350160717e+01,9.762355164470847058e+00,-2.877334026515118381e+01,5.304083538819388544e+00,6.825058193193780376e+00,-2.526116934447414053e+01,7.147281190027281461e+00,3.792143849388521915e+01,-1.076784682321629738e+01,-3.530952308973892784e+00,-2.531019469916594433e-01,3.846662915305566344e+01,1.413459026154503029e+01,2.021332210193214252e+01,-2.955100995074882064e+01,-1.054497333740051523e+01,2.258074987253453259e+01,-1.166735283251625610e+01,4.042998519328600793e+01,-1.108032181627559609e+01,1.533760771340666729e+01,-1.764319655253713748e+01,-2.280518064024794622e+00,2.123805313858800758e+01,-2.393508808292768819e+01,-1.703872456980944960e+01,-1.131121522639700316e+01,1.517692193546241519e+01,1.006949597321994005e+01,-7.208513906322484566e+00,1.600637136064101895e+01,1.118609648645622379e+01,-2.106312187047294060e+01,-6.995759009500207348e+00,-1.274894009653396054e+01,-3.374467683605938362e+01,-3.798086692048609603e+00,6.719414310253899458e+00,-5.476168364569192981e+00,6.507907762082456582e-01,7.581029961734111478e-01,3.584505227164538610e+01,-2.064544840616014199e+01,-9.823578382708506140e+00,-4.214399033669020689e+00,1.991487615825868929e+01,7.261990485177605592e+00,9.204825279929327309e+00,2.896739427542845746e+01,-1.235769259206226378e-02,5.190181132386944007e+00,-2.826953436723383462e+01,-1.922642871451979119e+01,4.557236016888327690e+00,-4.293012700720224473e+01,1.045011764281928279e+01,-1.675257321160352930e+01,5.811447568340433634e+00,-1.637995738128401602e+00,1.120531184971881622e+01,6.977372436279136281e+00,-5.672222221082476423e+00,4.533084116966688448e+00,4.510994004925690248e+00,1.931072502111721434e-01,-1.912182743034624011e+01,2.828561395920217336e+01,2.696929164973230542e+00
-3.526917043223136261e+00,1.073153748860710444e+01,2.769575861473037026e-01,1.082298123600200235e+01,8.851495101167420998e+00,-1.733432227760528832e+01,1.852372661179964553e+01,-9.750225965005302697e+00,5.184521891243337954e+00,6.327673083396740061e+00,-8.694371823849497360e+00,-1.394268596122604187e+01,1.321269783709660572e+01,-5.347618272220711511e+00,-7.563703984318138396e+00,-1.368341459202111032e+01,-3.226863879991560324e+00,2.616857336880611129e+01,-2.347626241771782141e+00,1.233736517407838740e+00,-1.245373846625133218e+01,5.140011062153337917e-02,2.154562606376505762e+00,-5.741604874519655510e+00,1.549027512071455703e+01,-1.136113955757593885e+00,5.595505348885542851e+00,-9.108965538064449419e+00,-1.868823338675666079e+00,2.923237972118325700e+00,-3.298065079124209120e+01,-3.600458603441523575e+00,9.410679134667865320e-02,1.114709874909149612e+01,-1.079636471259125408e+01,5.645518314840225926e+00,-6.753149921322974869e+00,1.200143485622964334e+01,-1.840923682903165881e+00,-2.189266246081891509e+01,-3.015238582209707641e+00,-8.442674405057276843e+00,-1.079194994222095971e+01,2.172390889133908942e+01,8.008926766932590979e+00,9.574136383469999956e+00,-7.458001919643343136e+00,-2.380060227369876991e+00,1.156732994836844064e+01,5.717650287614410409e+00,1.581761060976795008e+01,-6.473352498861155269e+00,-1.170619063049891828e+01,-2.954112311398433555e-01,2.073662587517835387e+00,-4.581172790649070237e+00,-1.610307966241440791e+00,1.403161879004581003e+00,-2.055621265820864352e+00,-2.208834116361256505e+01,-6.491400043599956149e+00,-1.076744477248540832e+01,2.076191984097683019e+01,1.739625118576914176e+01,-7.700993058485140708e+00,-8.490100370042959810e+00,-1.140483796933211780e+00,-9.022160068591977833e+00,1.740589171368196020e+00,1.068507033348411461e+01,-1.755402883698914396e+00,-2.888418260993922404e-01,6.234372385257709759e+00,4.592670600362456668e+00,-8.469312952876851597e+00,-4.593310527854780112e+00,-2.243220086680171921e+00,1.203919249943921166e+01,-4.256743994054567715e+00,-7.670375039493124714e-01,-2.063226247191951579e+00,2.759011397352035821e+00,-9.982348736275142187e+00,-4.810189926198431998e+00,-5.285788886119290098e+00,2.834172129714324306e+00,1.288638632045712029e+01,-1.938024186936237125e+00,9.389649086060993355e+00,1.415946794962622057e+01,2.790999500128485522e+00,7.873244221806243726e-01,-9.542350813677330734e+00,-1.898629609284852915e+00,2.233401276508883271e+01,-7.746922749833235144e+00,-3.370502566113633858e+00,-3.829917255852814950e+00,4.508387721321529540e-01,4.686809578881320881e+00
-4.623359735249115587e+00,-5.840202851976506793e+01,2.390112414892659487e+01,4.029282511011024326e+01,-3.804495561037992957e+01,-4.068595282030731397e+01,4.764542776703574845e+01,4.299938747880369228e+00,6.523466937770548668e+01,-3.273345331744119591e+01,1.070075570069936077e+01,-1.167419913953073660e+02,9.685919486485435215e+00,-4.201361590184369277e+00,4.855874521326887105e+01,-8.696921735436813350e+00,1.928889499282739806e+01,1.140803718410238332e+02,-2.736444084078377870e+01,-1.075410175837003557e+01,-4.063644200196677048e+01,-1.143985384207262257e+01,-5.459477639359070267e+00,4.200690482457309471e+00,5.154462847305509854e-01,-2.625968223866108531e+01,-4.406760368138034067e+01,1.042131510073647327e+01,1.652933498006933277e+01,8.962447567786094282e+01,3.149352587944400383e+01,5.418160627540076746e+01,2.825074247974271913e+01,2.270133853132300672e+01,-6.514718174779665105e+01,1.230126460833095692e+01,1.470887004778927221e+01,-5.547908374359764139e+01,1.582120558669670274e+01,8.297413679021762789e+01,-2.429813608744107967e+01,-8.563241696419979121e+00,-1.427632533930613068e+00,8.767667414292554895e+01,3.221897026169558131e+01,4.592496259412516935e+01,-6.661793312016045832e+01,-2.374945398046428480e+01,5.137344428529756613e+01,-2.561012757304284904e+01,9.159130613020175815e+01,-2.527252524058777539e+01,3.333169962378260465e+01,-3.944158449598138816e+01,-4.929412972555718753e+00,4.708353670599405660e+01,-5.360381557053917589e+01,-3.795539107045934202e+01,-2.543545314868326201e+01,3.214327944451622443e+01,2.197842198472988784e+01,-1.696528066540314938e+01,3.741968075647051961e+01,2.638146426150269974e+01,-4.767392015811564221e+01,-1.630801418055171581e+01,-2.857447230486008394e+01,-7.611227691338251589e+01,-8.346535410192474913e+00,1.586596587897097699e+01,-1.237495458319514086e+01,1.430905027411879971e+00,2.191792621008074260e+00,8.045101501780601438e+01,-4.680214498843926663e+01,-2.231454603107712487e+01,-9.594912644089021114e+00,4.545511317439267884e+01,1.588448862563932096e+01,2.050391039347278266e+01,6.455339190401235783e+01,1.928055353016361884e-01,1.079829138430615387e+01,-6.354336155320940804e+01,-4.337747832224345501e+01,1.040808097103458962e+01,-9.488392501556634784e+01,2.319256215061232140e+01,-3.667804610932360276e+01,1.411497580427735699e+01,-3.436598451594110593e+00,2.509752347672490913e+01,1.482634009485168924e+01,-1.282441540652330580e+01,1.191194501282071627e+01,9.459454691406524063e+00,1.621691194480155973e-01,-4.302747258229689464e+01,6.323102177991128769e+01,6.399835794520170040e+00
-6.005239077155172467e+00,-4.386788082538293310e+01,2.065465621952707309e+01,4.081248232275760301e+01,-2.750028486602083433e+01,-4.491739338166591011e+01,5.157315853736631084e+01,-1.954963392005700129e+00,5.893653700958982000e+01,-2.440627525122712882e+01,4.144492277065004338e+00,-1.081702494555836580e+02,1.595093202268855315e+01,-6.696947323588082313e+00,3.726068478589610322e+01,-1.537528282596003493e+01,1.467232559414664728e+01,1.129625682316228392e+02,-2.482253336110631636e+01,-8.507365740933199305e+00,-4.205076720838740556e+01,-9.779539029147429119e+00,-3.434567056897428916e+00,2.795417213081821117e-01,9.405496679894763901e+00,-2.317419361064352046e+01,-3.454859232640522038e+01,3.664974989695195973e+00,1.309193404523391990e+01,7.854145623641056773e+01,7.920211486051162098e+00,4.437544534428909770e+01,2.427849715991029100e+01,2.591593859042968617e+01,-6.210883811752080419e+01,1.381471732713362321e+01,8.704609744074446098e+00,-4.062672405193441705e+01,1.250088166500785647e+01,5.847918363533415231e+01,-2.257959926291030328e+01,-1.222807828661140839e+01,-7.468957526079138987e+00,8.775037828025718056e+01,3.226106335964938410e+01,4.491919702718426777e+01,-6.143819789192494341e+01,-2.174157430602201302e+01,5.074445368633607245e+01,-1.865126047459621006e+01,8.768933406226365435e+01,-2.541615808804593613e+01,2.180694692076980701e+01,-3.399074575128467046e+01,-3.026867971453238937e+00,3.772159957423917120e+01,-4.689524377352469031e+01,-3.173349874072130916e+01,-2.299952261018115252e+01,1.478023809597293337e+01,1.508946374161799042e+01,-2.077777736312144441e+01,4.410007236611870951e+01,3.268762096287472474e+01,-4.533496506721388641e+01,-1.889639806788365206e+01,-2.516157525462636002e+01,-7.048437908605225743e+01,-6.149667621587823874e+00,1.978748632385406836e+01,-1.162687070376070331e+01,1.059812282485299351e+00,5.486935280715408148e+00,7.164155353927405656e+01,-4.503203963985710345e+01,-2.179189750017938820e+01,-9.525357855353629333e+00,4.594273337735307194e+01,1.115721912638121260e+01,1.713754947337979573e+01,5.415842205555205879e+01,1.761838805393342033e+00,3.482831992998836945e+00,-5.726968969342892279e+01,-4.025334464896889131e+01,1.056457890664568389e+01,-7.390294142899131202e+01,1.876537920574654095e+01,-2.601680160782135687e+01,2.029654866101267174e+01,-1.331740452943858344e+00,2.197585369583230985e+01,7.191352308216853118e+00,-1.209514673556209630e+01,2.313776347005481071e+01,3.628365054495662712e+00,-1.811302412020724173e+00,-3.911077990495473244e+01,5.447931039678955756e+01,8.199683480351801279e+00
-1.472743904517790803e+00,-2.062435805076784945e+01,8.269894003994588516e+00,1.356295534582585383e+01,-1.350337901987357725e+01,-1.346114090545236941e+01,1.582862201597543361e+01,1.846012716152239497e+00,2.240960632376794948e+01,-1.157107452038395223e+01,4.024840657176708802e+00,-3.993305078644703343e+01,2.872517979184824988e+00,-1.260001029225826130e+00,1.709857780376028202e+01,-2.512695707869780026e+00,6.800161845404451455e+00,3.856410636823622440e+01,-9.393995886416686147e+00,-3.770617411652174678e+00,-1.362238581974910900e+01,-3.964963917300043938e+00,-1.970069993376986073e+00,1.665105790669584751e+00,-3.876410781807233530e-01,-9.055560258466034185e+00,-1.547077854616216719e+01,3.943189000581197590e+00,5.794533541791310860e+00,3.094157219554716320e+01,1.211575817607786476e+01,1.890162807510074217e+01,9.783406996052452342e+00,7.456925442423198547e+00,-2.217417207684380642e+01,4.055144883200823891e+00,5.342407258843723028e+00,-1.965818602506271873e+01,5.548197929061587708e+00,2.954478859483626962e+01,-8.307339409572096045e+00,-2.657946616237759407e+00,-1.001005975991836883e-01,2.957959045168739109e+01,1.086880668272430128e+01,1.555973341596117265e+01,-2.280570649185874288e+01,-8.140477858180050319e+00,1.737438383800223818e+01,-9.081057609567409372e+00,3.115161751644772536e+01,-8.518492829905301988e+00,1.197492125995097112e+01,-1.365286930970669843e+01,-1.783483690719154691e+00,1.647850579655728964e+01,-1.851099942137728505e+01,-1.320009721908750855e+01,-8.736414103796574793e+00,1.194271137352644629e+01,7.851215663210394879e+00,-5.483671919195968414e+00,1.220432619571409560e+01,8.503402601543839978e+00,-1.623408900558171197e+01,-5.339218745205577044e+00,-9.857308509250263029e+00,-2.603763888648486358e+01,-2.955095795183859231e+00,5.105849530596098695e+00,-4.222866041204603960e+00,5.062633459671089797e-01,5.314172159763674852e-01,2.770260732014795124e+01,-1.590399781647045074e+01,-7.562486121093459523e+00,-3.241950940629552580e+00,1.530686083128747299e+01,5.658424870888294045e+00,7.131164686875224312e+00,2.243851504776993622e+01,-3.405514523873434674e-02,4.105708337072636382e+00,-2.183737273614909924e+01,-1.483396287237095734e+01,3.502054487148669626e+00,-3.334147149452159198e+01,8.105391129258341820e+00,-1.304951415971431850e+01,4.372260202717181521e+00,-1.292551371020798312e+00,8.665705060076463795e+00,5.485054035435151576e+00,-4.373336558603940993e+00,3.310269873696979559e+00,3.560187794878868939e+00,1.793797313883075950e-01,-1.476592664187650250e+01,2.188851407163874541e+01,2.045768058137061196e+00
-3.514753362018289362e+00,-1.026665867793164111e+01,7.084162065781266726e+00,1.833633655368085869e+01,-5.539294287437108721e+00,-2.247009593104317560e+01,2.521738614336885220e+01,-4.775997160056029145e+00,2.206938483507974880e+01,-5.561181206552157086e+00,-2.272746250518336453e+00,-4.237460497197743337e+01,1.095897535453093319e+01,-4.516781130458420890e+00,9.375379108590648158e+00,-1.096353409092867892e+01,3.586887145296203450e+00,4.915292421029703718e+01,-9.364307768931023901e+00,-2.348821391303496320e+00,-1.944254118162736944e+01,-3.277133833331149937e+00,-2.488913973061357421e-01,-2.329812501689043192e+00,9.712662428319818630e+00,-8.296788756125385689e+00,-9.291509974705791208e+00,-2.609538672481884536e+00,3.627154507669403394e+00,2.772780309395103870e+01,-1.125279558935433322e+01,1.344861432888434649e+01,8.229356746971657088e+00,1.344827561797601945e+01,-2.550878768462396806e+01,7.043521442718372327e+00,8.505753079874622813e-02,-8.637200283454289362e+00,3.439559910253577435e+00,1.048311386777368881e+01,-8.889587197139224628e+00,-7.689276477188026426e+00,-7.075794372343958472e+00,3.877180718586974706e+01,1.426367638783430181e+01,1.919435120058068023e+01,-2.387310935193368167e+01,-8.338732025466098818e+00,2.200085430064886793e+01,-3.877450941616698010e+00,3.625757459202032607e+01,-1.130643235036505878e+01,2.413563595930700245e+00,-1.159048411137098888e+01,-1.455223210467349038e-01,1.079008061526932494e+01,-1.649858038614142330e+01,-1.011193120088946173e+01,-8.626085019194130510e+00,-4.340033954487703127e+00,2.349307938568896859e+00,-1.155478057582182316e+01,2.364152999571839686e+01,1.837089441408858903e+01,-1.854375636102523117e+01,-9.958657959212448674e+00,-8.969017457976228513e+00,-2.758495610420604649e+01,-1.339529087685791042e+00,1.118595699783142905e+01,-4.663108760211147619e+00,2.355468559753765290e-01,4.483007649776873826e+00,2.610516232684105375e+01,-1.876595845081368097e+01,-9.290142082988744221e+00,-4.160182848538105382e+00,2.058035810804010524e+01,1.966355381968863725e+00,5.456996220666961328e+00,1.739762893183686998e+01,1.759159177759606729e+00,-3.039721849112531515e+00,-2.134908066615814803e+01,-1.580992368138550397e+01,4.760233140763779680e+00,-1.948831008655835717e+01,5.511704913474627432e+00,-4.811676786140567152e+00,1.282456581162075437e+01,7.291381343280856075e-01,7.745305568909850891e+00,-1.602996172323186030e+00,-4.881538045512471946e+00,1.723426025893916957e+01,-2.046833008457711767e+00,-2.034016026370161878e+00,-1.480984414022156770e+01,1.856731012599459874e+01,4.744690568754121429e+00
-4.037032648885513275e+00,-5.204850157202063343e+01,2.121201014952203323e+01,3.556224027844645974e+01,-3.394150169745145718e+01,-3.578720921224312690e+01,4.194255665199550265e+01,4.002804340918636683e+00,5.781077369057162230e+01,-2.917835534007525666e+01,9.664768660653921373e+00,-1.033675699699183781e+02,8.346646382789469243e+00,-3.627743345650907614e+00,4.325017862941374602e+01,-7.459737183781144587e+00,1.718441835798813599e+01,1.007719678471080158e+02,-2.424699576096298514e+01,-9.570029541576376531e+00,-3.583621334768680100e+01,-1.015626030853718298e+01,-4.887472763242486806e+00,3.838352536468498943e+00,1.625399969020984159e-01,-2.328936408199024299e+01,-3.922585772909192769e+01,9.424602570185085071e+00,1.470886205217806619e+01,7.950493549907467639e+01,2.858529005540280465e+01,4.816616906677613485e+01,2.507669571153831356e+01,1.993991523467788340e+01,-5.762622702608391023e+01,1.081244061323883088e+01,1.318584245059902571e+01,-4.947795846352462945e+01,1.407971659466134895e+01,7.407400084976629273e+01,-2.151228871886410587e+01,-7.440882921621983392e+00,-1.061781675394254165e+00,7.741777422502019590e+01,2.844858883700722885e+01,4.058573477617290592e+01,-5.899541118025997832e+01,-2.103731529272243250e+01,4.538444830485223491e+01,-2.284328396064932676e+01,8.100532630207570151e+01,-2.231140134238399142e+01,2.981186407251364656e+01,-3.500709254134623905e+01,-4.415387836421260204e+00,4.188381498430656080e+01,-4.755401397087477022e+01,-3.372013360828009354e+01,-2.254017414768426875e+01,2.895462875355718069e+01,1.963411664387648869e+01,-1.485518582520923125e+01,3.282242245896638622e+01,2.308778131223398944e+01,-4.217397904339643588e+01,-1.431509751326563595e+01,-2.534414490214286531e+01,-6.739385142171541077e+01,-7.442460487035588379e+00,1.388088116166847641e+01,-1.095194699368891023e+01,1.275731059709605653e+00,1.826938262991358197e+00,7.132975981527822285e+01,-4.138546145258023756e+01,-1.972137858235731755e+01,-8.474782903505120757e+00,4.012169502183442660e+01,1.418190525493332466e+01,1.821615083861308548e+01,5.734403669410082927e+01,1.186075175617486432e-01,9.775882897824333284e+00,-5.631651104994385548e+01,-3.840598128842660230e+01,9.185385925604645507e+00,-8.447491479449907104e+01,2.062519850198951943e+01,-3.273833108716490869e+01,1.226033518188641658e+01,-3.103862696795123277e+00,2.226434627741119598e+01,1.334324489396696478e+01,-1.134821031157607685e+01,1.014898896159779262e+01,8.544807318224377113e+00,2.081537413860163888e-01,-3.812300590522441723e+01,5.612227171592022046e+01,5.591938289868629397e+00
-7.035312804841226786e+00,-6.895060080569727745e+01,2.990037494019891540e+01,5.413782869405115861e+01,-4.424623357341132390e+01,-5.697408540409980304e+01,6.607990481358409340e+01,1.848189658006860192e+00,8.320442494017807178e+01,-3.853306071569996760e+01,1.020933945826424605e+01,-1.505808274750358464e+02,1.683732584123045939e+01,-7.165168680555979108e+00,5.781912073429980126e+01,-1.577381944794626989e+01,2.288726159236619750e+01,1.516673425067920959e+02,-3.496461463148923343e+01,-1.296398615683569311e+01,-5.515383612291872595e+01,-1.424500721758064259e+01,-6.030720079743120188e+00,3.168786051634767897e+00,6.223956827597374897e+00,-3.315065229031944938e+01,-5.292860037827367137e+01,9.711543357894361961e+00,1.993587971592653574e+01,1.127995513207149827e+02,2.738377951756450202e+01,6.625785250821215300e+01,3.525771697233249569e+01,3.232105763069149873e+01,-8.511733989020180502e+01,1.737168851027383099e+01,1.590620716175785887e+01,-6.484863683757266983e+01,1.906301683779154388e+01,9.556633433654823762e+01,-3.138200747223478615e+01,-1.371885809729891648e+01,-5.668447538497086491e+00,1.171450275236215646e+02,4.305719359335971319e+01,6.071016403212655632e+01,-8.574827165330886203e+01,-3.046903498081073280e+01,6.822164755183388252e+01,-2.987129720882941797e+01,1.198978074061059687e+02,-3.384289214605120577e+01,3.734104302751878635e+01,-4.928330103775819993e+01,-5.398969745477176119e+00,5.705442239706860619e+01,-6.741493263645070044e+01,-4.681826282373115333e+01,-3.245428726914146722e+01,3.211850646630541917e+01,2.506439700138156823e+01,-2.503238884406448506e+01,5.413660071405515595e+01,3.916116577040109092e+01,-6.221590261820574597e+01,-2.339234328397620288e+01,-3.603837125457104662e+01,-9.814966300049958647e+01,-9.779542117271034840e+00,2.363205242700370690e+01,-1.606192397554772811e+01,1.680019801710305849e+00,4.979087745611625593e+00,1.019633375250258638e+02,-6.140578165331794480e+01,-2.947740573925619856e+01,-1.277145544511144770e+01,6.101252441623734057e+01,1.827147831015480506e+01,2.528847385424641558e+01,7.974356107485807854e+01,1.234491671639852406e+00,9.866880100669064291e+00,-8.096078028301599261e+01,-5.598876016924727139e+01,1.399826155890771773e+01,-1.136608302114864131e+02,2.821884252171415142e+01,-4.234803121244821966e+01,2.270072583391638688e+01,-3.279224307966714491e+00,3.157596852960381639e+01,1.504769814993767696e+01,-1.667393006400796907e+01,2.289928723548409550e+01,9.003025264089114188e+00,-1.012225139125040529e+00,-5.502779978674812611e+01,7.900063333850074798e+01,9.668192050562941731e+00
-5.039381384827612997e+00,-1.646089694889366939e+01,1.072252646507361185e+01,2.691732832408374776e+01,-9.134709198829346732e+00,-3.264864081679768049e+01,3.671736829732709850e+01,-6.437422732967444716e+00,3.304636093432610267e+01,-8.959033860727846132e+00,-2.727807891137281615e+00,-6.312103119662392459e+01,1.552937292658751822e+01,-6.408601047262930450e+00,1.484680706829174568e+01,-1.549733075650923553e+01,5.707745438135747307e+00,7.239074177712902269e+01,-1.400974227029578678e+01,-3.664860778187785773e+00,-2.846028620497305184e+01,-4.975098752913281963e+00,-5.558389045459954936e-01,-3.058741430357577951e+00,1.345043737699053565e+01,-1.249076664576519313e+01,-1.455670204236157161e+01,-3.204351518433706580e+00,5.656431279188389283e+00,4.181634818499355077e+01,-1.433903203210465449e+01,2.069719780704380696e+01,1.247472150228683674e+01,1.947616160922699891e+01,-3.779889811375328890e+01,1.021657427836900922e+01,6.879149191541538144e-01,-1.409438854820361797e+01,5.369573740099489179e+00,1.771292774966130779e+01,-1.323442106849292976e+01,-1.096457749592057240e+01,-9.839602955552201990e+00,5.701222881084270000e+01,2.097270166697574112e+01,2.832214367601256555e+01,-3.559414338765694907e+01,-1.245143710222789046e+01,3.241416446717350652e+01,-6.354620373776107556e+00,5.368738420879110862e+01,-1.661415993795910850e+01,4.629774156997301660e+00,-1.755630982596873579e+01,-3.923505410903933566e-01,1.674582717039527324e+01,-2.489222024234975095e+01,-1.545417655465963236e+01,-1.291415274887281761e+01,-4.755027388922240306e+00,4.100728219493958271e+00,-1.663547788916071823e+01,3.414183218043019963e+01,2.642573629507518618e+01,-2.749032710149502989e+01,-1.440291140682040982e+01,-1.351005958682008945e+01,-4.109492120046272845e+01,-2.175886665730726310e+00,1.608285374624029629e+01,-6.927850033956456599e+00,3.811886479852993892e-01,6.283983875074636849e+00,3.921691908755823874e+01,-2.776378229931343355e+01,-1.371139070856740361e+01,-6.124626236642475519e+00,3.022046578669240802e+01,3.334913126622123691e+00,8.340799569072032682e+00,2.655994660628321213e+01,2.440001490866188671e+00,-3.784582885332329560e+00,-3.198476426174681464e+01,-2.354346077579842955e+01,6.985890899550982525e+00,-3.062688350122198955e+01,8.520695203251737126e+00,-8.075577539190792464e+00,1.828079512845774701e+01,8.749904738311089503e-01,1.168312826652791259e+01,-1.641733360939310771e+00,-7.247315869227657359e+00,2.429300497505079548e+01,-2.463548425703264044e+00,-2.806304144932561417e+00,-2.214700257853644771e+01,2.812608402556122655e+01,6.808989400301014960e+00
-4.740536353389858348e+00,-6.483519980590070020e+01,2.611561294838726255e+01,4.309820647240446334e+01,-4.240242902407652537e+01,-4.294479578952634569e+01,5.044974336261701353e+01,5.576353144778678050e+00,7.088202485878311165e+01,-3.636717395640226869e+01,1.248226708107699423e+01,-1.264304104210676201e+02,9.409630356001089879e+00,-4.115878998582305215e+00,5.378588110920101428e+01,-8.285800230130041300e+00,2.138518079866652499e+01,1.224240690484815843e+02,-2.971789120983258670e+01,-1.187219039011838184e+01,-4.332791247171387283e+01,-1.251626168258471594e+01,-6.164011199914016359e+00,5.108661865774791089e+00,-8.240817578621273398e-01,-2.861817052884744683e+01,-4.869762657598506195e+01,1.221379031953946281e+01,1.824540598614674636e+01,9.775951340051908289e+01,3.739899783688096591e+01,5.958047034925798613e+01,3.088913025439173055e+01,2.382953048066520552e+01,-7.028355861580111252e+01,1.294797418314383108e+01,1.669198274939693505e+01,-6.175217753133249943e+01,1.746843215982677933e+01,9.270943375995082647e+01,-2.630449020462969401e+01,-8.609129349250698837e+00,-5.945045301310295516e-01,9.394481320729708784e+01,3.452002975915739569e+01,4.936990808333762004e+01,-7.219119901214952506e+01,-2.576130947369616919e+01,5.515028317270325431e+01,-2.852180827555342546e+01,9.875537106400544474e+01,-2.706034729409641670e+01,3.750334767015274906e+01,-4.311040957063524104e+01,-5.577036566735577239e+00,5.190524601096233681e+01,-5.848169804193162236e+01,-4.163715458684313120e+01,-2.763433778534240304e+01,3.713375219817204709e+01,2.461916985554746518e+01,-1.759007426902458349e+01,3.906541711037081654e+01,2.729456774491246307e+01,-5.145054645995954701e+01,-1.707526245767686035e+01,-3.114944234451397875e+01,-8.243493260275482726e+01,-9.284469005905336303e+00,1.639514458072029512e+01,-1.337709533058183631e+01,1.590845082960330004e+00,1.838586045384267065e+00,8.757701944123910209e+01,-5.042825836797793215e+01,-2.399367289136750614e+01,-1.029288556091268525e+01,4.863518656390391470e+01,1.775408480937168676e+01,2.249364805155979141e+01,7.078626588165651867e+01,-3.631859464182374264e-02,1.270433463213878333e+01,-6.906579551031342135e+01,-4.696795532576226151e+01,1.112929465978590393e+01,-1.049281536398354575e+02,2.553911247865796952e+01,-4.095566826603651833e+01,1.416882207944527039e+01,-4.008628253544103792e+00,2.737837792688645067e+01,1.707035149048684275e+01,-1.385583413708655698e+01,1.102700673159929323e+01,1.103978345980251952e+01,4.793362458222143463e-01,-4.671559337874817430e+01,6.911475992611457286e+01,6.579532635724033796e+00
-2.410432609441505392e+00,-1.317334680674954406e+01,6.850151351226569041e+00,1.478417299865077794e+01,-8.000126636606957220e+00,-1.693010429047222942e+01,1.927118448799449268e+01,-1.829970489254849841e+00,2.008036343045213457e+01,-7.285714184502378288e+00,3.112869542312788340e-01,-3.739282595607239301e+01,6.869691044424317994e+00,-2.859952447651324725e+00,1.137776090764452341e+01,-6.736912649872900616e+00,4.450085477699765590e+00,4.046001452095462980e+01,-8.477258981600357401e+00,-2.657704137054572868e+00,-1.539099446037396746e+01,-3.221220118502103880e+00,-8.716741908443799147e-01,-6.054303842187143125e-01,4.986308956317483165e+00,-7.786054401704335604e+00,-1.072187361234224845e+01,1.026566153557100236e-01,4.093541966650333208e+00,2.627564628308311967e+01,-1.393764461643529629e+00,1.420738034935211402e+01,8.023880737042899725e+00,9.907366207979052319e+00,-2.180921101390924122e+01,5.245174292927639925e+00,2.052113045483802356e+00,-1.194938248643552114e+01,3.901871700239433416e+00,1.663916958740470520e+01,-7.818164961659892498e+00,-5.061441659895281830e+00,-3.776295558331848046e+00,3.159934066751236514e+01,1.162006703427683973e+01,1.598772829014022179e+01,-2.118222696218470702e+01,-7.464414975108478068e+00,1.815239381057136825e+01,-5.460557289440455264e+00,3.086149677368575794e+01,-9.174501886901419212e+00,5.774312682039884237e+00,-1.125360065180570857e+01,-7.469548864920296793e-01,1.189229236681434365e+01,-1.567215111839901631e+01,-1.030225838825857387e+01,-7.840142089629861921e+00,2.193765422929807585e+00,4.191063514422785019e+00,-8.165525154078386194e+00,1.707687122692733084e+01,1.290153191243832254e+01,-1.589732787290762239e+01,-7.267898802070670961e+00,-8.442465657341339025e+00,-2.435773559156883294e+01,-1.818021489460308171e+00,7.828697381076143103e+00,-4.050432626916614431e+00,3.146633595577719156e-01,2.568374532668447507e+00,2.420138397302968514e+01,-1.589071735212078629e+01,-7.749963652570819761e+00,-3.416163146254668881e+00,1.662505694291976965e+01,3.164877106518413363e+00,5.562567676350666623e+00,1.762277606822431864e+01,9.167046088891623867e-01,-6.358292274176102765e-02,-1.948478007230154319e+01,-1.392679869641209578e+01,3.830938214254308249e+00,-2.282374224679699282e+01,5.957496508653185252e+00,-7.445150837149816070e+00,8.418887262388345505e+00,-1.003585270976539157e-01,7.348192696220060327e+00,1.213777385255253360e+00,-4.222378212013115473e+00,1.034987315939467045e+01,2.560817903545311580e-01,-1.007333441105122240e+00,-1.337281806499732362e+01,1.803417047782225424e+01,3.275591379776871648e+00
-3.129309151314024540e+00,-3.281635188262581693e+01,1.399707160110392756e+01,2.485395631123174098e+01,-2.115169376476123730e+01,-2.587428293165950777e+01,3.008455221391945500e+01,1.328153111482345050e+00,3.874074094255064438e+01,-1.835508516852397420e+01,5.195828292114171632e+00,-6.989567097682679275e+01,7.263060767846470256e+00,-3.103853579087355818e+00,2.745040068906312314e+01,-6.742429416319564162e+00,1.087706955682976684e+01,6.982526463403515038e+01,-1.627183561330446082e+01,-6.132918986343709022e+00,-2.525272161307742991e+01,-6.677114916478441131e+00,-2.927896483226632984e+00,1.756926749878870320e+00,2.182075192598889046e+00,-1.547930623209341761e+01,-2.506559287466874153e+01,4.982231354917727728e+00,9.429791113952155968e+00,5.271509704146142639e+01,1.439429865154839128e+01,3.121661762237155457e+01,1.651598918652608816e+01,1.461606874697658043e+01,-3.937106027724622948e+01,7.872127262788883861e+00,7.773153944502715795e+00,-3.095451781154326554e+01,9.019477714206670882e+00,4.581652794393100692e+01,-1.456151484681859820e+01,-6.027962186993193860e+00,-2.144484761819821284e+00,5.386007367682097424e+01,1.979537049582112118e+01,2.799270248732713640e+01,-3.982492964925308598e+01,-1.416383745897102031e+01,3.141782590816512055e+01,-1.426759110785787854e+01,5.542988193009912834e+01,-1.555067902596755935e+01,1.805149176493242180e+01,-2.307831241730346505e+01,-2.628047204001791926e+00,2.695071970240739745e+01,-3.151179198140090421e+01,-2.200379985911362013e+01,-1.510943096071453695e+01,1.609651975866175988e+01,1.205193285047643137e+01,-1.121886625989902342e+01,2.438227551289659090e+01,1.752487839832100391e+01,-2.878702231422063207e+01,-1.055834820181645206e+01,-1.683217639699651613e+01,-4.556161758279072416e+01,-4.664832200531595419e+00,1.056662544176423424e+01,-7.442811864123557442e+00,8.008856509719964878e-01,2.037505548865614635e+00,4.755852076083768054e+01,-2.837101153392213604e+01,-1.359428901577714477e+01,-5.877898636769596230e+00,2.801753368369780617e+01,8.763102127200452784e+00,1.188559227317230871e+01,3.746265240438356159e+01,4.476596449577374681e-01,5.096414692413533842e+00,-3.770719614614655768e+01,-2.598369645999714450e+01,6.424723069202002534e+00,-5.386803592496323034e+01,1.331415836317295209e+01,-2.028777549063142516e+01,9.965554220677550035e+00,-1.668815381168244016e+00,1.475800082593852203e+01,7.503096718052532310e+00,-7.722786125466880591e+00,9.671119483944213613e+00,4.585685438107739209e+00,-3.145291816702391885e-01,-2.560243457636560649e+01,3.699537759210596022e+01,4.307999194914596153e+00
-6.406224361089726926e+00,-6.127854651285460363e+01,2.673738718577113005e+01,4.875419094955120158e+01,-3.925765172751079035e+01,-5.150610757565506503e+01,5.968542891188413080e+01,1.327821936396826885e+00,7.454951226968849198e+01,-3.423454388708061202e+01,8.837035536016085047e+00,-1.350690913533838398e+02,1.549046500658698911e+01,-6.582859404765552647e+00,5.143339167482226060e+01,-1.455544431439914632e+01,2.035177524112602043e+01,1.364469641831622937e+02,-3.133321979135092761e+01,-1.154757353327641489e+01,-4.971664622851016446e+01,-1.273201222379860198e+01,-5.319247187001681532e+00,2.641638545361117973e+00,6.078844032213536863e+00,-2.967141040219898329e+01,-4.712717941179814574e+01,8.378262524689070290e+00,1.775868017354878958e+01,1.009296144050588282e+02,2.338164691093566816e+01,5.910865519728439210e+01,3.152027497814663448e+01,2.926279113355519357e+01,-7.644612958717901563e+01,1.571645421682328170e+01,1.399407384596463544e+01,-5.756953296305008649e+01,1.697934925010430973e+01,8.469934086260110462e+01,-2.815290418067905875e+01,-1.254419336590807177e+01,-5.426005371759418772e+00,1.054393727115326698e+02,3.875553135657793291e+01,5.458771604187057136e+01,-7.689909159532611227e+01,-2.731566522591497304e+01,6.136858197865581843e+01,-2.651201585192056243e+01,1.077036624909675737e+02,-3.046772360153074644e+01,3.299010250531198807e+01,-4.406454801805864463e+01,-4.757211398594785479e+00,5.084901986237365179e+01,-6.031628628703025186e+01,-4.180453741694871184e+01,-2.907950682723041425e+01,2.797633017646371556e+01,2.218935605618685969e+01,-2.273476675722533002e+01,4.908365881149713772e+01,3.558506112045004244e+01,-5.587140729169339437e+01,-2.119297372241062050e+01,-3.225290998647797380e+01,-8.803681427235011370e+01,-8.684116716962581251e+00,2.148025549362794706e+01,-1.441626174611661426e+01,1.492175876409141067e+00,4.658197929884140720e+00,9.129856408706989157e+01,-5.517278796197700785e+01,-2.650285211970071586e+01,-1.149111118565928003e+01,5.493998520986357903e+01,1.619143753366627081e+01,2.258005034439467096e+01,7.121476185399852454e+01,1.195285360248969919e+00,8.488070822107722790e+00,-7.253145086534108543e+01,-5.022458781693879359e+01,1.260741748355214753e+01,-1.011736957650154949e+02,2.516058288726443593e+01,-3.754293519280245306e+01,2.076329270090974077e+01,-2.838496239341249172e+00,2.825218783270158696e+01,1.313387819208861629e+01,-1.496810237677878241e+01,2.121267072145877108e+01,7.790213796999748475e+00,-1.016937572043936200e+00,-4.931715614996070229e+01,7.063426993118494579e+01,8.798353030096969007e+00
-4.177016169285343139e+00,-1.911005504589612514e+01,1.066299054966902204e+01,2.428008042009282974e+01,-1.131624500751455287e+01,-2.841647658126611020e+01,3.219626062588449145e+01,-4.047460271462947290e+00,3.179901115195596972e+01,-1.052047418538213996e+01,-5.942679089643760904e-01,-5.974614085051976531e+01,1.229608690711575925e+01,-5.100080394853137911e+00,1.671653372614191824e+01,-1.214839161802267853e+01,6.504920991412705078e+00,6.602000722677026090e+01,-1.344416826658821407e+01,-3.970822094490969345e+00,-2.542367872610384083e+01,-4.991667004137995356e+00,-1.085530066892479439e+00,-1.650786779271416371e+00,9.656035752549550821e+00,-1.222158712148699422e+01,-1.594272689196290393e+01,-9.693475839792329296e-01,6.119974596358472851e+00,4.113141361829649156e+01,-6.248966490699785936e+00,2.159802139252234454e+01,1.246148981939049349e+01,1.675340055486159940e+01,-3.517681082152702743e+01,8.837894323280179876e+00,2.347316179478462495e+00,-1.705361136435210767e+01,5.826036430622532514e+00,2.310471720338834700e+01,-1.250423918305987314e+01,-8.899391689207549305e+00,-7.196445365114051640e+00,5.172110398714676194e+01,1.902199279527833298e+01,2.599277748330283089e+01,-3.379035063670466599e+01,-1.187666116452390064e+01,2.959842903173211326e+01,-7.764149858351577116e+00,4.984445876915618356e+01,-1.503719867432281809e+01,7.508972944328252908e+00,-1.749765596556668967e+01,-9.020397270425482006e-01,1.788442415317784651e+01,-2.451638565495474609e+01,-1.581109759986255092e+01,-1.241943924676854039e+01,6.670254901038887851e-01,5.698537048127461979e+00,-1.400372479757488620e+01,2.906888977272624786e+01,2.217342874254478957e+01,-2.562042415297767306e+01,-1.232880031069798754e+01,-1.324061432734110610e+01,-3.891126454431133652e+01,-2.605172347022224777e+00,1.347089736776657887e+01,-6.502139222615166858e+00,4.524423363678642951e-01,4.757540566394117931e+00,3.811984225156393791e+01,-2.570536452348735423e+01,-1.259394627677151490e+01,-5.578450641845161151e+00,2.728708289521898323e+01,4.383190108621755954e+00,8.535825263044582556e+00,2.708780721106592893e+01,1.764206299354093233e+00,-1.335499267772931375e+00,-3.082852486962338645e+01,-2.226370555082126046e+01,6.295235218638232766e+00,-3.381658765561416402e+01,9.003506766764798996e+00,-1.038846723349990242e+01,1.481712296581458155e+01,1.900975621306337793e-01,1.149898607745543622e+01,7.009663370630923040e-01,-6.786675724212541283e+00,1.882608662940698352e+01,-5.625321784587313800e-01,-1.980591394258794491e+00,-2.122376379348427733e+01,2.803762607363142578e+01,5.663108275060992014e+00
-3.699503170234150318e+00,-3.362595924878270637e+01,1.486831842947347937e+01,2.752030873162748748e+01,-2.146393221294828635e+01,-2.930742032915950546e+01,3.389959603437932856e+01,3.516020218762547778e-01,4.163081421978725416e+01,-1.877268417131713107e+01,4.566124013032991868e+00,-7.560708277078259698e+01,9.131090466171549735e+00,-3.869779023756039216e+00,2.828072266459372130e+01,-8.630167716559189017e+00,1.118118399229790150e+01,7.685704164383719217e+01,-1.750414210573820739e+01,-6.367847071684697546e+00,-2.811972240839200765e+01,-7.072848397582118807e+00,-2.870433378862657481e+00,1.240453914378301548e+00,3.991492696107037830e+00,-1.653272118025536841e+01,-2.596582686924826433e+01,4.294771074360385299e+00,9.794057443906849514e+00,5.620004968342836094e+01,1.168617009399380890e+01,3.270268589872896570e+01,1.751881517032727942e+01,1.670222830491677968e+01,-4.290702376109123861e+01,8.956907053417150877e+00,7.508668907229563594e+00,-3.151464153054665118e+01,9.362106482012514164e+00,4.619822445857762716e+01,-1.576336060443555276e+01,-7.304959491830163465e+00,-3.442609548487669535e+00,5.945077321110277779e+01,2.185281123242171830e+01,3.071239284132660785e+01,-4.302648094849288185e+01,-1.527296483120508519e+01,3.455931993088525900e+01,-1.450561904356502119e+01,6.047501911263233865e+01,-1.718663922753661666e+01,1.786811647009979254e+01,-2.449735169074430630e+01,-2.561327809726090532e+00,2.807414845302751871e+01,-3.358015381536402799e+01,-2.317423014649424573e+01,-1.624023871287281295e+01,1.467080875907402060e+01,1.207296631583271918e+01,-1.305971692579618448e+01,2.809709981050723826e+01,2.046291649615546859e+01,-3.135150911059869117e+01,-1.211276526309107204e+01,-1.796737385624485839e+01,-4.927741701650122508e+01,-4.756612322677816529e+00,1.235935093395217521e+01,-8.080320170597788731e+00,8.177256431404434922e-01,2.835416377110519637e+00,5.091442953442327735e+01,-3.099373814699855956e+01,-1.490897738249668869e+01,-6.474205716862254434e+00,3.100578948808507462e+01,8.828583742664234180e+00,1.251682655194558436e+01,3.949066391438083912e+01,7.734857507009509359e-01,4.321191478502171890e+00,-4.049459570718413204e+01,-2.811802819226874917e+01,7.117920807056103527e+00,-5.570940983863912521e+01,1.390438220272011449e+01,-2.048978590519271137e+01,1.209858339871279753e+01,-1.466726174008146089e+00,1.573027536667960646e+01,6.920188847744494609e+00,-8.392638909735051556e+00,1.267211244898474298e+01,4.021960913950788807e+00,-6.986051498729581866e-01,-2.755611764586659618e+01,3.926768821162407619e+01,5.074700792150865780e+00
-6.533135971656109930e+00,-5.925479324132209058e+01,2.621546567816213269e+01,4.855374510950047551e+01,-3.781724648148436785e+01,-5.172395819746613199e+01,5.982404842568740833e+01,5.909879551171179912e-01,7.341554384831711388e+01,-3.307973882127132725e+01,8.024832758676392785e+00,-1.333458007507126979e+02,1.613841914114802734e+01,-6.838754923330757407e+00,4.983989352303454723e+01,-1.525662835683346152e+01,1.970420580370428354e+01,1.355859036796996406e+02,-3.086888534139060525e+01,-1.122362417817949165e+01,-4.961542239016610267e+01,-1.247013479119081403e+01,-5.054528678450529000e+00,2.170034949286596238e+00,7.083444135260968721e+00,-2.915255818184016690e+01,-4.576429186289665552e+01,7.545174603027417604e+00,1.726256321363609203e+01,9.909615911106271824e+01,2.050627783788668879e+01,5.764810856718066390e+01,3.088806953219724249e+01,2.948112236028400446e+01,-7.568230599651006685e+01,1.580886087655923689e+01,1.321865496300609344e+01,-5.552851691932551148e+01,1.650106419499953958e+01,8.138810253475770651e+01,-2.780165778735946702e+01,-1.290457666491776045e+01,-6.101756809306809082e+00,1.048833595462488688e+02,3.855291214126400234e+01,5.417807020155058240e+01,-7.588301853859427126e+01,-2.693514614266620200e+01,6.096658181536135146e+01,-2.555819677240065246e+01,1.066717049694886725e+02,-3.032133039880561753e+01,3.146891846956864214e+01,-4.319267085040272036e+01,-4.509778199487541883e+00,4.948452737608452168e+01,-5.921065100301990469e+01,-4.085480784583182157e+01,-2.863960439170601902e+01,2.580087434847895622e+01,2.126684002923705918e+01,-2.305780774660700772e+01,4.960018640533569823e+01,3.613021180344362904e+01,-5.529935187505692085e+01,-2.138146053111542955e+01,-3.168203735838516977e+01,-8.690881583451748327e+01,-8.381318578996554081e+00,2.182273337774310207e+01,-1.425179018464620206e+01,1.440892231118499955e+00,5.017679456459927856e+00,8.978192462095169901e+01,-5.467083799505343222e+01,-2.629995895902211700e+01,-1.142146347298484876e+01,5.470267780738589636e+01,1.555323132369820627e+01,2.206640351308940495e+01,6.962069589145146153e+01,1.371934936238629721e+00,7.589165641681175245e+00,-7.141114252364594961e+01,-4.959116796056287768e+01,1.255816440026799086e+01,-9.818419452534394054e+01,2.450935765176139824e+01,-3.609811199882024368e+01,2.137327721435664074e+01,-2.577734766562075563e+00,2.773671428497695857e+01,1.217281786738720584e+01,-1.480287085553010051e+01,2.240873219904060321e+01,7.068218473460740725e+00,-1.241725674608310737e+00,-4.859613212125699988e+01,6.923502199138346214e+01,8.961217134151773678e+00
-4.721194129783054194e+00,-3.143677721577822481e+01,1.524722384670615938e+01,3.098680162483461942e+01,-1.952978436920135152e+01,-3.455682386162020236e+01,3.956207552116396187e+01,-2.256135953615574508e+00,4.387421316116242309e+01,-1.746026832418599284e+01,2.327907271159393332e+00,-8.089547720927788532e+01,1.286172368298534607e+01,-5.383257861975183189e+00,2.683161610633636940e+01,-1.247678075970866018e+01,1.054484593555601712e+01,8.544994231116989170e+01,-1.849238991245180230e+01,-6.167434349207244537e+00,-3.203585386869606566e+01,-7.203974262271466422e+00,-2.351405360040090819e+00,-2.739890933364916847e-01,8.227654159166675640e+00,-1.717614713643888180e+01,-2.499714887925148687e+01,1.939803652640527787e+00,9.493516328531958592e+00,5.813548788493316266e+01,3.080422921683656057e+00,3.240709249412731907e+01,1.790298560773376479e+01,2.003400258006555390e+01,-4.668162673228086135e+01,1.065450745084557838e+01,5.851362062590814261e+00,-2.894162457327907134e+01,9.060197893638717304e+00,4.127329255921173967e+01,-1.689499157934703533e+01,-9.718891707689726545e+00,-6.407467679388322956e+00,6.649502050211118842e+01,2.444847691077381313e+01,3.390935491225194198e+01,-4.590820608401969594e+01,-1.622419805720335617e+01,3.836965963295489246e+01,-1.326938186612261106e+01,6.595622404167659170e+01,-1.927487255860407345e+01,1.509468711236809746e+01,-2.507848927300102204e+01,-2.057663540565400240e+00,2.742070332503928398e+01,-3.470002906438531909e+01,-2.327271383985846143e+01,-1.712427754970187976e+01,9.047452407383325124e+00,1.057937387349882741e+01,-1.621504162938612836e+01,3.424096332117093766e+01,2.554771961195456242e+01,-3.405920181432841076e+01,-1.463792080716135402e+01,-1.864136544271803331e+01,-5.270670969900167790e+01,-4.387253753639145160e+00,1.547823404962214866e+01,-8.716659270723585706e+00,7.570141571882336162e-01,4.565524017289033232e+00,5.318930412397120477e+01,-3.390015868085484385e+01,-1.644633120003714311e+01,-7.208467305456148111e+00,3.486987340842348715e+01,7.867838211862358655e+00,1.256756166698215971e+01,3.974641985410986678e+01,1.529280564681783749e+00,1.732530163742145746e+00,-4.261432221465025094e+01,-3.011173150270141718e+01,8.023860220394173126e+00,-5.339476609259874351e+01,1.366949569132014908e+01,-1.839135031162755496e+01,1.614393271236469829e+01,-7.482506284630088267e-01,1.626371764134138687e+01,4.502781041662530903e+00,-9.073789302236594523e+00,1.892156759701851954e+01,2.026694314912833583e+00,-1.616863395184660934e+00,-2.914785384896339693e+01,4.019313022368982757e+01,6.435642269153642125e+00
-3.381147679327476396e+00,-1.549778746549762865e+01,8.640692760551443641e+00,1.966427076665683060e+01,-9.179880846035414876e+00,-2.300929424328059980e+01,2.607104782845123481e+01,-3.269472001835621811e+00,2.576346142294103814e+01,-8.532298404644567569e+00,-4.722357087941064790e-01,-4.840162545039217434e+01,9.950208575565936187e+00,-4.127216787166521073e+00,1.355474053487102992e+01,-9.830014626026386537e+00,5.274874069656853237e+00,5.347265471430741712e+01,-1.089225665611067129e+01,-3.219169256067857532e+00,-2.058925864921859272e+01,-4.045163053070645276e+00,-8.819984740427266878e-01,-1.331582019430169517e+00,7.808337352730965186e+00,-9.902812786937435163e+00,-1.292555413621565918e+01,-7.757443267512265095e-01,4.961464971985940053e+00,3.332861012414320356e+01,-5.028549286291346121e+00,1.750630342986755394e+01,1.009834292461320970e+01,1.356451089663947052e+01,-2.849470599095812418e+01,7.155916916089793745e+00,1.909456135293067014e+00,-1.383266737371732269e+01,4.723235695304005333e+00,1.874694341104553885e+01,-1.012984694723464330e+01,-7.202747013966683376e+00,-5.820202385918846311e+00,4.188999800717625277e+01,1.540628691069853673e+01,2.105353466615542857e+01,-2.737474449931387710e+01,-9.621957735671470502e+00,2.397331242657337924e+01,-6.297994495859317254e+00,4.037556357321872014e+01,-1.217877084644798735e+01,6.097641157180127003e+00,-1.417929530127889670e+01,-7.332160862999386186e-01,1.449796154133625592e+01,-1.986566532057957346e+01,-1.281438058953351167e+01,-1.006215858855875034e+01,5.642736528564231691e-01,4.624910867743850851e+00,-1.133665824984579373e+01,2.353430862325618733e+01,1.795003572443132356e+01,-2.075380267050706351e+01,-9.981793221635598456e+00,-1.072859933855496983e+01,-3.152290966034011532e+01,-2.113029394567212726e+00,1.090495826526360901e+01,-5.267266161410612213e+00,3.669570315864164600e-01,3.848679204871701121e+00,3.088632275089089418e+01,-2.082181038971528153e+01,-1.020084737585283285e+01,-4.518210500246148342e+00,2.209975490035649059e+01,3.556589141631499640e+00,6.918019110210432032e+00,2.195342103981791482e+01,1.426698950734934579e+00,-1.071524962217458743e+00,-2.497740862166246600e+01,-1.803620669883959238e+01,5.098437743321041715e+00,-2.741786708841669906e+01,7.298273437423628884e+00,-8.428613862767520004e+00,1.199216859439623661e+01,1.510507282698458908e-01,9.317611827838339522e+00,5.782972123762535333e-01,-5.497692709516179832e+00,1.523213714909150340e+01,-4.475360283275842121e-01,-1.601394329803082606e+00,-1.719503127298806788e+01,2.272042631333526685e+01,4.584188954380172376e+00
-5.273142626895910290e+00,-6.374367883174323168e+01,2.632927739452665605e+01,4.492318702174864598e+01,-4.142820690029519426e+01,-4.569362173927703452e+01,5.341760863897764722e+01,4.228656164202247325e+00,7.209158085415366202e+01,-3.571114876190249987e+01,1.133064135207495582e+01,-1.292547675193607972e+02,1.134916965746191764e+01,-4.902927594000431100e+00,5.307056272123013940e+01,-1.028469830830963971e+01,2.106958690895579878e+01,1.269582455832083241e+02,-3.024971869562441285e+01,-1.177619929761523565e+01,-4.538605873707469840e+01,-1.259250865930416907e+01,-5.899123261200077017e+00,4.327226630408858021e+00,1.370652624082718596e+00,-2.897057428515251942e+01,-4.822790585921800499e+01,1.100148367045703424e+01,1.810174942800425768e+01,9.882728820964916849e+01,3.296407716696071333e+01,5.946677016897353951e+01,3.110868652497242337e+01,2.557192744133253370e+01,-7.228622467417493169e+01,1.383629193329106322e+01,1.584418820350024504e+01,-6.045970100180836226e+01,1.732355205117967500e+01,9.021865356674726399e+01,-2.690836025935826115e+01,-9.865792120722819192e+00,-2.131359111240666682e+00,9.765756747818898020e+01,3.588804207872697560e+01,5.105936749191743473e+01,-7.373241853169500359e+01,-2.627133312658175157e+01,5.716144018409567451e+01,-2.790006164567641633e+01,1.016613071975883713e+02,-2.816045253742898780e+01,3.609094315717989332e+01,-4.344013786678857514e+01,-5.319721509136554616e+00,5.160101218453699801e+01,-5.910079952819841509e+01,-4.171578374708014536e+01,-2.811078093192005412e+01,3.424420222148288673e+01,2.386146931210839384e+01,-1.923689600028790991e+01,4.227520285089392615e+01,2.994772255226819979e+01,-5.288783356451660467e+01,-1.839517425219020552e+01,-3.151936339353090233e+01,-8.426670318613328448e+01,-9.099211264366346086e+00,1.802228953833105862e+01,-1.371572639196616805e+01,1.560437172468833733e+00,2.736387742312683891e+00,8.881395048727469543e+01,-5.196785354083650788e+01,-2.480626689945763275e+01,-1.068021852833570584e+01,5.066987762571209686e+01,1.726796889136128499e+01,2.253484653267984683e+01,7.096571413265037620e+01,3.553283410363535788e-01,1.137124728057469980e+01,-7.021005788562740690e+01,-4.803226542787234621e+01,1.160614947482245718e+01,-1.037981846167978546e+02,2.543431318148360631e+01,-3.989534953449118149e+01,1.627460868339174382e+01,-3.638953470003510660e+00,2.767296390217630986e+01,1.582890513338571026e+01,-1.421800474084619381e+01,1.427293180283455776e+01,1.001310440281916669e+01,3.790446227827759529e-03,-4.757142724501751019e+01,6.964014787400159889e+01,7.289165351199113019e+00
-3.720029382267329154e+00,1.808496782251420854e+00,3.381160870091167059e+00,1.484152163304442062e+01,2.820524880321857886e+00,-2.064080228898306046e+01,2.260404557485629340e+01,-8.042409086475645452e+00,1.313760800206331147e+01,1.289757442971632528e+00,-6.270369141963344717e+00,-2.762821944013962394e+01,1.293424715550112225e+01,-5.271816700479904583e+00,-3.039800546898554501e-01,-1.321996606215266468e+01,-3.170208628751995938e-01,3.807094959882125096e+01,-5.663492028656988531e+00,-3.222806007343197443e-01,-1.632611782619494889e+01,-1.455947367161966266e+00,1.185395252351799877e+00,-4.516945714773355824e+00,1.374121411452315478e+01,-4.449082454634719852e+00,-8.439885106878843857e-01,-6.673011761310194245e+00,5.195948281995446116e-01,1.434234604033565930e+01,-2.497958555919178281e+01,3.932375325429063651e+00,3.790580870210126463e+00,1.281899233867414800e+01,-1.807980999578602876e+01,6.597776775122779824e+00,-4.030806168225840480e+00,3.313055267669980708e+00,4.512904185605108864e-01,-8.435898095922391704e+00,-5.850397316741993592e+00,-8.576318495109525486e+00,-9.713622072655111239e+00,3.068244483908230436e+01,1.129792124715008228e+01,1.447828033745233789e+01,-1.532598715650293109e+01,-5.217706171917710911e+00,1.695274758641203050e+01,1.686114280762474493e+00,2.598257989258144818e+01,-9.030816978123779037e+00,-5.958968787000186396e+00,-5.436916205354243914e+00,1.183546723476622375e+00,2.135158330540227745e+00,-8.456194106782804809e+00,-3.742510574173046667e+00,-5.152581129055427311e+00,-1.527945965632418535e+01,-2.845728404077220830e+00,-1.173108775766598733e+01,2.323775767438084827e+01,1.881820604836639887e+01,-1.305434603756228995e+01,-9.634574331367559807e+00,-4.756723303234767997e+00,-1.795269870640247944e+01,4.410872394757865411e-01,1.151410468786608021e+01,-3.173566503983396014e+00,-6.718025786072878702e-02,5.790844368234430384e+00,1.461209974599064765e+01,-1.361814886923016132e+01,-6.983074133208123868e+00,-3.239331056226992800e+00,1.659257252357106438e+01,-1.672896454375305986e+00,2.013769641655620557e+00,6.650470799769707675e+00,2.460736371263174682e+00,-7.394491393584731398e+00,-1.258521758350211428e+01,-1.035855072525701281e+01,3.867692850910149360e+00,-1.077109651800512324e+00,1.332964345776781911e+00,3.474951504147425929e+00,1.435123075659702430e+01,2.012664880780028476e+00,3.988682181574035646e+00,-6.477472109540626910e+00,-3.358980923600944024e+00,2.127794480311229464e+01,-5.596940524620404922e+00,-2.953926185690066930e+00,-9.027491028494324610e+00,8.696142801981201487e+00,4.977026621740515466e+00
-1.816799219431467272e+00,-2.735472807802675987e+00,2.826653486327381337e+00,8.551887253998055272e+00,-1.101640654519986384e+00,-1.097757172378607571e+01,1.220604600494097447e+01,-3.074836944809824502e+00,9.334252604379869922e+00,-1.418813326728240565e+00,-1.958897343710670480e+00,-1.840990477679483917e+01,5.935653893203264531e+00,-2.434415124545618259e+00,2.771379326320331682e+00,-5.994997503827486085e+00,1.019568304094452538e+00,2.257677510738872684e+01,-3.978702012638588581e+00,-7.751499852401179114e-01,-9.187351706900306780e+00,-1.285663187253740958e+00,1.652805507426483578e-01,-1.620410744254127344e+00,5.722759069603549520e+00,-3.409742465756059548e+00,-2.978933223474929726e+00,-2.142356499848951934e+00,1.201467124394209440e+00,1.128852701577263673e+01,-8.468173426600603904e+00,4.861691616323505549e+00,3.255770454410330306e+00,6.664487487676182376e+00,-1.137623423751057672e+01,3.466953000111198779e+00,-7.920588346957484482e-01,-1.937841729597448825e+00,1.130922371517025793e+00,1.456327913513963068e+00,-3.873169999169809419e+00,-4.063489520608601246e+00,-4.108841386978546062e+00,1.794084691438708035e+01,6.602293414238248559e+00,8.737468314142148529e+00,-1.032327548743574930e+01,-3.578353642231716147e+00,1.008755157924590229e+01,-8.296120118767986718e-01,1.622759787387250441e+01,-5.248728649661284607e+00,-4.796129314317214565e-01,-4.605440301558956229e+00,1.961415716327945535e-01,3.693720821723254222e+00,-6.701112609640214934e+00,-3.814894021186631790e+00,-3.651973479624686547e+00,-4.411335313872925212e+00,1.325779869352707863e-01,-5.871599739027560716e+00,1.185842029480510718e+01,9.369111335682525521e+00,-8.251986892609091129e+00,-4.963947482455764337e+00,-3.675289929074496698e+00,-1.197782231869755698e+01,-3.152917746072151362e-01,5.716127634694651682e+00,-2.052943778612366543e+00,5.754811145891092217e-02,2.529508705733377827e+00,1.085292482312588014e+01,-8.433515011249404836e+00,-4.224004690655007721e+00,-1.914311902809026744e+00,9.585234765738460894e+00,2.547991471898454208e-01,2.057543375659243612e+00,6.606445559666342504e+00,1.030811398875464802e+00,-2.418721439867835610e+00,-9.004523426674516884e+00,-6.878960587118484682e+00,2.223115701845850722e+00,-6.107495346595555041e+00,1.935954886716885426e+00,-7.490006441798282566e-01,6.786872301444904387e+00,6.286560440434008079e-01,3.149690345949454073e+00,-1.798529016310490114e+00,-2.156565184462130969e+00,9.524670096714901391e+00,-1.754007140333133652e+00,-1.213924901033447634e+00,-6.306714153866058936e+00,7.374921231978311731e+00,2.443478359550645962e+00
-1.734633659372296410e+00,-1.934881129849657455e+01,8.134984574294094273e+00,1.419417987135840420e+01,-1.251817626019144747e+01,-1.462964525435659979e+01,1.704977469087219788e+01,1.009187501876734006e+00,2.240858068597380282e+01,-1.083021387605177566e+01,3.233280762060632973e+00,-4.031797439682129180e+01,3.904047950992340255e+00,-1.675638466288623230e+00,1.615070380434710984e+01,-3.589786918446430608e+00,6.405204070246548476e+00,3.998029885336774214e+01,-9.407896280189563143e+00,-3.597290767184661675e+00,-1.438655207254367774e+01,-3.885139078300351212e+00,-1.755366966514959604e+00,1.161303989265229930e+00,8.933035200742884818e-01,-8.976307422002841818e+00,-1.471575942721364250e+01,3.119099562812253978e+00,5.530402920934204936e+00,3.059195537596463765e+01,9.173202220777785243e+00,1.824521928102689827e+01,9.604606496355275524e+00,8.231219765233275254e+00,-2.263902051443979957e+01,4.441980304904667776e+00,4.685325810158332160e+00,-1.829665471814836764e+01,5.291057930966805323e+00,2.718153165205183086e+01,-8.396847428412920422e+00,-3.301393949237648950e+00,-9.854665086282180519e-01,3.080166431293153906e+01,1.132003859614032848e+01,1.605021046729759249e+01,-2.298404569872538161e+01,-8.180945349436401060e+00,1.799413449027590772e+01,-8.437827288870783704e+00,3.185812379628635682e+01,-8.888288272772403076e+00,1.078415861151507116e+01,-1.341684131499201271e+01,-1.578989557709746583e+00,1.578766730951272379e+01,-1.829044873620723166e+01,-1.283305166425304833e+01,-8.738844857168135860e+00,9.898980562830319130e+00,7.167819547059358420e+00,-6.264375985107704103e+00,1.367859838333795608e+01,9.771526393248130660e+00,-1.655770533147933676e+01,-5.935442165620930410e+00,-9.763128224799100252e+00,-2.628295503979789061e+01,-2.755646919757135382e+00,5.886984911383692065e+00,-4.286672559779776570e+00,4.728630431527404698e-01,1.033852034013847287e+00,2.755200160238265639e+01,-1.629707634401461291e+01,-7.795939340736394385e+00,-3.364566845526312466e+00,1.600482720041759066e+01,5.200563328573271527e+00,6.932133662307905730e+00,2.184105497263295703e+01,1.934299627389223231e-01,3.206713826416130786e+00,-2.181648152387284156e+01,-1.498570581039175487e+01,3.668296974368280061e+00,-3.164628716887418136e+01,7.791510562790088912e+00,-1.202872007554859834e+01,5.453034951788825246e+00,-1.038440906441993494e+00,8.565209293913527588e+00,4.595934921628710867e+00,-4.446049671446108853e+00,5.083374371951835613e+00,2.855383096470403448e+00,-1.011508006080817368e-01,-1.479927038825482910e+01,2.150823791427222176e+01,2.392094219954308265e+00
-2.568850124819539449e+00,-2.354981995880075729e+01,1.038941446566471072e+01,1.918177668849103412e+01,-1.504157665685117706e+01,-2.040015318675154887e+01,2.360381231168161520e+01,2.914558229104180498e-01,2.906934376286502086e+01,-1.314896046096046867e+01,3.231818413478025676e+00,-5.277254955443957130e+01,6.319274334566770790e+00,-2.679306244585940355e+00,1.979944466581266482e+01,-5.966996663821025670e+00,7.829099878100775456e+00,5.358872991331269731e+01,-1.222174430186158034e+01,-4.455952914157450984e+00,-1.959302650967167736e+01,-4.943096162254883907e+00,-2.016107518484510308e+00,8.938246059874344063e-01,2.716785834730847782e+00,-1.154855077338628888e+01,-1.817244843658301079e+01,3.044128495010427038e+00,6.853336818007354836e+00,3.926165138284024181e+01,8.321586178617032203e+00,2.287113864205318947e+01,1.224256998212649350e+01,1.162004846642298972e+01,-2.993489633472783851e+01,6.233044557083702308e+00,5.279107397209658714e+00,-2.208028426108043263e+01,6.551337318165983525e+00,3.238829613170778288e+01,-1.100206857869344290e+01,-5.065460528335193224e+00,-2.355239416498946525e+00,4.144522191288379531e+01,1.523425104644478800e+01,2.141842080379522884e+01,-3.003403940129235394e+01,-1.066233551025629822e+01,2.409749283474483406e+01,-1.016406339012025128e+01,4.218872229228333737e+01,-1.198050356816472650e+01,1.254203497765156783e+01,-1.711857090155285732e+01,-1.799709804990391238e+00,1.964108916052987297e+01,-2.345991239203499035e+01,-1.620187648423231863e+01,-1.133983613637272292e+01,1.035630217660891184e+01,8.467635487352771051e+00,-9.076262979762107719e+00,1.953824245522420355e+01,1.421888750007035895e+01,-2.187385379936219110e+01,-8.425169672121501918e+00,-1.255113627000147325e+01,-3.439516402187526722e+01,-3.332320344706483972e+00,8.587199131942133690e+00,-5.638691248792217614e+00,5.728219579644585613e-01,1.952282822820304187e+00,3.555996809770078926e+01,-2.162022157438347847e+01,-1.039758062808862071e+01,-4.513970927178842629e+00,2.161189708732161563e+01,6.189818118036244599e+00,8.750973505006760078e+00,2.760770095419508152e+01,5.276072451476437886e-01,3.066689478065717012e+00,-2.827705428630986262e+01,-1.962546786783081387e+01,4.961058559312430560e+00,-3.899293214734667856e+01,9.726158960077107452e+00,-1.436331972537500690e+01,8.388663280921285548e+00,-1.038113313599174914e+00,1.098939828731126944e+01,4.880932868024007831e+00,-5.856283089386777441e+00,8.751126277706935852e+00,2.847085870329687740e+00,-4.724084424060930321e-01,-1.923960668170963473e+01,2.744008088658306477e+01,3.524464860529268329e+00
-4.754832726267316900e+00,-4.850395168578052107e+01,2.082650096145486174e+01,3.727487102592993296e+01,-3.120800434362681131e+01,-3.897788832207917409e+01,4.527392495650058635e+01,1.697768964744682307e+00,5.776887735239544952e+01,-2.712032789290107715e+01,7.480443333360481617e+00,-1.043567311636044366e+02,1.117901955200859732e+01,-4.768821036910432021e+00,4.061309090164035496e+01,-1.041806096578078922e+01,1.608616892092275563e+01,1.046001797720020505e+02,-2.426885081813873768e+01,-9.086693187506362790e+00,-3.791441714535669405e+01,-9.929776180482580372e+00,-4.293463879426926866e+00,2.449664746571306839e+00,3.686651147426006858e+00,-2.305557696816434543e+01,-3.712208538613210607e+01,7.150942104481356587e+00,1.397222632777723916e+01,7.848930846317757926e+01,2.047021110568711322e+01,4.632765729567483959e+01,2.456781830043395587e+01,2.205672843222011892e+01,-5.886619954261544763e+01,1.186942009511260920e+01,1.136912337028508091e+01,-4.569857952249158473e+01,1.336273918415815665e+01,6.752198233915198955e+01,-2.174400896352291923e+01,-9.206149218380636157e+00,-3.496942310181878177e+00,8.072769911719272784e+01,2.967081993854351651e+01,4.190773619738867239e+01,-5.944619477631972160e+01,-2.113443297292943157e+01,4.705887248989794358e+01,-2.105814553256127653e+01,8.289436211537821464e+01,-2.331372709354867823e+01,2.651560775312815110e+01,-3.433405499823879126e+01,-3.849785432736759994e+00,3.995482419248553185e+01,-4.691507812906633745e+01,-3.268750159438219072e+01,-2.253162680564388864e+01,2.331220841310964076e+01,1.774064046446677168e+01,-1.699307072853367373e+01,3.685635454228098951e+01,2.656112373387648873e+01,-4.303582850302662877e+01,-1.594579189331797053e+01,-2.506789955387615265e+01,-6.802322996219460549e+01,-6.888692925081200791e+00,1.602061126395589241e+01,-1.112009331803264089e+01,1.182975626343200748e+00,3.208035923389174648e+00,7.086719115425833593e+01,-4.243895295978938265e+01,-2.035034103722328780e+01,-8.806403895717865637e+00,4.201486866868965819e+01,1.291262014966246952e+01,1.765625091543641645e+01,5.566150524932950816e+01,7.443996936384567054e-01,7.295901121193626437e+00,-5.622096918402939281e+01,-3.879750791764270446e+01,9.636555008606888961e+00,-7.975391262326400010e+01,1.974768850245521179e+01,-2.990772571326580476e+01,1.522554861947630656e+01,-2.402638966639787377e+00,2.197280699897682510e+01,1.088802177964247520e+01,-1.154059322168926727e+01,1.502041368020866940e+01,6.599925714851696767e+00,-5.638014355201603767e-01,-3.818897597195490334e+01,5.503809708241137599e+01,6.540994527372675726e+00
-5.087316354189334255e+00,-1.719682329877578297e+01,1.101269159288990629e+01,2.738206227870453802e+01,-9.618504492805088901e+00,-3.310279780980947351e+01,3.725339932654729580e+01,-6.362101994641182756e+00,3.382787761917146696e+01,-9.372247365941746011e+00,-2.577095576652705056e+00,-6.450860589348727103e+01,1.561605799161827690e+01,-6.447106260526305199e+00,1.545549165603508257e+01,-1.557087169823211426e+01,5.950056545758718229e+00,7.371708996148166193e+01,-1.433716278428887669e+01,-3.798622413874882309e+00,-2.892535415527648723e+01,-5.114415169022259455e+00,-6.273501034457429348e-01,-2.994084709653263676e+00,1.342016727053800373e+01,-1.280760291680755536e+01,-1.510609735938922071e+01,-3.056061281650984895e+00,5.861961620064160883e+00,4.289996382589644952e+01,-1.387803057929505002e+01,2.136494955500818094e+01,1.281824224102925669e+01,1.972608541293648443e+01,-3.856611185090221028e+01,1.035293283460481994e+01,8.828168477365689881e-01,-1.479774548857522021e+01,5.566422054950304066e+00,1.877416610880274206e+01,-1.352295721156204245e+01,-1.104885487574142111e+01,-9.831515366396605060e+00,5.802779333581988652e+01,2.134583487413156888e+01,2.885835307520035897e+01,-3.638712784412717838e+01,-1.273479551718722469e+01,3.301196664131124692e+01,-6.679721297222616982e+00,5.476451333386550147e+01,-1.690639427235597481e+01,5.062954880732762675e+00,-1.803552097881004812e+01,-4.572212992629371975e-01,1.732952621936472326e+01,-2.554064939416548086e+01,-1.591931131672242117e+01,-1.321879102511631210e+01,-4.311815168258334552e+00,4.383465419381212591e+00,-1.681650344781735384e+01,3.454816083345043154e+01,2.670569640596114169e+01,-2.805223583326033321e+01,-1.458131192861813652e+01,-1.385505090734038447e+01,-4.199973882309542006e+01,-2.281549756348646429e+00,1.625069764380963733e+01,-7.074282068716312821e+00,3.992806605231370431e-01,6.295945659179687404e+00,4.018497783086460373e+01,-2.831327117005942284e+01,-1.397206869160933707e+01,-6.236081161709372545e+00,3.074514315174432255e+01,3.538230404713018196e+00,8.592091681402909131e+00,2.735027136917585011e+01,2.435838908103142408e+00,-3.629645438826005766e+00,-3.274658490484193862e+01,-2.405878978262015977e+01,7.105846036584681613e+00,-3.181178901531577452e+01,8.807464038184045663e+00,-8.544010388058325134e+00,1.841913757560038789e+01,8.265914225586470376e-01,1.198664669625372170e+01,-1.438822333803736697e+00,-7.398878873283042168e+00,2.438525800685032152e+01,-2.330174770715224497e+00,-2.796379866610435805e+00,-2.266150729473469028e+01,2.889438804057957455e+01,6.875803550168690492e+00
-6.875987060834592768e+00,-6.849062474169930681e+01,2.958100543837082697e+01,5.330858370483494468e+01,-4.399884560847305437e+01,-5.595684610717067642e+01,6.493853299824205294e+01,2.065965171994191607e+00,8.220837578117303224e+01,-3.828403623817681023e+01,1.031401621796493728e+01,-1.486673233826447245e+02,1.633997864388842558e+01,-6.960210494746627674e+00,5.739850063470697705e+01,-1.527614554328335572e+01,2.272642409583112411e+01,1.494451763898181582e+02,-3.454194082848321301e+01,-1.285843756300996077e+01,-5.427431214148387539e+01,-1.409731310166658069e+01,-6.020056936219202015e+00,3.275274408263399994e+00,5.782196988978723695e+00,-3.277640585841413667e+01,-5.251125351866911473e+01,9.831506845159745822e+00,1.977287751413134131e+01,1.115490476859072260e+02,2.789946114846978631e+01,6.565262232733525138e+01,3.488677821782234645e+01,3.171204440990812401e+01,-8.396482421123843665e+01,1.705276806793423106e+01,1.590411274607230041e+01,-6.446243097869175642e+01,1.890846273564229918e+01,9.509947678218709655e+01,-3.098055838275635665e+01,-1.337011168815237738e+01,-5.346746998034582532e+00,1.153919050563091133e+02,4.241223678670502295e+01,5.984256815391096040e+01,-8.467033926873433813e+01,-3.009257769251645342e+01,6.722704328520563877e+01,-2.969800490169635054e+01,1.182595279166966264e+02,-3.333162007862003406e+01,3.723527359791953018e+01,-4.876081731590353030e+01,-5.392944828685712011e+00,5.656927054227426765e+01,-6.667089197482441421e+01,-4.636285808516402795e+01,-3.206496193441667231e+01,3.231980993896999621e+01,2.496018061508195984e+01,-2.450881723206037321e+01,5.306567961109540477e+01,3.832867020713239015e+01,-6.137811286299337610e+01,-2.294129883602834497e+01,-3.563382492757686038e+01,-9.690402697415051136e+01,-9.719615005018207299e+00,2.312512568980745442e+01,-1.585129568676321909e+01,1.669477599279950875e+00,4.775423414113632248e+00,1.007855397714722443e+02,-6.055777889528774693e+01,-2.905749635351163462e+01,-1.258336945131486928e+01,6.008182338737234574e+01,1.818394685895704654e+01,2.504271304523728858e+01,7.895994453034634830e+01,1.154492049171115031e+00,1.000645779786969314e+01,-7.999729316767330545e+01,-5.527481208379176536e+01,1.378297782648239611e+01,-1.127857698031346132e+02,2.797091746960105496e+01,-4.213357711170426256e+01,2.211904868290764981e+01,-3.312806941811377470e+00,3.122666844401451414e+01,1.512240625801723581e+01,-1.645341981652154217e+01,2.211675043309412558e+01,9.097275615882537636e+00,-9.196796444871047083e-01,-5.435930236870348864e+01,7.816364927836478671e+01,9.453131698800188332e+00
-7.951082598825636172e-01,-4.924654840807165534e+00,2.447748069094701773e+00,5.085394360790925106e+00,-3.035788498266921209e+00,-5.728168191325377023e+00,6.543566518156335832e+00,-4.670989693179952162e-01,7.090853663004705432e+00,-2.731229173859380133e+00,2.793193981629289446e-01,-1.312151033829955260e+01,2.205020676389469081e+00,-9.209362863264740628e-01,4.220485884577684033e+00,-2.148384460678015362e+00,1.655906360836336022e+00,1.398387444005602731e+01,-2.990454205924997222e+00,-9.755627077175706985e-01,-5.271220246596250547e+00,-1.154537322564393342e+00,-3.537474680799179705e-01,-1.059677365393340009e-01,1.486597606543914152e+00,-2.766316509572545268e+00,-3.947611213471703628e+00,2.126109218709049120e-01,1.502008239769099252e+00,9.353088814267829676e+00,1.375737457095480565e-01,5.157285020925159280e+00,2.871600017003843597e+00,3.332713212527411262e+00,-7.601631266320948654e+00,1.769352602682770392e+00,8.652480099430021054e-01,-4.510858686865029554e+00,1.432830959890823319e+00,6.381259812879848781e+00,-2.741539024258325963e+00,-1.649557304749038389e+00,-1.143983256077892197e+00,1.089659962337867505e+01,4.006627735886153729e+00,5.540506243216817062e+00,-7.441550351908937877e+00,-2.627120416233443834e+00,6.277211877176262611e+00,-2.065849189319205692e+00,1.074639294482824070e+01,-3.160495318593825598e+00,2.293816426299976285e+00,-4.024302719302240483e+00,-3.075226975278954056e-01,4.347165949711489397e+00,-5.581237360618924725e+00,-3.716410327822415205e+00,-2.767934642795619293e+00,1.212021037817770264e+00,1.626170429269162554e+00,-2.716275035437618612e+00,5.714556784141411327e+00,4.284308219883430802e+00,-5.544294188879367979e+00,-2.438791938385482361e+00,-3.001298342601324887e+00,-8.548529636197102377e+00,-6.846503436458862835e-01,2.597244519024678233e+00,-1.416604678486569124e+00,1.182595974111208675e-01,7.994010655548645650e-01,8.578050233577956263e+00,-5.527094477393122318e+00,-2.686650873114554638e+00,-1.180050314215133955e+00,5.721150845400048368e+00,1.215544677991720945e+00,2.006808260622667373e+00,6.350689619937316621e+00,2.750165848946318214e-01,1.699398748921905344e-01,-6.884796919208402421e+00,-4.885257276685812222e+00,1.317176288507781790e+00,-8.422139092635934077e+00,2.170841398116849952e+00,-2.847436237744982002e+00,2.741522987793004518e+00,-8.981950150173678704e-02,2.616248071287673671e+00,6.188787897714729258e-01,-1.475414791960587779e+00,3.275214948681125282e+00,2.412594587048221273e-01,-2.956666557217448865e-01,-4.714977950769257298e+00,6.449479219912561234e+00,1.082536882547869617e+00
-4.941990985953564675e+00,-1.761381876994678919e+01,1.099309676939526526e+01,2.692702982955202273e+01,-9.965967284453430608e+00,-3.238229853745382059e+01,3.648201368033285519e+01,-5.966285609001308998e+00,3.359393543261493420e+01,-9.618713636543665402e+00,-2.226529323440039398e+00,-6.389987167924113720e+01,1.507428748620529291e+01,-6.227735978015894069e+00,1.574682327941866689e+01,-1.501026381042692392e+01,6.074842101050776932e+00,7.261108926361012550e+01,-1.423198643320451140e+01,-3.845157245402509361e+00,-2.840375064378817171e+01,-5.112532663689412615e+00,-7.132482572068319371e-01,-2.761580825162380570e+00,1.278877600334625697e+01,-1.275217845372644376e+01,-1.531878832375518940e+01,-2.688503633801330395e+00,5.932367828229980766e+00,4.274968754341684019e+01,-1.254505303748788947e+01,2.149282842765579105e+01,1.280458626925511822e+01,1.926396111041859882e+01,-3.810352351095953338e+01,1.011860755688215363e+01,1.152886993504539603e+00,-1.526750405992091331e+01,5.635937559542450792e+00,1.963742307245253471e+01,-1.339164235922089574e+01,-1.070184799529522124e+01,-9.391258687628766921e+00,5.711208704770465516e+01,2.100827895527680411e+01,2.845225172977580996e+01,-3.606006290375279377e+01,-1.262955424707124941e+01,3.252275066293309180e+01,-6.903806180536977699e+00,5.408812145642387037e+01,-1.663382625060336295e+01,5.528381987830073285e+00,-1.800977163031499728e+01,-5.400071383158779881e-01,1.749983574819617260e+01,-2.545639599120579177e+01,-1.596329366552081552e+01,-1.312618416555748269e+01,-3.422913429109442518e+00,4.640342317490555146e+00,-1.637184374726449221e+01,3.368912614373243031e+01,2.598764647684321005e+01,-2.772185505078192946e+01,-1.422968006187114298e+01,-1.379864365340987575e+01,-4.160563545964909338e+01,-2.349575266876632540e+00,1.580977678414503806e+01,-6.998449199000769561e+00,4.105532081689700075e-01,6.041139714929432358e+00,3.996986306675533740e+01,-2.795188524506354355e+01,-1.377713868687528986e+01,-6.141336731740922872e+00,3.023875675766368687e+01,3.706165992443261281e+00,8.616219559987307264e+00,2.741190397787654831e+01,2.323345128943228310e+00,-3.226629417449650816e+00,-3.252848431805153240e+01,-2.382831961156324141e+01,6.986738251864766269e+00,-3.230390952391134363e+01,8.878373670938479734e+00,-8.913877575480926296e+00,1.783724746692177376e+01,7.140559056509832025e-01,1.194583905041744742e+01,-1.055136085041189276e+00,-7.317053415645342618e+00,2.347102984818303284e+01,-2.017784518007403882e+00,-2.659091884108878645e+00,-2.249048400668605296e+01,2.885403491475733162e+01,6.682596224299763854e+00
-6.906268502602230797e+00,-6.630740603081123652e+01,2.890420395510635743e+01,5.264825466289756406e+01,-4.249027411128292897e+01,-5.558736859629802041e+01,6.442344417432802572e+01,1.489379014371288612e+00,8.056667792410071627e+01,-3.704585755506153788e+01,9.601740409989290015e+00,-1.459458783244187998e+02,1.667370499322758803e+01,-7.087168265424939051e+00,5.564632600073937851e+01,-1.566025517095363639e+01,2.202009188224393554e+01,1.473679414452433889e+02,-3.386130794598416571e+01,-1.249087480583330212e+01,-5.367975257224394170e+01,-1.376483620833788279e+01,-5.762531905098720486e+00,2.887594394082162008e+00,6.486236511656547243e+00,-3.207142327099357715e+01,-5.098001379343678963e+01,9.108052629031558212e+00,1.920919848786367012e+01,1.090986464302198726e+02,2.546008011991958142e+01,6.392213925957315723e+01,3.407598441661468058e+01,3.157435158352324933e+01,-8.258609958202369228e+01,1.695983281069094772e+01,1.516627797170653480e+01,-6.230461575045422506e+01,1.836651127540819317e+01,9.168924775659786519e+01,-3.041938649173163611e+01,-1.351485285702854355e+01,-5.806413890775850462e+00,1.138702564844790857e+02,4.185427300838580322e+01,5.896176694128480023e+01,-8.309424151358017241e+01,-2.951775876673002585e+01,6.628153404565323115e+01,-2.869367780211036489e+01,1.163508098939597204e+02,-3.290282569782016964e+01,3.573021275385710993e+01,-4.763645989757942800e+01,-5.154469170018666446e+00,5.499808329591613898e+01,-6.519891541342634866e+01,-4.520255230741494046e+01,-3.142643693099111246e+01,3.036719887022772824e+01,2.402473443724320390e+01,-2.451901559183730228e+01,5.294952553356485225e+01,3.837481587012403139e+01,-6.035991268923505260e+01,-2.286476945046079479e+01,-3.486225301225865536e+01,-9.512656804327836824e+01,-9.397998077007210682e+00,2.316322119530564194e+01,-1.557569167305510405e+01,1.614784221543307252e+00,5.001521076511766140e+00,9.867731355164623608e+01,-5.960039153049324057e+01,-2.862679919894504721e+01,-1.241062206112276556e+01,5.932898410532838795e+01,1.752804980380865629e+01,2.441548409705877987e+01,7.700153249070331185e+01,1.276976026962341138e+00,9.231591904878161614e+00,-7.838702421103542406e+01,-5.426849263847652338e+01,1.361419328232143400e+01,-1.094498760607139616e+02,2.721176263300908005e+01,-4.063947108699958477e+01,2.236891691844392227e+01,-3.084113701849804379e+00,3.053903185850884228e+01,1.425173354412931026e+01,-1.617149406442631943e+01,2.280957131544255390e+01,8.464788591203422641e+00,-1.080785894961763471e+00,-5.329551433787634807e+01,7.636007276814298450e+01,9.485985064986692805e+00
-3.704508546345858466e+00,6.069379660304718982e-02,3.932286751711963291e+00,1.540647850769057570e+01,1.616526963332906242e+00,-2.098603397108932356e+01,2.307076684717484483e+01,-7.598671357509530822e+00,1.448610889759436837e+01,2.991414048530929293e-01,-5.713555438808921139e+00,-2.987743943833856264e+01,1.269695515325136270e+01,-5.182374154460676507e+00,1.101453608947341678e+00,-1.294291498265838669e+01,2.490749634586371108e-01,3.982782803490523804e+01,-6.223079767630240511e+00,-6.180169139698783454e-01,-1.684179769567041873e+01,-1.726202499574836846e+00,9.815247991764761704e-01,-4.216487196031780016e+00,1.320864395654690959e+01,-5.025344835856491166e+00,-2.074827602166277707e+00,-6.108177563696645329e+00,9.731836490316640997e-01,1.634268932823660592e+01,-2.308089956985768509e+01,5.330400388445299953e+00,4.450204331927241519e+00,1.295975052901922453e+01,-1.922893552826942098e+01,6.687932001490612954e+00,-3.448194798164153863e+00,1.589190305436092743e+00,8.872812609637112935e-01,-5.719040572859263705e+00,-6.314556656470902141e+00,-8.480404225425528963e+00,-9.367658764725822707e+00,3.197601594670139491e+01,1.177236406196286822e+01,1.521931265680012579e+01,-1.662700814133908267e+01,-5.691324128501431545e+00,1.775154984219700083e+01,8.841038175560109735e-01,2.757568777839528806e+01,-9.396247913883211567e+00,-4.765196045393047974e+00,-6.352065942023520151e+00,9.949593657504565147e-01,3.401103622654241043e+00,-9.657440900603708300e+00,-4.682510121794276614e+00,-5.677170623061122967e+00,-1.374851952166790170e+01,-2.101733190715068034e+00,-1.175059282163178409e+01,2.338582253048179993e+01,1.882559081775556109e+01,-1.390228247764583003e+01,-9.718731448812880203e+00,-5.387150937801463257e+00,-1.942151554795148982e+01,1.840250798748515049e-01,1.151070964337784019e+01,-3.402234319478460556e+00,-2.344642267757057752e-02,5.623065389051586038e+00,1.633847822235610536e+01,-1.441861272343794198e+01,-7.345198696589353204e+00,-3.385609837631105012e+00,1.723590358986182736e+01,-1.150476071300377878e+00,2.521885169639132229e+00,8.237828543935869163e+00,2.368249000505298518e+00,-6.790101356865134719e+00,-1.390719239744479907e+01,-1.119058966026669921e+01,4.012274529585925897e+00,-3.756765785730079799e+00,1.945345798460607512e+00,2.284107058288788572e+00,1.418458094701621697e+01,1.833885093117979537e+00,4.549937385162158066e+00,-5.794030920054348499e+00,-3.593159688280668451e+00,2.077216709612090995e+01,-5.102569207862861944e+00,-2.831607856085754271e+00,-9.902507759044421931e+00,1.016407078690030019e+01,4.962408719580787775e+00
-2.523047847130430288e+00,-2.748084165533720480e+01,1.161734183054997338e+01,2.040706260507457515e+01,-1.775414607103025233e+01,-2.111486237973046798e+01,2.458562240791420095e+01,1.311779709499436564e+00,3.205954251546840794e+01,-1.537775518219428328e+01,4.500907924608098298e+00,-5.774321461086442042e+01,5.748255982977847012e+00,-2.462905927888401791e+00,2.295705296341746049e+01,-5.305835956656466124e+00,9.101527918021801611e+00,5.742284329397146081e+01,-1.346196492333388406e+01,-5.119251984569668679e+00,-2.070326594838709156e+01,-5.545828187996453273e+00,-2.477503002780315544e+00,1.581963138910247979e+00,1.480176154076778161e+00,-1.282979574202861706e+01,-2.093452725329373010e+01,4.332416908752163565e+00,7.870604665107144626e+00,4.371239592642854177e+01,1.265965319650133480e+01,2.599964677283153591e+01,1.371298724505128241e+01,1.189849948315294448e+01,-3.246274649642596444e+01,6.416135040694816105e+00,6.599553541637111387e+00,-2.596196445155185373e+01,7.529279620803286832e+00,3.851538268036013335e+01,-1.202739980944707376e+01,-4.824805089775031419e+00,-1.549609215828388287e+00,4.426044159233290998e+01,1.626665763957679189e+01,2.304025433576917692e+01,-3.291115814128266237e+01,-1.171077239262644731e+01,2.584180433008221200e+01,-1.197040095291269779e+01,4.569054820083409396e+01,-1.277472888472402701e+01,1.524086856332112916e+01,-1.915807805654623763e+01,-2.226772821383601553e+00,2.247822169900201672e+01,-2.613313574725395583e+01,-1.830218180960262941e+01,-1.250295063380397664e+01,1.383985338000746168e+01,1.014707687855367801e+01,-9.085569683950973641e+00,1.980246138885571128e+01,1.418012660646787815e+01,-2.373999041320406178e+01,-8.585856175134372492e+00,-1.395313581988636642e+01,-3.764143979429642428e+01,-3.910999432318414737e+00,8.545708581955704375e+00,-6.142963077995396759e+00,6.712491708842602822e-01,1.558406181239326171e+00,3.939457279389225164e+01,-2.337807279338576549e+01,-1.119040234603643746e+01,-4.832997098775058120e+00,2.300806743565633994e+01,7.368135556259564289e+00,9.886317981168778246e+00,3.115347073800426614e+01,3.126358965985417404e-01,4.445945407776846992e+00,-3.120929805689043590e+01,-2.146382624815573692e+01,5.274424782149169211e+00,-4.500848202369690654e+01,1.109769524935290619e+01,-1.704827019593832205e+01,7.972145235804211083e+00,-1.445586341222796722e+00,1.223829007640505928e+01,6.435046771398210907e+00,-6.372387606161724172e+00,7.552527688367123737e+00,3.973944211766347934e+00,-1.889838623271216655e-01,-2.117841144308687973e+01,3.071158538172395680e+01,3.476993592183035275e+00
-5.915006983374263561e-01,-5.770925952528306979e+00,2.505405372197628378e+00,4.542265873448393165e+00,-3.702121273932157841e+00,-4.783666380695433595e+00,5.547297357600735168e+00,1.492218306396946303e-01,6.974395388623512382e+00,-3.224892631326427672e+00,8.503824723272996877e-01,-1.262468142598935117e+01,1.418370437779218785e+00,-6.034324265398698373e-01,4.840088695976060507e+00,-1.329534911487095794e+00,1.915778026061317751e+00,1.272277784855449489e+01,-2.930915833496376521e+00,-1.085493445715140837e+00,-4.628335364454808420e+00,-1.193508489397816064e+00,-5.040480583914757062e-01,2.621851064082849625e-01,5.304296738205349637e-01,-2.778230696263585653e+00,-4.431466255128948539e+00,8.084344646802038570e-01,1.669276654280562822e+00,9.452759082819289560e+00,2.275340494263166313e+00,5.549428854285887169e+00,2.954172280965363218e+00,2.714503899863431435e+00,-7.137912877551614521e+00,1.458772252969516181e+00,1.328823807169682736e+00,-5.426503625995051650e+00,1.596158711234287875e+00,7.994516766096965377e+00,-2.631127588667339978e+00,-1.154330198025994347e+00,-4.811719611794557094e-01,9.827709548698987163e+00,3.612233819750758634e+00,5.092217044836331752e+00,-7.188848278288423543e+00,-2.554266035547280378e+00,5.722728561850347617e+00,-2.499506791324700661e+00,1.005494386618810765e+01,-2.839313586283969570e+00,3.121911304066580239e+00,-4.129442042412057035e+00,-4.511626835590699658e-01,4.777739957649495217e+00,-5.649386001724105988e+00,-3.921924279638840716e+00,-2.720415836330424497e+00,2.678337312740278975e+00,2.096306936399352061e+00,-2.103593152205320838e+00,4.547903345470482250e+00,3.291221359472320529e+00,-5.217295634691355488e+00,-1.964864294804308464e+00,-3.020184857861652805e+00,-8.228819877817429074e+00,-8.183875366232411519e-01,1.986216398798582805e+00,-1.346784984341211189e+00,1.405960226412215075e-01,4.207806844109972522e-01,8.545795710405972301e+00,-5.149862251123101586e+00,-2.472459260926064495e+00,-1.071370146782529398e+00,5.118974463794670804e+00,1.528443243014353303e+00,2.118387712198524842e+00,6.680235961856154425e+00,1.050271413258462849e-01,8.209451409086212514e-01,-6.786192231951326370e+00,-4.694150722146954280e+00,1.174501152538019122e+00,-9.515791509757425715e+00,2.363236497728192997e+00,-3.542766873539142658e+00,1.910190558917874704e+00,-2.731424922449710579e-01,2.646092131451006857e+00,1.255281471055967213e+00,-1.398145506720654518e+00,1.931548620220054691e+00,7.498569342629650691e-01,-8.675739847277173789e-02,-4.612794433555776230e+00,6.619440735684698929e+00,8.127701387047828741e-01
-2.840770869206279858e+00,3.390871006427826906e+00,1.929208063628692793e+00,1.060962602514040043e+01,3.530780199590298096e+00,-1.526401769622716742e+01,1.661346432955638619e+01,-6.615242821229642800e+00,8.411739743785705770e+00,2.122762699768316885e+00,-5.401168880583862020e+00,-1.836731440077423727e+01,1.008886007549812192e+01,-4.103675926845191668e+00,-1.853805311857417593e+00,-1.035158814093178847e+01,-8.943480698888865987e-01,2.686010999194187931e+01,-3.651322033009821943e+00,9.699234512071042147e-02,-1.179308265807135570e+01,-7.926889374519607845e-01,1.134956195255709899e+00,-3.774564821874660581e+00,1.104222291248719756e+01,-2.710541896870613421e+00,7.810601396952190356e-01,-5.715966458865539224e+00,-1.295698371703810636e-01,8.573109256933808098e+00,-2.114789344926471060e+01,1.369397036910751098e+00,2.114581525137132267e+00,9.564791099909104588e+00,-1.239225790144407213e+01,4.902427811062475271e+00,-3.731529576607321097e+00,4.504919316360870951e+00,-1.610768905736608136e-01,-9.539062047463033878e+00,-3.903360608782008523e+00,-6.618683847943647613e+00,-7.770478687231137549e+00,2.178861327517099511e+01,8.025193538671274496e+00,1.013064010685923044e+01,-1.012716797940812086e+01,-3.412335906086946480e+00,1.194160546526295974e+01,2.205706646046440511e+00,1.787630955624444340e+01,-6.430759508571760819e+00,-5.900496206618972117e+00,-3.068751718772332548e+00,1.115903011149341539e+00,1.581656801253199518e-01,-5.029436779930259505e+00,-1.754297762070714750e+00,-3.304050362696266951e+00,-1.336249926727453108e+01,-3.018647202055280587e+00,-8.879298979491926147e+00,1.746235690145475772e+01,1.427116884617172587e+01,-8.926661477112549647e+00,-7.213748478556766486e+00,-2.881431454102102663e+00,-1.192659074452037515e+01,6.315889680040787102e-01,8.741094500799503564e+00,-2.144088026892120080e+00,-1.014862523823181484e-01,4.587997233814547826e+00,9.094207213959068170e+00,-9.409314514242531402e+00,-4.880702591607841256e+00,-2.289142973554556981e+00,1.184785013446420621e+01,-1.872777516616423332e+00,9.412721673302681946e-01,3.213291153327465732e+00,1.974078504029877834e+00,-6.309125295970851255e+00,-8.023207920398187198e+00,-6.899388623438740709e+00,2.767918675612147439e+00,2.277403975760224242e+00,3.042441689898844892e-01,4.012183550423119804e+00,1.108251576597282906e+01,1.733730595676113317e+00,2.378511155599505322e+00,-5.704565817646355619e+00,-2.278420245170995617e+00,1.673032883965173667e+01,-4.818040565878998649e+00,-2.382774372547051378e+00,-5.839714066143718796e+00,4.903524865194853533e+00,3.793567150952272371e+00
-3.987577219373185766e+00,-5.393734974295586682e+01,2.177274558165998641e+01,3.603667573853552852e+01,-3.525655507705128144e+01,-3.597502392591106002e+01,4.224323306422144952e+01,4.549262203211033473e+00,5.913986487370581102e+01,-3.025124862110497403e+01,1.031675954283574015e+01,-1.055339851493989585e+02,7.978246007438000831e+00,-3.485383489667246426e+00,4.475887942828400412e+01,-7.046211179421712600e+00,1.779382612852613832e+01,1.023186635179417578e+02,-2.479666043786480145e+01,-9.884087644478196211e+00,-3.624474573680536338e+01,-1.043301063542229201e+01,-5.116393314803070247e+00,4.200169862368010598e+00,-5.293914831947115207e-01,-2.386761216099385763e+01,-4.053733932751319458e+01,1.008874069160018472e+01,1.519032894209542839e+01,8.152189049840086454e+01,3.084027050282917060e+01,4.962955143535249647e+01,2.575008121724901500e+01,1.997763853957896885e+01,-5.869806616043907610e+01,1.085083244798778779e+01,1.384571645353182667e+01,-5.135443091561351281e+01,1.454292872895512723e+01,7.705973453169892196e+01,-2.195804615266118276e+01,-7.262430800817479160e+00,-6.053498183152242751e-01,7.853319698685932337e+01,2.885729933246411960e+01,4.125205222912394731e+01,-6.025431515282603812e+01,-2.149879085252512567e+01,4.609083667474954638e+01,-2.371757069085670722e+01,8.248319267478285610e+01,-2.262330198942511572e+01,3.114365262708188098e+01,-3.593976549853381641e+01,-4.627915191819287344e+00,4.322152261107690663e+01,-4.876661887154653385e+01,-3.469438548120405841e+01,-2.305684384061243364e+01,3.072995493403388423e+01,2.045646794176034078e+01,-1.477257724196964439e+01,3.277604507528884881e+01,2.292965160488796883e+01,-4.296741572444864232e+01,-1.432026669011409581e+01,-2.597772028925294663e+01,-6.880938330353447441e+01,-7.721812178799415172e+00,1.377564809714255389e+01,-1.116897819349308030e+01,1.323187632431114036e+00,1.596055886951203817e+00,7.305076253778167938e+01,-4.212305326907635106e+01,-2.004780454370713372e+01,-8.602948323670466024e+00,4.066466335785761999e+01,1.475647539884535853e+01,1.874286294185924362e+01,5.898631882858678921e+01,-2.211427124258591448e-03,1.048877381221333493e+01,-5.762205174934369012e+01,-3.920616913101314083e+01,9.306188414952128340e+00,-8.733684633128221719e+01,2.126964580460857235e+01,-3.404506397232257342e+01,1.195512996749309131e+01,-3.313196316247711160e+00,2.283057549102653994e+01,1.413275319700066035e+01,-1.156951086204914425e+01,9.419266866529557802e+00,9.123944880908277710e+00,3.652902805318247736e-01,-3.898099204957226505e+01,5.761852662013467352e+01,5.532359263735054711e+00
-1.691408069015689630e+00,-2.134451558517855396e+00,2.497674433982135511e+00,7.813163679338931189e+00,-7.431972269708424506e-01,-1.011774939529527018e+01,1.123071904969153678e+01,-2.959781564148775246e+00,8.357613157771705659e+00,-1.087511606293912081e+00,-1.949397763037372000e+00,-1.657920550312207908e+01,5.569415068962936921e+00,-2.282374248700700381e+00,2.247492091494451838e+00,-5.633798524029725918e+00,8.154188633552157395e-01,2.056479175566504836e+01,-3.565951271704006942e+00,-6.512796017481254918e-01,-8.414975205822365467e+00,-1.131473876867442607e+00,2.009937926518255980e-01,-1.575281194783431538e+00,5.440360553105461072e+00,-3.033510336068905300e+00,-2.480943856927498192e+00,-2.121696936385118804e+00,1.010586853513772310e+00,1.002141166953964557e+01,-8.308786253787587839e+00,4.191104129886499052e+00,2.871069655906599571e+00,6.158509152336809400e+00,-1.030100495667542759e+01,3.199795949390474181e+00,-8.714158832524192544e-01,-1.399028380861537357e+00,9.491469774772022250e-01,7.205942002832887994e-01,-3.490122815623213359e+00,-3.797280962582569419e+00,-3.897609395665782017e+00,1.636587279285456020e+01,6.023068926939460610e+00,7.944587302323301792e+00,-9.287460115131304761e+00,-3.214038750718460236e+00,9.185361198505312075e+00,-5.840434377428196377e-01,1.470455989756985460e+01,-4.790986870948425569e+00,-7.233981739920762877e-01,-4.065433359185983697e+00,2.261064860961218281e-01,3.136806632272582274e+00,-5.945713841163066782e+00,-3.325236957316762165e+00,-3.270567945977427282e+00,-4.454417887028775169e+00,-4.999448388603822124e-02,-5.450141774228830727e+00,1.098194143162385217e+01,8.702130249149011121e+00,-7.468696896428054899e+00,-4.591890975104766959e+00,-3.267595849536918617e+00,-1.078547125207843393e+01,-2.330751301914950613e-01,5.311038917536080817e+00,-1.853952105518751337e+00,4.328317149020585730e-02,2.388947771092695405e+00,9.680502823434252946e+00,-7.648384290930870577e+00,-3.839793906941860513e+00,-1.744339270251215712e+00,8.754896467141037419e+00,1.151179351549815877e-01,1.793185991387473699e+00,5.767904624834794269e+00,9.791433503348584422e-01,-2.387644620336613510e+00,-8.057470425874676323e+00,-6.196863594086120308e+00,2.031611158748824586e+00,-5.050159535390173815e+00,1.655963984668563649e+00,-4.186581041368437894e-01,6.343750555248687917e+00,6.256272419892772163e-01,2.795416250332928065e+00,-1.829888021778346641e+00,-1.948933151182359325e+00,8.966077682401779825e+00,-1.744523034466066935e+00,-1.156197615937007317e+00,-5.655247322023672751e+00,6.509610252547004094e+00,2.273379131761739558e+00
-1.211762378291885156e+00,-1.198340771498588175e+01,5.184909821085033954e+00,9.363372119669261195e+00,-7.694519724249760273e+00,-9.839826957197946200e+00,1.141621333273358729e+01,3.436361042751461259e-01,1.441770078815424228e+01,-6.697713365781194028e+00,1.791192333345345222e+00,-2.608190767009671518e+01,2.888751914576892510e+00,-1.229967981037764613e+00,1.004538814459812457e+01,-2.703194388007918558e+00,3.976942716696417524e+00,2.624136460772057333e+01,-6.058283975388607523e+00,-2.251243872842539684e+00,-9.535711499091680921e+00,-2.470606828461018534e+00,-1.051002836122799655e+00,5.631642452391587561e-01,1.042697283769550953e+00,-5.746563155152588642e+00,-9.192569700474487959e+00,1.705843071430040547e+00,3.461871513086587804e+00,1.955568755018031624e+01,4.827281860212096376e+00,1.149950875735039979e+01,6.114457005176178406e+00,5.578962081952552943e+00,-1.473615399739258258e+01,2.999359639680518441e+00,2.774588771488814221e+00,-1.127502141621306464e+01,3.310426411379065126e+00,1.662577654767878954e+01,-5.435376863176147211e+00,-2.359226823944497120e+00,-9.574913688655540822e-01,2.026475781238428553e+01,7.448347563795012505e+00,1.050615972918533991e+01,-1.485348723045898289e+01,-5.278547120070161469e+00,1.180413842818333769e+01,-5.194074136717306445e+00,2.075616520742085314e+01,-5.853967773206059100e+00,6.503731042374439220e+00,-8.546410776528903241e+00,-9.412478220216660141e-01,9.905699344680661156e+00,-1.168782949453764886e+01,-8.122929416515354717e+00,-5.623614638406946753e+00,5.622601957878901047e+00,4.362256192731057247e+00,-4.315801639604623929e+00,9.339603882753102937e+00,6.750418785476213657e+00,-1.077173650844189368e+01,-4.036768902687253302e+00,-6.247364508035482267e+00,-1.700053032921447382e+01,-1.700172927617234819e+00,4.073139136138768102e+00,-2.781429189538337177e+00,2.920472528051456518e-01,8.487384392850245707e-01,1.767242666679576502e+01,-1.062941782469379959e+01,-5.101325311677286756e+00,-2.209613248605196922e+00,1.055275534662048997e+01,3.178876852883243842e+00,4.387550691795578217e+00,1.383466678144788986e+01,2.075567329938647343e-01,1.734852749721036869e+00,-1.402947684975972642e+01,-9.697498848386947756e+00,2.420975387296257164e+00,-1.974252632797112383e+01,4.898534296415770761e+00,-7.366593456398803141e+00,3.903386586121335711e+00,-5.753244152534193745e-01,5.474295320737498471e+00,2.632309558393278515e+00,-2.887228815874539389e+00,3.918449059519825362e+00,1.579738061518753955e+00,-1.675602299522680749e-01,-9.534291696830498708e+00,1.369986388038040914e+01,1.665628767330171067e+00
-2.261918322351228028e+00,-2.744400114719981332e+01,1.132680098027334559e+01,1.930625337218709348e+01,-1.783992449392459889e+01,-1.962537217748636920e+01,2.294611601229436104e+01,1.837715623465612458e+00,3.100526421927278165e+01,-1.537556243340465123e+01,4.891116221390976904e+00,-5.558129606231819508e+01,4.857583666330686611e+00,-2.099195812185747911e+00,2.284623426952382985e+01,-4.398737277398092615e+00,9.070626254099218855e+00,5.457012888124675953e+01,-1.300952193411355395e+01,-5.068668759742722685e+00,-1.950229952588151860e+01,-5.417619655499103182e+00,-2.541990154412177016e+00,1.872527917012689169e+00,5.603323490964373654e-01,-1.246150640346882277e+01,-2.075910791451779147e+01,4.750292167422195178e+00,7.791236670567682765e+00,4.251172742589651676e+01,1.424421820168342911e+01,2.559048850863501556e+01,1.338333462252189676e+01,1.098038160603758406e+01,-3.107837162307792767e+01,5.941924423498589292e+00,6.829247024564894630e+00,-2.603358106223595669e+01,7.456389394325774411e+00,3.885515360260752971e+01,-1.157074500217315283e+01,-4.228445127266970971e+00,-8.965030279166663618e-01,4.197287408768059436e+01,1.542450387485440721e+01,2.194851385836333435e+01,-3.170687471989787554e+01,-1.129788791398908110e+01,2.456995840579101298e+01,-1.201393744678238207e+01,4.370654417210468523e+01,-1.210286595113793062e+01,1.554914657260517785e+01,-1.868816399624647673e+01,-2.292567897607724170e+00,2.220835684817668110e+01,-2.542316940618026422e+01,-1.794953404694371102e+01,-1.208986589584658944e+01,1.477431499013328242e+01,1.027792874581916394e+01,-8.255657130330710913e+00,1.814821356656050710e+01,1.285108761299362534e+01,-2.273870138089768389e+01,-7.897847905395925849e+00,-1.355803275052234191e+01,-3.623594888875751963e+01,-3.917940916554264685e+00,7.733267784646404408e+00,-5.897424942138209225e+00,6.718751810689554960e-01,1.165431659169398726e+00,3.820064777875263928e+01,-2.234145392222054838e+01,-1.066339715419763046e+01,-4.590571021262177531e+00,2.177627821598866120e+01,7.437053387573121732e+00,9.696346897947581311e+00,3.053462736445194281e+01,1.476415523454119028e-01,4.911025737985689865e+00,-3.019650859791921249e+01,-2.065432488543080325e+01,4.987803481738968259e+00,-4.468024782390584448e+01,1.094596774704547926e+01,-1.718148141309144350e+01,6.974801870357907774e+00,-1.570830470439076310e+00,1.190391202089742428e+01,6.827956220120017683e+00,-6.113242716055330206e+00,6.098157721746622073e+00,4.322493301338842464e+00,8.016260935300667523e-03,-2.045882226643550794e+01,2.995958207947407459e+01,3.127049868498738228e+00
-6.643766516225720231e+00,-6.029123021584660336e+01,2.667012033215105049e+01,4.938784085145082514e+01,-3.848026348923468021e+01,-5.260802635472332867e+01,6.084774293253232713e+01,6.087810031128544352e-01,7.468538025646655854e+01,-3.365860318670238627e+01,8.170795282824320438e+00,-1.356487250844124048e+02,1.640822361829894760e+01,-6.953280574516591095e+00,5.071052172819082671e+01,-1.551076878845521989e+01,2.004859163169687264e+01,1.379182435399141013e+02,-3.140268122585098709e+01,-1.141932100561258423e+01,-5.046667859100851672e+01,-1.268654586249294169e+01,-5.143896498304863840e+00,2.212126895255562165e+00,7.194373287057478805e+00,-2.965751051772610225e+01,-4.656268186319802282e+01,7.683135058078221391e+00,1.756353368995208086e+01,1.008133324250821232e+02,2.088758570428977990e+01,5.865115405836354512e+01,3.142394067019152715e+01,2.998403533166317203e+01,-7.698713437407657523e+01,1.607879795815541257e+01,1.345323541586684257e+01,-5.650128053406506012e+01,1.678880020687026686e+01,8.281720775051446992e+01,-2.828171752220187685e+01,-1.312195832375162396e+01,-6.199285215807595506e+00,1.066864111319923012e+02,3.921565759206922763e+01,5.511072010664780407e+01,-7.719391068121670685e+01,-2.740066200338216262e+01,6.201547917986938785e+01,-2.600608198291415363e+01,1.085103530827143885e+02,-3.084243562255890936e+01,3.202399181458428501e+01,-4.394188547443052784e+01,-4.589631414891749195e+00,5.034668351977931167e+01,-6.023677953907421312e+01,-4.156477113982954563e+01,-2.913494543477314025e+01,2.626562785572078695e+01,2.164086346453497001e+01,-2.344956228766301010e+01,5.044475448994656119e+01,3.674366245759633642e+01,-5.625290560491274050e+01,-2.174588930658865848e+01,-3.223087571867425538e+01,-8.840980899045973729e+01,-8.528089991822334071e+00,2.219312163389172454e+01,-1.449771805595286622e+01,1.466116713640690294e+00,5.099921707885319400e+00,9.133619436410387493e+01,-5.561289222595869575e+01,-2.675274233392062229e+01,-1.161790471433065264e+01,5.564252432173652352e+01,1.582638920780653180e+01,2.244987431755616925e+01,7.083029112175987052e+01,1.393606377745886471e+00,7.728564678421887990e+00,-7.264648966714099743e+01,-5.044754546390079497e+01,1.277387180885020435e+01,-9.989776794504042812e+01,2.493612193771786778e+01,-3.673171611770926148e+01,2.173318053459739119e+01,-2.624619416807475680e+00,2.821736976251103002e+01,1.239140839725670418e+01,-1.505824987622537137e+01,2.278028143799669181e+01,7.196850075515247802e+00,-1.260665038834404950e+00,-4.943637025337643109e+01,7.043598149611746351e+01,9.113080897913903300e+00
-1.036915798363780672e+00,-1.327123463663629011e+01,5.416666200877737758e+00,9.099084005099202344e+00,-8.651129676300442384e+00,-9.167819342375080893e+00,1.074156278971010359e+01,1.005149347228593282e+00,1.477015252468026674e+01,-7.439304926376579807e+00,2.452682796200462256e+00,-2.641762357590452837e+01,2.154112714985097821e+00,-9.355672492091853254e-01,1.103020170864250638e+01,-1.928469403850725739e+00,4.382201046495181274e+00,2.577607692683062623e+01,-6.195197911355840859e+00,-2.441431592252367277e+00,-9.171867387132303762e+00,-2.593167844959827661e+00,-1.244210145774205634e+00,9.701111206093663286e-01,6.836728717465268002e-02,-5.948579104469046364e+00,-1.000606193234832375e+01,2.390640756308972659e+00,3.752458132123513757e+00,2.030552720327351679e+01,7.241649480451476606e+00,1.229230363948975224e+01,6.403141712383149553e+00,5.110707051514263632e+00,-1.473276385091260110e+01,2.770594423708750753e+00,3.355105725864944155e+00,-1.261268051956604452e+01,3.591863151633019502e+00,1.887577651638076048e+01,-5.498087113426628925e+00,-1.914566145113961504e+00,-2.898275204737601474e-01,1.980520645269090707e+01,7.277833571953111758e+00,1.037959617031753012e+01,-1.507657583072060703e+01,-5.375707788359598283e+00,1.160833641734006605e+01,-5.822792292790706092e+00,2.071099360382535437e+01,-5.708126641534321699e+00,7.591734354382322358e+00,-8.939076791343509854e+00,-1.123810262956366657e+00,1.068649278200033592e+01,-1.214503562673226789e+01,-8.607524225569452625e+00,-5.758878797687849271e+00,7.354845565199752855e+00,5.002035019793598991e+00,-3.811735091566307965e+00,8.416747635894310520e+00,5.925307991596675983e+00,-1.078188319331306566e+01,-3.669881572184715335e+00,-6.473245815607987730e+00,-1.722371114441441620e+01,-1.897307974965342314e+00,3.562817354454274721e+00,-2.799468716248893596e+00,3.252388855579489979e-01,4.772951286041874353e-01,1.822100738960759969e+01,-1.058187892087137527e+01,-5.043540489313954822e+00,-2.167806036212730714e+00,1.026538538404626344e+01,3.613765784760412991e+00,4.649905410769963332e+00,1.463840798110230779e+01,3.506973976725133446e-02,2.478820483641261507e+00,-1.438796454835972582e+01,-9.815589697941128122e+00,2.350273333546714305e+00,-2.154712205354888610e+01,5.262990696986498129e+00,-8.342983801513483400e+00,3.155059625531792200e+00,-7.876868367601308485e-01,5.686250438736316859e+00,3.390458855959116224e+00,-2.900897333067836481e+00,2.630134550138469862e+00,2.168359730069720825e+00,4.730359428998048843e-02,-9.740811009335963888e+00,1.433080780516355723e+01,1.435950513407689533e+00
-5.221702504264268185e+00,-5.236146912861533309e+01,2.257747700133012003e+01,4.060882861736427429e+01,-3.365225785322203933e+01,-4.258074652094393286e+01,4.942754163812880819e+01,1.651156875736097263e+00,6.271132936042101846e+01,-2.927086541067136949e+01,7.938973788027881895e+00,-1.133737183777490571e+02,1.237200882070784402e+01,-5.272139908965526089e+00,4.387059966948373813e+01,-1.155638942878840325e+01,1.737193806716435063e+01,1.138744523412396887e+02,-2.634847331525308078e+01,-9.824406380435050323e+00,-4.133357583902255072e+01,-1.076106198799705460e+01,-4.611582820679060113e+00,2.543742379148374422e+00,4.295783098023125746e+00,-2.501003335971778796e+01,-4.012512381698916641e+01,7.573821953526484130e+00,1.510712409578079907e+01,8.512466687964933953e+01,2.154694782264530417e+01,5.014093160525335691e+01,2.662883666066903032e+01,2.412143044243889634e+01,-6.400935670357986851e+01,1.297366010186901697e+01,1.219120216314048655e+01,-4.929635510352048300e+01,1.444709227678032448e+01,7.275727937148124624e+01,-2.362494258021056837e+01,-1.014135822887242711e+01,-3.999142003165882642e+00,8.791494090095103786e+01,3.231290741968912528e+01,4.560580880433673912e+01,-6.457328346778555783e+01,-2.295196712958244234e+01,5.122731539899017150e+01,-2.271238992292505188e+01,9.014877025637291297e+01,-2.539323141040079435e+01,2.851124917548252924e+01,-3.721754804326342025e+01,-4.132284145047217194e+00,4.321494662281445898e+01,-5.087854833606954230e+01,-3.540007549265778408e+01,-2.445998312374122463e+01,2.483819395212376691e+01,1.910183068115926375e+01,-1.862599742823173798e+01,4.034780338989887127e+01,2.912444880504532918e+01,-4.679216143512819315e+01,-1.744681483144819012e+01,-2.719110697838504009e+01,-7.389952402116702501e+01,-7.432356426097847191e+00,1.757043352907419376e+01,-1.208615501199822084e+01,1.276532416386044089e+00,3.597715969127042168e+00,7.689603413206776850e+01,-4.616014414697290391e+01,-2.214503754224033472e+01,-9.587991237326461302e+00,4.576968198334934357e+01,1.391243846964049524e+01,1.912127913557465320e+01,6.028689682766480473e+01,8.602495501482237961e-01,7.714008901185805733e+00,-6.102642774393339664e+01,-4.215180322205316088e+01,1.049917280485729165e+01,-8.618894979637757103e+01,2.136532602935940517e+01,-3.223256717974936691e+01,1.677604881582330520e+01,-2.549943925576356740e+00,2.382975121314072808e+01,1.161573458014594884e+01,-1.254467491786592426e+01,1.671210441774995559e+01,7.003011146145757593e+00,-6.763619576304589209e-01,-4.146405814339524198e+01,5.965994737904836143e+01,7.180047876421502551e+00
-2.195569595320121081e+00,-2.510131699695618224e+01,1.049511952135340920e+01,1.818604112836305831e+01,-1.626318674557077770e+01,-1.866856653392998666e+01,2.177731885066301132e+01,1.421377289499516250e+00,2.885583692649949938e+01,-1.405401013298338952e+01,4.278767382779371964e+00,-5.186169654853753741e+01,4.877082230447978617e+00,-2.097215834977165905e+00,2.093538315337635680e+01,-4.465772490304339648e+00,8.305531264346575071e+00,5.127671949555988817e+01,-1.211259061907577639e+01,-4.657492600486329515e+00,-1.841440422574569880e+01,-5.014543301449491786e+00,-2.291658600722366046e+00,1.568771484724735821e+00,9.638112914046530477e-01,-1.157039344898652899e+01,-1.905951601295462439e+01,4.136471656827474419e+00,7.159995577945037049e+00,3.944438020851792004e+01,1.224082521763200049e+01,2.359006900321452349e+01,1.239395246605594636e+01,1.048666472653902559e+01,-2.908474595531739126e+01,5.663647249276070106e+00,6.128996358791906296e+00,-2.375896664948547254e+01,6.850771528962336099e+00,3.534593387927250063e+01,-1.079964761344330171e+01,-4.157544166009612852e+00,-1.140085375851813021e+00,3.948559010930436841e+01,1.451119553352989655e+01,2.059655727343100651e+01,-2.957075226632141352e+01,-1.052876914566499877e+01,2.308094008998065760e+01,-1.095910232713032606e+01,4.092106564810976010e+01,-1.139167039226332356e+01,1.406020892022367619e+01,-1.731132632725418929e+01,-2.063049779380877968e+00,2.043047484174955031e+01,-2.358485156739449096e+01,-1.657865206256242985e+01,-1.125271832451986675e+01,1.304454868063351114e+01,9.329552417091452554e+00,-7.953012860502894910e+00,1.739937781766083091e+01,1.239822825598332301e+01,-2.127435645001750331e+01,-7.556302325556015553e+00,-1.258576154797874125e+01,-3.380902946484586380e+01,-3.577505198498301286e+00,7.466980911527625331e+00,-5.510688476192394880e+00,6.137720708863096952e-01,1.258145457389880706e+00,3.550083480521881540e+01,-2.092862915955510772e+01,-1.000489600574305626e+01,-4.314723953552401348e+00,2.050790705437842476e+01,6.763465487244403995e+00,8.955535832895831660e+00,2.821186924771295068e+01,2.159599319382037030e-01,4.260199132429173474e+00,-2.809627902633855712e+01,-1.927510585117624231e+01,4.699487476701198929e+00,-4.099796157873608138e+01,1.007888330936456889e+01,-1.563809255766430084e+01,6.864553827983549184e+00,-1.374205463295104401e+00,1.104411239761071428e+01,6.047671117045580580e+00,-5.714622733113566611e+00,6.287738008861639472e+00,3.779514575519616670e+00,-8.940813744964232201e-02,-1.905227023348491855e+01,2.775167699883198225e+01,3.029892496816942504e+00
-6.359197620356605185e+00,-5.062612307491924923e+01,2.322732844534478502e+01,4.472109829430637262e+01,-3.197979437822909787e+01,-4.859914098329308274e+01,5.595814187431884079e+01,-1.086700628082033937e+00,6.577506441143526672e+01,-2.820710858293178092e+01,5.661115002584069522e+00,-1.202152971505444441e+02,1.645154384875581499e+01,-6.929958580376913702e+00,4.282364342850360117e+01,-1.574949326339105937e+01,1.689128722963711127e+01,1.242140667234255318e+02,-2.768398776010263518e+01,-9.721111714312172580e+00,-4.592907021034386617e+01,-1.101851387985090547e+01,-4.113965803985720981e+00,9.712384778220224391e-01,8.820397098871355368e+00,-2.596632419137998582e+01,-3.954455613013429627e+01,5.168536920986248617e+00,1.495635718311119078e+01,8.811049729920655693e+01,1.268961318696021578e+01,5.038237533749583008e+01,2.732900374883076466e+01,2.790919829218514181e+01,-6.870574620817485822e+01,1.491114583877100763e+01,1.057427198134192281e+01,-4.712148010691448974e+01,1.428758941947618588e+01,6.835583351351775150e+01,-2.508191351005482872e+01,-1.280464352679385165e+01,-7.176849643210419849e+00,9.633104940849651143e+01,3.541317094390885245e+01,4.948841000724335970e+01,-6.833222708432278125e+01,-2.421084356410210248e+01,5.582028504697285598e+01,-2.165670113492732085e+01,9.693758733670493655e+01,-2.788075965330174100e+01,2.589496891556408897e+01,-3.824285033732485317e+01,-3.645610638715345520e+00,4.300167587448300566e+01,-5.262413652320483948e+01,-3.589518929747931253e+01,-2.566449983896885101e+01,1.916927772945613739e+01,1.773426326966922772e+01,-2.216657498488908473e+01,4.728688003313977362e+01,3.482024098520074773e+01,-5.017076238868589400e+01,-2.030834677850992165e+01,-2.820379438029172903e+01,-7.834020424576006292e+01,-7.124081883351313316e+00,2.106083658238887324e+01,-1.289219937826566209e+01,1.226467467894971630e+00,5.465992187125227275e+00,8.014971897264604195e+01,-4.974179762699851892e+01,-2.401446654688554716e+01,-1.046993447346478767e+01,5.035916872927479915e+01,1.305071069525530447e+01,1.938611321241682361e+01,6.122312874964685392e+01,1.668544929222271822e+00,5.063283277593293441e+00,-6.394084312358032918e+01,-4.472453772415384776e+01,1.157262573388564597e+01,-8.469466075872382760e+01,2.135307665302130076e+01,-3.037078755645369199e+01,2.123685138624289337e+01,-1.818759767722603282e+00,2.465676389747387276e+01,9.189103574104729333e+00,-1.340314474283616342e+01,2.350170137373694956e+01,4.971585710243127565e+00,-1.654332343703027064e+00,-4.360436023509478787e+01,6.129703956754175209e+01,8.697725751239650194e+00
-3.903426966194699421e+00,-5.727963035958663340e+01,2.276854084429221103e+01,3.689017449142242810e+01,-3.758208825604975800e+01,-3.632640752448055110e+01,4.279621833707788880e+01,5.509329499139042241e+00,6.150485027843291164e+01,-3.214947253816766448e+01,1.146527920237815046e+01,-1.093945904483331049e+02,7.337879603824470465e+00,-3.238179002359007796e+00,4.742954005569412601e+01,-6.326217718878850427e+00,1.887240528234878667e+01,1.050916983511183957e+02,-2.577494464814262898e+01,-1.044037740634073863e+01,-3.698293081527802428e+01,-1.092428952827667921e+01,-5.520579839979077974e+00,4.836583018727372618e+00,-1.741785078686755917e+00,-2.489538811280229424e+01,-4.285990189060179034e+01,1.125839691591574443e+01,1.604317251649460374e+01,8.510574252926683414e+01,3.480953635846579175e+01,5.222385816775933876e+01,2.694568188917986973e+01,2.005615051334133270e+01,-6.061214533241807345e+01,1.092483608661025407e+01,1.501024105509334738e+01,-5.467342555378765923e+01,1.536339237971177774e+01,8.233783039303813212e+01,-2.275254846895952454e+01,-6.954353458400639454e+00,1.938103110308575516e-01,8.053596504632669451e+01,2.959119935987146377e+01,4.244491824174765782e+01,-6.249704632764017020e+01,-2.232054100292780419e+01,4.735690643077673201e+01,-2.526382751489194334e+01,8.512331528327409558e+01,-2.318373983846691999e+01,3.349594163376307421e+01,-3.759590373125414686e+01,-5.003081601674463919e+00,4.559169591037348823e+01,-5.092109890531291683e+01,-3.642258299692414170e+01,-2.397624771704889213e+01,3.385893636090131054e+01,2.190971957305144002e+01,-1.463706349923320360e+01,3.271520108650417313e+01,2.266692262257672752e+01,-4.438402535287826822e+01,-1.433823277568878574e+01,-2.710372678272160840e+01,-7.133180497784948670e+01,-8.215960793917009397e+00,1.359988242910065281e+01,-1.155610439488837393e+01,1.407141235320645611e+00,1.192609818086185491e+00,7.611092023932805262e+01,-4.344131339148184168e+01,-2.063208387522140441e+01,-8.832810555213162829e+00,4.164109181415080485e+01,1.577213901459596279e+01,1.967717372815655708e+01,6.189982880208187055e+01,-2.138527094629235348e-01,1.174407978471940694e+01,-5.994483900544817345e+01,-4.063226430588068183e+01,9.523590528161907542e+00,-9.240447179635742714e+01,2.241176702593852355e+01,-3.635526816379186243e+01,1.142793796466189882e+01,-3.681950102853363216e+00,2.383665253633968106e+01,1.552453827866640346e+01,-1.196436497557978562e+01,8.146865851750126453e+00,1.014410429835450600e+01,6.407754379530955502e-01,-4.050819303799092097e+01,6.027538790326089213e+01,5.431436675494681232e+00
-4.062752710201333883e+00,-5.773960642358458983e+01,2.308791034612030302e+01,3.771941948063864913e+01,-3.782947622098802753e+01,-3.734364682140967773e+01,4.393759015241992216e+01,5.291553985151711714e+00,6.250089943743794407e+01,-3.239849701569082185e+01,1.136060244267745745e+01,-1.113080945407242410e+02,7.835226801166506050e+00,-3.443137188168360119e+00,4.785016015528694311e+01,-6.823891623541763707e+00,1.903324277888386007e+01,1.073138644680923335e+02,-2.619761845114864585e+01,-1.054592600016646742e+01,-3.786245479671287484e+01,-1.107198364419074110e+01,-5.531242983502995259e+00,4.730094662098739633e+00,-1.300025240068104937e+00,-2.526963454470760695e+01,-4.327724875020634698e+01,1.113843342865036057e+01,1.620617471828979461e+01,8.635624616407459087e+01,3.429385472756050746e+01,5.282908834863622616e+01,2.731662064369001186e+01,2.066516373412470386e+01,-6.176466101138144182e+01,1.124375652894985222e+01,1.501233547077890407e+01,-5.505963141266856553e+01,1.551794648186102421e+01,8.280468794739928740e+01,-2.315399755843795404e+01,-7.303099867547178548e+00,-1.278902294316458521e-01,8.228908751363915997e+01,3.023615616652615046e+01,4.331251411996325373e+01,-6.357497871221470120e+01,-2.269699829122208712e+01,4.835151069740498286e+01,-2.543711982202501076e+01,8.676159477268342357e+01,-2.369501190589808814e+01,3.360171106336233038e+01,-3.811838745310881649e+01,-5.009106518465928026e+00,4.607684776516782676e+01,-5.166513956693920306e+01,-3.687798773549126707e+01,-2.436557305177368349e+01,3.365763288823674060e+01,2.201393595935105552e+01,-1.516063511123731544e+01,3.378612218946391721e+01,2.349941818584542474e+01,-4.522181510809063809e+01,-1.478927722363664365e+01,-2.750827310971579820e+01,-7.257744100419854760e+01,-8.275887906169838715e+00,1.410680916629690529e+01,-1.176673268367288117e+01,1.417683437751000586e+00,1.396274149584179503e+00,7.728871799288168631e+01,-4.428931614951203954e+01,-2.105199326096596835e+01,-9.020896549009743026e+00,4.257179284301579258e+01,1.585967046579372131e+01,1.992293453716568408e+01,6.268344534659360789e+01,-1.338530869941864931e-01,1.160450208751877987e+01,-6.090832612079085351e+01,-4.134621239133619497e+01,9.738874260587229159e+00,-9.327953220470922702e+01,2.265969207805162000e+01,-3.656972226453581953e+01,1.200961511567063589e+01,-3.648367469008700237e+00,2.418595262192898687e+01,1.544983017058684460e+01,-1.218487522306621251e+01,8.929402654140092821e+00,1.004985394656108255e+01,5.482299433151598400e-01,-4.117669045603555134e+01,6.111237196339683919e+01,5.646497027257434631e+00
-3.631613745743619504e+00,7.800112258457784442e+00,1.340771147320276802e+00,1.231498064352267008e+01,6.887721117633007317e+00,-1.865445351557110953e+01,2.012134859680715238e+01,-9.273631040378198520e+00,7.959162531892909342e+00,4.675549978804359519e+00,-7.961453133650233660e+00,-1.877234523249738274e+01,1.326254732500392031e+01,-5.380402420039992251e+00,-5.165905197975993346e+00,-1.367521213249316503e+01,-2.267920004140540513e+00,3.052306130197509759e+01,-3.506493968004033235e+00,7.155510496017678523e-01,-1.391368812662990351e+01,-4.631293763152597442e-01,1.847022093566896839e+00,-5.386123065668250831e+00,1.506258009324431413e+01,-2.280695927073776996e+00,3.456397193700254000e+00,-8.376512838043550957e+00,-1.073157973352403705e+00,6.857477702219247462e+00,-3.060845664494298290e+01,-1.065837699649533121e+00,1.358305538806563906e+00,1.184075467155764017e+01,-1.340376137007092439e+01,6.032882334051394402e+00,-5.896977712684054573e+00,9.164134891181880960e+00,-1.077827165659075659e+00,-1.753445205017073505e+01,-4.017164885394848284e+00,-8.580997270171314639e+00,-1.054189752296133875e+01,2.502364448969706956e+01,9.220741673981763142e+00,1.135506048775256538e+01,-1.022851193839598949e+01,-3.375865727661426785e+00,1.353459000348898833e+01,4.402734429205146682e+00,1.946479243382239233e+01,-7.418335525253255014e+00,-9.870708399129046740e+00,-2.055617822405182871e+00,1.792247862752954113e+00,-2.336331545046379077e+00,-3.967369126479795671e+00,-3.398279150269294391e-01,-3.136479458142384047e+00,-2.000400507758166668e+01,-5.316833954962442377e+00,-1.121490948923853637e+01,2.183581851229268622e+01,1.807307863148820459e+01,-9.614864974777566076e+00,-8.974366367321051641e+00,-2.388748055893048505e+00,-1.217293359060978197e+01,1.315622980817896082e+00,1.108563232465836457e+01,-2.259284977452615806e+00,-2.162651058864761833e-01,6.151228014321268311e+00,8.066930568541366142e+00,-1.032172881213909221e+01,-5.460354062742900361e+00,-2.608231094443465903e+00,1.372730555309098044e+01,-3.420502271253133220e+00,1.748072509671396713e-01,8.917916798611464912e-01,2.687362951548806667e+00,-9.207572173513568714e+00,-7.519876012255187980e+00,-7.077271125831238407e+00,3.218452244379053084e+00,8.256175664012319615e+00,-8.415246813094801048e-01,7.471513951539825449e+00,1.438038994971469542e+01,2.555655251966544306e+00,1.889938789247980200e+00,-8.599736888894437215e+00,-2.418499995470923203e+00,2.221823490341343543e+01,-7.097245100023576114e+00,-3.265138745070990112e+00,-5.648073061761997415e+00,3.273387064788925827e+00,4.837418270457256142e+00
-4.750567342922092706e+00,-3.917005559294339889e+01,1.779031597605174042e+01,3.389483128352127750e+01,-2.481527492731717643e+01,-3.664015595009773563e+01,4.223824270559502025e+01,-4.935202850858777524e-01,5.022544647749793967e+01,-2.183631144000565527e+01,4.640839682131184141e+00,-9.164025165702803122e+01,1.214768612512492751e+01,-5.124611243778758762e+00,3.308050513094409695e+01,-1.159330049666415263e+01,1.305669062583476503e+01,9.427925664197924505e+01,-2.113356854720795042e+01,-7.492571775307733439e+00,-3.476380236731898776e+01,-8.445679296781486656e+00,-3.227650513035821511e+00,9.440742393170515889e-01,6.220410721639209939e+00,-1.985941448879496107e+01,-3.049913711865536214e+01,4.277784803432441052e+00,1.152662995182611638e+01,6.742058809419519605e+01,1.087207416429929552e+01,3.873513753818939165e+01,2.093994229709954524e+01,2.099997879134124545e+01,-5.227607174492135300e+01,1.123052201541875839e+01,8.338427224265345217e+00,-3.652850526080554516e+01,1.101315794918191848e+01,5.314533252356444848e+01,-1.911627421587743214e+01,-9.518905335859264127e+00,-5.124377889834185851e+00,7.306613070834013968e+01,2.685974033796785321e+01,3.759165033506519649e+01,-5.210598838339865324e+01,-1.847084237827046849e+01,4.237464515094770690e+01,-1.679526856008336466e+01,7.373645204812791576e+01,-2.114080779163634816e+01,2.025157913431809931e+01,-2.929661838256939888e+01,-2.865917883605251681e+00,3.311316101760234432e+01,-4.027177311499694667e+01,-2.755662141951598798e+01,-1.959612125829438867e+01,1.545868156498473134e+01,1.381628328229044733e+01,-1.661240620284266356e+01,3.551525936897751023e+01,2.607872529930954286e+01,-3.817973781181228787e+01,-1.526761784369677422e+01,-2.157391781306577272e+01,-5.972104317208690105e+01,-5.520008568621498135e+00,1.576790456879007252e+01,-9.818685590106566607e+00,9.499371754279217761e-01,3.971865638341030458e+00,6.126186427526268119e+01,-3.782427278029282292e+01,-1.824334163524379449e+01,-7.945441702391640604e+00,3.817317324191638050e+01,1.014935071703403935e+01,1.488297773845061833e+01,4.698931615592587008e+01,1.182667556262753994e+00,4.227514368758720664e+00,-4.883284035667799117e+01,-3.409013314334939082e+01,8.769912288866011707e+00,-6.535300184237597421e+01,1.643107825403899724e+01,-2.360095907440411267e+01,1.578189981542516840e+01,-1.490894808847619712e+00,1.886798656133762719e+01,7.373971918622920896e+00,-1.020525818002860774e+01,1.723310479528924333e+01,4.079461722002297286e+00,-1.150499152322354668e+00,-3.328235701680392822e+01,4.695848006209288172e+01,6.502308764329790769e+00
-3.463925470908653548e+00,-6.176171542039636364e+00,5.701354725240534549e+00,1.665116743521066667e+01,-2.758558622094336776e+00,-2.116805860538052997e+01,2.358186770941894750e+01,-5.636073222988240872e+00,1.857145664677541319e+01,-3.249012868012354005e+00,-3.441908792284364971e+00,-3.640578545999783699e+01,1.121576592089798652e+01,-4.604243699269066070e+00,6.059094328805977092e+00,-1.130762038332920660e+01,2.255696329209723405e+00,4.410263638852617873e+01,-7.907788714919993467e+00,-1.641908918811544105e+00,-1.783896601201607979e+01,-2.603802346868667961e+00,2.053106095589984914e-01,-2.934027452718572349e+00,1.064871152860428261e+01,-6.829413420421319714e+00,-6.361078981664230803e+00,-3.788193380690154655e+00,2.542324594214638189e+00,2.266011258867148825e+01,-1.515487456273985956e+01,1.005016976044761812e+01,6.580351128788593407e+00,1.281380054813238090e+01,-2.236603648438004299e+01,6.675089042128019123e+00,-1.197804505035929168e+00,-4.638720908469915472e+00,2.397951202486939160e+00,4.257036621375526408e+00,-7.654330468680463184e+00,-7.714289785614664829e+00,-7.665340028208395218e+00,3.499095209987441990e+01,1.287592523169700165e+01,1.710136229630056093e+01,-2.043596591352106984e+01,-7.095995300558295860e+00,1.971303372905354223e+01,-2.020605358758176706e+00,3.187898818221156461e+01,-1.022980585573102097e+01,-2.691467980579389518e-01,-9.298496705709426990e+00,2.725831549062769366e-01,7.746253316728179961e+00,-1.345901575353474833e+01,-7.801049668886951949e+00,-7.264347953861711282e+00,-7.600740398643758056e+00,6.569363964790326804e-01,-1.123263124202820684e+01,2.274462939071777257e+01,1.791065028768912626e+01,-1.623147499006150696e+01,-9.532955261927217094e+00,-7.366318620865933475e+00,-2.368921983874538739e+01,-7.420312100288926072e-01,1.092306516920088910e+01,-4.047704478770268288e+00,1.337099106095723799e-01,4.743500427180199708e+00,2.167897087694177571e+01,-1.655266983394045610e+01,-8.269516371152938916e+00,-3.738056999424216542e+00,1.866865588013910582e+01,7.703470985652178804e-01,4.208069627631702225e+00,1.348751307093171725e+01,1.919964928110274638e+00,-4.294938491388645474e+00,-1.792687628063480432e+01,-1.359866571212125308e+01,4.327335457050232925e+00,-1.312636770745901948e+01,4.032239023109889686e+00,-2.077443484854789801e+00,1.288096757882719956e+01,1.104542929134106455e+00,6.324250742035019357e+00,-3.066722464883902433e+00,-4.248739297890984368e+00,1.792961825304557522e+01,-3.084183051034480982e+00,-2.253758754359417527e+00,-1.252827537672088276e+01,1.489147706043340413e+01,4.662151099232053397e+00
-3.297461659117699284e+00,-3.473590047700886885e+01,1.479992440847240331e+01,2.624573279872704035e+01,-2.239526512528244240e+01,-2.730333948053086246e+01,3.175148395582860417e+01,1.436331045469596113e+00,4.094839737251452050e+01,-1.942980574021171236e+01,5.522645593643591866e+00,-7.386368494676254670e+01,7.636887323034303066e+00,-3.264585486189239827e+00,2.905145039951140973e+01,-7.084818978008776469e+00,1.151222871396991820e+01,7.374922231547279239e+01,-1.719853611455654985e+01,-6.489129776601317623e+00,-2.666205935428396856e+01,-7.060705687111341611e+00,-3.103077741760664754e+00,1.876606760693014575e+00,2.256680216652362514e+00,-1.636446209323019119e+01,-2.652325725540329060e+01,5.298140094107799847e+00,9.977397999319070010e+00,5.573260912456429850e+01,1.532880826132301166e+01,3.302096521111167959e+01,1.746408521101128031e+01,1.541889028280712637e+01,-4.159654513939143072e+01,8.305694611868030819e+00,8.241616711662363315e+00,-3.277130975472873331e+01,9.543431703898377805e+00,4.851911919065747725e+01,-1.538781795334394431e+01,-6.346476701612075111e+00,-2.232308061333893257e+00,5.688180269253704324e+01,2.090587579521332984e+01,2.956880367144971089e+01,-4.208740313963980384e+01,-1.496938341763818414e+01,3.318408588163843831e+01,-1.510559742650718640e+01,5.856108499341411999e+01,-1.642246545099709465e+01,1.912638197843062215e+01,-2.440258042474084377e+01,-2.785745329213050958e+00,2.851331470486552533e+01,-3.331603549963408994e+01,-2.327192486758668721e+01,-1.597033793527385725e+01,1.709312793070027681e+01,1.276524092563904489e+01,-1.182785147134298853e+01,2.571443798113172718e+01,1.847428118553686005e+01,-3.041486652219481712e+01,-1.113685760344695019e+01,-1.779500434190995151e+01,-4.814839188589220953e+01,-4.938399322098881328e+00,1.113842637499606347e+01,-7.864458177142052087e+00,8.478205485395921004e-01,2.134101941217066312e+00,5.027446099595749729e+01,-2.997245240972259239e+01,-1.435988597032596559e+01,-6.208085788195674581e+00,2.958699303611073361e+01,9.280240745017856341e+00,1.257061361243612829e+01,3.962063735016313615e+01,4.643359871493384916e-01,5.421738664961834431e+00,-3.985672806135575286e+01,-2.745846877152113308e+01,6.784376642224652976e+00,-5.700349596157225562e+01,1.408504525104819116e+01,-2.148349902816148571e+01,1.049146847748947309e+01,-1.773778892940598650e+00,1.560287841914356299e+01,7.965180480484723269e+00,-8.160040751028610373e+00,1.015337236105973062e+01,4.874365426147894809e+00,-3.215594119097827663e-01,-2.706007836792293375e+01,3.911830191486198061e+01,4.540039938517935525e+00
-1.350393674403224775e+00,-1.477378775984834292e+01,6.239113831740852767e+00,1.094589294174701521e+01,-9.547238245173300442e+00,-1.131737516360209206e+01,1.317988017783369514e+01,7.175108955759699203e-01,1.721175114120067917e+01,-8.267559227462399463e+00,2.428933844517216833e+00,-3.099437176008642680e+01,3.069709775585915956e+00,-1.315669438821480464e+00,1.233991979570720687e+01,-2.831466853345127266e+00,4.892574648343273047e+00,3.080603530613981533e+01,-7.227074763692295178e+00,-2.751107550982348382e+00,-1.110280863982715971e+01,-2.978641120925574537e+00,-1.333493250547148623e+00,8.572872469326273670e-01,7.743635784198728000e-01,-6.889159428686931541e+00,-1.125103534871690059e+01,2.338991847649389832e+00,4.229658809324607027e+00,2.347331556885599468e+01,6.843181548418939997e+00,1.396877235558226893e+01,7.364893708642477499e+00,6.375652889862694295e+00,-1.742083705300047569e+01,3.438487050510563137e+00,3.553498347256620615e+00,-1.395971389140582275e+01,4.046301636732578366e+00,2.071511079945744527e+01,-6.455705072293119962e+00,-2.580087540179040850e+00,-8.179074987556704812e-01,2.374264175652221098e+01,8.725894790200083406e+00,1.236179869986465363e+01,-1.766611426148171660e+01,-6.286495017142738284e+00,1.386381236919153892e+01,-6.436713728125655010e+00,2.451858854458198067e+01,-6.852481088316467073e+00,8.201197460783211213e+00,-1.028909414727593941e+01,-1.198722549114684899e+00,1.207877825562701801e+01,-1.403353254792514093e+01,-9.831666885244127130e+00,-6.712392631805998100e+00,7.462551998089379524e+00,5.458466196846872620e+00,-4.865380003563133826e+00,1.060794479384744804e+01,7.592760707930462871e+00,-1.274010818376565624e+01,-4.600022840562207449e+00,-7.492481014451930932e+00,-2.020458881096222470e+01,-2.102849586004642557e+00,4.575539147350699665e+00,-3.296947898982931058e+00,3.609012354797116462e-01,8.286974652058939350e-01,2.115206238883666856e+01,-1.254470572166770914e+01,-6.004067448596821954e+00,-2.592737617607258294e+00,1.234123113053982301e+01,3.962968814847573018e+00,5.310798871449386560e+00,1.673476031818118059e+01,1.642398611187667057e-01,2.401128434813206258e+00,-1.675559705035933078e+01,-1.152083218052203861e+01,2.829034691289279646e+00,-2.419046158156234227e+01,5.962967952107303127e+00,-9.168840151620944567e+00,4.262863991022332044e+00,-7.801148316248218695e-01,6.571935677777632989e+00,3.468856369628757985e+00,-3.419977416267265369e+00,4.026615585921273777e+00,2.144649465402054922e+00,-9.701461845112008264e-02,-1.136947808894192846e+01,1.649408525374182588e+01,1.861198582879954655e+00
-5.295505533495107109e+00,-5.018439050241682509e+01,2.194909899311175749e+01,4.013196778090814121e+01,-3.212938995221619365e+01,-4.245951737711195761e+01,4.918570388015141504e+01,9.869147324521643228e-01,6.124534455271462008e+01,-2.803305218568770485e+01,7.161663263921752787e+00,-1.110125930776141843e+02,1.285418055615486921e+01,-5.459716032260946150e+00,4.213689481783175239e+01,-1.209168216966841314e+01,1.667075613089759401e+01,1.122726697987856852e+02,-2.574324759762408377e+01,-9.465274160729549635e+00,-4.093917734020021015e+01,-1.044995318341791446e+01,-4.343309930953267894e+00,2.107634901950063533e+00,5.153129921531005131e+00,-2.436643232872386378e+01,-3.862312064821949065e+01,6.780721860953289770e+00,1.455667306860303611e+01,8.287437704071732014e+01,1.884347262656475408e+01,4.847864158152399483e+01,2.587298496321625763e+01,2.413675726223991092e+01,-6.286136121992313974e+01,1.295975994749177396e+01,1.141508514162008936e+01,-4.712660377350226781e+01,1.391728918762580669e+01,6.929042185885080585e+01,-2.313987982373150132e+01,-1.038549272483327002e+01,-4.567659927225771632e+00,8.677455357989639140e+01,3.189530260215697766e+01,4.490696433794489195e+01,-6.319789961619553509e+01,-2.244596228356890677e+01,5.049378048015296372e+01,-2.170080674102745277e+01,8.857071957175755017e+01,-2.507641418519860821e+01,2.695480866320609792e+01,-3.617150963498928462e+01,-3.882842640342818452e+00,4.168873685159388742e+01,-4.952489949818376402e+01,-3.429854434201852342e+01,-2.389030557664189658e+01,2.272983928169386303e+01,1.814457585877626400e+01,-1.877451454694537958e+01,4.050735728275084568e+01,2.939210096694935004e+01,-4.594084276675426537e+01,-1.748495349083704653e+01,-2.648538557462751086e+01,-7.235631357455136481e+01,-7.109582584047543286e+00,1.774393583412393482e+01,-1.185147402093297231e+01,1.221734703618618134e+00,3.889309385203497449e+00,7.498679541476502663e+01,-4.537552659403926469e+01,-2.180217458631354788e+01,-9.455648193386506861e+00,4.522214090458333402e+01,1.324505510927317609e+01,1.852571203459967819e+01,5.843162535028050542e+01,1.010232585314971177e+00,6.861629619826135063e+00,-5.958495703045737457e+01,-4.128040067052540962e+01,1.037815847743136111e+01,-8.290776175392208813e+01,2.063145910981867104e+01,-3.071625928551916473e+01,1.719214094560062733e+01,-2.300376664078737754e+00,2.319784430355299776e+01,1.067957695813772645e+01,-1.230593998078843399e+01,1.764732029453513107e+01,6.312432606537892177e+00,-8.703015619821877769e-01,-4.052020164200999375e+01,5.798170475253488121e+01,7.271225196555390013e+00
-4.063808937383230457e+00,-3.921899950788676392e+01,1.707357340087732922e+01,3.105228678674549059e+01,-2.514077644716391902e+01,-3.275901347604916225e+01,3.797343185645281949e+01,9.240396331558433651e-01,4.757034102461200575e+01,-2.191310681094275736e+01,5.711537603115775852e+00,-8.615265046694409534e+01,9.789896960405316761e+00,-4.162418644557689618e+00,3.290672553144308665e+01,-9.189078873653066637e+00,1.302274841023247376e+01,8.693728784491723616e+01,-1.999253801208569215e+01,-7.384435502906629978e+00,-3.165423883069815147e+01,-8.131653160010348103e+00,-3.413918490500734926e+00,1.731844991731091632e+00,3.761439887067795418e+00,-1.894067684017731779e+01,-3.014123127865840601e+01,5.421776873909071703e+00,1.135608803456270621e+01,6.443552855429038573e+01,1.518978113534679864e+01,3.777759918325821076e+01,2.012957278476967105e+01,1.860164921310884978e+01,-4.873784816342303827e+01,9.993232080809313800e+00,8.989923564455917671e+00,-3.686015427737081041e+01,1.085815367487871086e+01,5.426363598805247790e+01,-1.795623529176080169e+01,-7.945467578468604408e+00,-3.381143870905142901e+00,6.716906360092940531e+01,2.468862360680599011e+01,3.478758427515384710e+01,-4.905316281766660325e+01,-1.742648878489602637e+01,3.910261645433205757e+01,-1.697638606175848963e+01,6.866120046319771575e+01,-1.940762016895279984e+01,2.116028997048932325e+01,-2.813935645233830130e+01,-3.054345571837420614e+00,3.251026122519534312e+01,-3.850821536916357246e+01,-2.670925433817143002e+01,-1.855548961232338101e+01,1.803922163611970220e+01,1.422176903497585698e+01,-1.443551117158662578e+01,3.118519757346100008e+01,2.259061333888871914e+01,-3.562201547201500773e+01,-1.346860922875379707e+01,-2.058930789219909840e+01,-5.615403094850969268e+01,-5.559651811374014763e+00,1.363496455547914010e+01,-9.193203634772705968e+00,9.552249384280102618e-01,2.926325936308900921e+00,5.827167598355163136e+01,-3.516985356466811652e+01,-1.689013005361536202e+01,-7.321263147370670410e+00,3.499333746247963006e+01,1.037379505615503916e+01,1.442664660566026846e+01,4.549713211236486643e+01,7.418501217017983151e-01,5.498716071950230599e+00,-4.628443259470707716e+01,-3.203452864411390522e+01,8.029579848512215179e+00,-6.471469174575192085e+01,1.608382534820565368e+01,-2.404987555658594900e+01,1.314998599699689130e+01,-1.834558963678857957e+00,1.803701543259575146e+01,8.462312653974851884e+00,-9.544517740555967578e+00,1.337323549066114126e+01,5.035600691859891676e+00,-6.231806346248031092e-01,-3.146635348897324747e+01,4.510679872576353944e+01,5.582488331145199822e+00
-5.098127811105690910e+00,-3.192745370322401399e+01,1.580871072376477215e+01,3.273338764145706392e+01,-1.970569031506100188e+01,-3.681530499375274701e+01,4.206970266618920107e+01,-2.912191395908052094e+00,4.574882756699715003e+01,-1.771112009236717100e+01,1.898056930806300890e+00,-8.461058009212419506e+01,1.410129781086668110e+01,-5.891307810870080708e+00,2.734458511750720433e+01,-1.373037023042022042e+01,1.073143481869324312e+01,9.004937043874774361e+01,-1.929209953980809189e+01,-6.315135630388763133e+00,-3.391618320221888894e+01,-7.458508821933319766e+00,-2.308329210537457321e+00,-6.226147650504918474e-01,9.435950501935607804e+00,-1.785730135047736056e+01,-2.556067852116932571e+01,1.471610783150117285e+00,9.722658525776703087e+00,6.038654860351759623e+01,1.244270453126627984e+00,3.335328789516796633e+01,1.854863488101839408e+01,2.140811403177838557e+01,-4.898778813903426510e+01,1.136860340751536924e+01,5.662045242503218390e+00,-2.926814992325655851e+01,9.275493851185892424e+00,4.145700767836672185e+01,-1.767698634155372872e+01,-1.056460475225964935e+01,-7.273423376443928667e+00,7.015444922330058830e+01,2.579522852136382127e+01,3.568673452163906745e+01,-4.798970798641487789e+01,-1.694472574436211332e+01,4.042413550315913540e+01,-1.340639376169760766e+01,6.924784022169377806e+01,-2.034603040402365437e+01,1.494355820089731068e+01,-2.599256804510548946e+01,-2.008859227170096684e+00,2.813074255552140102e+01,-3.603570834357301322e+01,-2.402199171397469257e+01,-1.785784016605783009e+01,8.067430926280572123e+00,1.057454703707720256e+01,-1.743020703607379218e+01,3.669042427604335188e+01,2.748774766978514350e+01,-3.573139909646276635e+01,-1.566230547989125199e+01,-1.937516432751557360e+01,-5.512358814663316764e+01,-4.441396295695431817e+00,1.666219478457615111e+01,-9.131902672722416625e+00,7.670346844646755979e-01,5.096667117178633077e+00,5.536203939014118447e+01,-3.561201049818939168e+01,-1.730541157898070992e+01,-7.598575030513460504e+00,3.682706545367820183e+01,7.897938136965484190e+00,1.297163171200895171e+01,4.104573920991521163e+01,1.746775474028129160e+00,1.205385524700816724e+00,-4.442180054580229154e+01,-3.150026405709437682e+01,8.477995036494661463e+00,-5.454335500077642962e+01,1.404386032868943524e+01,-1.849479506474391144e+01,1.755672933457868723e+01,-6.102978869381128213e-01,1.689166610652038969e+01,4.100648392981467438e+00,-9.510253624811682016e+00,2.091607937159223596e+01,1.641986388475663361e+00,-1.873575659207948441e+00,-3.041600891421750674e+01,4.165678370236734196e+01,6.942322390653311359e+00
-3.911641498469735190e+00,-5.144748032273582083e+01,2.088303109717679007e+01,3.482351670378733388e+01,-3.358305826990230969e+01,-3.492738688375231959e+01,4.096722969674605963e+01,4.117859721579685051e+00,5.683413424396346159e+01,-2.884705361964093129e+01,9.674268241327219187e+00,-1.015368706962456145e+02,7.980407558549141633e+00,-3.475702469805989736e+00,4.272629139458786796e+01,-7.098538203983384420e+00,1.698026891724890319e+01,9.875998449538434443e+01,-2.383424502002840129e+01,-9.446159158084384444e+00,-3.506383684660885791e+01,-1.000207099815088618e+01,-4.851759521333309344e+00,3.883482085939194306e+00,-1.198585195959895877e-01,-2.291313195230308963e+01,-3.872786836254449128e+01,9.445262133648919090e+00,1.451798178129762995e+01,7.823782015284167812e+01,2.874467722821582072e+01,4.749558158033912036e+01,2.469199491303458416e+01,1.943393689933851221e+01,-5.655099774524875755e+01,1.054528356251810628e+01,1.310648540204235601e+01,-4.893914511478871532e+01,1.389794120062152594e+01,7.333826713653560603e+01,-2.112924153531751159e+01,-7.174674363595951121e+00,-8.505496840814900095e-01,7.584280010348766154e+01,2.786936434970844090e+01,3.979285376435405652e+01,-5.795959580795553734e+01,-2.067300040120917615e+01,4.448225792411163582e+01,-2.259771538651534684e+01,7.948228832577304104e+01,-2.185365956367113682e+01,2.956807882995328995e+01,-3.446708559897327007e+01,-4.385422921957932374e+00,4.132690079485588797e+01,-4.679861520239762029e+01,-3.323047654441022303e+01,-2.215876861403701170e+01,2.891154618040133428e+01,1.945154417305517569e+01,-1.443372786041049949e+01,3.194594359578513121e+01,2.242080022570047859e+01,-4.139068904721540321e+01,-1.394304100591463857e+01,-2.493645082260528767e+01,-6.620150035509628594e+01,-7.360243842619868637e+00,1.347579244450990643e+01,-1.075295532059529435e+01,1.261466119740900726e+00,1.686377328350675775e+00,7.015733781558658677e+01,-4.060033073226170330e+01,-1.933716779864417035e+01,-8.304810270947310613e+00,3.929135672323700135e+01,1.404222404289846082e+01,1.795179345434131690e+01,5.650549575926927304e+01,6.693946902114245034e-02,9.806959717355555384e+00,-5.536945804914401492e+01,-3.772388429539423527e+01,8.993881382507618483e+00,-8.341757898329368004e+01,2.034520759994119743e+01,-3.240798854712192423e+01,1.181721343569020100e+01,-3.106891498849246869e+00,2.191007218179467131e+01,1.331188588849910737e+01,-1.114057827829630476e+01,9.590396547284671058e+00,8.554291424091443830e+00,2.658810264824566505e-01,-3.747153907338203283e+01,5.525696073648891371e+01,5.421839062079723881e+00
-6.842812697319039295e+00,-6.731928266657749305e+01,2.916516470891085788e+01,5.274847758292293065e+01,-4.321047673429613667e+01,-5.547844328539248693e+01,6.435413441742637985e+01,1.857796005011143059e+00,8.113366213478639111e+01,-3.762326008796618027e+01,1.000784179865913615e+01,-1.468075236257543850e+02,1.634972792594707158e+01,-6.959220506142336227e+00,5.644307507663324230e+01,-1.530966314973647968e+01,2.234387660095480044e+01,1.477984716969747296e+02,-3.409347517096432512e+01,-1.265284948338176463e+01,-5.373036449141596904e+01,-1.389577492464177411e+01,-5.894891159374296308e+00,3.123396192119423098e+00,5.983936460132833091e+00,-3.233084938117298890e+01,-5.166145756788753118e+01,9.524596589862385443e+00,1.945725696782001890e+01,1.100153740772179276e+02,2.689776465644407466e+01,6.465241257462501778e+01,3.439208713958937835e+01,3.146518597015884566e+01,-8.296801137735816667e+01,1.691362948082296924e+01,1.555398741318580669e+01,-6.332512377231651612e+01,1.860565380296057825e+01,9.334486692051957846e+01,-3.059500968839143198e+01,-1.333466120752369832e+01,-5.468538172002156195e+00,1.141482630671209932e+02,4.195558261604276140e+01,5.916658986144479115e+01,-8.360227804194610712e+01,-2.970801830835441137e+01,6.648253412730045397e+01,-2.917058734187032343e+01,1.168667886546991639e+02,-3.297602229918273053e+01,3.649080477172878290e+01,-4.807239848140739014e+01,-5.278185769572288244e+00,5.568032953906070048e+01,-6.575173305543152935e+01,-4.567741709297338559e+01,-3.164638814875331008e+01,3.145492678422010613e+01,2.448599245071810060e+01,-2.435749509714646166e+01,5.269126173664557200e+01,3.810224052862724164e+01,-6.064594039755328936e+01,-2.277052604610838671e+01,-3.514768932630505560e+01,-9.569056726219469056e+01,-9.549397145990225155e+00,2.299198225324806444e+01,-1.565792745379031103e+01,1.640426044188628030e+00,4.821780313223873016e+00,9.943563328470533236e+01,-5.985136651395502838e+01,-2.872824577928435019e+01,-1.244544591745998119e+01,5.944763780656722929e+01,1.784715290879268679e+01,2.467230751271141287e+01,7.779856547197684336e+01,1.188651238967511015e+00,9.681044495091434499e+00,-7.894717838188297776e+01,-5.458520256666447779e+01,1.363881982396351233e+01,-1.109446266805497316e+02,2.753737525076059711e+01,-4.136188268399069301e+01,2.206392466172047051e+01,-3.214494438239391183e+00,3.079676863237115825e+01,1.473226370648001726e+01,-1.625410982505066215e+01,2.221154057665163606e+01,8.825786252972925183e+00,-9.683918436795762030e-01,-5.365602635222819572e+01,7.705969673804374054e+01,9.404553012959290470e+00
-1.588696059614521205e+00,-1.247408420243167271e+01,5.746396698143648507e+00,1.110995813629170748e+01,-7.870425670109407079e+00,-1.209830808933049084e+01,1.392384047775882117e+01,-3.124193380173314605e-01,1.629231519398896211e+01,-6.948565133962372187e+00,1.361341992992253447e+00,-2.979701055294302847e+01,4.128326042458228429e+00,-1.738017929932662131e+00,1.055835715576896661e+01,-3.956783858719477465e+00,4.163531599833643071e+00,3.084079273529842169e+01,-6.857993602744899775e+00,-2.398945154024058279e+00,-1.141604083261450420e+01,-2.725141388122871877e+00,-1.007926686620166157e+00,2.145385735251585935e-01,2.250993626538486225e+00,-6.427717369191063845e+00,-9.756099342392323237e+00,1.237650201939630268e+00,3.691013710331331854e+00,2.180674826876474626e+01,2.991129391655067415e+00,1.244570415839105237e+01,6.760106278460810358e+00,6.953073533665388162e+00,-1.704231540414598811e+01,3.713455596350308419e+00,2.585271951401219681e+00,-1.160154676619055181e+01,3.525722368926239358e+00,1.680949166683377172e+01,-6.217371625382841493e+00,-3.204939868514420365e+00,-1.823447065921159016e+00,2.392418653357368186e+01,8.795099174385022422e+00,1.228353933857246894e+01,-1.693498913285417018e+01,-5.999074807228915951e+00,1.385861429838757886e+01,-5.331086032292299492e+00,2.404778138743802884e+01,-6.925125618625639135e+00,6.352602130903654221e+00,-9.460489548633374213e+00,-8.924435086263622363e-01,1.061573857516277819e+01,-1.302350877372534832e+01,-8.872207290631585863e+00,-6.357177254762897078e+00,4.642580476776148934e+00,4.357429356309431512e+00,-5.530967046292289524e+00,1.178906483762551893e+01,8.690446843306792957e+00,-1.244393379057624571e+01,-5.061153575417151274e+00,-6.981163392833026116e+00,-1.941740877684596356e+01,-1.754315469673520811e+00,5.257099871092771437e+00,-3.196672591537167207e+00,3.020677800815878555e-01,1.379881539174624638e+00,1.984516193296573761e+01,-1.234126964202834742e+01,-5.960405690620854458e+00,-2.599720973662508872e+00,1.250994739187520821e+01,3.208976777986370710e+00,4.791620736822369331e+00,1.513398613725323827e+01,4.250516423402099786e-01,1.207708110679707625e+00,-1.583695518091176879e+01,-1.108603140277990207e+01,2.875110203396745057e+00,-2.089111523614879928e+01,5.272898933785058695e+00,-7.470038209515159622e+00,5.316183208335324650e+00,-4.373716737285235912e-01,6.102243785916500407e+00,2.230176909712213273e+00,-3.323693138449627771e+00,5.912960834093543561e+00,1.195030135081584399e+00,-4.242724939755557201e-01,-1.080244676208460852e+01,1.516351735905792886e+01,2.172308888829839191e+00
-5.156706001521651928e+00,-1.428995840738472545e+01,1.014257193190135276e+01,2.662393569310885511e+01,-7.597544894007777216e+00,-3.277566004000638600e+01,3.674878160528633941e+01,-7.189320861912404936e+00,3.175608917598564673e+01,-7.721586093875783874e+00,-3.570153131373889011e+00,-6.112022565458008927e+01,1.615999004814240436e+01,-6.656795523175460083e+00,1.313157199895535676e+01,-1.618380661059897463e+01,5.011713779189419959e+00,7.126441163679581337e+01,-1.347992371753684715e+01,-3.314159095953442158e+00,-2.826604877656829728e+01,-4.685358037083700466e+00,-2.768181562148930297e-01,-3.543276370572962630e+00,1.446109150132847176e+01,-1.190854717119790251e+01,-1.308393543005455761e+01,-4.067097487451903248e+00,5.119208251100538121e+00,3.976616976281687243e+01,-1.730660139571555689e+01,1.910310082734720538e+01,1.177381190858895899e+01,1.964450807521391340e+01,-3.688163177565456152e+01,1.028170922685780297e+01,-1.264843495208722857e-01,-1.191270111640471896e+01,4.851919022024556938e+00,1.418944174998962282e+01,-1.282546744655951443e+01,-1.130810531896609206e+01,-1.051697191093071027e+01,5.625310274056344895e+01,2.069545581023065139e+01,2.780525595585502074e+01,-3.441947343963105510e+01,-1.201424633598725222e+01,3.189260386905149858e+01,-5.335781109566896774e+00,5.244000086229733881e+01,-1.640931986835460776e+01,3.021953976506861039e+00,-1.658859042774454906e+01,-1.319431903486409929e-01,1.526459487431225348e+01,-2.365689912797625993e+01,-1.441142003113019143e+01,-1.241332265809971780e+01,-7.019125661039772979e+00,3.121664752566710277e+00,-1.692231376681106880e+01,3.457709404366471517e+01,2.691489495589157599e+01,-2.680588993850549429e+01,-1.455571811116567460e+01,-1.287018869462323067e+01,-3.978595923810355117e+01,-1.851955909641113340e+00,1.639176285084158735e+01,-6.734092065534071025e+00,3.262866001870907140e-01,6.641073044829414407e+00,3.750666787277877035e+01,-2.715193455824066149e+01,-1.345636195128042090e+01,-6.032687538954665030e+00,2.987822291120433604e+01,2.656043461035878295e+00,7.776894315300591387e+00,2.480781569115763219e+01,2.617483583408458436e+00,-4.714475555060143819e+00,-3.071209179143266610e+01,-2.280697511805816902e+01,6.912646788860087099e+00,-2.740040115873167181e+01,7.812116200762240226e+00,-6.537067775435076555e+00,1.886311115247611525e+01,1.145431756864774941e+00,1.110695103285812380e+01,-2.643375891067837102e+00,-7.051771747167900450e+00,2.547061584627271813e+01,-3.212218480239878993e+00,-3.033077103161360810e+00,-2.132307760659309182e+01,2.657317528275605412e+01,6.958490674382286301e+00
-5.132842872080667362e-01,-7.218218313534269903e+00,2.892041727645801252e+00,4.737860960764987084e+00,-4.726897477146538407e+00,-4.698986898556294811e+00,5.526355152294569528e+00,6.504872499363352212e-01,7.834576560850485372e+00,-4.049857809227803251e+00,1.411945965818372173e+00,-1.395855178735190982e+01,9.979590234092956536e-01,-4.379694425981836559e-01,5.983578742200318601e+00,-8.718843420939366151e-01,2.379799132025536501e+00,1.347366460877663918e+01,-3.284128202002337460e+00,-1.319294567204703172e+00,-4.757826983391308495e+00,-1.386668966617537357e+00,-6.900618906122105711e-01,5.852083998852083413e-01,-1.433397424047560265e-01,-3.166377012641779842e+00,-5.413310663333625428e+00,1.383598444025669449e+00,2.027425339672463078e+00,1.081954469760374060e+01,4.253720070003769393e+00,6.612160174083621555e+00,3.421445343430614017e+00,2.602272922538824584e+00,-7.749423769617430402e+00,1.415348953976986568e+00,1.871756652953034283e+00,-6.880961913860985213e+00,1.941261856617576331e+00,1.034350743254475624e+01,-2.903763336622950497e+00,-9.253116493289820221e-01,-2.959265759378328087e-02,1.033379359555181942e+01,3.797064390914151932e+00,5.436808858274694956e+00,-7.971961576972353747e+00,-2.845726546374372834e+00,6.070435627265022838e+00,-3.178732967464174664e+00,1.088653276385062441e+01,-2.975873632686971693e+00,4.193791424393540801e+00,-4.774588307894847006e+00,-6.247675840535718006e-01,5.765228155038172986e+00,-6.472933411306435403e+00,-4.617095295325135851e+00,-3.054302563512489854e+00,4.187736160818637643e+00,2.749015914350850576e+00,-1.912369233771753274e+00,4.257728769980806405e+00,2.965115585594725545e+00,-5.673587076684380115e+00,-1.862993158574131503e+00,-3.446765452659558804e+00,-9.101461186056878816e+00,-1.034341374016316317e+00,1.780276995731057132e+00,-1.475956963289468238e+00,1.771973878400272540e-01,1.827212379078125837e-01,9.685963186925619084e+00,-5.557760745171614225e+00,-2.642478432450720671e+00,-1.132662611907736094e+00,5.347136380786717602e+00,1.981023020071849494e+00,2.494324548046152223e+00,7.848323238606541352e+00,-1.329425370233310033e-02,1.440873587393829869e+00,-7.634640545494090880e+00,-5.185141160640460711e+00,1.223330559665282591e+00,-1.166677973808429947e+01,2.835622499387857598e+00,-4.568440049376287782e+00,1.521979876238960916e+00,-4.534366809340817372e-01,3.030210287230866051e+00,1.923043157808317805e+00,-1.528508254760492902e+00,1.146474706072105221e+00,1.248970303954041627e+00,6.442457367976117677e-02,-5.162077748184681347e+00,7.654713230888145148e+00,7.131026226506022025e-01
-4.884489260028318292e+00,-5.843886902790246296e+01,2.419166499920322266e+01,4.139363434299771427e+01,-3.795917718748557945e+01,-4.217544302255141275e+01,4.928493416265558835e+01,3.774002833914193111e+00,6.628894767390112008e+01,-3.273564606623082796e+01,1.031054740391648217e+01,-1.189039099438536056e+02,1.057659180313259384e+01,-4.565071705887023157e+00,4.866956390716249814e+01,-9.604020414695186858e+00,1.931979665674998259e+01,1.169330862537485416e+02,-2.781688383000410525e+01,-1.080468498319698334e+01,-4.183740842447233632e+01,-1.156806237456997444e+01,-5.394990487727209683e+00,3.910125704354866727e+00,1.435290089710891781e+00,-2.662797157722087960e+01,-4.424302302015627930e+01,1.000343984206644166e+01,1.660870297460879641e+01,9.082514417839296073e+01,2.990896087426191130e+01,5.459076453959728781e+01,2.858039510227210300e+01,2.361945640843836713e+01,-6.653155662114468782e+01,1.277547522552718462e+01,1.447917656486148807e+01,-5.540746713291353842e+01,1.589409581317421960e+01,8.263436586797021732e+01,-2.475479089471500060e+01,-9.159601658928039569e+00,-2.080738721842334549e+00,8.996424164757785036e+01,3.306112402641797132e+01,4.701670307153101191e+01,-6.782221654154524515e+01,-2.416233845910165101e+01,5.264529020958877226e+01,-2.556659107917316476e+01,9.357531015893115978e+01,-2.594438817417386645e+01,3.302342161449855951e+01,-3.991149855628115262e+01,-4.863617896331595247e+00,4.735340155681939223e+01,-5.431378191161287816e+01,-3.830803883311826041e+01,-2.584853788664064922e+01,3.120881783439039836e+01,2.184757011746440725e+01,-1.779519321902341034e+01,3.907392857876573089e+01,2.771050325497695610e+01,-4.867520919042201655e+01,-1.699602245029016245e+01,-2.896957537422411022e+01,-7.751776781892141344e+01,-8.339593925956624076e+00,1.667840667628027873e+01,-1.262049271905232928e+01,1.430279017227184646e+00,2.584767143078002150e+00,8.164494003294561253e+01,-4.783876385960448374e+01,-2.284155122291593187e+01,-9.837338721601902591e+00,4.668690239406035403e+01,1.581557079432576174e+01,2.069388147669398137e+01,6.517223527756469537e+01,3.577998795547660538e-01,1.033321105409731189e+01,-6.455615101218063501e+01,-4.418697968496838513e+01,1.069470227144478969e+01,-9.521215921535740279e+01,2.334428965291974833e+01,-3.654483489217047776e+01,1.511231916972365852e+01,-3.311354322377830783e+00,2.543190153223254768e+01,1.443343064612988336e+01,-1.308356029662969888e+01,1.336631497944121882e+01,9.110905601834028644e+00,-3.483100381440673576e-02,-4.374706175894826288e+01,6.398302508216116991e+01,6.749779518204467976e+00
-1.472279671549081792e+00,-4.728525655887369616e+00,3.106457618705857460e+00,7.834992066642554320e+00,-2.613527919625031615e+00,-9.518479266771590730e+00,1.070117116145448932e+01,-1.899723035224969436e+00,9.589655778921565954e+00,-2.571791101879499664e+00,-8.215209857185781228e-01,-1.833159658901081457e+01,4.545472828102926854e+00,-1.875427842894868746e+00,4.272528566530025884e+00,-4.537897895344527477e+00,1.641386354914034396e+00,2.106057360024750125e+01,-4.066000638248637777e+00,-1.056946652981254120e+00,-8.287770193156394072e+00,-1.440700176113735909e+00,-1.531772508350556228e-01,-9.066698330942370987e-01,3.951622462405835812e+00,-3.621686903981717887e+00,-4.195637990063135980e+00,-9.610391959622706093e-01,1.631444088857354924e+00,1.212142522599205208e+01,-4.272333515899875422e+00,5.981273026263465908e+00,3.613265381585234692e+00,5.681058030017909211e+00,-1.098641210038948302e+01,2.979370826045052656e+00,1.747712840359483266e-01,-4.038538282225448306e+00,1.548465571223867077e+00,5.050708676563533395e+00,-3.843870719761135479e+00,-3.206139586175528411e+00,-2.888834792838055332e+00,1.659055382579396820e+01,6.103117825616852343e+00,8.237330423290604386e+00,-1.033577902634694290e+01,-3.614802326616016970e+00,9.429680138964366520e+00,-1.819711502954778126e+00,1.560621870474356321e+01,-4.835236074398000738e+00,1.298469445381665199e+00,-5.085722418965076486e+00,-1.061208576612181487e-01,4.833325932324601837e+00,-7.215109276089152424e+00,-4.470750456754418067e+00,-3.747638633517927254e+00,-1.457161477449982812e+00,1.164137236606304526e+00,-4.856964954962330161e+00,9.963352849053874749e+00,7.716428158127063952e+00,-7.989634782323585149e+00,-4.202120448968914346e+00,-3.916909999363941797e+00,-1.193457833524777278e+01,-6.238744827697849660e-01,4.696615752821745815e+00,-2.012800226868458164e+00,1.093534319034647900e-01,1.842548410765984190e+00,1.137462677662772847e+01,-8.071615918868630501e+00,-3.987726858134600150e+00,-1.781937884222723367e+00,8.796051151826418391e+00,9.504368832525420530e-01,2.412880970946843284e+00,7.684808710919792674e+00,7.166665360081967417e-01,-1.132249317600585226e+00,-9.280840552560286838e+00,-6.837795974556949652e+00,2.033517701454838900e+00,-8.823468086441231151e+00,2.460740536963732072e+00,-2.304833185789641359e+00,5.345768316792753438e+00,2.635244635839940619e-01,3.386515514084383671e+00,-5.100441510075732765e-01,-2.105842630622150491e+00,7.116633646949320102e+00,-7.415542421503806825e-01,-8.249700290837214123e-01,-6.428080535360289005e+00,8.147499753238239606e+00,1.988994485758925457e+00
-3.474568691962894640e+00,1.219725010368176399e+01,-2.549491944391827358e-01,1.007698153224167115e+01,9.833382092934627394e+00,-1.667425665862237594e+01,1.772491561929589210e+01,-9.988523427318856562e+00,3.797201570918551816e+00,7.153734635692931221e+00,-9.060831168949132319e+00,-1.152785632559037055e+01,1.318777309314294932e+01,-5.331226198311069808e+00,-8.762603377489210033e+00,-1.368751582178508208e+01,-3.706335817917069342e+00,2.399132940222161636e+01,-1.768192378655656816e+00,1.492829251310874072e+00,-1.172376363606204741e+01,3.086648540899298854e-01,2.308332862781309558e+00,-5.919345778945357850e+00,1.570412263444967849e+01,-5.638229700995021076e-01,6.665059426478187277e+00,-9.475191888074897761e+00,-2.266656021337297489e+00,9.561181070678654859e-01,-3.416674786439165246e+01,-4.867769055337518580e+00,-5.379925823832636400e-01,1.080027078785842320e+01,-9.492666383851419809e+00,5.451836305234643021e+00,-7.181236025642435905e+00,1.342008483875352454e+01,-2.222471941525210770e+00,-2.407176766614300334e+01,-2.514275430617137097e+00,-8.373512972500259721e+00,-1.091697615185077197e+01,2.007404109216010113e+01,7.403019313408005786e+00,8.683674331328717244e+00,-6.072746910267020404e+00,-1.882157477224102315e+00,1.058369992080816502e+01,6.375108216819042717e+00,1.399401969774073073e+01,-6.000860985665105396e+00,-1.262393174618385494e+01,5.846920644928264021e-01,2.214369949900276247e+00,-5.703593413450415817e+00,-4.317773861222635734e-01,2.274656776020336224e+00,-1.515192169660104504e+00,-2.313050920662801602e+01,-7.078683087918713035e+00,-1.054371241410884430e+01,2.022497050531890395e+01,1.705783746290961034e+01,-6.744057100338928024e+00,-8.247967371403913006e+00,-5.163516674532934170e-01,-7.446773307583075763e+00,1.953072266643345767e+00,1.048478933789698964e+01,-1.503461836822063802e+00,-3.251301862058503245e-01,6.275944570725930483e+00,2.855540616273002819e+00,-7.543105023245732177e+00,-4.159788760410719988e+00,-2.060714582798524930e+00,1.119513597261332549e+01,-4.674864855455284740e+00,-1.237959881407538543e+00,-3.540735210718500614e+00,2.794835620253650177e+00,-1.036973701765593070e+01,-3.455346883170054006e+00,-4.390047766263315943e+00,2.642032072381960361e+00,1.520149164867951974e+01,-2.486273939749615636e+00,1.034871665332157775e+01,1.404900694958198315e+01,2.908671624209456130e+00,2.360172386469462369e-01,-1.001365777606877927e+01,-1.638694416191817549e+00,2.239190169592653135e+01,-8.071761574738063771e+00,-3.423184476634955065e+00,-2.920839352898223495e+00,-9.604353741962334823e-01,4.611505233093352807e+00
-6.351891316710169377e+00,-4.654177602371680678e+01,2.189294457985015896e+01,4.321939738131742814e+01,-2.918476230907059943e+01,-4.754535202467111077e+01,5.459587450630557726e+01,-2.034432676675275609e+00,6.245284927249687001e+01,-2.589530570252358288e+01,4.426917744687560052e+00,-1.146067973966558782e+02,1.685677980123072572e+01,-7.078039501804667566e+00,3.952582843103454024e+01,-1.624476266900131094e+01,1.556524669087106361e+01,1.196392313037754604e+02,-2.630287587096166035e+01,-9.022629779291378327e+00,-4.452565611115016964e+01,-1.036655048213798125e+01,-3.649015938515276503e+00,3.185960637754199354e-01,9.909753499985875180e+00,-2.456033041210255163e+01,-3.664336169355538431e+01,3.920236336332973082e+00,1.388475526874633559e+01,8.324291821068233332e+01,8.523440046044342466e+00,4.705212381309185332e+01,2.573494023440259681e+01,2.742774286852739607e+01,-6.579372415348893810e+01,1.462174854104669208e+01,9.253127698352617614e+00,-4.311106463014942847e+01,1.325812908278913405e+01,6.207312778007835163e+01,-2.392276591614172077e+01,-1.292905016230516679e+01,-7.875246330393476768e+00,9.293145557327659390e+01,3.416577874855860841e+01,4.757737784919755342e+01,-6.509579754947428398e+01,-2.303692091896719418e+01,5.374443879609273012e+01,-1.979259946975718520e+01,9.288966826501773255e+01,-2.691611031426538503e+01,2.316087885336144581e+01,-3.602918194171324728e+01,-3.216539316724979614e+00,4.000282605107941691e+01,-4.970289961411044288e+01,-3.364308239258662070e+01,-2.437161022996266624e+01,1.575282768361244479e+01,1.602008308303511797e+01,-2.198274441003217916e+01,4.666568739852168335e+01,3.458150335771365746e+01,-4.802536252310656550e+01,-1.999731212618110021e+01,-2.666694605474210533e+01,-7.467871646455587609e+01,-6.525427091655106260e+00,2.093335155330988329e+01,-1.231771811946764750e+01,1.124526187498384955e+00,5.791980718206874101e+00,7.592251502527003026e+01,-4.770127882198616476e+01,-2.308167503368954243e+01,-1.008821297060304545e+01,4.865276470465175862e+01,1.184321610663273106e+01,1.816884846658509645e+01,5.741615345100042589e+01,1.856849736948462004e+00,3.730553246949039448e+00,-6.068743698121885899e+01,-4.264819664867708582e+01,1.118749826690713256e+01,-7.838742407958966396e+01,1.989889867970780202e+01,-2.761435238564238404e+01,2.145947704769039177e+01,-1.422480951380535874e+00,2.329143874651697743e+01,7.659892373423712542e+00,-1.281353681023240654e+01,2.443945436228010237e+01,3.876144152737610149e+00,-1.906908425569353138e+00,-4.144272300103599349e+01,5.774654038568887415e+01,8.673510235664963375e+00
-5.514189935301823553e+00,-7.340264588798103773e+01,2.972364580628681452e+01,4.940646137341185096e+01,-4.794297241511649332e+01,-4.945425874366660679e+01,5.803395863125449239e+01,6.011793781058166530e+00,8.082618364981900072e+01,-4.116227790754150107e+01,1.390535634844568591e+01,-1.443278756951377204e+02,1.115740404089719107e+01,-4.865631235522999809e+00,6.093897123860175924e+01,-9.894790720164074571e+00,2.422174103369512821e+01,1.401869699975760852e+02,-3.389300499650271092e+01,-1.346597805144449111e+01,-4.972350604732175583e+01,-1.423917255319664754e+01,-6.939801814124530566e+00,5.616542510859471093e+00,-4.086784885612133600e-01,-3.260037905507200406e+01,-5.521679503581908222e+01,1.358572768399401021e+01,2.069569793575523420e+01,1.113300119187694008e+02,4.142614385182062620e+01,6.766735584580850116e+01,3.514868134257829269e+01,2.749374483462467111e+01,-8.033688369451861888e+01,1.492490894980942784e+01,1.876143388517979105e+01,-6.985143753073961648e+01,1.981261446749416777e+01,1.047366562907852057e+02,-3.003205513695965934e+01,-1.008371359059591299e+01,-1.044943652519221944e+00,1.076316679509093746e+02,3.955016976610028934e+01,5.649972084508757320e+01,-8.239338822502480753e+01,-2.939233748608891972e+01,6.314465999627700654e+01,-3.225669857597486612e+01,1.129034056054762516e+02,-3.101015135108847787e+01,4.227134572441408267e+01,-4.906085399384429735e+01,-6.274708131350311469e+00,5.890104235469573979e+01,-6.659511482055549436e+01,-4.732659096232056584e+01,-3.151237907139810801e+01,4.149629594943516508e+01,2.778987815151838703e+01,-2.038156454412512275e+01,4.515736933731817970e+01,3.164963752575141243e+01,-5.880309527535906255e+01,-1.971804873531252866e+01,-3.548059422035275645e+01,-9.410205944657647592e+01,-1.050437628687667591e+01,1.901916779028236348e+01,-1.528032204701050745e+01,1.800190753245334951e+00,2.304821509394454626e+00,9.980143837620926206e+01,-5.766617832793581755e+01,-2.745670848785290730e+01,-1.178778442294942330e+01,5.574793501489586589e+01,2.005513370913143945e+01,2.556694579061566230e+01,8.046973594250468409e+01,5.289073218444623192e-02,1.411404206977143438e+01,-7.874690618602620873e+01,-5.362035627383180270e+01,1.275962533305198043e+01,-1.189465861031492864e+02,2.899207054912893256e+01,-4.627847996527227536e+01,1.660471393750519198e+01,-4.465687140624430285e+00,3.117784009129552913e+01,1.909669486465798727e+01,-1.582991905921766929e+01,1.330911687265754750e+01,1.229646028302003558e+01,4.302911049735201887e-01,-5.328350573385726818e+01,7.865375591886900963e+01,7.646196543925983136e+00
-4.755740954895916417e+00,-3.858745459772727315e+01,1.760660734884481116e+01,3.370651232530589425e+01,-2.441394228832086100e+01,-3.652507872272897771e+01,4.208266894815550074e+01,-6.414328614079165547e-01,4.977594617898758855e+01,-2.150610609396614237e+01,4.455235114413041764e+00,-9.089051165762838025e+01,1.222678345920818010e+01,-5.154425425785167825e+00,3.261202724306502887e+01,-1.168565085649557922e+01,1.286799201705682094e+01,9.369363049661791365e+01,-2.094703930088353516e+01,-7.393993004229213462e+00,-3.459190907749382404e+01,-8.355594252643863129e+00,-3.159693695310714201e+00,8.439213997365264674e-01,6.397934107631293443e+00,-1.966732702838770663e+01,-3.008885742149590214e+01,4.089506737561258376e+00,1.137543367821541018e+01,6.675380699822819963e+01,1.023917883452126532e+01,3.826912918385065154e+01,2.072006780986050600e+01,2.095305939455954913e+01,-5.189302990076022581e+01,1.120047027329614764e+01,8.144223434244782567e+00,-3.595388360672758665e+01,1.086782766838085124e+01,5.223971334921007070e+01,-1.896155443596779833e+01,-9.550876759087262968e+00,-5.239698992477283213e+00,7.263494033913376313e+01,2.670159273303025671e+01,3.734463956194926482e+01,-5.167231472178660567e+01,-1.831296972607589169e+01,4.210837773235271442e+01,-1.652793173901454438e+01,7.320541608618998453e+01,-2.101899747971653909e+01,1.985365488711572013e+01,-2.899156847034630502e+01,-2.803055431029863875e+00,3.269117925356434284e+01,-3.987135751705664433e+01,-2.724328823697558022e+01,-1.942125809362581990e+01,1.494836818676597190e+01,1.356828487783639936e+01,-1.660590451485406760e+01,3.546590441694385731e+01,2.607626370951315664e+01,-3.789709233178443526e+01,-1.523956547121500016e+01,-2.136377526821020822e+01,-5.923143755823723211e+01,-5.434321182087852087e+00,1.576903625028615252e+01,-9.742462984941546722e+00,9.353592303668689656e-01,4.027791964735311758e+00,6.068640478314085840e+01,-3.755745149555689721e+01,-1.812263344745004900e+01,-7.896682108590269422e+00,3.795872955315279995e+01,9.975210589342395906e+00,1.471360589578944911e+01,4.646019690787048262e+01,1.213496679848712567e+00,4.026051023185521771e+00,-4.839218208536376409e+01,-3.381278683167950305e+01,8.721718395974086491e+00,-6.445978313106611779e+01,1.622695110314439049e+01,-2.320401092578456570e+01,1.583744975195210358e+01,-1.431301546293603177e+00,1.868090149347491646e+01,7.146158188794160537e+00,-1.012719859180203308e+01,1.740169736428637037e+01,3.914671283083115405e+00,-1.191271928857125406e+00,-3.299068477328722793e+01,4.646917073378651963e+01,6.507181398383032445e+00
-2.966310018175354557e+00,1.139395958478758075e+01,-5.362562166589883716e-01,8.249575606530411775e+00,9.066974490559319477e+00,-1.399201627870764852e+01,1.481588899718381391e+01,-8.758610727733961099e+00,2.450751950975793569e+00,6.662629385147118555e+00,-8.034525081871402463e+00,-8.508789106642904443e+00,1.136200515177767834e+01,-4.589393870204702353e+00,-8.272289042300064565e+00,-1.181038448012606068e+01,-3.482516093935100976e+00,1.940206599587460445e+01,-1.180803852136652621e+00,1.441912275611407335e+00,-9.679751260997440099e+00,4.192703085034156230e-01,2.082797262232580326e+00,-5.212200694878223572e+00,1.367480359591590044e+01,-1.460662618041161376e-01,6.385860280059532101e+00,-8.391847210150562120e+00,-2.191983600455205128e+00,-3.449915416680287006e-01,-3.018032194312558758e+01,-4.952976530206065320e+00,-8.400150447060263925e-01,9.110923951893189709e+00,-7.413843976176039519e+00,4.588010235459122121e+00,-6.449684498333341232e+00,1.242088718715871565e+01,-2.144182787738845519e+00,-2.206211130363724848e+01,-1.871100053206577574e+00,-7.182532576184478934e+00,-9.492207637721994828e+00,1.633632226205271465e+01,6.026112671763159234e+00,6.961687909308086120e+00,-4.415047511697590465e+00,-1.327604538127679312e+00,8.545396360475852049e+00,5.890658038632249571e+00,1.098789925224962616e+01,-4.895839164171471580e+00,-1.143617919091919433e+01,1.027785811732730092e+00,1.993969041607625226e+00,-5.587861731475300076e+00,3.283680373585328161e-01,2.480565213972648841e+00,-9.857411689112884901e-01,-2.057398771989204889e+01,-6.455886068978792913e+00,-8.962799218319574379e+00,1.712836127397023134e+01,1.451420511011186854e+01,-5.248888008460141918e+00,-6.971363413127885877e+00,-7.428460178892515309e-02,-5.487324159408012214e+00,1.811236675390832884e+00,8.925913620810042914e+00,-1.147180984176654484e+00,-3.020634157602717362e-01,5.438853913833814779e+00,1.430373575438130818e+00,-5.956484113949628068e+00,-3.330757757743621816e+00,-1.669203991600893167e+00,9.155872168062327177e+00,-4.281562153900168255e+00,-1.348013360256411719e+00,-3.933172804610707285e+00,2.432352775056213279e+00,-9.176138033062516186e+00,-2.175154493779881459e+00,-3.254522955212032720e+00,2.164965419266962954e+00,1.449077913131425710e+01,-2.470894259496937639e+00,9.497972930848773032e+00,1.205410726101950125e+01,2.579230482713895434e+00,-1.242464326152978860e-01,-8.918860737942177153e+00,-1.259089425827758513e+00,1.935147040640820748e+01,-7.156523494678676656e+00,-2.984441742246489504e+00,-1.979135129591473641e+00,-1.667811044382291552e+00,3.933470811618585916e+00
-2.717680646325228988e+00,-3.377910784087554674e+01,1.387064455453959155e+01,2.348643358740713083e+01,-2.198626761830024634e+01,-2.377937068442850688e+01,2.782923392952469399e+01,2.397817987410434171e+00,3.790202075830882933e+01,-1.892956403637577978e+01,6.122207409827856495e+00,-6.787475821343407745e+01,5.751520611703071495e+00,-2.490958998867881746e+00,2.809939150643214489e+01,-5.182372489424575512e+00,1.115965205697719220e+01,6.645217566880023696e+01,-1.590074551932418423e+01,-6.227449364122910502e+00,-2.370204496890869805e+01,-6.637108922785867726e+00,-3.146238606344691213e+00,2.380148252052720181e+00,4.533167344347195371e-01,-1.524767989085976794e+01,-2.551314419741823869e+01,5.955942327308598294e+00,9.572025601189221078e+00,5.203093335441678136e+01,1.794473652831567279e+01,3.140134658516138799e+01,1.639255507946160506e+01,1.328274596412503072e+01,-3.790713890811665010e+01,7.193643109992602369e+00,8.467121363219030528e+00,-3.207051464765102367e+01,9.161433273122371546e+00,4.792517500418257725e+01,-1.412826496711316793e+01,-5.052623920810935587e+00,-9.358007924971644131e-01,5.108799025325979670e+01,1.877380841718157001e+01,2.674187143761268004e+01,-3.872725494910596211e+01,-1.380358436241225206e+01,2.992303142409075178e+01,-1.480254930611074649e+01,5.330052198586604106e+01,-1.472805838254866373e+01,1.922312112851615851e+01,-2.288769892073174717e+01,-2.839490571854244028e+00,2.727314614445151264e+01,-3.111798783530782231e+01,-2.200846762779350030e+01,-1.477860252786688378e+01,1.843019648615523209e+01,1.268766002030530693e+01,-9.950795693714502121e+00,2.191834795291703131e+01,1.548025106552520569e+01,-2.773799797946369949e+01,-9.546760437812785938e+00,-1.659080861855754563e+01,-4.425162892765516176e+01,-4.825486581829075305e+00,9.312132103294256780e+00,-7.197663463715849197e+00,8.273621538635775874e-01,1.333798756151151288e+00,4.672494047371061754e+01,-2.723982802249697244e+01,-1.299306200699803426e+01,-5.589487723089638038e+00,2.649380175871307941e+01,9.174095673935894979e+00,1.188912091119667735e+01,3.743456088758731681e+01,1.393423979587344597e-01,6.165974389571931447e+00,-3.691696437169915157e+01,-2.522107123788518734e+01,6.067187876963812343e+00,-5.492514094507760092e+01,1.343746764451456777e+01,-2.118780204382669297e+01,8.330770810025697415e+00,-1.966188289846203308e+00,1.456990019245731993e+01,8.507506145365647754e+00,-7.459875365949363513e+00,7.133928789659295333e+00,5.411415219307236235e+00,6.053170062851104261e-02,-2.500349435518229413e+01,3.669233049234020427e+01,3.759975511308129903e+00
-4.939562297174359351e+00,-3.015509037881738408e+01,1.506389094195955991e+01,3.143455794488592403e+01,-1.855887801333494380e+01,-3.547707984348375021e+01,4.050997713012409207e+01,-3.005305182230050498e+00,4.369747447400233398e+01,-1.671904222172221210e+01,1.601382092173794902e+00,-8.092008106156112035e+01,1.374480826868500216e+01,-5.738276946420871383e+00,2.586527232460759507e+01,-1.340268885707558155e+01,1.014473788307768487e+01,8.639068239418062944e+01,-1.843088314135462014e+01,-5.985677167268574905e+00,-3.259985905107303950e+01,-7.102781334522216383e+00,-2.147450191783374596e+00,-7.293634317237733811e-01,9.355291456591629640e+00,-1.703551274354905587e+01,-2.421289320384030930e+01,1.185360091316590925e+00,9.216157708584944430e+00,5.758575964859529961e+01,4.019611339139288475e-01,3.168249065602071468e+01,1.766924300428168948e+01,2.065527725668973247e+01,-4.691574602431884955e+01,1.096230776968338461e+01,5.232562861060054082e+00,-2.759202936814540763e+01,8.790909524464348479e+00,3.896666410346853127e+01,-1.690839046364220621e+01,-1.026294571360493890e+01,-7.183982559098737397e+00,6.733583311257994808e+01,2.475934986340277888e+01,3.421787521735405591e+01,-4.588583138732219879e+01,-1.619585146868681491e+01,3.877743596451336572e+01,-1.263340762773760062e+01,6.633206298339365503e+01,-1.953269084587349624e+01,1.395530413214620680e+01,-2.476414226823637321e+01,-1.864135253593345976e+00,2.668488736285716456e+01,-3.436115065570298555e+01,-2.284689365791418325e+01,-1.705786084674720726e+01,7.159465198374839190e+00,9.917786401892037418e+00,-1.685742693636115064e+01,3.543952753841226411e+01,2.659433690474647705e+01,-3.421593663484163983e+01,-1.511947618262029813e+01,-1.848133464670619830e+01,-5.271777736805822201e+01,-4.188961792251729932e+00,1.612396263085819115e+01,-8.739542766655894468e+00,7.237181894046477160e-01,5.002463081648190979e+00,5.283971090368264356e+01,-3.412046739653813887e+01,-1.659195022104027473e+01,-7.290678864100760492e+00,3.536254157427566014e+01,7.421462974766262377e+00,1.233686879521130741e+01,3.904581921671417177e+01,1.729266615283918673e+00,9.110490414537819603e-01,-4.242463275921212329e+01,-3.012855754693472576e+01,8.142332490878748885e+00,-5.164487606698616418e+01,1.333032720780065894e+01,-1.739275809698735387e+01,1.705848356719528880e+01,-5.150141854202505698e-01,1.610749219926050912e+01,3.679146835976392360e+00,-9.103311600061029907e+00,2.045227710083662487e+01,1.379981131433117625e+00,-1.864560573303979840e+00,-2.906126606589982941e+01,3.968752018261498904e+01,6.723644477023507093e+00
-2.694685270895208262e+00,1.661488274848149871e+00,2.335063520111174462e+00,1.062417828334281822e+01,2.283893071154172283e+00,-1.486450427721138290e+01,1.626043240406502122e+01,-5.908537135280438335e+00,9.233101491218949519e+00,1.133243036044591534e+00,-4.649251029038000027e+00,-1.953557512470005975e+01,9.406231914924783055e+00,-3.832378322974637541e+00,-5.037809951670348951e-01,-9.620987721808322846e+00,-3.437030755163408280e-01,2.719063122166351221e+01,-3.984688277372909315e+00,-1.734523557013754047e-01,-1.170827931629404262e+01,-9.988398036161566518e-01,8.988421662644558996e-01,-3.328823914081864288e+00,1.004973085202078131e+01,-3.102659608812488035e+00,-3.620692823952058603e-01,-4.942194631916974501e+00,2.843349863920072718e-01,9.973118294568745767e+00,-1.845692495733956662e+01,2.562842967828728113e+00,2.609378675589556273e+00,9.246490351696504462e+00,-1.284919599725344241e+01,4.755477728832194551e+00,-3.034071465081742858e+00,2.745246048784929727e+00,2.384688385907822727e-01,-6.652319063276205924e+00,-4.139192544873957047e+00,-6.224589597005621755e+00,-7.097962285345986722e+00,2.193840063046393141e+01,8.078559471122868985e+00,1.032580218750409884e+01,-1.082604725355187902e+01,-3.679511623351984895e+00,1.210448475890233055e+01,1.381927935905135296e+00,1.847741542769358603e+01,-6.460258977538144265e+00,-4.552584460369811126e+00,-3.748944425291727001e+00,8.944181153111148141e-01,1.289178546826667215e+00,-5.875700403214317191e+00,-2.517973428362485500e+00,-3.622097487723266784e+00,-1.136432832755533795e+01,-2.209226055060385274e+00,-8.483847766647592437e+00,1.678329784640810729e+01,1.361403411882375813e+01,-9.273953401042900779e+00,-6.953901461132865336e+00,-3.314307553986784338e+00,-1.269266213329993320e+01,3.710560662852186997e-01,8.331479057656611786e+00,-2.249986774458590855e+00,-5.743941210681222098e-02,4.223730993596740646e+00,1.022362318275471793e+01,-9.691468932867703501e+00,-4.979324559069668865e+00,-2.314208716202228899e+00,1.187528659092112804e+01,-1.315898217884716281e+00,1.354402153703180955e+00,4.491227210717465113e+00,1.799093961145436849e+00,-5.472195094146831806e+00,-8.838788004855260283e+00,-7.326676877085960271e+00,2.769189704082823500e+00,-2.381350582738122057e-01,8.407618705199970677e-01,2.754733495987919945e+00,1.041719427366887274e+01,1.492328743405924474e+00,2.772577331433808467e+00,-4.824669903799172488e+00,-2.383026564797523061e+00,1.549736614935009982e+01,-4.149394704335207962e+00,-2.161955981311527442e+00,-6.354936208368128447e+00,5.995451198989012020e+00,3.603977386950396156e+00
-2.372844864027431555e+00,-1.127221846643518433e+01,6.192568968996408962e+00,1.394280112759921764e+01,-6.713666064638583286e+00,-1.624579284272292057e+01,1.842400594389525992e+01,-2.201116380225188518e+00,1.839984614858606804e+01,-6.212089987209456154e+00,-2.106344956895802589e-01,-3.450577126040974463e+01,6.941200647560065384e+00,-2.881075598400768101e+00,9.832120544143053920e+00,-6.848072427812875063e+00,3.830377152520904716e+00,3.796241404587933488e+01,-7.776779974958433428e+00,-2.326784959210436821e+00,-1.458213993042021173e+01,-2.901733614117879334e+00,-6.642493564944171869e-01,-8.703927840840792740e-01,5.371625834754179429e+00,-7.085043209847459167e+00,-9.351918900995668693e+00,-4.221897531693779015e-01,3.585619078553150096e+00,2.385846845024625651e+01,-3.120556574009198059e+00,1.260761189271024740e+01,7.240611023822402181e+00,9.563603610706183034e+00,-2.027591358843805835e+01,5.048712252446607707e+00,1.468803536860262771e+00,-1.009678223790799656e+01,3.414362823786484036e+00,1.376669287955452425e+01,-7.220189258771507745e+00,-5.041107126530431692e+00,-4.015025352773637479e+00,2.972139540412245395e+01,1.093063861724582253e+01,1.495749734472056858e+01,-1.952189518249037903e+01,-6.865311255759997344e+00,1.702205679924365000e+01,-4.600782723856303491e+00,2.872229572473546710e+01,-8.638646928664931224e+00,4.545283463899662202e+00,-1.016428967451821030e+01,-5.563592231687092271e-01,1.046462978976888358e+01,-1.422289077070268348e+01,-9.210457261114964211e+00,-7.185777484049236996e+00,7.299264458283793999e-01,3.412329505627427650e+00,-7.971496219444549780e+00,1.657183266983979664e+01,1.261664862195959280e+01,-1.477012818108662273e+01,-7.033393535309396150e+00,-7.677189247109914128e+00,-2.247370674123680345e+01,-1.540983625775097288e+00,7.663116846498965629e+00,-3.751555381826713553e+00,2.674154568978286961e-01,2.668265401351959110e+00,2.208240624547968167e+01,-1.480758591190293849e+01,-7.247869293941402447e+00,-3.207189033585030380e+00,1.567149220034067980e+01,2.613279573044232862e+00,4.972531878697445507e+00,1.577421280922090752e+01,9.825254388241265735e-01,-6.214470603944830529e-01,-1.784164288657796504e+01,-1.285677706625057048e+01,3.614595291436757840e+00,-1.985239931008349501e+01,5.262473371931659649e+00,-6.182821691043192125e+00,8.391644688299573218e+00,6.722704928284062298e-02,6.670504130768836859e+00,5.552388984621607904e-01,-3.914696031504582230e+00,1.059480526558940383e+01,-2.068727424718708185e-01,-1.098803272496789774e+00,-1.227496886176568225e+01,1.628724780619117141e+01,3.218522498015681244e+00
-4.944271676179473829e+00,-1.367665698872077229e+01,9.716745929463897369e+00,2.551827570748723772e+01,-7.267694274090080953e+00,-3.141934097743421717e+01,3.522695251816362827e+01,-6.898953509929299344e+00,3.042802363064560467e+01,-7.389553457178245743e+00,-3.430584118439632846e+00,-5.856888686472525052e+01,1.549686045168635573e+01,-6.383517942096323061e+00,1.257074519949826907e+01,-1.552024140438175515e+01,4.797263783809322391e+00,6.830152348083058200e+01,-1.291635864686215385e+01,-3.173427637519133704e+00,-2.709335013465516440e+01,-4.488432549198284605e+00,-2.626006315163369464e-01,-3.401291895068119686e+00,1.387207838317026898e+01,-1.140955192865748380e+01,-1.252747295058181365e+01,-3.907146171098061060e+00,4.901871982040280962e+00,3.809883158307320628e+01,-1.661902588784184331e+01,1.829612725284469121e+01,1.127922690257543259e+01,1.883249044750274948e+01,-3.534494420370339895e+01,9.856481970405003068e+00,-1.292769037682832689e-01,-1.139775997123017603e+01,4.645846885825561934e+00,1.356696501084142170e+01,-1.229020199392161317e+01,-1.084311010677070541e+01,-1.008803785698070676e+01,5.391560611748015219e+01,1.983551340135773344e+01,2.664846145156755952e+01,-3.298223026019834947e+01,-1.151230328492820831e+01,3.056646484688050691e+01,-5.104724700056145537e+00,5.025562820975154921e+01,-1.572762377844638237e+01,2.880928070374521255e+00,-1.589194546527165919e+01,-1.239099679600212944e-01,1.461772573458647173e+01,-2.266484491247454613e+01,-1.380421371304068323e+01,-1.189422221179999539e+01,-6.750721030820354684e+00,2.982709570833895540e+00,-1.622421828413891731e+01,3.314919923971838500e+01,2.580490087153331302e+01,-2.568883693155566306e+01,-1.395432551390186404e+01,-1.233079359196431213e+01,-3.812511120297146050e+01,-1.772053093304009952e+00,1.571586053457991738e+01,-6.453254347154726567e+00,3.122303302799508962e-01,6.369520602832089651e+00,3.593627086804060156e+01,-2.602126421420038938e+01,-1.289648277028767254e+01,-5.781906213892560764e+00,2.863728820605101788e+01,2.539334859438867831e+00,7.449213236621755385e+00,2.376299363180864077e+01,2.510817420116808307e+00,-4.528371958792639873e+00,-2.942744230430908203e+01,-2.185504433745082764e+01,6.625601812292993387e+00,-2.623365394759594338e+01,7.481549464611441991e+00,-6.251128974443131980e+00,1.808754161779779679e+01,1.100654911738558006e+00,1.064121758540571783e+01,-2.543765080295092851e+00,-6.757758083852664299e+00,2.442723344308609512e+01,-3.086551344515314099e+00,-2.909683110310779419e+00,-2.043174771586691563e+01,2.545719653590812470e+01,6.671743538698613918e+00
-5.205717435374088708e+00,-3.821343971938322426e+01,1.796516649766218521e+01,3.544582221282713164e+01,-2.396640466996244356e+01,-3.898331656436941728e+01,4.476681205592641533e+01,-1.650841146674996374e+00,5.123987971110569362e+01,-2.126219803028545741e+01,3.649425848287018326e+00,-9.402148417851178408e+01,1.380767166737618545e+01,-5.798124176615342407e+00,3.244998409589068444e+01,-1.330454053676887050e+01,1.277925840300777338e+01,9.812779800933493846e+01,-2.158006580605828617e+01,-7.406471934999689921e+00,-3.651464008190531274e+01,-8.507053379223618705e+00,-2.998560531312453481e+00,2.724252741261277144e-01,8.102476480633436395e+00,-2.015242238645524253e+01,-3.008082235236852497e+01,3.234427954596563737e+00,1.139762346367895951e+01,6.830486319799516082e+01,7.057542120001663477e+00,3.861860161943231873e+01,2.111831850791892506e+01,2.248632122037868442e+01,-5.397072225960894087e+01,1.198804127108108020e+01,7.606177558394398908e+00,-3.540057232291709965e+01,1.088335076134580603e+01,5.098005697627164068e+01,-1.962563323012851768e+01,-1.059363692912619825e+01,-6.441912890475464337e+00,7.621947538267669131e+01,2.802166137739446938e+01,3.902443813101395875e+01,-5.340437698710991299e+01,-1.889990955460212874e+01,4.408141395573727550e+01,-1.625305427951888504e+01,7.619647933048258892e+01,-2.207540559065292740e+01,1.902857010252035508e+01,-2.956555088919107988e+01,-2.643508669715446402e+00,3.283571205069578269e+01,-4.078390498460231584e+01,-2.761072827794592399e+01,-1.999579714746827008e+01,1.296926123580361967e+01,1.315874746791732264e+01,-1.801879552796389916e+01,3.825489489933960385e+01,2.834485913101771359e+01,-3.939564365195360551e+01,-1.639387365265685048e+01,-2.188113610306541545e+01,-6.126528031147893927e+01,-5.358197273284709183e+00,1.715780470681160352e+01,-1.010475701315714048e+01,9.233563375055582334e-01,4.741068184733815194e+00,6.229443206491300344e+01,-3.912822610357886077e+01,-1.893240284266270379e+01,-8.274256962323745412e+00,3.990220337017905905e+01,9.726870865079668249e+00,1.491111094762978340e+01,4.712054823498083067e+01,1.518483860637278582e+00,3.080441283232183025e+00,-4.979187037428727081e+01,-3.498767525924884580e+01,9.175217697839237019e+00,-6.435060252222677946e+01,1.633305688974862235e+01,-2.267873065168332403e+01,1.758290712031807246e+01,-1.172647878633613194e+00,1.911181687073676372e+01,6.304077583189504175e+00,-1.051135975456385907e+01,2.001269048401091055e+01,3.195640425874050727e+00,-1.558393388498175103e+00,-3.400122876742913292e+01,4.738686104556695966e+01,7.108656401883639120e+00
-6.662032275341807974e+00,-7.050209784385270950e+01,3.000607999588761743e+01,5.314209313392318279e+01,-4.546784366213092454e+01,-5.524249875127824083e+01,6.425341135256549308e+01,2.978111124595958614e+00,8.299091810381254675e+01,-3.943811038772288668e+01,1.125628842756559145e+01,-1.496699744691337912e+02,1.539513373711166722e+01,-6.583078270947204658e+00,5.895505922186349324e+01,-1.427259527442958387e+01,2.336369297861199712e+01,1.493553320890392797e+02,-3.485546094870342415e+01,-1.316552584316457164e+01,-5.397521383899275094e+01,-1.431645435677525136e+01,-6.306271161980975926e+00,3.843732930372069312e+00,4.470982284271180163e+00,-3.317249496591968949e+01,-5.381566795464529207e+01,1.080388651971141023e+01,2.024253847586421884e+01,1.129822801463926538e+02,3.130301855657946675e+01,6.697678286937347991e+01,3.540909945626194855e+01,3.118767389080753105e+01,-8.426718951079135422e+01,1.680229120246619701e+01,1.675609612334010734e+01,-6.652731922597770620e+01,1.936245104858789645e+01,9.852397208411295537e+01,-3.117958650698464496e+01,-1.281094173497333522e+01,-4.453293497849952765e+00,1.151853957200421377e+02,4.233413808044481641e+01,5.988830050176233044e+01,-8.528498451833792160e+01,-3.033546861621943336e+01,6.720509480706971317e+01,-3.066633614583949097e+01,1.186301507619323985e+02,-3.325405897014979928e+01,3.885921697009089115e+01,-4.947605646345952835e+01,-5.662309719867662849e+00,5.784380807828828353e+01,-6.753987181181020105e+01,-4.719503840206127165e+01,-3.236716945728861106e+01,3.480675297033002380e+01,2.592631393112024796e+01,-2.390913872480527402e+01,5.199773607649178331e+01,3.734050652631405853e+01,-6.161640526886105818e+01,-2.252347593741071918e+01,-3.607299653254831640e+01,-9.756352844347019015e+01,-1.002472697106285082e+01,2.251183420658919943e+01,-1.593392120294790359e+01,1.720969914632157094e+00,4.284950380181202334e+00,1.019042042325438899e+02,-6.071418923848957405e+01,-2.908472111691063233e+01,-1.257220847148500553e+01,5.990853438329414615e+01,1.884512567936296534e+01,2.549303618213548717e+01,8.034772936837595125e+01,9.228443584304120151e-01,1.106038975503252075e+01,-8.078000502304468000e+01,-5.563839815259269272e+01,1.373669047629648610e+01,-1.156658596428758159e+02,2.857156687100161463e+01,-4.362280404473751361e+01,2.117661638097865051e+01,-3.615316457662644201e+00,3.163068263990325946e+01,1.621443639895925060e+01,-1.653226970773475912e+01,2.043589896663879912e+01,9.935453969279045339e+00,-6.292248341685897639e-01,-5.484046333852340638e+01,7.931222945074965480e+01,9.173619686850615906e+00
-6.087572873076458890e+00,-6.035859438485866946e+01,2.609864818211494963e+01,4.709570097111877374e+01,-3.876287579763424418e+01,-4.947162898179680468e+01,5.740268528120004987e+01,1.763372964371487939e+00,7.255741395167842711e+01,-3.373649493203430438e+01,9.046389055417474623e+00,-1.312420831686015958e+02,1.449577061190291971e+01,-6.172943033146848890e+00,5.059215147563663351e+01,-1.356009650507331799e+01,2.003010024805587364e+01,1.320026319492144466e+02,-3.048787218533889387e+01,-1.133647634562495554e+01,-4.795759826564047046e+01,-1.243662399197047819e+01,-5.297920899953846074e+00,2.854615258618382168e+00,5.195324354976234460e+00,-2.892291753838835788e+01,-4.629248569258902535e+01,8.618189499219838012e+00,1.743267576995840429e+01,9.842860713544332896e+01,2.441301017274624030e+01,5.789819483553062440e+01,3.077839746912634666e+01,2.804476469198845479e+01,-7.414109822925226467e+01,1.507861333214408006e+01,1.398988501459352207e+01,-5.679712124528827388e+01,1.667024104580581678e+01,8.376562575387879406e+01,-2.735000600172220686e+01,-1.184670054761499358e+01,-4.782604290834412630e+00,1.019331277769077246e+02,3.746561774326855243e+01,5.285252428543937242e+01,-7.474322682617706448e+01,-2.656275064932640717e+01,5.937937344539933093e+01,-2.616543123765443823e+01,1.044271035121489035e+02,-2.944517946666841368e+01,3.277856364611347573e+01,-4.301958057434930538e+01,-4.745161565011856375e+00,4.987871615278497472e+01,-5.882820496377768649e+01,-4.089372793981444687e+01,-2.830085615778083152e+01,2.837893712179285188e+01,2.198092328358763581e+01,-2.168762353321710279e+01,4.694181660557764957e+01,3.392006999391264088e+01,-5.419582778126865463e+01,-2.029088482651490111e+01,-3.144381733248958710e+01,-8.554554221965197769e+01,-8.564262492456926168e+00,2.046640201923544211e+01,-1.399500516854759979e+01,1.471091471548431340e+00,4.250869266888153142e+00,8.894296857996263839e+01,-5.347678244591659080e+01,-2.566303334821159510e+01,-1.111493919806612318e+01,5.307858315213360356e+01,1.601637463127075378e+01,2.208852872637641696e+01,6.964752876497502143e+01,1.035286115311495836e+00,8.767226216508976933e+00,-7.060447663465571111e+01,-4.879669164602777442e+01,1.217685001870150785e+01,-9.942357494831188092e+01,2.466473278303823591e+01,-3.711402699131453886e+01,1.959993839889226308e+01,-2.905661507030573354e+00,2.755358766152297534e+01,1.328329440824773400e+01,-1.452708188180592686e+01,1.964759711667883835e+01,7.978714500586594482e+00,-8.318465827680648905e-01,-4.798016131387143446e+01,6.896030181091305167e+01,8.368232326571460433e+00
-5.161119383420173179e+00,-1.501974467257727319e+01,1.038431358467154197e+01,2.690520144224839783e+01,-8.095636591799241444e+00,-3.298156866597750536e+01,3.701156156856990265e+01,-7.026344137925114808e+00,3.236189281146506858e+01,-8.134434140958077819e+00,-3.354406100758833276e+00,-6.214748059335240526e+01,1.609822972706530209e+01,-6.634682383821725260e+00,1.372178680438309328e+01,-1.610616443911212414e+01,5.248874609491959831e+00,7.211530741902767261e+01,-1.373193706665988145e+01,-3.439490194169381176e+00,-2.853095565645413956e+01,-4.803306364443118426e+00,-3.590772137199502723e-01,-3.430192186851575009e+00,1.427751409404588223e+01,-1.216400188581363118e+01,-1.360409419061955205e+01,-3.849161374224176591e+00,5.311510592886399706e+00,4.064967398696443013e+01,-1.658150577537560366e+01,1.970265953127882597e+01,1.206239054357648222e+01,1.974141223273750256e+01,-3.741811636724547441e+01,1.033903268022757516e+01,1.066998262161726885e-01,-1.262799415855699969e+01,5.036618965795786274e+00,1.530730859617228390e+01,-1.303789445508297185e+01,-1.129298937170226402e+01,-1.040003329045649494e+01,5.688740601476525427e+01,2.092823005659941060e+01,2.815950860880851181e+01,-3.501174399253714853e+01,-1.222879067117369267e+01,3.227843172247403913e+01,-5.668138115325018767e+00,5.318646264925015998e+01,-1.658957704715378867e+01,3.506514368456333131e+00,-1.698948257053590538e+01,-2.077797945585380113e-01,1.580331644814414993e+01,-2.418700055627970613e+01,-1.481778016608316051e+01,-1.264911347801698227e+01,-6.420169838688234876e+00,3.426210596998212843e+00,-1.696502056653099544e+01,3.470771472630241306e+01,2.697334856786515900e+01,-2.720091716488639833e+01,-1.461945058800699471e+01,-1.314932950358285346e+01,-4.045652837647975986e+01,-1.958775914298342968e+00,1.642419994885937484e+01,-6.839601077651063399e+00,3.444829477557110886e-01,6.587539075256143128e+00,3.827573911356186187e+01,-2.752865361712578718e+01,-1.362920573568255023e+01,-6.103738117769415439e+00,3.019760207297830590e+01,2.870847044345699928e+00,7.996524580427936790e+00,2.549499989179154369e+01,2.585821943269890344e+00,-4.482024720185679989e+00,-3.130511419136592011e+01,-2.318738723109240851e+01,6.984831709158751956e+00,-2.853060097286028807e+01,8.073597118643309756e+00,-7.027702493828126507e+00,1.883522970537770647e+01,1.076158684056266246e+00,1.135473978666599315e+01,-2.374979955811963528e+00,-7.160143936205551896e+00,2.532047388363549345e+01,-3.020753310323088137e+00,-2.990319470962164772e+00,-2.171765079334943849e+01,2.721614541406609078e+01,6.966980870302577955e+00
-2.610851252132134093e+00,-2.618073456430766655e+01,1.128873850066506002e+01,2.030441430868213715e+01,-1.682612892661101966e+01,-2.129037326047196643e+01,2.471377081906440409e+01,8.255784378680486313e-01,3.135566468021050923e+01,-1.463543270533568474e+01,3.969486894013940947e+00,-5.668685918887452857e+01,6.186004410353922012e+00,-2.636069954482763045e+00,2.193529983474186906e+01,-5.778194714394201625e+00,8.685969033582175314e+00,5.693722617061984437e+01,-1.317423665762654039e+01,-4.912203190217525162e+00,-2.066678791951127536e+01,-5.380530993998527300e+00,-2.305791410339530056e+00,1.271871189574187211e+00,2.147891549011562873e+00,-1.250501667985889398e+01,-2.006256190849458321e+01,3.786910976763242065e+00,7.553562047890399533e+00,4.256233343982466977e+01,1.077347391132265209e+01,2.507046580262667845e+01,1.331441833033451516e+01,1.206071522121944817e+01,-3.200467835178993425e+01,6.486830050934508485e+00,6.095601081570243274e+00,-2.464817755176024150e+01,7.223546138390162241e+00,3.637863968574062312e+01,-1.181247129010528418e+01,-5.070679114436213553e+00,-1.999571001582941321e+00,4.395747045047551893e+01,1.615645370984456264e+01,2.280290440216836956e+01,-3.228664173389277892e+01,-1.147598356479122117e+01,2.561365769949508575e+01,-1.135619496146252594e+01,4.507438512818645648e+01,-1.269661570520039717e+01,1.425562458774126462e+01,-1.860877402163171013e+01,-2.066142072523608597e+00,2.160747331140722949e+01,-2.543927416803477115e+01,-1.770003774632889204e+01,-1.222999156187061232e+01,1.241909697606188345e+01,9.550915340579631874e+00,-9.312998714115868992e+00,2.017390169494943564e+01,1.456222440252266459e+01,-2.339608071756409657e+01,-8.723407415724095060e+00,-1.359555348919252005e+01,-3.694976201058351251e+01,-3.716178213048923595e+00,8.785216764537096878e+00,-6.043077505999110421e+00,6.382662081930220443e-01,1.798857984563521084e+00,3.844801706603388425e+01,-2.308007207348645196e+01,-1.107251877112016736e+01,-4.793995618663230651e+00,2.288484099167467178e+01,6.956219234820247621e+00,9.560639567787326598e+00,3.014344841383240237e+01,4.301247750741118980e-01,3.857004450592902867e+00,-3.051321387196669832e+01,-2.107590161102658044e+01,5.249586402428645826e+00,-4.309447489818878552e+01,1.068266301467970258e+01,-1.611628358987468346e+01,8.388024407911652602e+00,-1.274971962788178370e+00,1.191487560657036404e+01,5.807867290072974420e+00,-6.272337458932962129e+00,8.356052208874977794e+00,3.501505573072878796e+00,-3.381809788152294605e-01,-2.073202907169762099e+01,2.982997368952418071e+01,3.590023938210751275e+00
-6.106746860821147038e+00,-6.065296492481152058e+01,2.621471423324146599e+01,4.728159455296709268e+01,-3.895639391522453820e+01,-4.965329177900152757e+01,5.761709769288813021e+01,1.793501259701993256e+00,7.287002062561657567e+01,-3.390178033411986291e+01,9.106673981211304891e+00,-1.317971130473469543e+02,1.453044463791522212e+01,-6.188345118452199145e+00,5.083562531073396684e+01,-1.358951288176247019e+01,2.012702469110505987e+01,1.325331712229555023e+02,-3.061884039093612841e+01,-1.138998099989979274e+01,-4.814362544576184888e+01,-1.249235055841406883e+01,-5.326525379513745051e+00,2.880477946900108055e+00,5.183216312395222403e+00,-2.904965204680530277e+01,-4.651224381940009067e+01,8.677505593932925976e+00,1.751488790630871151e+01,9.886205339180449414e+01,2.459741075387007925e+01,5.816529553471637115e+01,3.091580576462331464e+01,2.814473421347225113e+01,-7.444798372411183607e+01,1.513315675463840471e+01,1.406784578602648850e+01,-5.707846402143690767e+01,1.674898037174614274e+01,8.419012109753536777e+01,-2.746542045894985407e+01,-1.188041149954333342e+01,-4.779369255172174036e+00,1.023393535868985964e+02,3.761487102613088496e+01,5.306700804511449121e+01,-7.506042060876515620e+01,-2.667609401531014157e+01,5.961849431505442709e+01,-2.629547160703304343e+01,1.048579551621786550e+02,-2.956207320042715736e+01,3.295183593560766155e+01,-4.321126503548583031e+01,-4.771109868280873911e+00,5.011219577237275047e+01,-5.908757662450397419e+01,-4.107978184463956239e+01,-2.842271146827823003e+01,2.855622201005841276e+01,2.209401816354253967e+01,-2.176003375667975703e+01,4.710434806678574660e+01,3.403205403826702025e+01,-5.442059127397477880e+01,-2.036224503523399321e+01,-3.158181386069770724e+01,-8.590746926870505717e+01,-8.606527728704095992e+00,2.053353957826317711e+01,-1.405357798245154299e+01,1.478328276563566135e+00,4.255653980530173186e+00,8.933019207728517586e+01,-5.369657799421499078e+01,-2.576730454142836635e+01,-1.115952116809288164e+01,5.328845409815436795e+01,1.609770154250711371e+01,2.218904557130876753e+01,6.996365867013207662e+01,1.033621082206277242e+00,8.829201195111506806e+00,-7.090920489189375076e+01,-4.900282324875646367e+01,1.222483207351498713e+01,-9.989753715394940059e+01,2.477944031701116145e+01,-3.730140013086155193e+01,1.965527537774931943e+01,-2.925021127539558563e+00,2.767499503341330325e+01,1.336445881910196576e+01,-1.458770708342808042e+01,1.968449832939865018e+01,8.032063962581810657e+00,-8.278768714392146233e-01,-4.818596320035073433e+01,6.926762341692040081e+01,8.394957986518530646e+00
-2.892062993284624461e+00,-1.659544852434465767e+01,8.475451789458155361e+00,1.802275842279389195e+01,-1.013980656600102037e+01,-2.050871666057059173e+01,2.337643361802723518e+01,-2.009431006920221474e+00,2.472961847693642667e+01,-9.188689057275938765e+00,6.143553040774527574e-01,-4.593758811019004895e+01,8.159114660212967607e+00,-3.400786544365503872e+00,1.428852870515750695e+01,-7.982299661056515561e+00,5.595618236688010505e+00,4.941393058170145736e+01,-1.043583633518890252e+01,-3.323590886042162573e+00,-1.873127345427536028e+01,-3.990284165100750347e+00,-1.136138554151354674e+00,-5.985742470813093519e-01,5.766910271616176864e+00,-9.611790587058994362e+00,-1.342451140944537258e+01,3.669164458861979838e-01,5.118349529218339633e+00,3.246094673176846612e+01,-8.577227839014440747e-01,1.768819665418475751e+01,9.933728757787415375e+00,1.197513358215803159e+01,-2.672276907814231350e+01,6.346634268808598378e+00,2.718968434035127668e+00,-1.511320780146077070e+01,4.880264175030697871e+00,2.118109511720786386e+01,-9.602086027051727868e+00,-6.045477569579240651e+00,-4.392198836127829686e+00,3.855850498705974161e+01,1.417863355191602182e+01,1.954603200380991979e+01,-2.603423888333253444e+01,-9.180748162558781900e+00,2.217412973589615888e+01,-6.912485043424712927e+00,3.780029477775737234e+01,-1.119064275871309988e+01,7.458666001938972556e+00,-1.392788601517551683e+01,-9.795652978616069539e-01,1.484717284289915185e+01,-1.936489155782506799e+01,-1.279452605640631369e+01,-9.654562898307331054e+00,3.298080027857952956e+00,5.360802766638673944e+00,-9.828155277519179833e+00,2.060023085311560465e+01,1.551838741598796645e+01,-1.948339707133440157e+01,-8.776549472078659875e+00,-1.042452880109872027e+01,-2.992538756121812682e+01,-2.297130222066893879e+00,9.413220107204395504e+00,-4.969558122669146094e+00,3.972606070471300654e-01,3.016373261621605462e+00,2.984837920737856720e+01,-1.945498502871757296e+01,-9.476087566402506823e+00,-4.171281879075275256e+00,2.027036204182625667e+01,4.031218754422974726e+00,6.908482476293910324e+00,2.187711335108276245e+01,1.062551072432278865e+00,1.840490009784838676e-01,-2.400194448951034332e+01,-1.710681349051699840e+01,4.669353145019524476e+00,-2.860254181141947072e+01,7.428360651649229318e+00,-9.466730724787336015e+00,1.005260588469081107e+01,-1.977500337346997927e-01,9.078755528466418312e+00,1.754258661357084748e+00,-5.178712920774274586e+00,1.222860707229299138e+01,5.210515137270195218e-01,-1.158681884085766445e+00,-1.645912893616061723e+01,2.232037224915654861e+01,3.932880192852476142e+00
-5.763283540120658799e+00,-4.412541085719838918e+01,2.048018142037696521e+01,3.989756667171843674e+01,-2.777958140650547492e+01,-4.360956597662652712e+01,5.014806455343455127e+01,-1.398899182709019584e+00,5.819486538733233516e+01,-2.456936790452306241e+01,4.594985499641712323e+00,-1.065633607857827627e+02,1.509493373205369693e+01,-6.348639293190777799e+00,3.739333992709980237e+01,-1.449760052339081184e+01,1.473834837327325253e+01,1.106403930926391865e+02,-2.450105857748322435e+01,-8.510287170381092281e+00,-4.103582796600321103e+01,-9.707057063093671445e+00,-3.527658688089188921e+00,5.959691876923498555e-01,8.473544832333407939e+00,-2.293263878050067106e+01,-3.459293111444034707e+01,4.142166343078317325e+00,1.309477818704476526e+01,7.777423399223970080e+01,9.689177072357104237e+00,4.423338777927832410e+01,2.408625283287787511e+01,2.509779023479812210e+01,-6.103134873903233171e+01,1.339505013243172016e+01,9.012263998435194878e+00,-4.097968343876715380e+01,1.250673076447067089e+01,5.924344990123812238e+01,-2.223835891286402600e+01,-1.166542927603168778e+01,-6.812616302505180244e+00,8.586903658559573671e+01,3.156816287778932661e+01,4.404194030945354399e+01,-6.055110825312824829e+01,-2.144203319336838121e+01,4.971172863169996958e+01,-1.882483733784449953e+01,8.613618168356400417e+01,-2.486118888821858874e+01,2.228849721954804153e+01,-3.371251615212143804e+01,-3.118611350946378646e+00,3.768521434300161843e+01,-4.644464909317728285e+01,-3.156690488288750629e+01,-2.270829318272116382e+01,1.589198459436432032e+01,1.533341048883837665e+01,-2.002027503296383770e+01,4.260835600503159526e+01,3.147056601375485130e+01,-4.455843952761362914e+01,-1.827975000686429752e+01,-2.490446871347045388e+01,-6.944081522956642516e+01,-6.198874342070842758e+00,1.904218308557250339e+01,-1.143990538180745808e+01,1.067675097685129693e+00,5.098745472287500746e+00,7.083485202145699589e+01,-4.421521631699029342e+01,-2.136916350155735245e+01,-9.327513747867508087e+00,4.492081510370616115e+01,1.130746386893112998e+01,1.704809523509095470e+01,5.385570858715679066e+01,1.595179428034993796e+00,4.009887301810209692e+00,-5.656162849169574258e+01,-3.964997488897265043e+01,1.032593966104896133e+01,-7.404866943483777675e+01,1.872835923741203956e+01,-2.633738596452149139e+01,1.935454227442342301e+01,-1.476344202669123362e+00,2.176288301221499566e+01,7.665426167792888990e+00,-1.189662704707785679e+01,2.172029471615411822e+01,4.030263606063373416e+00,-1.610332577429451462e+00,-3.859699261478266408e+01,5.403462870054701739e+01,7.876465416614574444e+00
-4.198006614287231208e+00,4.285685902575266937e-01,4.339269375575440790e+00,1.732925660069306062e+01,2.078360985507044845e+00,-2.369252017977044744e+01,2.602816102088240413e+01,-8.695735628437638809e+00,1.612575547907840345e+01,5.426840104021710687e-01,-6.584399421065423752e+00,-3.336873171731299692e+01,1.442628874752722723e+01,-5.886691257907960662e+00,9.578802440885958447e-01,-1.471298777614140718e+01,1.654916267300192700e-01,4.473744794974304995e+01,-6.931513437675043576e+00,-6.389263822115123226e-01,-1.896468977049949700e+01,-1.899029714904151067e+00,1.153405821780047358e+00,-4.836410784659252116e+00,1.506649363037911016e+01,-5.571821750350662406e+00,-2.096029089501557863e+00,-7.032902223106342277e+00,1.008601433585123885e+00,1.809385694475890105e+01,-2.652663045190763569e+01,5.748065868059717864e+00,4.903397133740558189e+00,1.464603200102425618e+01,-2.153735703267614809e+01,7.554538102141581390e+00,-4.024522921169168654e+00,2.154437691027258239e+00,9.149527250082494234e-01,-7.035325432838927640e+00,-7.054744585177274985e+00,-9.622557722549142767e+00,-1.067872369404262223e+01,3.594181224101970429e+01,1.323279166711414589e+01,1.708106797209912742e+01,-1.855978431022651876e+01,-6.347078036800560596e+00,1.993656038629675820e+01,1.166237359363283765e+00,3.089741836080946058e+01,-1.056463318041728172e+01,-5.641660498202421437e+00,-7.004367370918252789e+00,1.165471973102227388e+00,3.590613894923240679e+00,-1.068831609166165819e+01,-5.108724789874443672e+00,-6.320557133229804947e+00,-1.588337007431788628e+01,-2.533079245178387673e+00,-1.330180259367832818e+01,2.645052098326007695e+01,2.131569273817249766e+01,-1.556771530319940311e+01,-1.098770767521113711e+01,-5.970362284217336502e+00,-2.168960678544968346e+01,2.613059027173039173e-01,1.303488489945483941e+01,-3.805451370336919936e+00,-3.555365056966397486e-02,6.401837362728411307e+00,1.814549300665152742e+01,-1.616215714332077269e+01,-8.242802290441808566e+00,-3.803589037616728064e+00,1.938467561016602758e+01,-1.410302100782030887e+00,2.751052068683001117e+00,9.001320433304934809e+00,2.700735238669386362e+00,-7.813224485186613499e+00,-1.547567892953017576e+01,-1.250039498162353446e+01,4.513544048186108881e+00,-3.702290876855911961e+00,2.076739502116077052e+00,2.831589201915553744e+00,1.609626220962323728e+01,2.113412782314016525e+00,5.036582438341946855e+00,-6.701596433779304363e+00,-4.020511666060225586e+00,2.362555521028219729e+01,-5.879691580000676154e+00,-3.231562669603874394e+00,-1.103298328262822281e+01,1.120709498238905510e+01,5.622207677028776551e+00
-3.271425363386466501e+00,-4.544853402919859064e+00,4.966144493952476147e+00,1.526181632408243694e+01,-1.722801782979154872e+00,-1.967241648667321030e+01,2.185609731326123750e+01,-5.626466875983957117e+00,1.650069384138373962e+01,-2.339212240278569332e+00,-3.643406451889474873e+00,-3.263248161071638265e+01,1.072816800561459694e+01,-4.398295524855423189e+00,4.683048671139424357e+00,-1.084346408511941462e+01,1.712311337798328559e+00,4.023376557870880532e+01,-7.036649254395085151e+00,-1.330772245357616512e+00,-1.641549438051332288e+01,-2.254570053929800810e+00,3.411395299278217053e-01,-2.979417312233917148e+00,1.040869116113974080e+01,-6.009610511274858347e+00,-5.093936171278087954e+00,-3.975140148722132061e+00,2.063701846108122240e+00,1.987593534517443672e+01,-1.564088942386029046e+01,8.444729826860488231e+00,5.714721296045474297e+00,1.195792888759973138e+01,-2.021670797153640464e+01,6.217030012677159156e+00,-1.550024253607980462e+00,-3.115207843213767092e+00,1.940588167655973750e+00,2.035569205346853039e+00,-6.867332684837110790e+00,-7.330092895839447564e+00,-7.465430661713464922e+00,3.199418764337384147e+01,1.177431425438005874e+01,1.555778812561880109e+01,-1.828997230215830783e+01,-6.334978628101971765e+00,1.797392030452012079e+01,-1.319895491799084830e+00,2.884796943080475984e+01,-9.362936008862551063e+00,-1.119385053847944178e+00,-8.087594149358613649e+00,3.933671308111650333e-01,6.372160458720276033e+00,-1.179581617251557901e+01,-6.660203938129178880e+00,-6.456448833473557691e+00,-8.264320080729076423e+00,7.853184581556682531e-02,-1.055773749511018522e+01,2.129929041330819217e+01,1.685172504591527698e+01,-1.466151276940904324e+01,-8.911138024059400919e+00,-6.475636692599943345e+00,-2.123012410044049147e+01,-5.118862387480835885e-01,1.028299499544524664e+01,-3.643707957012852550e+00,9.411615308789450518e-02,4.586192994792446243e+00,1.915126663662124074e+01,-1.499825469457753258e+01,-7.520356411181090550e+00,-3.412047471772750029e+00,1.710376927046900164e+01,3.460216972031000537e-01,3.591903286096701287e+00,1.154251746805048029e+01,1.874124495437933469e+00,-4.480774096966277042e+00,-1.591327437950178947e+01,-1.219510810953846480e+01,3.967893722106028420e+00,-1.041016417652233450e+01,3.350771752156336714e+00,-1.091294956397260485e+00,1.224416640663128142e+01,1.169272798861429763e+00,5.545050844802361212e+00,-3.382156908341561241e+00,-3.828919058933675679e+00,1.724187159421311932e+01,-3.261422062150669987e+00,-2.209925458913953200e+00,-1.115650194220095592e+01,1.295054045997640557e+01,4.398512061628401248e+00
-1.618217271306856775e+00,-1.160325275195226880e+01,5.495045494856303669e+00,1.091921380170925282e+01,-7.261278509707070228e+00,-1.204981643179769968e+01,1.382710537456786426e+01,-5.781161953309041923e-01,1.570592127090640489e+01,-6.453439843968904022e+00,1.050417783349801848e+00,-2.885256043288908145e+01,4.321194736637038680e+00,-1.813048379250830067e+00,9.864875215108170892e+00,-4.170900955071481064e+00,3.883058825326939356e+00,3.020007971831681814e+01,-6.615903315693302034e+00,-2.255292266141857738e+00,-1.125828143308556761e+01,-2.600697866291215909e+00,-9.006175307298491806e-01,4.009558264583401588e-02,2.593932355941638068e+00,-6.170276956793493639e+00,-9.155298074884456128e+00,9.204101649103533234e-01,3.470833299460228005e+00,2.090663233319194347e+01,1.909739313222845070e+00,1.178078814889931003e+01,6.457765599479700747e+00,6.959204261585794526e+00,-1.658311721068329447e+01,3.707895534599411125e+00,2.274825142793060806e+00,-1.073364623418326502e+01,3.313801133264432153e+00,1.542274866178158987e+01,-6.023346522791214852e+00,-3.302593666898756997e+00,-2.050854235545114257e+00,2.346803160515182540e+01,8.628057247372160177e+00,1.200400155201572971e+01,-1.638483559221815611e+01,-5.796672868823502967e+00,1.356520033085269361e+01,-4.926452759533260561e+00,2.341656111359188941e+01,-6.798398728544764680e+00,5.730025925993082581e+00,-9.042074185323716762e+00,-7.926669067446024952e-01,1.000525466667454921e+01,-1.248204923857103665e+01,-8.431594830375880534e+00,-6.129306235923165147e+00,3.799238608604189160e+00,3.974527427356231435e+00,-5.590373893777745629e+00,1.185288639476631189e+01,8.797507708068399879e+00,-1.210340632322667354e+01,-5.076409039172693483e+00,-6.698874831330014601e+00,-1.880012459819969806e+01,-1.625205932853399204e+00,5.326500793112666443e+00,-3.102800195111067083e+00,2.801486949746174182e-01,1.496518905605206839e+00,1.908146644604464370e+01,-1.202742262085489422e+01,-5.823260508250140077e+00,-2.546783756086526296e+00,1.229093096036880262e+01,2.942023433839443314e+00,4.553393896432379684e+00,1.439187754629951677e+01,4.850448564069090307e-01,8.667563981358386016e-01,-1.526036689552135961e+01,-1.073747038216880156e+01,2.826704472426373904e+00,-1.957864001916660968e+01,4.979352165968764510e+00,-6.863515051823079638e+00,5.482620060246253146e+00,-3.375447691294758412e-01,5.849481022081409520e+00,1.855713860908923873e+00,-3.228199163618631573e+00,6.287047184807613043e+00,9.187987192384385882e-01,-5.018483357162473180e-01,-1.042490416153050781e+01,1.449222030845253606e+01,2.208779816883394531e+00
-5.705613578333296410e+00,-5.184640906498442803e+01,2.292642659963033935e+01,4.243865991944259974e+01,-3.309366477225275105e+01,-4.519640133102269886e+01,5.227772960599232732e+01,5.390284571427352844e-01,6.419467260493598815e+01,-2.894468010407951652e+01,7.037987342874463259e+00,-1.165874957173508335e+02,1.408400540197755824e+01,-5.968755969760135116e+00,4.360528938707632562e+01,-1.331175403392684586e+01,1.723989250891114011e+01,1.185188026192069657e+02,-2.699142288249926480e+01,-9.818563521539264372e+00,-4.336345432379093978e+01,-1.090602592010457350e+01,-4.425399558295540103e+00,1.910887446380040267e+00,6.159686793145832340e+00,-2.549314302000348675e+01,-4.003644624091890591e+01,6.619439246760242312e+00,1.510143581215910302e+01,8.665911136799104497e+01,1.800901665003343766e+01,5.042504673527488990e+01,2.701332531473386211e+01,2.575772715370202803e+01,-6.616433546055681347e+01,1.381299449127282486e+01,1.157589365441898899e+01,-4.859043632985499528e+01,1.443539407785469919e+01,7.122874683967329190e+01,-2.430742328030312294e+01,-1.126665625003187188e+01,-5.311824450313802792e+00,9.167762429027389715e+01,3.369870838340924024e+01,4.736032223979818667e+01,-6.634746274537894806e+01,-2.355104935488970597e+01,5.329276550826238434e+01,-2.236523619642847649e+01,9.325507501377219910e+01,-2.650316981005549266e+01,2.754814857792605665e+01,-3.777400724158989220e+01,-3.948797386060937775e+00,4.328771708528956452e+01,-5.177973769676435012e+01,-3.573326320832538983e+01,-2.504244197866120558e+01,2.261470095534100011e+01,1.861393718671849129e+01,-2.014100208854695495e+01,4.333123611207309978e+01,3.155855870328507962e+01,-4.834521251432870770e+01,-1.868011095348689921e+01,-2.770532006069685593e+01,-7.598665173413867535e+01,-7.333942985131812087e+00,1.906104000563732725e+01,-1.246008565590470951e+01,1.260806785986383183e+00,4.374095585982856527e+00,7.850943716770191827e+01,-4.779379079270653818e+01,-2.299050553948440268e+01,-9.983679452298705570e+00,4.781351853064316515e+01,1.361194898454066404e+01,1.930018761215234591e+01,6.089232376445535522e+01,1.193568304864920604e+00,6.659898283563062904e+00,-6.244255014739974996e+01,-4.335854274204564973e+01,1.097645129605073500e+01,-8.589749378468465579e+01,2.143936596602841504e+01,-3.159139846634909432e+01,1.866006158900179557e+01,-2.260736426125827592e+00,2.425569258037535647e+01,1.066758686099388065e+01,-1.294171429483440505e+01,1.954704192555134057e+01,6.199214043010336184e+00,-1.078301626813004122e+00,-4.249163272373940003e+01,6.054931077153344887e+01,7.826484003895956221e+00
-5.776375687262923719e+00,-5.491887948042060685e+01,2.399984971132046496e+01,4.384013791240617763e+01,-3.516849421839803824e+01,-4.635911560055019720e+01,5.370930673090723673e+01,1.118343515096122509e+00,6.694990353318868870e+01,-3.067908045158306507e+01,7.866083212101124822e+00,-1.213343501699038143e+02,1.400274651678316395e+01,-5.948622807614983188e+00,4.610635530865153697e+01,-1.316707664953374923e+01,1.824214832896632288e+01,1.226631077871257105e+02,-2.814036754666008022e+01,-1.035507077901159789e+01,-4.471625650381260186e+01,-1.142705060151360286e+01,-4.757990169490407872e+00,2.327728062389381680e+00,5.572630443555027568e+00,-2.663971068910150919e+01,-4.225619690304707632e+01,7.451195870582690617e+00,1.592497924656760766e+01,9.060996280951721360e+01,2.073750525442481774e+01,5.302502494462700611e+01,2.829128610618733575e+01,2.634834819072417744e+01,-6.869444571990825921e+01,1.414859511886511534e+01,1.250932849592902407e+01,-5.158034378475775839e+01,1.522571188698936950e+01,7.585583340919099271e+01,-2.529094767755643147e+01,-1.132244126402540019e+01,-4.951303481904440140e+00,9.479921154285193552e+01,3.484479097110251899e+01,4.906653147768400913e+01,-6.907585575186151061e+01,-2.453471245840022519e+01,5.516761167749528028e+01,-2.375242832183865715e+01,9.678701532471994540e+01,-2.739462254772928418e+01,2.952164662225703040e+01,-3.955173705337353596e+01,-4.254152108497680551e+00,4.560432066554859176e+01,-5.414815696385356603e+01,-3.751050532765964363e+01,-2.611538036990519629e+01,2.494342308719230772e+01,1.986685935987770435e+01,-2.048635315809469759e+01,4.421069254361047030e+01,3.206987167226895963e+01,-5.020458467158979943e+01,-1.908538901016812872e+01,-2.895673207220007939e+01,-7.908414029642653986e+01,-7.781198707845003781e+00,1.935976397677389471e+01,-1.295233113396751889e+01,1.337106243737649303e+00,4.227847818189102824e+00,8.197832138201883367e+01,-4.958333461425710453e+01,-2.382185047234111153e+01,-1.033057709882323394e+01,4.940126885402737855e+01,1.450034046817920164e+01,2.026062894233144362e+01,6.390226608182825174e+01,1.093588285133560767e+00,7.543175723994043125e+00,-6.513580211891365934e+01,-4.511817388933445017e+01,1.133695222138716829e+01,-9.070997984398303515e+01,2.256793132159039317e+01,-3.362542204016928338e+01,1.874242818427774893e+01,-2.526634506078307751e+00,2.536328095746993583e+01,1.171626789932419221e+01,-1.344870646681382098e+01,1.920731967579909849e+01,6.933657938746351057e+00,-9.381195962288652046e-01,-4.429275794344633255e+01,6.340018598348557788e+01,7.932131571498045375e+00
-2.082954357631196629e+00,-1.079382214836852327e+01,5.727929042030004858e+00,1.256315152193926288e+01,-6.509167311147486146e+00,-1.448380844467174278e+01,1.646288093074330305e+01,-1.720372909254769933e+00,1.687665784148322601e+01,-5.961969135291486310e+00,8.914641240255249954e-02,-3.151130789374551000e+01,5.998517291894449599e+00,-2.494262354740088394e+00,9.356091097603421503e+00,-5.896849183520774140e+00,3.654088824024539939e+00,3.431389072254305006e+01,-7.127884677342251507e+00,-2.195944752971233260e+00,-1.310213273773257825e+01,-2.689935231955142836e+00,-6.858297887864301945e-01,-6.186220384042264708e-01,4.469944093645358052e+00,-6.526652108662247542e+00,-8.846862372003144515e+00,-9.328863656897823375e-02,3.382932879488226519e+00,2.200763056517250149e+01,-1.812592440512867498e+00,1.179780257973510338e+01,6.704845958047566334e+00,8.495531451365135212e+00,-1.843121047280066804e+01,4.492686501508893038e+00,1.581555862638597265e+00,-9.746384684369139961e+00,3.223363608398480906e+00,1.346972078631707070e+01,-6.590412765656121330e+00,-4.394180736129861486e+00,-3.366771718355272558e+00,2.682448918448382713e+01,9.864604928229940839e+00,1.354403122780205315e+01,-1.784182108722345461e+01,-6.282411728147031305e+00,1.539152957046980852e+01,-4.449258663658081758e+00,2.609201422096142764e+01,-7.791443394440716652e+00,4.593653038942430378e+00,-9.406848922513660227e+00,-5.832318444893055398e-01,9.844545509561877239e+00,-1.312386693853954966e+01,-8.578728641218374307e+00,-6.589909780345750256e+00,1.398460723555858820e+00,3.373539052960558671e+00,-7.032968330630305687e+00,1.467378765573244870e+01,1.111963356195376562e+01,-1.343169390972106214e+01,-6.238344952492314022e+00,-7.075091385433712965e+00,-2.052532526211827957e+01,-1.484527255640194499e+00,6.749969710648063170e+00,-3.418158025113612108e+00,2.571862595598213841e-01,2.268113808819001598e+00,2.030764598435624535e+01,-1.344127371829012851e+01,-6.564457312277436785e+00,-2.897890001032011664e+00,1.412489656164185625e+01,2.560207037503253513e+00,4.631785528077720926e+00,1.468117457793300140e+01,8.200286442288244881e-01,-2.493291980894345450e-01,-1.637176104174966085e+01,-1.173807829943259762e+01,3.256000908806337080e+00,-1.881322180183617121e+01,4.938684568664847951e+00,-6.034973198875795752e+00,7.311295854567685382e+00,-2.897764916996170559e-02,6.154015017425713552e+00,8.264017309026234770e-01,-3.564613338964958800e+00,9.085083479889185298e+00,6.165215410780033878e-02,-9.077577162276428968e-01,-1.124667685539536244e+01,1.507426209493028146e+01,2.828490284410778877e+00
-6.397249598739388254e+00,-6.842308381011409324e+01,2.904834721286367483e+01,5.129043344454123599e+01,-4.415610605044602011e+01,-5.322611406972315962e+01,6.193277127293901430e+01,3.030181014265513006e+00,8.027553223814773276e+01,-3.828001619872915740e+01,1.102939809540021621e+01,-1.447038060436433113e+02,1.470707939670196396e+01,-6.293408615958427710e+00,5.719533302923532148e+01,-1.361313129797633614e+01,2.266977104530639053e+01,1.442151999664895641e+02,-3.371246201491261019e+01,-1.276570165082722674e+01,-5.207254036689033683e+01,-1.386226412542144004e+01,-6.138283380877614270e+00,3.807976501451209472e+00,4.095816679848099717e+00,-3.210120873772117989e+01,-5.218965139757990102e+01,1.059761148605480585e+01,1.962736952414232761e+01,1.093478221015985241e+02,3.080449699130362617e+01,6.490249884297497829e+01,3.428241507651847542e+01,3.002882830186329954e+01,-8.142680361010035028e+01,1.618338193640781242e+01,1.632521746477323532e+01,-6.459372809827928563e+01,1.877483065376685545e+01,9.572239013964066601e+01,-3.014335790275417182e+01,-1.227678509022093323e+01,-4.149385653529759743e+00,1.111980312977798633e+02,4.086828821804731859e+01,5.784104394533358828e+01,-8.246248632952890034e+01,-2.933562281501461655e+01,6.489532575733844055e+01,-2.977782180712410209e+01,1.146221871973593807e+02,-3.209987136704552313e+01,3.780044994827361649e+01,-4.789930820535397515e+01,-5.513569135096602736e+00,5.607451831576115353e+01,-6.536928701618930404e+01,-4.571633718695601090e+01,-3.130763991482812614e+01,3.403298955753399468e+01,2.520007570506867722e+01,-2.298731088375655673e+01,5.003289193688752334e+01,3.589209871909625349e+01,-5.954241630376502314e+01,-2.167995034150786182e+01,-3.490946930040947649e+01,-9.432729364732918498e+01,-9.732341059450599019e+00,2.163565089474040093e+01,-1.540114243769170876e+01,1.670625284618558970e+00,4.054970123652099190e+00,9.859667724371627173e+01,-5.865731096481819407e+01,-2.809132016847382118e+01,-1.213892164254125561e+01,5.782354315131494360e+01,1.831029621636523785e+01,2.469443272599842487e+01,7.782539834550040325e+01,8.520024180403771297e-01,1.085910506991923796e+01,-7.814051249289272505e+01,-5.379072625212938163e+01,1.325750544239702755e+01,-1.121840071035176862e+02,2.769275038203743478e+01,-4.237779767648498819e+01,2.029058584625609640e+01,-3.542421178707890306e+00,3.061364200891717502e+01,1.584274024734054542e+01,-1.597832085132648672e+01,1.945040549428987475e+01,9.736282280098778941e+00,-5.585127518393304680e-01,-5.304005554484264451e+01,7.678497655757333007e+01,8.811568205378975449e+00
-3.140880838305683653e+00,-4.623459502666537446e+01,1.836764045200167317e+01,2.973569696662933737e+01,-3.033945525022936707e+01,-2.926580426226290754e+01,3.448250183283828818e+01,4.467174409906147226e+00,4.960638695638654383e+01,-2.595090450182759412e+01,9.269629201239979466e+00,-8.822065023729176403e+01,5.889158242255228437e+00,-2.599982450791274324e+00,3.828080145722844918e+01,-5.071920479825946515e+00,1.523258839068380688e+01,8.472102318370804142e+01,-2.078822977337622291e+01,-8.425522333563133515e+00,-2.980675049030882917e+01,-8.813175197892459067e+00,-4.458659715088182374e+00,3.915159671179729184e+00,-1.441040782728833847e+00,-2.008146249074022904e+01,-3.458973557872438676e+01,9.103689240619919687e+00,1.294698940426813039e+01,6.865139649896802609e+01,2.815860873385208407e+01,4.213938890426096862e+01,2.173792870428867019e+01,1.615427381151319963e+01,-4.887321012962625133e+01,8.800422640207049341e+00,1.212499437351175580e+01,-4.413500754999436282e+01,1.239851928586996088e+01,6.647588349295796206e+01,-1.834839718837719147e+01,-5.590799434003251633e+00,1.813475050155436974e-01,6.492123592089350836e+01,2.385384229174701787e+01,3.421982050769642569e+01,-5.040156557702263740e+01,-1.800135069876489169e+01,3.817789949799548310e+01,-2.039456974550592250e+01,6.863571106903661700e+01,-1.868824766691624362e+01,2.704961044594512032e+01,-3.032941742858445977e+01,-4.040986075123665699e+00,3.679123270069417373e+01,-4.107633390456468447e+01,-2.938678693887250759e+01,-1.933782611707022525e+01,2.736649665263036368e+01,1.769047021928686547e+01,-1.178336136044693738e+01,2.634456332081816043e+01,1.824601446037504004e+01,-3.578851287101430501e+01,-1.154755690376647337e+01,-2.186300646335651621e+01,-5.752529215410259411e+01,-6.632171348687505130e+00,1.094681716600904231e+01,-9.318700850847646322e+00,1.135865382283862246e+00,9.476873028321123327e-01,6.139105158720935407e+01,-3.502621051843105704e+01,-1.663407993095264459e+01,-7.120582332957563487e+00,3.356563313509413149e+01,1.273386614845145637e+01,1.587613019598983222e+01,4.994181679643362770e+01,-1.789130253927491698e-01,9.497531475492694497e+00,-4.834873111585943661e+01,-3.276741230976722363e+01,7.676493255921391423e+00,-7.457618338498541277e+01,1.808494658490266360e+01,-2.935097730030441454e+01,9.186577363281189790e+00,-2.976838355302478423e+00,1.922814641453460993e+01,1.254635777975310518e+01,-9.647729099731295221e+00,6.520675380320485104e+00,8.201590988462656995e+00,5.247446169982810105e-01,-3.267069076557537244e+01,4.862549379427732532e+01,4.370900473532167041e+00
-4.730485126548805042e+00,-4.879218214104379570e+01,2.089414353753527465e+01,3.727729640229700436e+01,-3.141581886503282561e+01,-3.891130275224320911e+01,4.521508630225202552e+01,1.815553245736215793e+00,5.790577097696765208e+01,-2.728524783685503152e+01,7.605762975284793725e+00,-1.045514412842587433e+02,1.106524819191304054e+01,-4.723604769598672704e+00,4.083809495442208970e+01,-1.029629422926021221e+01,1.617794308665151348e+01,1.046552666436223262e+02,-2.432441185886591839e+01,-9.131767304310042022e+00,-3.790028325506047224e+01,-9.964134658176613257e+00,-4.332816217592135644e+00,2.523954897870106961e+00,3.521235804014938076e+00,-2.312092992015465853e+01,-3.731260695648050785e+01,7.279904075639451300e+00,1.404121046503763637e+01,7.872264330278339628e+01,2.091870585434130447e+01,4.652656495082783294e+01,2.465028449217602713e+01,2.200367830751801890e+01,-5.894235589191701052e+01,1.184492841474089708e+01,1.148536638887267713e+01,-4.599185840042090945e+01,1.342933013901889616e+01,6.800310616984980072e+01,-2.178331428620491295e+01,-9.140466843224299254e+00,-3.384856243201020298e+00,8.075266367640821841e+01,2.967971426061878404e+01,4.194026321082948527e+01,-5.956267465534368455e+01,-2.117896225914027042e+01,4.708601903883783990e+01,-2.119544198425149517e+01,8.299454642728640863e+01,-2.331864367170974006e+01,2.674025971083634801e+01,-3.444742044932534952e+01,-3.886699582043131596e+00,4.014332633693575758e+01,-4.705612206628034500e+01,-3.281478087209748651e+01,-2.258463465981505536e+01,2.364523690306283754e+01,1.787554398896592289e+01,-1.692716219305961900e+01,3.674317803310654540e+01,2.645160127931849559e+01,-4.309371049034836432e+01,-1.590248405708065427e+01,-2.514004557052360056e+01,-6.815090852699118784e+01,-6.932115075367677903e+00,1.595234202343207741e+01,-1.113774310929371936e+01,1.190316766389118319e+00,3.147324883352873748e+00,7.105542714905760704e+01,-4.248597869622691547e+01,-2.036677803180026203e+01,-8.810581519492476588e+00,4.201944141143247435e+01,1.300543336611775480e+01,1.772510591316523332e+01,5.587449459222784043e+01,7.152356031577165041e-01,7.435389488164295457e+00,-5.635689919810557313e+01,-3.886872262658391008e+01,9.636766846685334897e+00,-8.017316912893633685e+01,1.983710811937690011e+01,-3.011730072233833511e+01,1.511466170409231324e+01,-2.442872608684818481e+00,2.203848469494920792e+01,1.103467109861700379e+01,-1.155802760829369014e+01,1.481491989849173052e+01,6.711366691775660698e+00,-5.269983703142397946e-01,-3.827484632899231087e+01,5.522008480471040315e+01,6.509396233372362950e+00
-6.281593440749252188e+00,-5.936513800316110689e+01,2.598295785344876307e+01,4.754588266753715686e+01,-3.799978396317386142e+01,-5.032529939382439466e+01,5.829174823591161925e+01,1.131988016748546322e+00,7.251756888909054055e+01,-3.316018877352448158e+01,8.445183518356184749e+00,-1.314613971415391234e+02,1.526508383750701725e+01,-6.482745850280777766e+00,4.985081174668958681e+01,-1.436423786591966234e+01,1.972176636130629745e+01,1.329984589038454601e+02,-3.048192645496889241e+01,-1.119979328048996514e+01,-4.850746955772122249e+01,-1.236978954191526014e+01,-5.133318069862339073e+00,2.473531071529900149e+00,6.157546308990120565e+00,-2.884763609748884505e+01,-4.569875158752625310e+01,7.992707909053994086e+00,1.722430128727178555e+01,9.811221373871129003e+01,2.218304313363070079e+01,5.737250065257701692e+01,3.062712105741634261e+01,2.861298924391053689e+01,-7.445137387059180867e+01,1.536192197061017239e+01,1.348732883165035545e+01,-5.574080491808393134e+01,1.646754363149218747e+01,8.194012112883339682e+01,-2.740271020869936791e+01,-1.232507217837386904e+01,-5.447033103563967416e+00,1.027989049465919891e+02,3.778538501797278570e+01,5.319357160398229922e+01,-7.483733200850352318e+01,-2.657893334702070476e+01,5.981429632589770051e+01,-2.566675345095963934e+01,1.049031267657741466e+02,-2.970791433209889476e+01,3.186383262359977664e+01,-4.281859902067122192e+01,-4.588547427346172825e+00,4.933140233505307748e+01,-5.863037049230935338e+01,-4.059518703558546093e+01,-2.828744730899732573e+01,2.682397840273756273e+01,2.145423933647999348e+01,-2.226410030471807389e+01,4.802720431364453191e+01,3.485716483214656591e+01,-5.441044458910360504e+01,-2.072913236573652895e+01,-3.135593255312520355e+01,-8.568428845350511835e+01,-8.409392681355987165e+00,2.104386135994766960e+01,-1.403553845574098524e+01,1.445136643810762900e+00,4.627097291211010877e+00,8.878161135447335539e+01,-5.374411689803741865e+01,-2.582508936379169739e+01,-1.120132838048534651e+01,5.357582406072859982e+01,1.566281261062994545e+01,2.192669085233438508e+01,6.915991747047766580e+01,1.206108075432890558e+00,8.085233461191283055e+00,-7.055071719329376378e+01,-4.888473239920229219e+01,1.229553412726452954e+01,-9.809294142837164543e+01,2.441498391644043409e+01,-3.632500978574687167e+01,2.040360233833886383e+01,-2.712658706032847533e+00,2.746303991541448397e+01,1.260630952153612583e+01,-1.457403856623478511e+01,2.097281283878000480e+01,7.443442294030844231e+00,-1.042740695681463103e+00,-4.797944388784527092e+01,6.863667949213724739e+01,8.624636240441011736e+00
-7.110636294222670628e+00,-6.414874765868141537e+01,2.842109637202630879e+01,5.272179844288515937e+01,-4.092451699882990823e+01,-5.621088455358808744e+01,6.500135961416054897e+01,5.621689141042685023e-01,7.962783226449211327e+01,-3.580914070447268927e+01,8.629325737491720716e+00,-1.446657122985570254e+02,1.760121288699819431e+01,-7.456599446571685164e+00,5.396803049603420988e+01,-1.664909725146283037e+01,2.133436077793846763e+01,1.471925161091517396e+02,-3.348230372296532664e+01,-1.215703419854127354e+01,-5.388583728467437339e+01,-1.351783167000741592e+01,-5.462015439556997976e+00,2.306204527832630191e+00,7.803505237654597693e+00,-3.161196690927954833e+01,-4.956572029405508317e+01,8.106014907123348934e+00,1.869843145795563899e+01,1.074486908415538693e+02,2.196432242124797796e+01,6.246442836794205533e+01,3.348495903042660160e+01,3.204873734188194589e+01,-8.213029153504099611e+01,1.718303796491181856e+01,1.427531420872224643e+01,-6.009905611509395840e+01,1.787315329949243647e+01,8.805250478284372662e+01,-3.016265113888952598e+01,-1.405716733424341314e+01,-6.701484908791599970e+00,1.138736529157506112e+02,4.185774507321484350e+01,5.880879271359587079e+01,-8.232099937268255019e+01,-2.921819616003517339e+01,6.618392208896162288e+01,-2.766032637327792898e+01,1.157647612237090868e+02,-3.292193993941103258e+01,3.401963323693865959e+01,-4.682537851945517104e+01,-4.872130127202206396e+00,5.360680595010823168e+01,-6.420024974607741797e+01,-4.427734503810513900e+01,-3.106330175287047979e+01,2.779161339473491310e+01,2.300205368122745853e+01,-2.508248898736107435e+01,5.393620333756443586e+01,3.930698752876517688e+01,-6.000923853701430488e+01,-2.324691224471887452e+01,-3.435408314318313927e+01,-9.428610304943215681e+01,-9.071753492838981359e+00,2.374294389901002944e+01,-1.546377974991844795e+01,1.559673503683533857e+00,5.489601753623185587e+00,9.736503734191329329e+01,-5.933408341314220991e+01,-2.854743883893766565e+01,-1.239949205593924830e+01,5.939733763639620889e+01,1.682620752778456108e+01,2.391490253769440599e+01,7.545568270009516709e+01,1.509456234255653229e+00,8.146672458414066398e+00,-7.745194822704500837e+01,-5.380184076831124429e+01,1.363648960510060526e+01,-1.063328051181539990e+02,2.655375946462206116e+01,-3.905655758419283075e+01,2.328368073094438984e+01,-2.771924375744045488e+00,3.007431397667493655e+01,1.311912119776018137e+01,-1.606233157240202658e+01,2.447197217553797799e+01,7.599935506809308627e+00,-1.373225560944703494e+00,-5.271145242481677684e+01,7.505783179275445605e+01,9.752134246962729236e+00
-6.013769843845619967e+00,-6.253567301105717746e+01,2.672702619033330862e+01,4.757256180757491393e+01,-4.028574369864009697e+01,-4.959285812562878704e+01,5.764452303917744302e+01,2.427615107655419990e+00,7.402339875938483260e+01,-3.497430815701797258e+01,9.823699579523601955e+00,-1.336032084687364829e+02,1.401359887645589453e+01,-5.985366909851427941e+00,5.232585632728861924e+01,-1.302480376419330810e+01,2.073128218432263026e+01,1.336044144916684502e+02,-3.109309790296789089e+01,-1.169560856533045623e+01,-4.835199676446281103e+01,-1.274773279654962010e+01,-5.566193789679638293e+00,3.290722735816693501e+00,4.337977531468355075e+00,-2.956651856938228207e+01,-4.779448886135869401e+01,9.411289591793028819e+00,1.798312679713616191e+01,1.006788969743753341e+02,2.711648536882679750e+01,5.956048485925997937e+01,3.153424916657911936e+01,2.802943787218743665e+01,-7.528909371290899344e+01,1.509251348652132485e+01,1.476600203611391748e+01,-5.896687257530648907e+01,1.720004413496033280e+01,8.723248326650924866e+01,-2.783506875820127746e+01,-1.160256605165415245e+01,-4.214086366774524528e+00,1.030735150979623711e+02,3.788322256080071071e+01,5.355136875183123379e+01,-7.611861067776709433e+01,-2.706875549533994274e+01,6.011290836423654582e+01,-2.717701441955203379e+01,1.060051541967642379e+02,-2.976199669187059982e+01,3.433500415838990705e+01,-4.406561898262345522e+01,-4.994603069716255561e+00,5.140492592400554628e+01,-6.018185380166346476e+01,-4.199525909045371463e+01,-2.887053370488015958e+01,3.048729179222275221e+01,2.293817810597063911e+01,-2.153910641450345764e+01,4.678226271272566805e+01,3.365241783200862358e+01,-5.504714644964258241e+01,-2.025274616712604114e+01,-3.214953873624711633e+01,-8.708875266626763789e+01,-8.887036334507230961e+00,2.029289971418570104e+01,-1.422968615961284833e+01,1.525889184315857072e+00,3.959275850811697417e+00,9.085220729726538025e+01,-5.426139999885023713e+01,-2.600589630413837838e+01,-1.124728224200607940e+01,5.362612423089962022e+01,1.668375799163807471e+01,2.268409582735138841e+01,7.150280024235932785e+01,8.853030801447483444e-01,9.619605497868651156e+00,-7.204594734813171897e+01,-4.966809419755552568e+01,1.229786434612743662e+01,-1.027047629907673780e+02,2.539859970257897004e+01,-3.863033488554474104e+01,1.918384626911494450e+01,-3.155228768528193228e+00,2.818549457111070566e+01,1.421945203025595994e+01,-1.476581681888341713e+01,1.871238123989366642e+01,8.669293040194460787e+00,-6.379069784163358126e-01,-4.892401781525669691e+01,7.063854443742653189e+01,8.277055006437572970e+00
-1.831115829617744328e+00,-2.811238656549670267e+01,1.108430788258248967e+01,1.775283706651417148e+01,-1.848098022987331035e+01,-1.734879713305064897e+01,2.047638531621152325e+01,2.877252204063196928e+00,2.985393736109282870e+01,-1.578475589917089472e+01,5.757210413310831498e+00,-5.300535342018013552e+01,3.311369484174983668e+00,-1.470899146660923584e+00,2.325175125179551472e+01,-2.809263973813952209e+00,9.256284311197454429e+00,5.066650064227079042e+01,-1.250746363453604282e+01,-5.109694483247086083e+00,-1.776559570159141543e+01,-5.321887095362939135e+00,-2.731727797970336269e+00,2.469886730904813366e+00,-1.156318066486719198e+00,-1.210314555381822998e+01,-2.098690111045623041e+01,5.664687045099977780e+00,7.851259021454441545e+00,4.139411748249072076e+01,1.761025549732687168e+01,2.550811677223910223e+01,1.312249221996044390e+01,9.547089301702243347e+00,-2.930756475908877690e+01,5.208896848207983155e+00,7.445253671848244714e+00,-2.686823512219507748e+01,7.519605627301147344e+00,4.053930531920253344e+01,-1.102208066524007712e+01,-3.219395909156372859e+00,3.089459057437524137e-01,3.879456485412854505e+01,1.425368851335252529e+01,2.048319904897375920e+01,-3.029200623716266350e+01,-1.082429145144658023e+01,2.283604305206155161e+01,-1.241885527565664482e+01,4.114633257784183940e+01,-1.116335157396028954e+01,1.654750364669472873e+01,-1.830586603853823036e+01,-2.478062962191158736e+00,2.229730367063301699e+01,-2.476999359936088396e+01,-1.776814791079847922e+01,-1.163718215250153598e+01,1.693070682936119553e+01,1.080056103569313741e+01,-6.915176340683534484e+00,1.552175454537285582e+01,1.069447623584344420e+01,-2.146491355343463070e+01,-6.814899932673168514e+00,-1.317866844387525660e+01,-3.456403318456888485e+01,-4.036330061604576969e+00,6.411636887148691066e+00,-5.593703727826557781e+00,6.911148789454014674e-01,4.569401528129152235e-01,3.697984399430303171e+01,-2.099047486249698480e+01,-9.957898952201748699e+00,-4.257578137555459996e+00,2.004267534498317005e+01,7.766720023072206658e+00,9.599358691039597602e+00,3.019040594249864995e+01,-1.590106615483725949e-01,5.918610456541557596e+00,-2.910154856623375608e+01,-1.968556806059015329e+01,4.582286234687297899e+00,-4.526339063838270249e+01,1.095456949441417116e+01,-1.789413482673970179e+01,5.284681480848997914e+00,-1.848843758608051280e+00,1.159440401552589606e+01,7.751201236578902254e+00,-5.789706754915659559e+00,3.524065814741894176e+00,5.094873620543123316e+00,3.791074319052005759e-01,-1.965408015877289927e+01,2.934921337370097305e+01,2.552300524945202209e+00
-6.785438732638271464e-01,-5.783206121907437769e+00,2.602252322289837494e+00,4.909202284410886463e+00,-3.673528466300709283e+00,-5.280163114776800448e+00,6.093799489474013953e+00,-2.609014068236392703e-02,7.325821487355388406e+00,-3.225623547589637319e+00,7.203130400663401156e-01,-1.334532094217142806e+01,1.715261209994938918e+00,-7.246691317740878713e-01,4.877028260607271015e+00,-1.631901137906553556e+00,1.926078580702178522e+00,1.367368265279606199e+01,-3.081730163236486408e+00,-1.102354520657455872e+00,-5.028657505289998220e+00,-1.236244666896932687e+00,-4.825523411808553265e-01,1.653301803741378806e-01,8.370442754806485253e-01,-2.900993809116850120e+00,-4.489939368054260527e+00,6.691427117901929122e-01,1.695732652460383294e+00,9.852981916329962786e+00,1.747152159202468358e+00,5.685814942351394841e+00,3.064056488475157991e+00,3.020543192235217944e+00,-7.599371168667627963e+00,1.616842458701591934e+00,1.252259312860422025e+00,-5.402631422433684882e+00,1.620455453393459200e+00,7.881259792014498444e+00,-2.783345857758646957e+00,-1.353116852195348052e+00,-6.988740238166961660e-01,1.059023205024975844e+01,3.892951741324887305e+00,5.456130537304944461e+00,-7.590276085416685525e+00,-2.691894195093068820e+00,6.146677203280748181e+00,-2.484994626701472420e+00,1.071627854243124389e+01,-3.063267897479334589e+00,3.019151967638564749e+00,-4.286080062511977040e+00,-4.292309914843625562e-01,4.867694907924606795e+00,-5.886041448748670746e+00,-4.039473533858481069e+00,-2.858110748982887639e+00,2.366850109365004950e+00,2.052689647310857346e+00,-2.380230670078741895e+00,5.099319286235551196e+00,3.734234357297072204e+00,-5.551058645460147822e+00,-2.194200384717123864e+00,-3.151885880982994603e+00,-8.697316846330396700e+00,-8.160737085446245764e-01,2.257029997901683238e+00,-1.428631029626940219e+00,1.403873525796563992e-01,5.517721917676398080e-01,8.943770715452513898e+00,-5.495401874844839440e+00,-2.648127658205666535e+00,-1.152178839286822853e+00,5.529570870350562828e+00,1.505470632576500600e+00,2.181711406605590930e+00,6.886517086373595831e+00,1.600252560768895549e-01,6.659183641723404046e-01,-7.123788718275067211e+00,-4.963984509721933058e+00,1.270041586008086254e+00,-9.625202909687775588e+00,2.413812331830668345e+00,-3.498363134488101434e+00,2.242638347399975363e+00,-2.313944491728777975e-01,2.757551483286885929e+00,1.124311654815365102e+00,-1.484527136756119248e+00,2.416338609093555245e+00,6.336739044054667813e-01,-1.524241062269124924e-01,-4.852657492439567122e+00,6.870108503101326924e+00,9.294180465995487417e-01
-5.041682312362340213e+00,-5.423189704548186540e+01,2.299294200832975577e+01,4.053285946100960047e+01,-3.501020044426903155e+01,-4.202381613348981659e+01,4.890846485254483866e+01,2.460582695011582555e+00,6.351328139545739049e+01,-3.034266231730626728e+01,8.786068818601140862e+00,-1.144591742829565248e+02,1.155827228703279630e+01,-4.947924995130538406e+00,4.532389112140718623e+01,-1.068931408479978273e+01,1.796589500574106069e+01,1.139947908057110624e+02,-2.667191649754473204e+01,-1.011317287092339967e+01,-4.114162501688833373e+01,-1.097370804863348681e+01,-4.872746948055573846e+00,3.050842094099107449e+00,3.143929715436144523e+00,-2.540413676944150367e+01,-4.134889574602245688e+01,8.446897704276597807e+00,1.554890698842842767e+01,8.654128762870952585e+01,2.459421077266272349e+01,5.139973484173145124e+01,2.713739585511504160e+01,2.370009480878229979e+01,-6.438900840126102310e+01,1.277494662801986181e+01,1.296592290753717691e+01,-5.120863586095141784e+01,1.487385929783534522e+01,7.591289851453758786e+01,-2.384237261037068478e+01,-9.664726126813892648e+00,-3.216157052130992344e+00,8.788657991046402174e+01,3.230054103278482103e+01,4.572625601858486277e+01,-6.523004572965923842e+01,-2.320700045006645240e+01,5.129778080674189766e+01,-2.360844490006726915e+01,9.063463461471535254e+01,-2.536920059064887312e+01,2.999717673469279333e+01,-3.791526397030112605e+01,-4.377709038557306087e+00,4.441772182417214054e+01,-5.173617006620446546e+01,-3.619800348425228975e+01,-2.477011044769069059e+01,2.708075093766337460e+01,1.998960791267585435e+01,-1.812843256818202065e+01,3.947430209507372467e+01,2.830179960096218039e+01,-4.708495360002721242e+01,-1.710797987342742488e+01,-2.762713083081310828e+01,-7.461231045021662567e+01,-7.715178859979601178e+00,1.705898006589362126e+01,-1.218041714387380026e+01,1.324301994199900134e+00,3.170346332051923621e+00,7.802007434700141175e+01,-4.637942652788640174e+01,-2.220796090767074560e+01,-9.594943618735367608e+00,4.569675570953870647e+01,1.452146752920930695e+01,1.955300569721021020e+01,6.161975727537461722e+01,6.569334333356515732e-01,8.659439980679231041e+00,-6.182557371384761780e+01,-4.254724038327723434e+01,1.047666464399967268e+01,-8.888676423326519682e+01,2.193390958082473929e+01,-3.360590567348359059e+01,1.597217191870682740e+01,-2.821899609637084527e+00,2.422879139900225098e+01,1.260169760754054735e+01,-1.263640302328579601e+01,1.525519733937147215e+01,7.756423253615905899e+00,-4.207253568534393695e-01,-4.196224969941740568e+01,6.078020063213787694e+01,6.945496988445778896e+00
-4.363286437651810346e+00,-3.984458109592985409e+01,1.759624635340698973e+01,3.252488318332959949e+01,-2.544203425945016050e+01,-3.461182927270269971e+01,4.004176307544882008e+01,4.583603098506774387e-01,4.924983266868392917e+01,-2.224587036390350292e+01,5.441899157920557784e+00,-8.942462877298100921e+01,1.074991732907708553e+01,-4.556932930871044007e+00,3.350449189553138751e+01,-1.015501030628974277e+01,1.324749896025343254e+01,9.085108080512404172e+01,-2.070691741250049134e+01,-7.542028036283253023e+00,-3.322725961344647772e+01,-8.371314825394881254e+00,-3.406640297988670962e+00,1.493005590192101995e+00,4.657067606886110767e+00,-1.956243519557100186e+01,-3.075616687105645752e+01,5.122533804665216017e+00,1.159988030180278429e+01,6.650308956754471978e+01,1.397401729241238932e+01,3.872095884582623171e+01,2.073404199829299088e+01,1.971970613319179577e+01,-5.073599402649020362e+01,1.057652954299419079e+01,8.916151624394064612e+00,-3.735122321898398212e+01,1.108852255323687785e+01,5.477285575311821475e+01,-1.864371901349001348e+01,-8.609249444833343645e+00,-4.027779987492388081e+00,7.026908272556346446e+01,2.582928393725303806e+01,3.630829227190992725e+01,-5.089183380422757352e+01,-1.806605999550086139e+01,4.085270411793344181e+01,-1.719293030664601218e+01,7.150690779198663449e+01,-2.031327057005638892e+01,2.119855654019364621e+01,-2.899263943491111206e+01,-3.040447102151333070e+00,3.324708531519623733e+01,-3.973692503168985013e+01,-2.743400991048057946e+01,-1.921228497127556523e+01,1.745932980252500499e+01,1.431710692762017523e+01,-1.541024417213219877e+01,3.316450831817239475e+01,2.414362042107173778e+01,-3.707283148973362330e+01,-1.429933791593042436e+01,-2.126040401797936141e+01,-5.828337595215475631e+01,-5.637240799632501798e+00,1.458168047084391006e+01,-9.555887398437780789e+00,9.690725382735851934e-01,3.328869885662868455e+00,6.024004799333633997e+01,-3.664606353243013359e+01,-1.762567763188771153e+01,-7.652853164937068797e+00,3.664486857418883403e+01,1.046753104731419626e+01,1.481765137874617011e+01,4.674823529623130014e+01,9.035143997444909925e-01,5.157585698946448360e+00,-4.790667856815441183e+01,-3.325629321229622803e+01,8.412165258549375579e+00,-6.599085035681801514e+01,1.646496791845892815e+01,-2.429141061852685013e+01,1.425800332015731087e+01,-1.748034075480547900e+00,1.861420823188403872e+01,8.231732026961504189e+00,-9.924913033906669568e+00,1.490140788272126571e+01,4.793750526277829493e+00,-8.122413352295250188e-01,-3.259754643858321543e+01,4.647344524002809862e+01,5.985883374723637296e+00
-1.328326764910621627e+00,-1.112485643388560774e+01,5.030405567889897789e+00,9.539564196049298062e+00,-7.056779756215972199e+00,-1.028783203374652189e+01,1.186598036141590917e+01,-9.737272436048494129e-02,1.418273296380355930e+01,-6.203318992050935954e+00,1.350198691441933940e+00,-2.585809706622484327e+01,3.378511380971422451e+00,-1.426235135590150804e+00,9.388845768568538475e+00,-3.219677710779380142e+00,3.706770496830575023e+00,2.655155639498054043e+01,-5.967008018077118336e+00,-2.124452059902653733e+00,-9.778274240397932360e+00,-2.388899484128478967e+00,-9.221979630218624102e-01,2.918663283256869301e-01,1.692250614832816247e+00,-5.611885855608282903e+00,-8.650241545891930173e+00,1.249311281510752991e+00,3.268147100395303983e+00,1.905579444811818490e+01,3.217703446719174742e+00,1.097097883592416423e+01,5.922000533704864011e+00,5.891132102244746704e+00,-1.473841409504590416e+01,3.151869783661696900e+00,2.387577468571395301e+00,-1.038324868064441020e+01,3.122801917876429023e+00,1.512577656854413988e+01,-5.393570029675826660e+00,-2.655667276498187235e+00,-1.402600601126749780e+00,2.057112538551320213e+01,7.562023558356279374e+00,1.059053543509721251e+01,-1.470476149695123524e+01,-5.213773341210536927e+00,1.193467310207885390e+01,-4.774928699335039717e+00,2.078627960981784994e+01,-5.951195194320549220e+00,5.778395501035850756e+00,-8.284633433319164908e+00,-8.195395280651990300e-01,9.385170386467542869e+00,-1.138302540640790284e+01,-7.799866210479288853e+00,-5.533438532219678407e+00,4.467772886331666804e+00,3.935736974689362011e+00,-4.651846004963500647e+00,9.954841380658962180e+00,7.300492648062572698e+00,-1.076497205186111294e+01,-4.281360456355611355e+00,-6.096776969653812550e+00,-1.685174311908117772e+01,-1.568749562718496637e+00,4.413353657261763985e+00,-2.769402838397965638e+00,2.699194976366101617e-01,1.096367313072249550e+00,1.730670618492120738e+01,-1.066111042724208247e+01,-5.139848526586174415e+00,-2.237484723533507580e+00,1.074433532166997551e+01,2.888950898298463965e+00,4.212647545812654215e+00,1.329883931501161065e+01,3.225480618116070008e-01,1.238874260440886887e+00,-1.379048505069305897e+01,-9.618771615350826920e+00,2.468110089795953144e+00,-1.853946251091927877e+01,4.655563362701951924e+00,-6.715666559655683265e+00,4.402271226514364422e+00,-4.337494675822783363e-01,5.332991908738286213e+00,2.126876693349386116e+00,-2.878116471079008143e+00,4.777325399107395398e+00,1.187323615818109745e+00,-3.108027794471004412e-01,-9.396612155160187996e+00,1.327923459719164434e+01,1.818747603278492164e+00
-3.820164704335995420e+00,-8.997252010349928497e+00,6.997676111126875931e+00,1.915102928469465837e+01,-4.539795123939253330e+00,-2.388684864698809207e+01,2.671178988420225409e+01,-5.700478359992564137e+00,2.224407224665153748e+01,-4.820686020351585555e+00,-3.129340861764892345e+00,-4.311984834044273640e+01,1.213895071244630941e+01,-4.993036920138327339e+00,8.445974891493083447e+00,-1.219180841471505872e+01,3.197079647458731078e+00,5.104456909754933491e+01,-9.453615327573954730e+00,-2.183925284307141279e+00,-2.040686850483952952e+01,-3.218677083081015411e+00,-2.344051183879924949e-02,-2.882041766110471581e+00,1.114691432740488786e+01,-8.278917476088825111e+00,-8.565727412219922954e+00,-3.503273986695833120e+00,3.376251885902207928e+00,2.757829769112384710e+01,-1.445944571218475794e+01,1.286039857884325421e+01,8.105498351029378767e+00,1.437558958697198719e+01,-2.620436526777796971e+01,7.509391967288252978e+00,-6.103061650412744399e-01,-7.263732874759256219e+00,3.194568283238380157e+00,8.063228437948012584e+00,-9.055204350525702495e+00,-8.432117137272591378e+00,-8.070011314691612370e+00,4.037514229788927622e+01,1.485526726203739578e+01,1.986678499815140952e+01,-2.425216246236445272e+01,-8.448013596495343336e+00,2.283257927363774087e+01,-3.226964538608455335e+00,3.729474820998052564e+01,-1.178820494882984349e+01,1.171421279280792760e+00,-1.143277512670626272e+01,6.993765800002704758e-02,1.014421960336231621e+01,-1.639635742448365363e+01,-9.803660273164823025e+00,-8.697363228891921594e+00,-6.539508366871464418e+00,1.644103177873613042e+00,-1.247380340067027049e+01,2.539151015372479492e+01,1.986052470470525577e+01,-1.903425419230724813e+01,-1.066954942458420952e+01,-8.940687685085736192e+00,-2.806452074177555644e+01,-1.138923298219758795e+00,1.210249917817057330e+01,-4.767838301429184078e+00,2.020422181302255482e-01,5.050938221492674352e+00,2.615354411159902881e+01,-1.933180679021871384e+01,-9.611429501271480547e+00,-4.323203099687011886e+00,2.148362268044817114e+01,1.497007534434914966e+00,5.289627043303175569e+00,1.690330941895861372e+01,2.014143343112785089e+00,-4.016229748137178035e+00,-2.149698769704376389e+01,-1.609658351319379221e+01,4.974245844718423015e+00,-1.784783146087611883e+01,5.223112264057612641e+00,-3.768680832449327056e+00,1.407156445493344954e+01,1.004122620442936986e+00,7.700539478664851778e+00,-2.557600194249927128e+00,-4.997441973372372281e+00,1.924975975163077635e+01,-2.809729221794925902e+00,-2.347379912243621636e+00,-1.496311941604178841e+01,1.831236785233639353e+01,5.149340684518751488e+00
-3.358488775621685463e+00,-4.626529545011320010e+01,1.860975782723219751e+01,3.065303799403557150e+01,-3.026797323115074434e+01,-3.050704609746632201e+01,3.584875716252148692e+01,4.028894481601000166e+00,5.048495220321623123e+01,-2.595273179248561846e+01,8.944455620587579148e+00,-9.002224902774695181e+01,6.631385172794528771e+00,-2.903074213876819964e+00,3.837315036880647057e+01,-5.827836045874590809e+00,1.525833977728595947e+01,8.709828519431195559e+01,-2.116526559772649563e+01,-8.467675020918919770e+00,-3.080755584239680189e+01,-8.920015641640251403e+00,-4.404920422061631591e+00,3.673022356094360674e+00,-6.745042785785499984e-01,-2.038837027287339154e+01,-3.473591836103766184e+01,8.755459858394893047e+00,1.301312939971768401e+01,6.965195358274471005e+01,2.683813789620033674e+01,4.248035412442473557e+01,2.201263922306315735e+01,1.691937204244266368e+01,-5.002685585741627960e+01,9.195598154537240276e+00,1.193358313773860324e+01,-4.407532704109094368e+01,1.245926114126789130e+01,6.619274105775178896e+01,-1.872894286110545892e+01,-6.087766069426635340e+00,-3.629076515775577771e-01,6.682754217477044278e+01,2.455563709568234287e+01,3.512960423886796235e+01,-5.140513509484328836e+01,-1.834542109762936590e+01,3.923777110157148229e+01,-2.035828933394785523e+01,7.028904775964446117e+01,-1.924813344490465994e+01,2.679271210487507915e+01,-3.072101247883426112e+01,-3.986156844936897148e+00,3.701612007638195223e+01,-4.166797252212609948e+01,-2.968066007442160981e+01,-1.968206339870138422e+01,2.658777864419217707e+01,1.758142699656562868e+01,-1.247495515513048936e+01,2.772310317273083413e+01,1.935354695493692034e+01,-3.662292039793629073e+01,-1.212089712854851165e+01,-2.219225902115987381e+01,-5.869653457538501584e+01,-6.626386778490963358e+00,1.162385116376679406e+01,-9.523315964061968231e+00,1.135343707129949253e+00,1.275166071223718500e+00,6.238598909982570007e+01,-3.589005957773539990e+01,-1.707325092415165102e+01,-7.322604064218297459e+00,3.459212415148385844e+01,1.267643462235682605e+01,1.603443943200749544e+01,5.045751960772722811e+01,-4.141773851514091165e-02,9.109964533651991658e+00,-4.919272233166878294e+01,-3.344199677870467013e+01,7.915344339596559031e+00,-7.484971188481129900e+01,1.821138617015885330e+01,-2.923996795267680682e+01,1.001769683448644344e+01,-2.872468247622245396e+00,1.950679479412431050e+01,1.221893323915159968e+01,-9.863683174819957600e+00,7.732650352504236935e+00,7.911133413818911109e+00,3.605778476129289367e-01,-3.327034841278484834e+01,4.925216321281889975e+01,4.662520243269081099e+00
-6.343528785881837884e+00,-6.097803588821219023e+01,2.657289765959850669e+01,4.838482916222164221e+01,-3.907843001373621661e+01,-5.107619641140966138e+01,5.919776543425940218e+01,1.385349626727351513e+00,7.406119254638440452e+01,-3.406889302686344934e+01,8.841785326352734842e+00,-1.341537417165474722e+02,1.530734559446682752e+01,-6.506838966843093708e+00,5.117144805740932867e+01,-1.437484482450026668e+01,2.024970052075639870e+01,1.354409725073004722e+02,-3.112684442088363923e+01,-1.148563834153041974e+01,-4.933045797797119292e+01,-1.265491756860545181e+01,-5.301390566047093245e+00,2.664203320096465877e+00,5.937644773964493083e+00,-2.948329433735541016e+01,-4.687818472852442397e+01,8.388592306420987299e+00,1.766324003810856880e+01,1.002960567319423291e+02,2.346134049734218152e+01,5.877336145406589196e+01,3.132792457889476978e+01,2.900980196588550797e+01,-7.590851494676142863e+01,1.558287569146291851e+01,1.395439532168630237e+01,-5.730012628868212943e+01,1.688846155308439734e+01,8.433147400598576837e+01,-2.796138058890576517e+01,-1.241108908689505697e+01,-5.320389376103037193e+00,1.046518856507664026e+02,3.846591911292853894e+01,5.419127553596114666e+01,-7.638118390917389888e+01,-2.713350778015834663e+01,6.091748678828552244e+01,-2.638923156485357424e+01,1.069421435028162506e+02,-3.023885271217431736e+01,3.286820988403180621e+01,-4.379454454687216014e+01,-4.742228941363122452e+00,5.057056276764831182e+01,-5.993858690279167689e+01,-4.155970888501377658e+01,-2.888880406040678395e+01,2.795478888988579058e+01,2.209806982077620674e+01,-2.252403777482596325e+01,4.864541937990651377e+01,3.525157057718328701e+01,-5.547976229360288158e+01,-2.100694546873511825e+01,-3.204906294670917788e+01,-8.744063873904056550e+01,-8.643008394754721380e+00,2.127771113504866207e+01,-1.431676590956980633e+01,1.485043406424788603e+00,4.587917462563799731e+00,9.071235308722407353e+01,-5.478022260181774072e+01,-2.631074672784414403e+01,-1.140612486938037407e+01,5.452481606056486640e+01,1.612159692764883800e+01,2.244787165225878312e+01,7.079549138658273932e+01,1.169451335978666906e+00,8.503609231873333840e+00,-7.205792436494115805e+01,-4.988353932042260652e+01,1.251166521200363313e+01,-1.006450278594128065e+02,2.502058743624027315e+01,-3.737776392278095727e+01,2.054173182781163121e+01,-2.840010640368310746e+00,2.807505078489332462e+01,1.311819868935468847e+01,-1.486428636013889459e+01,2.093337451430221208e+01,7.794955849933280057e+00,-9.880739294957162633e-01,-4.899142273403951009e+01,7.020161444146930307e+01,8.713303416202515805e+00
-4.704321069573093261e+00,-6.891340677241358037e+01,2.740157333883578517e+01,4.441643917991215318e+01,-4.521175749705074765e+01,-4.375033638110762269e+01,5.153875966469363590e+01,6.611741179032948779e+00,7.402852694835556235e+01,-3.867861137867885191e+01,1.378149905510398199e+01,-1.316785904168651768e+02,8.855949017418319968e+00,-3.907179724537441778e+00,5.706522632435447662e+01,-7.639347711310056965e+00,2.270607106011214427e+01,1.265234520660108615e+02,-3.102359593410350769e+01,-1.256224178766801991e+01,-4.453116550048997624e+01,-1.314685699154808241e+01,-6.639708923989770639e+00,5.809731742838468271e+00,-2.066745459806703433e+00,-2.996278275169824568e+01,-5.156958445610131747e+01,1.353173678063774510e+01,1.930377990142169153e+01,1.024269810722879583e+02,4.182926514532718443e+01,6.284252882962920950e+01,3.242825166506499812e+01,2.415796625813705489e+01,-7.296485152492903126e+01,1.315833637800210631e+01,1.805140927954087005e+01,-6.577452910987824453e+01,1.848574412543424828e+01,9.904876798043144959e+01,-2.738752866399714847e+01,-8.385329386654706951e+00,2.127431883706478732e-01,9.696314579174163839e+01,3.562706299372057117e+01,5.109898349514912042e+01,-7.522691464343388645e+01,-2.686641803905818549e+01,5.701415510286818744e+01,-3.039316602303517456e+01,1.024726227975710771e+02,-2.791301947753509083e+01,4.028881740056939975e+01,-4.524575895619688737e+01,-6.017073734763295434e+00,5.485911835922836843e+01,-6.128460722751373169e+01,-4.383048686462600330e+01,-2.885837993802235601e+01,4.070594584570337560e+01,2.635515868672582229e+01,-1.763558608494478008e+01,3.941090177460637278e+01,2.731179887348717727e+01,-5.342906482015447978e+01,-1.727162906504927520e+01,-3.262044015850293022e+01,-8.586217189970250274e+01,-9.884280711640851536e+00,1.638722281024773508e+01,-1.391065356673698794e+01,1.692890698387699233e+00,1.447101760624299072e+00,9.160523588609184742e+01,-5.229600736112942627e+01,-2.483863020592371029e+01,-1.063420271752228174e+01,5.013629238524902121e+01,1.897306570321318375e+01,2.367925095018798487e+01,7.449010061804422378e+01,-2.521224597435350878e-01,1.411457805115117914e+01,-7.215040340951301800e+01,-4.890937950745153984e+01,1.146665191002938400e+01,-1.111806846190044382e+02,2.696800253492023103e+01,-4.373430530637333646e+01,1.377997252375672410e+01,-4.425781091422217095e+00,2.868797340192540091e+01,1.866504759928816171e+01,-1.440225125467257961e+01,9.846858748619387924e+00,1.219331653223678735e+01,7.647456815656107354e-01,-4.875729908336506213e+01,7.253992522425913592e+01,6.545424197351335849e+00
-4.987813500951492784e+00,-5.539095895122455460e+01,2.331193578769751440e+01,4.072602917195912653e+01,-3.582716212607739692e+01,-4.200572222118664456e+01,4.894636130148723652e+01,2.844063833316688772e+00,6.423656894311216092e+01,-3.100270755125369249e+01,9.222312670167902127e+00,-1.155983345236647750e+02,1.125163223275842839e+01,-4.827678278500611597e+00,4.624237711484971669e+01,-1.035343025192720035e+01,1.833814194597652047e+01,1.146905906943129310e+02,-2.696956782532351227e+01,-1.030189987560927989e+01,-4.128525052612105384e+01,-1.113251004815917611e+01,-5.019408442111100044e+00,3.299575236277231483e+00,2.635575642621923453e+00,-2.572693013382938432e+01,-4.214021858387873465e+01,8.893099712463971684e+00,1.583807153655993005e+01,8.767473840388814210e+01,2.612409559974913620e+01,5.226355850637619227e+01,2.752220272583821981e+01,2.364091395615979252e+01,-6.492436294402527608e+01,1.275601500939904476e+01,1.339261273473293201e+01,-5.236981527088803290e+01,1.515237148835789327e+01,7.778076535028758087e+01,-2.407570303564430603e+01,-9.501389953273218225e+00,-2.876663815526178336e+00,8.836769939810136520e+01,3.247647728187295257e+01,4.603832081858242020e+01,-6.589667914931919768e+01,-2.345393167468270335e+01,5.161834132321666857e+01,-2.415037462451652672e+01,9.136603920046968597e+01,-2.550084405889080941e+01,3.084440489731155566e+01,-3.844704478469734710e+01,-4.514399789745437097e+00,4.521670787711059347e+01,-5.241867353857278289e+01,-3.676589522222329265e+01,-2.505098932070158924e+01,2.825712129578853649e+01,2.050741336612820476e+01,-1.800311718522251070e+01,3.929730402875849649e+01,2.808521628164258033e+01,-4.748336305469851482e+01,-1.704941657343456285e+01,-2.798156540896356859e+01,-7.535727319365948063e+01,-7.887710547086198787e+00,1.692130990334991125e+01,-1.229193933156097884e+01,1.353562219352788087e+00,2.992997925585040075e+00,7.897200582872179098e+01,-4.674029928549738599e+01,-2.236154308461843243e+01,-9.652058460085960689e+00,4.592034488378793355e+01,1.488123408981151918e+01,1.986008753532901849e+01,6.257485520922667632e+01,5.677761287882123753e-01,9.139880060193767974e+00,-6.253809201331420553e+01,-4.296701611282954048e+01,1.052528221304848977e+01,-9.061849595591972673e+01,2.231687596556272268e+01,-3.442200384024820181e+01,1.569484815141190737e+01,-2.961960156281163936e+00,2.454723185880972736e+01,1.312280997531836846e+01,-1.274933138472121463e+01,1.467561720694046201e+01,8.144095646383016529e+00,-3.063464499068272451e-01,-4.242566265700891392e+01,6.163348540504229334e+01,6.877427766391910779e+00
-4.609507358031547319e+00,-4.892094715695152729e+01,2.080690613796021537e+01,3.681983857677742833e+01,-3.155546713527515124e+01,-3.825738904972351406e+01,4.450253931028614574e+01,2.093585350384556509e+00,5.753493516583890965e+01,-2.736679416350299832e+01,7.831009586573146386e+00,-1.037479969493582956e+02,1.063724904659561155e+01,-4.549450754400020003e+00,4.090442252502393927e+01,-9.857453077975600664e+00,1.621095447621481611e+01,1.034941790741305141e+02,-2.416367446705437416e+01,-9.133228019033989398e+00,-3.739281363386837853e+01,-9.927893675149734420e+00,-4.379362033188016312e+00,2.682168631062190389e+00,3.055259880234260539e+00,-2.300015250508323206e+01,-3.733477635049807475e+01,7.518499752331011088e+00,1.404263253594305816e+01,7.833903218069796992e+01,2.180318864749427377e+01,4.645553616832245325e+01,2.455416232865981740e+01,2.159460412970223686e+01,-5.840361120267277784e+01,1.163509481738994467e+01,1.163919351605305152e+01,-4.616833809383727782e+01,1.343225468875030337e+01,6.838523930280179286e+01,-2.161269411118177430e+01,-8.859142337934436284e+00,-3.056685631414040039e+00,7.981199282907749648e+01,2.933326401968875530e+01,4.150163485196412694e+01,-5.911912983594533699e+01,-2.102919170281345274e+01,4.656965651151978136e+01,-2.128223041587563458e+01,8.221797023793658354e+01,-2.304115907179606992e+01,2.698103486022546349e+01,-3.430830564974373686e+01,-3.932571271789701228e+00,4.012513372131698475e+01,-4.683082472610664126e+01,-3.273148394318058507e+01,-2.243901994608506101e+01,2.420111015225853279e+01,1.799751736257611512e+01,-1.654841102798081565e+01,3.599731985256299538e+01,2.584307380475856064e+01,-4.270544772054822857e+01,-1.559416002657097700e+01,-2.501149229994564394e+01,-6.762912659874827170e+01,-6.956718435609186457e+00,1.557969040429129315e+01,-1.104426044831709675e+01,1.194248173989033601e+00,2.953229979138920047e+00,7.065207639014907670e+01,-4.207756703479350335e+01,-2.015541103248924060e+01,-8.711659465749416853e+00,4.150848227460902251e+01,1.308055573739271260e+01,1.768037879402081458e+01,5.572313785803019925e+01,6.319059144785423854e-01,7.698917142569983163e+00,-5.600286859723897948e+01,-3.856703774658578965e+01,9.517447223886973617e+00,-8.024603313185956210e+01,1.981859813520964764e+01,-3.027759290068840059e+01,1.464365851079769065e+01,-2.515174483547450990e+00,2.193199935314054727e+01,1.127170802840502262e+01,-1.145876776405156861e+01,1.410618552154138428e+01,6.912315967559516494e+00,-4.265134530186035500e-01,-3.801795268390626603e+01,5.499774395658913306e+01,6.347787201503749976e+00
-6.513961983911421783e+00,-5.896042270136923946e+01,2.609939962703561278e+01,4.836785152765215656e+01,-3.762372836389406672e+01,-5.154229540026141621e+01,5.960963601399933509e+01,5.608596597866135625e-01,7.310293717437896532e+01,-3.291445341918576872e+01,7.964547832882562517e+00,-1.327907708719673394e+02,1.610374511513572315e+01,-6.823352838025407152e+00,4.959641968793721389e+01,-1.522721198014431110e+01,1.960728136065509375e+01,1.350553644059585849e+02,-3.073791713579337070e+01,-1.117011952390465268e+01,-4.942939521004473136e+01,-1.241440822474722339e+01,-5.025924198890630024e+00,2.144172261004870350e+00,7.095552177841980779e+00,-2.902582367342322200e+01,-4.554453373608559730e+01,7.485858508314327864e+00,1.718035107728578481e+01,9.866271285470156727e+01,2.032187725676284273e+01,5.738100786799491715e+01,3.075066123670027451e+01,2.938115283880021167e+01,-7.537542050165050966e+01,1.575431745406491224e+01,1.314069419157312701e+01,-5.524717414317686348e+01,1.642232486905921363e+01,8.096360719110113280e+01,-2.768624333013182337e+01,-1.287086571298942062e+01,-6.104991844969046788e+00,1.044771337362579828e+02,3.840365885840167692e+01,5.396358644187546361e+01,-7.556582475600617954e+01,-2.682180277668246760e+01,6.072746094570625530e+01,-2.542815640302205082e+01,1.062408533194589211e+02,-3.020443666504687030e+01,3.129564618007445631e+01,-4.300098638926620254e+01,-4.483829896218524347e+00,4.925104775649673883e+01,-5.895127934229361699e+01,-4.066875394100670604e+01,-2.851774908120862051e+01,2.562358946021339534e+01,2.115374514928215888e+01,-2.298539752314435347e+01,4.943765494412760830e+01,3.601822775908924257e+01,-5.507458838235080378e+01,-2.131010032239634100e+01,-3.154404083017705318e+01,-8.654688878546440378e+01,-8.339053342749386033e+00,2.175559581871536707e+01,-1.419321737074225886e+01,1.433655426103364938e+00,5.012894742817907812e+00,8.939470112362914733e+01,-5.445104244675503224e+01,-2.619568776580534575e+01,-1.137688150295809031e+01,5.449280686136512486e+01,1.547190441246184989e+01,2.196588666815705437e+01,6.930456598629440634e+01,1.373599969343848315e+00,7.527190663078645372e+00,-7.110641426640789575e+01,-4.938503635783418133e+01,1.251018234545451158e+01,-9.771023231970642087e+01,2.439465011778847625e+01,-3.591073885927323062e+01,2.131794023549958084e+01,-2.558375146053090354e+00,2.761530691308663421e+01,1.209165345653297763e+01,-1.474224565390794695e+01,2.237183098632079492e+01,7.014869011465524551e+00,-1.245695385937160893e+00,-4.839033023477770001e+01,6.892770038537612720e+01,8.934491474204703465e+00
-3.634210670384940833e+00,-1.276266818284125826e+01,8.022300025310567406e+00,1.973296379391029731e+01,-7.198494690770353088e+00,-2.376598134024260389e+01,2.676664057678088326e+01,-4.432250664085708891e+00,2.455082851418804424e+01,-6.965741666147803990e+00,-1.695289665140295554e+00,-4.673203918322180073e+01,1.110525918952765423e+01,-4.587080502936786708e+00,1.142643692460239180e+01,-1.106239017957673809e+01,4.405594633893871404e+00,5.318705563497523059e+01,-1.040213035163747612e+01,-2.795180415168466492e+00,-2.082361114224146803e+01,-3.729441559352115299e+00,-5.027773321705857335e-01,-2.061552188277300246e+00,9.456436765551154977e+00,-9.312650521242785473e+00,-1.113021749613714562e+01,-2.035705990975624324e+00,4.312729667557113622e+00,3.121198485626555552e+01,-9.421296482271328543e+00,1.565077722793046533e+01,9.342385154940988201e+00,1.414499690440236712e+01,-2.788658524537229155e+01,7.428105431054091490e+00,7.860063351335870863e-01,-1.104054998249840835e+01,4.096695809666763388e+00,1.414795277589577438e+01,-9.794500949028552839e+00,-7.876426241494231206e+00,-6.939445537896312466e+00,4.184346532001679719e+01,1.539197033137704551e+01,2.083550641158487693e+01,-2.636854260036832542e+01,-9.233336556554942121e+00,2.382140737200197123e+01,-4.990050163646442272e+00,3.958914627915169859e+01,-1.218805193171672130e+01,3.937757724845285523e+00,-1.314148302098150012e+01,-3.770487448707362521e-01,1.272967990662790072e+01,-1.858491177880262413e+01,-1.163461476479312040e+01,-9.593007702095784239e+00,-2.677368802542787307e+00,3.332423062729810148e+00,-1.203194871631767882e+01,2.474733944560465204e+01,1.910125229218845533e+01,-2.028736454364286956e+01,-1.045055168836831250e+01,-1.007613743618455970e+01,-3.042708753690072498e+01,-1.699940509826030288e+00,1.162121945001562651e+01,-5.120054655751798300e+00,2.971640336348074229e-01,4.458181962055722813e+00,2.919757455155941628e+01,-2.046145079948919232e+01,-1.008861302669150817e+01,-4.498725247513407410e+00,2.215896294593867211e+01,2.669120432696834300e+00,6.279727555388419091e+00,1.998159256341310552e+01,1.717507338989727295e+00,-2.435421142622891999e+00,-2.377047260951970031e+01,-1.742712541079190203e+01,5.120310389943321994e+00,-2.346228313451205594e+01,6.461431035193236028e+00,-6.426550341815695511e+00,1.312870623766469258e+01,5.437073384656678776e-01,8.721538554059661053e+00,-8.476137719419352123e-01,-5.353661444283044801e+00,1.730552557262080882e+01,-1.535271066569626530e+00,-1.967440126197864458e+00,-1.643922864585369936e+01,2.105420989334867343e+01,4.913534724356834360e+00
-1.680764847961448760e+00,-2.050787320423925664e+01,8.453978353661852907e+00,1.438734958230793026e+01,-1.333513794199980573e+01,-1.461155134205342421e+01,1.708767113981459218e+01,1.392668640181840445e+00,2.313186823362856614e+01,-1.149025910999919731e+01,3.669524613627395127e+00,-4.145713463752955619e+01,3.597407896717973674e+00,-1.555391749658696199e+00,1.706918979778964029e+01,-3.253903085573849108e+00,6.777451010482009153e+00,4.067609874196961783e+01,-9.705547607968343371e+00,-3.786017771870543225e+00,-1.453017758177639607e+01,-4.043941077826040065e+00,-1.902028460570485358e+00,1.410037131443353964e+00,3.849494472600669681e-01,-9.299100786390724238e+00,-1.550708226506991672e+01,3.565301570999626080e+00,5.819567469065707321e+00,3.172540615114326457e+01,1.070308704786419796e+01,1.910904294567163575e+01,9.989413367078455508e+00,8.172038912610767980e+00,-2.317437505720405255e+01,4.423048686283850728e+00,5.112015637354087261e+00,-1.945783412808497559e+01,5.569570121489352488e+00,2.904939848780181677e+01,-8.630177853686539891e+00,-3.138057775696974083e+00,-6.459732720234042658e-01,3.128278380056888253e+01,1.149597484522845647e+01,1.636227526729514636e+01,-2.365067911838535153e+01,-8.427876574052653780e+00,1.831469500675068929e+01,-8.979757013320039505e+00,3.258952838204068314e+01,-9.019931741014341142e+00,1.163138677413383881e+01,-1.394862212938823731e+01,-1.715680308897877371e+00,1.658665336245117672e+01,-1.897295220857554909e+01,-1.340094340222404945e+01,-9.019723730179034504e+00,1.107535092095547924e+01,7.685625000511707938e+00,-6.139060602148192380e+00,1.350160031702272256e+01,9.554943073928528818e+00,-1.695611478615063561e+01,-5.876878865628070159e+00,-1.011756280294955879e+01,-2.702791778324074556e+01,-2.928178606863733435e+00,5.749314748839982059e+00,-4.398194747466955157e+00,5.021232683056285895e-01,8.565036275469637417e-01,2.850393308410302495e+01,-1.665794910162559717e+01,-7.949521517684080330e+00,-3.421681686876906880e+00,1.622841637466681775e+01,5.560329889175482876e+00,7.239215500426714023e+00,2.279615290648501258e+01,1.042726581914831668e-01,3.687153905930670383e+00,-2.252899982333942930e+01,-1.540548153994405567e+01,3.716914543417097594e+00,-3.337801889152871126e+01,8.174476947528068749e+00,-1.284481824231320957e+01,5.175711184493904327e+00,-1.178501453086072681e+00,8.883649753721002185e+00,5.117047289406531085e+00,-4.558978032881525699e+00,4.503794239520825471e+00,3.243055489237514966e+00,1.322810633853049866e-02,-1.526268334584633202e+01,2.236152268717664526e+01,2.324024997900440592e+00
-5.679893517017475801e+00,-4.615530421342047873e+01,2.105052640303207312e+01,4.028148071725041746e+01,-2.920569024871617358e+01,-4.363996372185614803e+01,5.028269610556790781e+01,-7.497211870903406350e-01,5.950454685806966637e+01,-2.572453842846395133e+01,5.342153560850926297e+00,-1.086469711465449706e+02,1.459542498360052143e+01,-6.153362127242682611e+00,3.900530786120312854e+01,-1.394759959416622763e+01,1.539106808801541781e+01,1.119769059982226622e+02,-2.504080019231360410e+01,-8.842667062949175261e+00,-4.133721287476487305e+01,-9.990302584451015377e+00,-3.781629338035031651e+00,1.019145320749798245e+00,7.622252030116036359e+00,-2.351287255728612280e+01,-3.598505521980449373e+01,4.905608388294966815e+00,1.360412314604737283e+01,7.980780070299113049e+01,1.230045197787573485e+01,4.576212745341480570e+01,2.477340038258216381e+01,2.503247865425520757e+01,-6.202590147525928188e+01,1.338167857556179996e+01,9.749400634239108854e+00,-4.300876338071105209e+01,1.299716419065502393e+01,6.249805974204029724e+01,-2.266571444072927477e+01,-1.140443930410667583e+01,-6.245715896276410994e+00,8.680631100165493308e+01,3.191114105389031863e+01,4.463354289600783886e+01,-6.176789521342423228e+01,-2.189136635639004780e+01,5.032570311570962929e+01,-1.977140033505279249e+01,8.749880654316447703e+01,-2.511955924654139949e+01,2.375830158707737638e+01,-3.466271232982731476e+01,-3.355078704016269064e+00,3.909468430442829856e+01,-4.766861210069991728e+01,-3.257540908111420208e+01,-2.321704307457179439e+01,1.791169682066144020e+01,1.623411787124392447e+01,-1.983555280251886899e+01,4.236753638157556878e+01,3.114692182967364431e+01,-4.529737644963450549e+01,-1.820593124311589150e+01,-2.554119185312392659e+01,-7.080306215165553851e+01,-6.500515565997562639e+00,1.883511200100889837e+01,-1.164529996592073680e+01,1.118854407944988250e+00,4.804759699390035443e+00,7.255047899009845480e+01,-4.488993609577472910e+01,-2.165989086087575188e+01,-9.437565806794085077e+00,4.536342070946179916e+01,1.193418377368026739e+01,1.759340391359975087e+01,5.555291511196256238e+01,1.446028909420855824e+00,4.831279093868616314e+00,-5.785073507655274483e+01,-4.041831163913604996e+01,1.042296296106815134e+01,-7.709287637447451402e+01,1.940487238996631447e+01,-2.776000728897817993e+01,1.891078165521757626e+01,-1.716231653912250188e+00,2.233408623585756203e+01,8.561001584373997275e+00,-1.210504938334426939e+01,2.076662823300904037e+01,4.694167414673630745e+00,-1.418377828742147573e+00,-3.943794817292826593e+01,5.555921052405683014e+01,7.771925266507151875e+00
-5.233126192702630242e+00,-7.438382210029948283e+01,2.974248918486079418e+01,4.858934326603099407e+01,-4.873465705720833085e+01,-4.810409159755765529e+01,5.659839354466964778e+01,6.818490700003167149e+00,8.051460261367500948e+01,-4.173785314978812266e+01,1.463663131776793058e+01,-1.433879222060181178e+02,1.009120004307737517e+01,-4.434591713154851789e+00,6.164337140291759454e+01,-8.788283132898271788e+00,2.451977436580384051e+01,1.382402382387035402e+02,-3.374813639713259050e+01,-1.358580004163716382e+01,-4.877331261440581045e+01,-1.426327082575274829e+01,-7.125900361426658058e+00,6.094481623982100693e+00,-1.677515044235212693e+00,-3.255289738311825687e+01,-5.575205602795654869e+01,1.435050102704986408e+01,2.087761642026203290e+01,1.112461824819907719e+02,4.418429922599685966e+01,6.805666394069659475e+01,3.519007354677849975e+01,2.661948099033079984e+01,-7.956514976206307210e+01,1.448353010561126020e+01,1.934055456243221727e+01,-7.093162606150532667e+01,1.999101513964862420e+01,1.066754178899130920e+02,-2.982713266089118775e+01,-9.406555305667685829e+00,-1.628127771524257028e-01,1.060033682796743619e+02,3.894968456982193317e+01,5.579476003407602747e+01,-8.189785523557009128e+01,-2.923852662884883813e+01,6.228578847434823729e+01,-3.276988852729288482e+01,1.117660476756078509e+02,-3.052346217446262955e+01,4.328883608335580391e+01,-4.910519752742245458e+01,-6.453253961090702262e+00,5.935840122215252990e+01,-6.655629384499926005e+01,-4.750758261232991231e+01,-3.138809300752915021e+01,4.336274187186572959e+01,2.836017938771451696e+01,-1.952845025475073371e+01,4.352056568848622220e+01,3.026952968969274238e+01,-5.825471545675532070e+01,-1.905046510617808764e+01,-3.543677797659579909e+01,-9.349481624421038362e+01,-1.066155992605623304e+01,1.817089485046703246e+01,-1.515794271453139075e+01,1.826354251044568278e+00,1.797601977714955002e+00,9.956482059665201234e+01,-5.705330425209325540e+01,-2.711898407499320030e+01,-1.162058654802590496e+01,5.484009769974498028e+01,2.043166834021010558e+01,2.566545997025062675e+01,8.075106611248459387e+01,-1.729293426879918716e-01,1.495106160182541011e+01,-7.846306914106442321e+01,-5.326248173308230349e+01,1.254540079101889027e+01,-1.201678082231591844e+02,2.919124358162425992e+01,-4.711190090989099133e+01,1.546860220957649190e+01,-4.700437984694250559e+00,3.115692848556814809e+01,1.990464956761019977e+01,-1.569658074475334963e+01,1.149911116168288139e+01,1.294791551943328578e+01,7.068519256410592533e-01,-5.304436010099964705e+01,7.872671047022818414e+01,7.273144722161665854e+00
-4.899862097396492366e+00,-6.529517586989865663e+01,2.643498245021535453e+01,4.392745146162067016e+01,-4.264981698901479490e+01,-4.396203508645547231e+01,5.159111517795904689e+01,5.358577630791346635e+00,7.187807401778813698e+01,-3.661619843392541895e+01,1.237759032137630300e+01,-1.283439145134587704e+02,9.906977553343125464e+00,-4.320837184391656649e+00,5.420650120879383138e+01,-8.783474134792953691e+00,2.154601829520159839e+01,1.246462351654555079e+02,-3.014056501283860712e+01,-1.197773898394411418e+01,-4.420743645314872339e+01,-1.266395579849877784e+01,-6.174674343437932755e+00,5.002173509146159880e+00,-3.823219192434761382e-01,-2.899241696075275954e+01,-4.911497343558962569e+01,1.209382683227408073e+01,1.840840818794194078e+01,9.901001703532683962e+01,3.688331620597567451e+01,6.018570053013487353e+01,3.126006900890187623e+01,2.443854370144857313e+01,-7.143607429476448090e+01,1.326689462548342924e+01,1.669407716508249351e+01,-6.213838339021340573e+01,1.762298626197602758e+01,9.317629131431198175e+01,-2.670593929410811995e+01,-8.957875758397237931e+00,-9.162050705935329553e-01,9.569793567460955330e+01,3.516498656581208593e+01,5.023750396155320885e+01,-7.326913139672406317e+01,-2.613776676199045212e+01,5.614488743933149806e+01,-2.869510058268648933e+01,1.003936505534147869e+02,-2.757161936152758486e+01,3.760911709975199813e+01,-4.363289329248991066e+01,-5.583061483527041347e+00,5.239039786575667534e+01,-5.922573870355790859e+01,-4.209255932541026368e+01,-2.802366312006719440e+01,3.693244872550748426e+01,2.472338624184707356e+01,-1.811364588102869888e+01,4.013633821333056062e+01,2.812706330818116385e+01,-5.228833621517191688e+01,-1.752630690562472182e+01,-3.155398867150816855e+01,-8.368056862910388816e+01,-9.344396118158163844e+00,1.690207131791655115e+01,-1.358772361936634532e+01,1.601387285390684978e+00,2.042250376882260632e+00,8.875481719479273579e+01,-5.127626112600813713e+01,-2.441358227711207007e+01,-1.048097155470926545e+01,4.956588759276890244e+01,1.784161626056944172e+01,2.273940886056891841e+01,7.156988242616824891e+01,4.368102782691341002e-02,1.256475693493815626e+01,-7.002928262565609430e+01,-4.768190341121777465e+01,1.134457839221122555e+01,-1.058032140481872574e+02,2.578703753077106597e+01,-4.117012236678047543e+01,1.475049923045400746e+01,-3.975045619699440369e+00,2.772767801247575292e+01,1.699564338240728389e+01,-1.407634438457298387e+01,1.180954353398926138e+01,1.094553310800909429e+01,3.867907511842785251e-01,-4.738409079679279756e+01,6.995174398625051992e+01,6.794592987486787194e+00
-3.599811843825375668e+00,2.992119026752366295e+00,2.868473190538989748e+00,1.391447910016990974e+01,3.580300946867319034e+00,-1.966590273312350234e+01,2.147314486216733798e+01,-8.075266282136634999e+00,1.171146825694479610e+01,1.951264509445473472e+00,-6.446474129008188392e+00,-2.504778016706721999e+01,1.264710566534404812e+01,-5.149590006641394879e+00,-1.296345177394800707e+00,-1.295111744218633021e+01,-7.098689123923822564e-01,3.547334010173624108e+01,-5.064212041397989417e+00,-9.983144616380790204e-02,-1.538184803529184919e+01,-1.211673012638044167e+00,1.289065311986084872e+00,-4.571969004883185583e+00,1.363633898401715072e+01,-3.880762864540307611e+00,6.428055301901114404e-02,-6.840630263717543791e+00,1.775182837084012810e-01,1.240844959813568593e+01,-2.545309371615680050e+01,2.795779484653309943e+00,3.186005584467356933e+00,1.226609460655308226e+01,-1.662153887078974890e+01,6.300567982279444479e+00,-4.304367006803074602e+00,4.426490270483856904e+00,1.241847437196206272e-01,-1.007725098350744020e+01,-5.312630353285761053e+00,-8.342081360311492944e+00,-9.617711183985443668e+00,2.867628034834341832e+01,1.056054915491369783e+01,1.343838855251755859e+01,-1.385649812258643720e+01,-4.695518628209882195e+00,1.578428978707645314e+01,2.199019675965274701e+00,2.392850595434084937e+01,-8.451264887491110045e+00,-6.600678276762919516e+00,-4.591859350758181080e+00,1.276374090515338011e+00,1.156262377051549883e+00,-7.300379740365353420e+00,-2.939520327762767060e+00,-4.596312430739603272e+00,-1.583285560769880007e+01,-3.276299279352582250e+00,-1.130312810487865605e+01,2.231192385916594034e+01,1.814876337203649470e+01,-1.198841056135340466e+01,-9.234465451534788372e+00,-4.138886678841625866e+00,-1.627074202593368568e+01,6.089912704251516651e-01,1.111014765220359024e+01,-2.898352225724759368e+00,-9.602314289048660689e-02,5.706209759988028374e+00,1.286421825417719766e+01,-1.256619686417570136e+01,-6.478155161701232956e+00,-3.020598829867811030e+00,1.554779053621005502e+01,-1.986717794101812373e+00,1.580040414722680531e+00,5.282810616882770205e+00,2.439897446308527229e+00,-7.564877919626709080e+00,-1.119750631138804309e+01,-9.399107420554752679e+00,3.627994414921197119e+00,8.734448707147208779e-01,8.488462928338509350e-01,4.202242192809954702e+00,1.396365894692774390e+01,2.069229341279921197e+00,3.447323018094801572e+00,-6.736644844837242907e+00,-3.073289302094598163e+00,2.088794495779630367e+01,-5.752246857672520086e+00,-2.936971677128397573e+00,-8.084351953135239910e+00,7.341522494243527319e+00,4.811800028004851626e+00
-3.134018530319139018e+00,-1.633791849252920514e+01,8.649926588608265021e+00,1.893767407383305468e+01,-9.860510025516376231e+00,-2.181654406560997472e+01,2.480152760195899475e+01,-2.565495216216902463e+00,2.547129009919391152e+01,-9.025596403980010507e+00,1.638620815007429954e-01,-4.754447677999093713e+01,9.015112950847825601e+00,-3.749094574762807497e+00,1.415587356395380070e+01,-8.859981963625736867e+00,5.529595457561404359e+00,5.173610572068510294e+01,-1.075731111881199453e+01,-3.320669456594269597e+00,-1.974621269665955481e+01,-4.062766131154509353e+00,-1.043046922959594891e+00,-9.150017134654770956e-01,6.698862119177529273e+00,-9.853345417201843759e+00,-1.338017262141024588e+01,-1.102749074969224807e-01,5.115505387407492499e+00,3.322816897593933305e+01,-2.626688370207380885e+00,1.783025421919552755e+01,1.012597308481983305e+01,1.279328193778959744e+01,-2.780025845663078599e+01,6.766301463510501435e+00,2.411314179674379332e+00,-1.476024841462803039e+01,4.874415075567885225e+00,2.041682885130389380e+01,-9.943326377098003377e+00,-6.608126580158963037e+00,-5.048540059701789318e+00,4.043984668172117836e+01,1.487153403377607574e+01,2.042328872154063646e+01,-2.692132852212923311e+01,-9.480289275212413713e+00,2.320685479053226175e+01,-6.738908180176425233e+00,3.935344715645702252e+01,-1.174561195854044726e+01,6.977115703160738036e+00,-1.420611561433875281e+01,-8.878219183684672444e-01,1.488355807413670817e+01,-1.981548623817246835e+01,-1.296111991424011833e+01,-9.945792325767323305e+00,2.186333529466569559e+00,5.116856019418288604e+00,-1.058565760767678654e+01,2.209194721420271890e+01,1.673544236510783634e+01,-2.025992261093465530e+01,-9.393197533098016194e+00,-1.068163534225462641e+01,-3.096895141770395554e+01,-2.247923501583875883e+00,1.015852334548596225e+01,-5.156523444622389540e+00,3.893977918472997235e-01,3.404563070049512863e+00,3.065508072519564209e+01,-2.027180835158439010e+01,-9.898821565024542579e+00,-4.369125986561396502e+00,2.129228031547316746e+01,3.880974011873058238e+00,6.997936714582756679e+00,2.217982681947803059e+01,1.229210449790627324e+00,-3.430063078328879911e-01,-2.471000569124351642e+01,-1.771018325051324283e+01,4.907992390616246148e+00,-2.845681380557301310e+01,7.465380619983734256e+00,-9.146146368087201495e+00,1.099461227128005625e+01,-5.314628400943499642e-02,9.291726212083732506e+00,1.280184801781049764e+00,-5.377232609258514984e+00,1.364607582619368387e+01,1.191529621593083732e-01,-1.359651718677039156e+00,-1.697291622633269270e+01,2.276505394539909233e+01,4.256098256589702977e+00
-5.001201645200350931e+00,-4.897620791915761629e+01,2.124271741337516062e+01,3.847105242610864195e+01,-3.142679950093362962e+01,-4.049162435308966934e+01,4.696179890371590204e+01,1.304681479435292779e+00,5.911635261013235265e+01,-2.737008328668744284e+01,7.245697141398828478e+00,-1.069908747721776336e+02,1.197325752156635303e+01,-5.095015927954001711e+00,4.107065056586438345e+01,-1.121810109686316181e+01,1.625730697209868936e+01,1.077732506932175625e+02,-2.484233895088486577e+01,-9.209102856274409277e+00,-3.919426326762673085e+01,-1.012020647389575778e+01,-4.282631305740223659e+00,2.246321463908528049e+00,4.435025587704772398e+00,-2.355258651292292527e+01,-3.759790535866197558e+01,6.891686864325962780e+00,1.416168452775225184e+01,8.014003493149600388e+01,1.942634113972112786e+01,4.706927356461723377e+01,2.504864126245389500e+01,2.297178094537527215e+01,-6.048017351269483299e+01,1.234641074318428622e+01,1.129465329166137799e+01,-4.606091317781113048e+01,1.354159002846657245e+01,6.787558291943068411e+01,-2.229767632209265571e+01,-9.753682281696528733e+00,-4.036344913281622482e+00,8.324334408605596991e+01,3.059649466677233320e+01,4.313924556807288724e+01,-6.092555496802251724e+01,-2.164851842076950206e+01,4.847742539795657990e+01,-2.121692567507110994e+01,8.519397628103070019e+01,-2.404895347217521007e+01,2.651861784629938867e+01,-3.501317674019337289e+01,-3.833878657453517746e+00,4.052993099755498463e+01,-4.789577423771718401e+01,-3.326045558716895556e+01,-2.305864705302114359e+01,2.279941773706980257e+01,1.780123956167788890e+01,-1.779327985841121063e+01,3.847869158600580164e+01,2.783663229496994163e+01,-4.420738126900779719e+01,-1.662617243117864518e+01,-2.560414690399168691e+01,-6.973736295705663224e+01,-6.946306209255412867e+00,1.679835160025524488e+01,-1.141256765210287583e+01,1.193309158711990392e+00,3.542691762243811215e+00,7.244296391285850234e+01,-4.363249534154132903e+01,-2.094591882024745289e+01,-9.075298582018737292e+00,4.335616610411054239e+01,1.297717899042237377e+01,1.796533541885260732e+01,5.665140291835868425e+01,8.793974308582372945e-01,7.001296647256718408e+00,-5.752205278569582703e+01,-3.978128979067319193e+01,9.947379174502277266e+00,-8.073838443154615163e+01,2.004618938867078981e+01,-3.007777607495871663e+01,1.613967355896714295e+01,-2.327308289723030832e+00,2.243356643640200687e+01,1.068234385532231201e+01,-1.184748509921115911e+01,1.628774047147213722e+01,6.389492333200774254e+00,-7.220136379122370496e-01,-3.909733644888332549e+01,5.612574890996395283e+01,6.872702787030195992e+00
-4.508611805887579038e+00,-3.942758562475884787e+01,1.761584117690162898e+01,3.297991563248211833e+01,-2.509457146780182057e+01,-3.533232854505835263e+01,4.081314872166325358e+01,6.254392421080279263e-02,4.948377485524045483e+01,-2.199940409330158531e+01,5.091332904707892126e+00,-9.003336298722715014e+01,1.129168783449006952e+01,-4.776303213381454249e+00,3.321316027214780320e+01,-1.071561819409492955e+01,1.312271340496137029e+01,9.195708150299559236e+01,-2.081209376358486196e+01,-7.495493204755625527e+00,-3.374886312493479323e+01,-8.373197330727727206e+00,-3.320742144227581960e+00,1.260501705701218889e+00,5.288458874077857530e+00,-1.961785965865211168e+01,-3.054347590669048884e+01,4.754976156815561517e+00,1.152947409363696352e+01,6.665336585002432912e+01,1.264103975060523055e+01,3.859307997317862515e+01,2.074769797006712935e+01,2.018183043570967783e+01,-5.119858236643288052e+01,1.081085482071685711e+01,8.646081478626093997e+00,-3.688146464763828192e+01,1.101900704864473113e+01,5.390959878946841854e+01,-1.877503386583116196e+01,-8.956256325279543518e+00,-4.468036666260227108e+00,7.118478901367869582e+01,2.616683985610779573e+01,3.671439361733447981e+01,-5.121889874460195813e+01,-1.817130126561683667e+01,4.134192009631160403e+01,-1.696884542333165058e+01,7.218329966942827980e+01,-2.058583859180900077e+01,2.073312943309633383e+01,-2.901838878340616290e+01,-2.957661263098391391e+00,3.307677578636479154e+01,-3.982117843464954632e+01,-2.739002756168218511e+01,-1.930489183083439642e+01,1.657042806337611651e+01,1.406023002951083356e+01,-1.585490387268505863e+01,3.402354300789039598e+01,2.486167035018966587e+01,-3.740321227221202349e+01,-1.465096978267741790e+01,-2.131681127190986658e+01,-5.867747931560107588e+01,-5.569215289104516131e+00,1.502260133050850754e+01,-9.631720268153323161e+00,9.577999906277523401e-01,3.583675829913123501e+00,6.045516275744560630e+01,-3.700744945742600578e+01,-1.782060763662175873e+01,-7.747597594905517582e+00,3.715125496826947682e+01,1.029959545958395495e+01,1.479352350016177375e+01,4.668660268753060194e+01,1.016008178904405312e+00,4.754569677570091635e+00,-4.812477915494481095e+01,-3.348676338335314995e+01,8.531273043269290923e+00,-6.549872984822242472e+01,1.639405828570449586e+01,-2.392154343110424719e+01,1.483989342883592499e+01,-1.635498558572884509e+00,1.865501587772030945e+01,7.848045778198956768e+00,-1.000673849154436645e+01,1.581563604138854906e+01,4.481360273570007990e+00,-9.495293177310818455e-01,-3.276856972663185275e+01,4.651379836585034155e+01,6.179090700592563934e+00
-2.802443131025721179e+00,-3.772854979148069532e+01,1.524384234456316811e+01,2.526212412043441091e+01,-2.465594782103215010e+01,-2.523882497852947537e+01,2.963079722356719969e+01,3.155173917016364182e+00,4.141935865901003666e+01,-2.115945513200440686e+01,7.196192772566490703e+00,-7.392638254413203924e+01,5.625838418437728805e+00,-2.456413740021670566e+00,3.131240915098375410e+01,-4.974761121889201831e+00,1.244753092885950707e+01,7.171264625582135466e+01,-1.736718763540665122e+01,-6.916040046948601194e+00,-2.541276761887689517e+01,-7.303945214776113026e+00,-3.575390514824565713e+00,2.923004395924312604e+00,-3.233710437291799078e-01,-1.671306952878199326e+01,-2.836293268351692731e+01,7.035293111715319014e+00,1.062897744555874269e+01,5.708201214827109027e+01,2.149052104360893267e+01,3.473443384803799461e+01,1.802779865365108591e+01,1.402025591941266569e+01,-4.112717650648879442e+01,7.613838902201830017e+00,9.672720766182592911e+00,-3.591638653278039328e+01,1.017582068899843151e+01,5.388237609171121534e+01,-1.538192360150376103e+01,-5.110148463504804894e+00,-4.567236857824669150e-01,5.504699368503506207e+01,2.022729189267476713e+01,2.890957520828954230e+01,-4.220651539978865685e+01,-1.505846348410108249e+01,3.230326588157372925e+01,-1.658711862196835085e+01,5.779434990878149137e+01,-1.585821516590100977e+01,2.176781570954369727e+01,-2.516216310587500615e+01,-3.233656050135393034e+00,3.024521110833632420e+01,-3.414619436106362826e+01,-2.428509683449327383e+01,-1.614825939427683466e+01,2.144651688449087246e+01,1.430167547787347360e+01,-1.037505867471349852e+01,2.300969079769614467e+01,1.610600966865985129e+01,-3.010477910945875735e+01,-1.005145107569487983e+01,-1.819035970312445372e+01,-4.820065015284577470e+01,-5.400694927323081096e+00,9.676861951962479225e+00,-7.824704360847621665e+00,9.254763616910316459e-01,1.136409375605136773e+00,5.115650767747190031e+01,-2.951598867708186802e+01,-1.404938632086525452e+01,-6.029726933442293380e+00,2.850586671688164131e+01,1.031795419650243772e+01,1.311945092896929488e+01,4.128975235817266309e+01,6.868221536197344212e-03,7.312690154178640434e+00,-4.035560287176534189e+01,-2.746418029957257900e+01,6.523864750005651914e+00,-6.110480792132335637e+01,1.488486768494407997e+01,-2.380614690581344206e+01,8.412924447631773717e+00,-2.311039252861685434e+00,1.598598100930492727e+01,9.865165324378949663e+00,-8.105552327777505894e+00,6.662515183629735382e+00,6.363999015957648275e+00,2.454562190762711871e-01,-2.730209370488522680e+01,4.033983663860603741e+01,3.887476104804045818e+00
-4.856468271177769580e+00,-1.497676407975031410e+01,1.004534925934880896e+01,2.562092400387967217e+01,-8.195711418509315394e+00,-3.124383009669271871e+01,3.509880410701342157e+01,-6.412752238297910523e+00,3.113190146590350338e+01,-8.131875934036841613e+00,-2.899163087845475495e+00,-5.962524228671513526e+01,1.505911202431028251e+01,-6.210353915501961808e+00,1.359249832817386050e+01,-1.504788264664401964e+01,5.212822668248946023e+00,6.878714060418218423e+01,-1.320408691256949751e+01,-3.380476431871277221e+00,-2.712982816353098059e+01,-4.653729743196210578e+00,-4.343122239571219900e-01,-3.091199945732059362e+00,1.320436298823548427e+01,-1.173433099082720688e+01,-1.339943829538096054e+01,-3.361640239109140005e+00,5.218914599257027831e+00,3.924889406967707828e+01,-1.473284660266315882e+01,1.922530822304955223e+01,1.167779581729219984e+01,1.867027470943624934e+01,-3.580301234833942914e+01,9.785786960165310688e+00,3.746755562985857324e-01,-1.271154687102179004e+01,4.951580368238687413e+00,1.570370800546092482e+01,-1.250513051326339919e+01,-1.059723608210952506e+01,-9.638076071226151953e+00,5.421857725933755034e+01,1.994571733108996270e+01,2.688581138516836333e+01,-3.360674666758823292e+01,-1.174709211276343268e+01,3.079461147746763316e+01,-5.718930691506316499e+00,5.087179128239918668e+01,-1.580573695797001221e+01,3.866172045954387571e+00,-1.644124950018618492e+01,-2.845407168200142500e-01,1.548847412218125896e+01,-2.335870649169372726e+01,-1.440635777631441883e+01,-1.216718128373336150e+01,-5.329964626874776457e+00,3.578871108807942569e+00,-1.599678925397402196e+01,3.277775893362466775e+01,2.542280307547852658e+01,-2.603274662719562826e+01,-1.381677427331214147e+01,-1.268837592265815850e+01,-3.881678898668436517e+01,-1.966874312573500649e+00,1.547635235199852488e+01,-6.553139919151012016e+00,3.452132929711889675e-01,6.129068799507894738e+00,3.688282659589897605e+01,-2.631926493409970291e+01,-1.301436634520394264e+01,-5.820907694004388233e+00,2.876051465003268603e+01,2.951251180878184499e+00,7.774891650003207033e+00,2.477301595598050099e+01,2.393328541641238427e+00,-3.939431001608696192e+00,-3.012352648923282317e+01,-2.224296897457998412e+01,6.650440192013517660e+00,-2.814766107310405729e+01,7.896581699284645595e+00,-7.183115580506772346e+00,1.767166244569035527e+01,9.300405333039396538e-01,1.096463205524041662e+01,-1.916585598969856363e+00,-6.857808231081426342e+00,2.362370892257823840e+01,-2.614112705821845850e+00,-2.760485993822671791e+00,-2.087813008725617081e+01,2.633880822810789724e+01,6.558713192670898806e+00
-2.691052356380808419e+00,-3.800450007736483826e+01,1.521463797055137412e+01,2.489761308583898725e+01,-2.489235515006961563e+01,-2.467574267461214532e+01,2.902545643744536008e+01,3.448270169329957113e+00,4.120482618485036852e+01,-2.132364415969515292e+01,7.451581846751761162e+00,-7.340045314860427084e+01,5.215176286126451011e+00,-2.289960767475693437e+00,3.150047363913426679e+01,-4.550628158949166391e+00,1.252900453994740282e+01,7.081682832320005616e+01,-1.727193434639372072e+01,-6.944253088809967167e+00,-2.499831158774548712e+01,-7.295567514971027734e+00,-3.636238570200395426e+00,3.094149473257259420e+00,-7.954009888003629181e-01,-1.665565936791904278e+01,-2.849498114094001977e+01,7.303546835763423672e+00,1.067150558463931986e+01,5.691512415436623940e+01,2.246720412732382144e+01,3.479695541512548118e+01,1.800038063788336018e+01,1.366116650233878005e+01,-4.074187456467434743e+01,7.431277016098040811e+00,9.865528279079450513e+00,-3.623353761427108566e+01,1.021811490169999992e+01,5.447675689649149433e+01,-1.526901065509444422e+01,-4.845679434179113620e+00,-1.269355561643678576e-01,5.430943574269978313e+01,1.995546829317590820e+01,2.857818872926173981e+01,-4.192156747168436226e+01,-1.496536461076613378e+01,3.190646378908322944e+01,-1.673892723828179285e+01,5.723319954444654911e+01,-1.563917743286670969e+01,2.209522700367990922e+01,-2.511889053686165241e+01,-3.292501891516472323e+00,3.034375830251143569e+01,-3.405058285125307549e+01,-2.429482685798893016e+01,-1.606357233579553423e+01,2.209103257781934460e+01,1.448019629146111598e+01,-1.003251262136602229e+01,2.234509834775663606e+01,1.555347421627710602e+01,-2.982889808601169079e+01,-9.778807149544746835e+00,-1.813080469665056071e+01,-4.785983174912939830e+01,-5.446430905688174562e+00,9.337779112335562459e+00,-7.760508106822970653e+00,9.330261717985143255e-01,9.447068282121932059e-01,5.094676866722463870e+01,-2.921747478979765589e+01,-1.389015491816262404e+01,-5.953095864712611984e+00,2.809984305306857166e+01,1.043374002339557549e+01,1.312498223229104610e+01,4.129646057655355662e+01,-7.729398369558615478e-02,7.607205297885591300e+00,-4.015393639951778226e+01,-2.726556122093880319e+01,6.428536154614030274e+00,-6.141465302706534146e+01,1.492371146776328850e+01,-2.406012565393702118e+01,7.969589743765679302e+00,-2.393020937978810103e+00,1.594019935344143235e+01,1.014278445959408081e+01,-8.036605084346463812e+00,5.972231413039294168e+00,6.591623022739112159e+00,3.479259920363326763e-01,-2.714810100303883900e+01,4.027115659348843479e+01,3.739229902908967507e+00
-6.720314468651176654e+00,-7.007282220330255029e+01,2.992882786929004979e+01,5.323018917211319945e+01,-4.514897367811402518e+01,-5.546650128955253223e+01,6.447829486690665135e+01,2.757606710278142970e+00,8.287343419163720171e+01,-3.919091320085775010e+01,1.103579160661388414e+01,-1.495580691671978570e+02,1.564001347030893463e+01,-6.681211848223398420e+00,5.862678803384869752e+01,-1.453083693581531222e+01,2.322860686867907631e+01,1.495104279826692846e+02,-3.480982297004767645e+01,-1.310212993669462911e+01,-5.409649520964588021e+01,-1.427560068460898002e+01,-6.241868725430506970e+00,3.708083971915332899e+00,4.795758949802813476e+00,-3.310515631614753573e+01,-5.354450387735401051e+01,1.057562062475176745e+01,2.014567626951857804e+01,1.127323335953615953e+02,3.049822934983301082e+01,6.671251790866035947e+01,3.531287122052629002e+01,3.134375890095363104e+01,-8.426831955961802123e+01,1.687854627445678446e+01,1.656259047188139633e+01,-6.608143285819338075e+01,1.926863880183657685e+01,9.777397209454564120e+01,-3.115868309023448646e+01,-1.295916196125018161e+01,-4.675848113980550558e+00,1.153385795066066066e+02,4.239097607772545473e+01,5.993048835471826408e+01,-8.521062165158406287e+01,-3.030308172678962464e+01,6.727036214401746861e+01,-3.045676342714835982e+01,1.186452079631309005e+02,-3.330267268070704745e+01,3.849654919942160092e+01,-4.934516779185466362e+01,-5.601455572889429746e+00,5.758354359918172349e+01,-6.738746976774532982e+01,-4.703350679904324494e+01,-3.232208140419497511e+01,3.422933843455640357e+01,2.571305432209940278e+01,-2.407716090748471061e+01,5.230535482544470938e+01,3.761554345760723095e+01,-6.161302304057067403e+01,-2.264577171424489777e+01,-3.599770276335748065e+01,-9.748913483840352967e+01,-9.959015288613482397e+00,2.268194146715069692e+01,-1.592790802737771827e+01,1.709906037047889349e+00,4.408764817074814601e+00,1.017213439916066164e+02,-6.073003553976371904e+01,-2.910398272436507838e+01,-1.258614420894916108e+01,6.000432437081889248e+01,1.870016270207057474e+01,2.540558460914402517e+01,8.007981563515780010e+01,9.803400228392833426e-01,1.081240051039244676e+01,-8.066050912351134627e+01,-5.559903453607463319e+01,1.376025782754633298e+01,-1.150643277343498880e+02,2.845008140414470432e+01,-4.329734059636595589e+01,2.142605870117516531e+01,-3.544528983827072821e+00,3.156003093390365422e+01,1.596171996643730395e+01,-1.652771353533699283e+01,2.086533713643258281e+01,9.739246746428721124e+00,-7.008461089160060720e-01,-5.477162356768825191e+01,7.910191480915527507e+01,9.250179104824777454e+00
-5.568650740925859211e+00,-3.782714467166005079e+01,1.822687869638734526e+01,3.681819568938587395e+01,-2.354745985923548091e+01,-4.094505767192848822e+01,4.690445303182405468e+01,-2.484937460620017191e+00,5.235238714449191377e+01,-2.101755905034156413e+01,2.973686014421955015e+00,-9.643181718321311280e+01,1.509166910332847245e+01,-6.320586222211298733e+00,3.225100138408512151e+01,-1.462106399062270512e+01,1.268022423431786372e+01,1.016110607178104033e+02,-2.206227798149292241e+01,-7.402089790827851346e+00,-3.803704894548160098e+01,-8.615776328304256992e+00,-2.858923084524812808e+00,-2.022159254501225689e-01,9.500404251975467673e+00,-2.051475463166951840e+01,-3.001431417031583848e+01,2.518640924521882596e+00,1.139335725096268881e+01,6.945569656425145411e+01,4.404093740542762703e+00,3.883168796694847202e+01,2.140668499846755068e+01,2.371354375382603408e+01,-5.558695632734164604e+01,1.261754206313393212e+01,7.144696176853275738e+00,-3.487113324266798031e+01,1.087457711215158618e+01,4.983365757741567137e+01,-2.013749375519793006e+01,-1.143761044499578361e+01,-7.426424725836404228e+00,7.904148792466885709e+01,2.906101210018455205e+01,4.034032320761004797e+01,-5.473501144530494855e+01,-1.934922122358257468e+01,4.563050153769142980e+01,-1.599268898464644906e+01,7.852620789853206418e+01,-2.290785939039395203e+01,1.830624465435300863e+01,-2.998289528793592851e+01,-2.505893600475736172e+00,3.289028989755211541e+01,-4.145979700512341992e+01,-2.786061906469663185e+01,-2.043264128865826024e+01,1.130164148821654280e+01,1.279282734708674774e+01,-1.915504902320030922e+01,4.049246944097027523e+01,3.017044155469752553e+01,-4.056043196135399143e+01,-1.731884574418588230e+01,-2.226679591479927467e+01,-6.283062609620768058e+01,-5.284387192560181745e+00,1.827575956423395098e+01,-1.038520499608700653e+01,9.115621147058126095e-01,5.323352897375676740e+00,6.350448434163861577e+01,-4.035346108787908292e+01,-1.956650384059575387e+01,-8.571023123552928169e+00,4.143508078064941458e+01,9.501503751254796626e+00,1.504529230506305382e+01,4.757461843757373288e+01,1.768472926674800938e+00,2.289858320015125237e+00,-5.085396217688703047e+01,-3.589272989924320711e+01,9.533176566234319083e+00,-6.413201051345708947e+01,1.638858684225037976e+01,-2.219785411663312047e+01,1.899591670020193845e+01,-9.557422540457163329e-01,1.943127289616273856e+01,5.592966793825451255e+00,-1.080913928729021833e+01,2.213889361486194929e+01,2.592792598522485115e+00,-1.859848140385083948e+00,-3.477190970268724612e+01,4.805388358993076992e+01,7.593483497489479817e+00
-1.586415369388612273e+00,-1.641124598365768605e+01,7.022747538075017282e+00,1.251871225835649248e+01,-1.056869868047275851e+01,-1.306126564935009604e+01,1.517890163992804631e+01,6.202485629106577747e-01,1.945822699595829164e+01,-9.177725313327789181e+00,2.565396787991846228e+00,-3.512799536745891515e+01,3.705753076977165605e+00,-1.582235965852232473e+00,1.373443523568936442e+01,-3.446806264764646244e+00,5.441109917075098501e+00,3.515035851807796519e+01,-8.173621389087257327e+00,-3.070674761907433492e+00,-1.272644134174751152e+01,-3.349241502613999888e+00,-1.458574312310661369e+00,8.542496434308983755e-01,1.167691246714472886e+00,-7.770343894260024697e+00,-1.254741471556570076e+01,2.456292739236361378e+00,4.721509556521032991e+00,2.645760422910838017e+01,7.065102242009020372e+00,1.564240533320215221e+01,8.285465645140494217e+00,7.384544196581236619e+00,-1.980089471140211899e+01,3.975581182827460758e+00,3.867435848674041665e+00,-1.547129085488128908e+01,4.515813042643128661e+00,2.287994972844488473e+01,-7.318811990682126734e+00,-3.063677757038935745e+00,-1.126667896569220950e+00,2.712066746379817772e+01,9.967864728304091315e+00,1.408732961678072115e+01,-2.001282177640860738e+01,-7.116325769371957044e+00,1.581490011444016019e+01,-7.130167512773131655e+00,2.788027463411035001e+01,-7.831328090782620599e+00,9.000056048359207139e+00,-1.157831571367671408e+01,-1.308540678982219152e+00,1.349784858877247729e+01,-1.581505985245659396e+01,-1.103128724311171993e+01,-7.589139208520384372e+00,7.970388078487061101e+00,6.015062102966091118e+00,-5.678592509417866196e+00,1.232899174163956246e+01,8.873192448616689987e+00,-1.447695190980251212e+01,-5.336508123386430213e+00,-8.449013454278592405e+00,-2.289793303352360354e+01,-2.331837643246143177e+00,5.351016120657893005e+00,-3.741867443383211089e+00,4.003906579706070223e-01,1.051500651271968012e+00,2.387875413168047700e+01,-1.427189067289150337e+01,-6.841061607208472672e+00,-2.959151491510871423e+00,1.411141594348787542e+01,4.375807910990763716e+00,5.958627060187921209e+00,1.878289648332113870e+01,2.375793511666295654e-01,2.509450652022696904e+00,-1.893799719465421560e+01,-1.305930667689231583e+01,3.236246642968517939e+00,-2.696137081246420308e+01,6.669723140112094661e+00,-1.013278681055295216e+01,5.065889057459299849e+00,-8.239706798160985057e-01,7.406865250928230004e+00,3.718805904966116405e+00,-3.882988470242306089e+00,4.956757239190482167e+00,2.263796961589495282e+00,-1.736812677736547794e-01,-1.286118305290375119e+01,1.856035573790713400e+01,2.183161574430989127e+00
-2.032274465074857428e+00,1.900774815168056797e+00,1.550678368856345468e+00,7.779208410199959900e+00,2.166206072713451558e+00,-1.104994737299877272e+01,1.205446020917138839e+01,-4.608761498030251147e+00,6.441102413760808609e+00,1.221367609061446036e+00,-3.703872749977718648e+00,-1.385326381396182427e+01,7.162214110300729075e+00,-2.915401991065326825e+00,-9.025646474497746041e-01,-7.338532835317812086e+00,-4.694194568473906148e-01,1.979357555298123827e+01,-2.788096701523469445e+00,-2.024196649659182334e-02,-8.612849669969429911e+00,-6.504551891509857686e-01,7.519265269647519290e-01,-2.615343312966623479e+00,7.756175360860434687e+00,-2.118569008204530757e+00,1.863581279501609345e-01,-3.927164532598436786e+00,4.480893186819967511e-02,6.754723915058121975e+00,-1.458771273494625476e+01,1.406396957744551202e+00,1.716542971517610816e+00,6.901210898166210583e+00,-9.234816066453561234e+00,3.542679474594462974e+00,-2.498818143478768405e+00,2.706875910148990982e+00,1.687360942683491238e-02,-6.015139429485980571e+00,-2.939848298075333766e+00,-4.716834214771298939e+00,-5.466814333397801207e+00,1.601636896383771003e+01,5.898548417885738360e+00,7.489209114151941904e+00,-7.656741808795867854e+00,-2.590628743766705266e+00,8.805309513346783135e+00,1.338106885920226752e+00,1.330197953085519202e+01,-4.722154776693530565e+00,-3.868525581906785860e+00,-2.478317043974062273e+00,7.429045763853174833e-01,4.977766099694393986e-01,-3.971098720166933216e+00,-1.543327069302630195e+00,-2.528457987581093747e+00,-9.116816746373562097e+00,-1.938643826874127285e+00,-6.372861270865608496e+00,1.256641256006604124e+01,1.023544461296092933e+01,-6.658349073923897521e+00,-5.198200682427204455e+00,-2.257551616472661671e+00,-8.997971344926131820e+00,3.748349738191781855e-01,6.266808284869493484e+00,-1.606855027863652197e+00,-5.949278915264130663e-02,3.238902331600911566e+00,7.045198896244399656e+00,-6.990023980805468717e+00,-3.609675982864265276e+00,-1.685852537406648199e+00,8.690878068741554330e+00,-1.184267095219001309e+00,8.292160231840103313e-01,2.786053824258128309e+00,1.387440617065221593e+00,-4.340481757925990891e+00,-6.154450228808172163e+00,-5.199857668909273478e+00,2.028645425650580592e+00,8.194315440225796721e-01,4.040893477649676324e-01,2.515392022878619294e+00,7.896167370624587178e+00,1.188898230619717777e+00,1.875928506719553024e+00,-3.882978487421772318e+00,-1.704851738720462251e+00,1.184299062643893841e+01,-3.304696711401578835e+00,-1.671440528819896576e+00,-4.453062323500047270e+00,3.961782140360635918e+00,2.715755247766117986e+00
-3.613051989520937646e+00,8.027602311747248365e-01,3.593698148849563179e+00,1.475827634758853790e+01,2.086025853492922799e+00,-2.028362861103684622e+01,2.226148475201800991e+01,-7.586336110174763725e+00,1.352887916338306695e+01,7.127203681985951889e-01,-5.799233037163018523e+00,-2.812954498338417153e+01,1.246182470211274307e+01,-5.083250588580192186e+00,4.742992388883990884e-01,-1.271819092772577875e+01,1.613578515236913091e-03,3.802602744843181171e+01,-5.820252088767094989e+00,-4.758247408116245136e-01,-1.617656867494938311e+01,-1.565517994716301153e+00,1.042288139470913144e+00,-4.232716453719021388e+00,1.308560676216938390e+01,-4.647127008387496261e+00,-1.496195728675972170e+00,-6.186821924034362041e+00,7.544253090659824856e-01,1.505896227057837322e+01,-2.327780685513694436e+01,4.594455596448172585e+00,4.051741489429923959e+00,1.255680707912384975e+01,-1.823099264556249466e+01,6.472538342388764576e+00,-3.604814479591937904e+00,2.280611144027007597e+00,6.782845750333104107e-01,-6.723650444959453409e+00,-5.949911378856136857e+00,-8.296733518520005290e+00,-9.266895322562795911e+00,3.057919017094882363e+01,1.125887189401997901e+01,1.450114651137802468e+01,-1.563330978130472637e+01,-5.339151633769202654e+00,1.694177334734406415e+01,1.201948658690906058e+00,2.616789131519932710e+01,-8.992036423888661645e+00,-5.146997100914504131e+00,-5.794535779132244713e+00,1.048864277885646068e+00,2.772427098547233904e+00,-8.890684025275694680e+00,-4.158600732621669849e+00,-5.303684890491394910e+00,-1.403598814064416977e+01,-2.362661746058074996e+00,-1.143124850403843595e+01,2.270378590707903399e+01,1.832412420795722952e+01,-1.317349224049613099e+01,-9.425662882058745140e+00,-4.976309105720497783e+00,-1.828244944106231173e+01,2.885312564534641133e-01,1.120745894625695271e+01,-3.214879262075738708e+00,-4.143410018462573285e-02,5.545607851268214539e+00,1.517143197652647579e+01,-1.369635404083107844e+01,-6.996686514907620946e+00,-3.233750566312061370e+00,1.650592802153196459e+01,-1.342307044172347474e+00,2.238931210104719849e+00,7.344363218784513592e+00,2.344912525892823396e+00,-6.867525415003317590e+00,-1.297657351118780333e+01,-1.054034375965748005e+01,3.844549175817193465e+00,-2.517154571671113672e+00,1.633289046477061746e+00,2.730338037630798631e+00,1.388001460563252287e+01,1.861410122854394888e+00,4.190689279518409194e+00,-5.931457039069620407e+00,-3.398405869207552499e+00,2.043751906988463318e+01,-5.177851347922151959e+00,-2.808698780530809014e+00,-9.268071513404283479e+00,9.270432888173635533e+00,4.837270615765729254e+00
-5.980743478883363551e+00,-5.276022110829079281e+01,2.351674212824041632e+01,4.391368169239378716e+01,-3.360273710594501750e+01,-4.698263155784027134e+01,5.428722217073975997e+01,1.911334148291023993e-01,6.601105787358011412e+01,-2.944236360099421290e+01,6.893668539603556411e+00,-1.200541841440420399e+02,1.493025441055376845e+01,-6.318053988761731077e+00,4.442805980394635412e+01,-1.415591873004294499e+01,1.755641722466085497e+01,1.224876824510340612e+02,-2.776136332364124826e+01,-1.002123017171956931e+01,-4.492234121624304777e+01,-1.118004606318313776e+01,-4.457473703948685362e+00,1.746338196139849419e+00,6.889899169553077130e+00,-2.618025432738748393e+01,-4.084190340366536986e+01,6.449158148674481339e+00,1.541421221665957830e+01,8.896000722085121026e+01,1.724174755575321782e+01,5.156731405299591131e+01,2.770026071999925321e+01,2.682273394908287045e+01,-6.823863767292554883e+01,1.437180027308598618e+01,1.161836473294473393e+01,-4.937478414939749882e+01,1.473235391107360570e+01,7.221909043543683993e+01,-2.503421232471432134e+01,-1.186475574124027332e+01,-5.846374499920189649e+00,9.480260797412346108e+01,3.484826303593155217e+01,4.891355724999507260e+01,-6.830261361096387418e+01,-2.423514985170537273e+01,5.506999972080366490e+01,-2.271907689300621769e+01,9.620096665446931183e+01,-2.741373678932014712e+01,2.781106710533858006e+01,-3.874065567524927189e+01,-3.971813065681221389e+00,4.421304331974068447e+01,-5.314949129650463533e+01,-3.658529805834983506e+01,-2.575224519178456006e+01,2.236783761169949969e+01,1.884417860386195898e+01,-2.104982655361846966e+01,4.519737034761005390e+01,3.300204333091009801e+01,-4.985391051936905171e+01,-1.946753180442620845e+01,-2.844856220312456330e+01,-7.824367530258032843e+01,-7.454954123676775346e+00,1.993948668047828221e+01,-1.284041921083086102e+01,1.281995525877875686e+00,4.715928495300523160e+00,8.066604517228590510e+01,-4.931702649690607387e+01,-2.374249011233372642e+01,-1.031944709363971668e+01,4.946962238509519949e+01,1.379849819215510642e+01,1.976004738296706620e+01,6.235641629122010698e+01,1.326068492426873302e+00,6.458256277529948797e+00,-6.420072613492325786e+01,-4.465152201916917818e+01,1.135924854416634133e+01,-8.759290890142307262e+01,2.190992815320337073e+01,-3.204250853736252935e+01,1.965719199677822360e+01,-2.214445179972548416e+00,2.489856307563602300e+01,1.058365555295506155e+01,-1.333954397478952636e+01,2.086972053589452258e+01,6.068804854352237932e+00,-1.230559262211805116e+00,-4.370869603038677553e+01,6.209794500809703521e+01,8.198280753474081806e+00
-5.253652404735809078e+00,-3.894936606926533784e+01,1.825533162547847965e+01,3.591055616744792189e+01,-2.445019996393818218e+01,-3.943747355738121740e+01,4.530284308514661262e+01,-1.575520408348734414e+00,5.202139639595105791e+01,-2.167541153549935729e+01,3.800138162771595773e+00,-9.540905887537513763e+01,1.389435673240694413e+01,-5.836629389878717156e+00,3.305866868363402489e+01,-1.337808147849174745e+01,1.302156951063074075e+01,9.945414619368757769e+01,-2.190748632005137608e+01,-7.540233570686787345e+00,-3.697970803220874814e+01,-8.646369795332596198e+00,-3.070071730212200922e+00,3.370819948304419889e-01,8.072206374180904476e+00,-2.046925865749760476e+01,-3.063021766939617763e+01,3.382718191379286310e+00,1.160315380455473111e+01,6.938847883889806667e+01,7.518543572811267950e+00,3.928635336739669270e+01,2.146183924666134502e+01,2.273624502408816994e+01,-5.473793599675786226e+01,1.212439982731688914e+01,7.801079486976813193e+00,-3.610392926328869834e+01,1.108019907619662092e+01,5.204129533541306785e+01,-1.991416937319763036e+01,-1.067791430894704696e+01,-6.433825301319868295e+00,7.723503990765388494e+01,2.839479458455029715e+01,3.956064753020175573e+01,-5.419736144358013519e+01,-1.918326796956146296e+01,4.467921612987501589e+01,-1.657815520296539091e+01,7.727360845555698177e+01,-2.236763992504979370e+01,1.946175082625582320e+01,-3.004476204203239220e+01,-2.708379427887989799e+00,3.341941109966523982e+01,-4.143233413641804930e+01,-2.807586304000871280e+01,-2.030043542371176457e+01,1.341247345646752542e+01,1.344148466780458051e+01,-1.819982108662053477e+01,3.866122355235982866e+01,2.862481924190367266e+01,-3.995755238371891238e+01,-1.657227417445457718e+01,-2.222612742358570870e+01,-6.217009793411163088e+01,-5.463860363902630191e+00,1.732564860438094101e+01,-1.025118904791699848e+01,9.414483500433958874e-01,4.753029968838864860e+00,6.326249080821936843e+01,-3.967771497432485717e+01,-1.919308082570463725e+01,-8.385711887390641550e+00,4.042688073523097358e+01,9.930188143170564530e+00,1.516240305996066340e+01,4.791087299787346865e+01,1.514321277874232097e+00,3.235378729738505044e+00,-5.055369101738239124e+01,-3.550300426607057602e+01,9.295172834872936107e+00,-6.553550803632056443e+01,1.661982572468092911e+01,-2.314716350055085314e+01,1.772124956746071689e+01,-1.221046929906075329e+00,1.941533530046257283e+01,6.506988610325078248e+00,-1.066292275861924210e+01,2.010494351581043304e+01,3.329014080862090275e+00,-1.548469110176049268e+00,-3.451573348362737192e+01,4.815516506058531121e+01,7.175470551751315540e+00
-4.128637204263730709e+00,-4.418645817894773842e+01,1.875615541975150791e+01,3.311166844527937769e+01,-2.851636286909330309e+01,-3.435779082628528158e+01,3.997893645953032404e+01,1.962156567740599211e+00,5.183037618536484814e+01,-2.472076589760763099e+01,7.126589638393774351e+00,-9.342623985706867984e+01,9.488683085967315023e+00,-4.060543979045984742e+00,3.693496203420415469e+01,-8.782058598110264569e+00,1.463956227814608724e+01,9.310374108579048880e+01,-2.176655451801837771e+01,-8.243431400751941140e+00,-3.361573447025597261e+01,-8.950796257054044247e+00,-3.964681794650875446e+00,2.462075470622872242e+00,2.635759358210238545e+00,-2.072687414470558664e+01,-3.370170009567048908e+01,6.848025742701612906e+00,1.267432635797848661e+01,7.060344641189807646e+01,1.990915601963419945e+01,4.190915280521943487e+01,2.213586118568874284e+01,1.938301320121797389e+01,-5.257052670268765837e+01,1.044625964601660151e+01,1.054495016174412036e+01,-4.171459808258178015e+01,1.212383198938674234e+01,6.181982775246158468e+01,-1.946162625735684770e+01,-7.922193798742306114e+00,-2.673042076735370642e+00,7.178733486612196657e+01,2.638377565074321751e+01,3.734206771222501686e+01,-5.324117370027936147e+01,-1.894044152798213787e+01,4.189582531417747191e+01,-1.923060883506443375e+01,7.400167448497418832e+01,-2.072295070926539395e+01,2.441419690117452390e+01,-3.092807823135947842e+01,-3.561261803634837797e+00,3.620954990736227330e+01,-4.220756726043684637e+01,-2.951952295753946132e+01,-2.021394515282176130e+01,2.198752634676008455e+01,1.627523386147467122e+01,-1.483657241683149763e+01,3.229398459170336366e+01,2.316530309943895105e+01,-3.844170581571269452e+01,-1.399372450723989303e+01,-2.254014580237307896e+01,-6.090129987687310376e+01,-6.285102311811726850e+00,1.396386226164133326e+01,-9.943403335282551936e+00,1.078876633870002211e+00,2.614691546153314228e+00,6.366055042289527677e+01,-3.786975901457567062e+01,-1.813573514646168050e+01,-7.836730560312688887e+00,3.732935432516498508e+01,1.182527037848668705e+01,1.594546188628904915e+01,5.025249712648246003e+01,5.485502146599527951e-01,7.017371038402073324e+00,-5.045202350878270181e+01,-3.472926452777674200e+01,8.558653479931166430e+00,-7.244381504179862930e+01,1.788212592343792195e+01,-2.736843014603828550e+01,1.309337127212056906e+01,-2.288916641547880104e+00,1.976656269922361631e+01,1.023501708721855685e+01,-1.031600127802618516e+01,1.254618614027741685e+01,6.291090635351059390e+00,-3.586954187719263443e-01,-3.424539638246992723e+01,4.957926272563843639e+01,5.686880826561095503e+00
-6.589137474739569456e+00,-6.276267938199795537e+01,2.741456439149592939e+01,5.005059526975527717e+01,-4.019664950783081991e+01,-5.291091829576002681e+01,6.130399310219779352e+01,1.303151441727291804e+00,7.646397173811109838e+01,-3.506170181377162010e+01,9.008390732724279815e+00,-1.385648802632926220e+02,1.596072590886422660e+01,-6.781106536526520401e+00,5.268770041494015288e+01,-1.500489242426436221e+01,2.084669801101281905e+01,1.400505653561091606e+02,-3.213887514907722220e+01,-1.183195787959292389e+01,-5.104710426995223571e+01,-1.305338123351567248e+01,-5.440773867590555035e+00,2.674097060735600273e+00,6.324918420968588251e+00,-3.042784605713697488e+01,-4.828444315877874971e+01,8.535551245364503714e+00,1.819619685348014926e+01,1.034970685203752936e+02,2.377546148149417604e+01,6.058054478127865394e+01,3.231720066314127138e+01,3.006867803334594669e+01,-7.844201535259286118e+01,1.614724153502697845e+01,1.430731320882020441e+01,-5.895237464023192331e+01,1.739734262196510883e+01,8.670856060680149824e+01,-2.888219473590859110e+01,-1.291153477971912089e+01,-5.627532256085468809e+00,1.082330242630378194e+02,3.978251569246371133e+01,5.602404833271477713e+01,-7.888648831539482842e+01,-2.802001021537942904e+01,6.298813496836169179e+01,-2.714770553419035437e+01,1.105192554173595028e+02,-3.127614658151984628e+01,3.375370461635489505e+01,-4.517960834384119551e+01,-4.865021222865165029e+00,5.210637291058765896e+01,-6.184980003768627910e+01,-4.285235619529392181e+01,-2.982647829236987036e+01,2.855126741441625171e+01,2.271121316687287361e+01,-2.337345539241202630e+01,5.044773205830266960e+01,3.658799434004670559e+01,-5.732898776599279955e+01,-2.177911085591889062e+01,-3.307459365063990475e+01,-9.031494648612847698e+01,-8.893129070119806912e+00,2.208675688786972202e+01,-1.479097186092205973e+01,1.528151231423251488e+00,4.813113005450883719e+00,9.363265657872915426e+01,-5.661730532719073494e+01,-2.719987648306418038e+01,-1.179482972829736731e+01,5.639993634652330456e+01,1.657509947941020911e+01,2.314595826346349483e+01,7.300169250430121792e+01,1.241958309473920385e+00,8.642918938384088534e+00,-7.439268863785507335e+01,-5.152507961815723547e+01,1.294286819108961240e+01,-1.036529181931334165e+02,2.578469639123152746e+01,-3.843539715148647673e+01,2.137242538367712896e+01,-2.893546298814079432e+00,2.897068404398908470e+01,1.340873043011916010e+01,-1.535761001492501343e+01,2.188196677393132461e+01,7.940778077118329392e+00,-1.062755723153825826e+00,-5.058602864124097920e+01,7.242154572863829287e+01,9.048629237727084274e+00
-4.675539850647242091e+00,-2.676368908467009788e+01,1.368070787895849527e+01,2.911331354814904415e+01,-1.634771606486226148e+01,-3.313970930858879882e+01,3.777098332977454476e+01,-3.264124592869825481e+00,3.992678467434772926e+01,-1.481789463960667597e+01,9.731401616752224371e-01,-7.417691769789864509e+01,1.319761158343565022e+01,-5.500534612792237432e+00,2.304685343867263470e+01,-1.291321741194061268e+01,9.024956510691593436e+00,7.981402834403769475e+01,-1.684934161211635129e+01,-5.361943105636772344e+00,-3.026038540925961939e+01,-6.440557731671360919e+00,-1.829246535449848832e+00,-9.783568839465455191e-01,9.341226645443219567e+00,-1.551668434032755961e+01,-2.165643818905046203e+01,5.728708785610754362e-01,8.257490141466487188e+00,5.240101628368663711e+01,-1.454551381479902261e+00,2.854263957135183816e+01,1.603410550231166098e+01,1.935260811344021903e+01,-4.315583368787580554e+01,1.025602330813261531e+01,4.374296236735575327e+00,-2.436852354421673539e+01,7.873258905071013558e+00,3.414159613845919949e+01,-1.550501507097863829e+01,-9.775876439344362012e+00,-7.112334437895857064e+00,6.228297504690950603e+01,2.290257814969891825e+01,3.156935523485589457e+01,-4.203738898399502943e+01,-1.482358868010097908e+01,3.581557164276458138e+01,-1.114519946219527213e+01,6.104660166992987769e+01,-1.807643575205022657e+01,1.201405247117707731e+01,-2.248145195511636629e+01,-1.576695612037000149e+00,2.395489426246013309e+01,-3.126004883383833644e+01,-2.064849912531554210e+01,-1.558767731970089798e+01,5.276432585008507203e+00,8.639003926954913481e+00,-1.588639060760391430e+01,3.329470776413666044e+01,2.508501389575871343e+01,-3.146427496333684104e+01,-1.418416573739434661e+01,-1.682852406075217289e+01,-4.832136781969134631e+01,-3.704068489448601120e+00,1.521647390248768872e+01,-8.025032384117684714e+00,6.405992667613766844e-01,4.881943121086639081e+00,4.818765318195010394e+01,-3.142004877924569684e+01,-1.530499730040759410e+01,-6.737581862540888977e+00,3.274372749175890362e+01,6.497689800767068036e+00,1.114926323128572960e+01,3.530718474514932836e+01,1.720915438618410453e+00,2.758501758928328940e-01,-3.875145955781268015e+01,-2.762312722176727320e+01,7.542768643788702043e+00,-4.613960500218956184e+01,1.198590265006080458e+01,-1.526016886172223153e+01,1.625588441609807688e+01,-3.132525711029718885e-01,1.465557774660384815e+01,2.811241019273055031e+00,-8.362930966388532283e+00,1.978551816012205578e+01,8.245538334168829309e-01,-1.877378899708687543e+00,-2.657461284194600992e+01,3.602798782982226555e+01,6.357975433684816657e+00
-4.849794436362159011e+00,-5.989230147359799616e+01,2.462672482969750121e+01,4.177269763579555928e+01,-3.896965698688423885e+01,-4.233901190745295651e+01,4.953724302328606655e+01,4.187612267549804201e+00,6.732484189549401776e+01,-3.356097670226381524e+01,1.080707618127707548e+01,-1.205981000633072000e+02,1.030462577487053188e+01,-4.460227074562445715e+00,4.983152373570236193e+01,-9.297552958511758447e+00,1.978896804003463217e+01,1.181594254160914659e+02,-2.824550336338012002e+01,-1.104691664215770253e+01,-4.216706111382643485e+01,-1.178259094053925260e+01,-5.570256461342633969e+00,4.184721534814716648e+00,9.148279743156577659e-01,-2.707749945002570868e+01,-4.525410398482360819e+01,1.050895794496689994e+01,1.698007965909060601e+01,9.239204120993274216e+01,3.162324628247216296e+01,5.572168890342777559e+01,2.910261026849224919e+01,2.366024507729965265e+01,-6.737379665876851220e+01,1.281108702940069399e+01,1.498382716349020960e+01,-5.684998931899878727e+01,1.625134732963709183e+01,8.492672804737676984e+01,-2.510353577721626905e+01,-9.029976437315703208e+00,-1.738010449575282390e+00,9.085158694520606559e+01,3.338631355836842829e+01,4.754325163120367392e+01,-6.880604374379329613e+01,-2.452261304970163636e+01,5.320497159571863932e+01,-2.623856117300102753e+01,9.473756639471524466e+01,-2.619292537617455352e+01,3.404392206661150766e+01,-4.063496383181389859e+01,-5.026256950788743794e+00,4.838586722934562800e+01,-5.525565704470749040e+01,-3.906198447591437173e+01,-2.625127207014894992e+01,3.256247308078112468e+01,2.247847045087165441e+01,-1.774228805952655819e+01,3.905946197365858552e+01,2.760590398001173540e+01,-4.929838213779943601e+01,-1.700881935901639608e+01,-2.946200648058268712e+01,-7.862465761141734788e+01,-8.554390849310390621e+00,1.660787407276430372e+01,-1.279058772064344929e+01,1.466776047395207616e+00,2.412203450253138648e+00,8.298409501198854343e+01,-4.841943216551386087e+01,-2.309940459308038641e+01,-9.939035532979254128e+00,4.712036251433034550e+01,1.625666426616433569e+01,2.110148015974514379e+01,6.644346311657379545e+01,2.669775419021082619e-01,1.087562611221437869e+01,-6.557339756888526949e+01,-4.481288701724938051e+01,1.079130189530708783e+01,-9.741785314364945236e+01,2.384196357163065372e+01,-3.754830619848210205e+01,1.489033238128579484e+01,-3.470774489530894957e+00,2.587174936393034841e+01,1.503570742476193622e+01,-1.325711385968727107e+01,1.282363605973002052e+01,9.551927456596356336e+00,8.351761446105587794e-02,-4.441627660301907099e+01,6.514363146107292835e+01,6.708435956097670072e+00
-6.090465794824373447e+00,-6.371315517086856772e+01,2.719129039483938470e+01,4.831613613496818260e+01,-4.105981616900128017e+01,-5.031950931444765729e+01,5.850217268592975728e+01,2.548128288977438594e+00,7.527382545513741263e+01,-3.563544976536021380e+01,1.006483928269892481e+01,-1.358233279837178600e+02,1.415229498050510770e+01,-6.046975251072828073e+00,5.329975166767795969e+01,-1.314246927094991513e+01,2.111897995651938231e+01,1.357265715866326730e+02,-3.161697072535683262e+01,-1.190962718242981033e+01,-4.909610548494831761e+01,-1.297063906232398445e+01,-5.680611707919233311e+00,3.394173488943597050e+00,4.289545361144304181e+00,-3.007345660305005808e+01,-4.867352136860294110e+01,9.648553970645384226e+00,1.831197534253739789e+01,1.024126819998199664e+02,2.785408769332216039e+01,6.062888765600297347e+01,3.208388234856698773e+01,2.842931595812260781e+01,-7.651663569234726481e+01,1.531068717649862165e+01,1.507784512184578318e+01,-6.009224367990105264e+01,1.751500143872163662e+01,8.893046464113552929e+01,-2.829672658711185562e+01,-1.173740985936751002e+01,-4.201146224125571038e+00,1.046984183379258582e+02,3.848023569225003371e+01,5.440930379053170185e+01,-7.738738580811944701e+01,-2.752212895927487679e+01,6.106939184285692335e+01,-2.769717589706644745e+01,1.077285607968832579e+02,-3.022957162690558519e+01,3.502809331636664325e+01,-4.483235682716955495e+01,-5.098396282792323930e+00,5.233884440235666347e+01,-6.121934044456862978e+01,-4.273947470975416252e+01,-2.935795494686975360e+01,3.119643134528500283e+01,2.339055762579024744e+01,-2.182874730835408172e+01,4.743238855755804195e+01,3.410035400942615524e+01,-5.594620042046707198e+01,-2.053818700200240954e+01,-3.270152484907958979e+01,-8.853646086247995584e+01,-9.056097279495904928e+00,2.056144995029664102e+01,-1.446397741522862113e+01,1.554836404376397585e+00,3.978414705379777594e+00,9.240110128655555854e+01,-5.514058219204382283e+01,-2.642298107700546694e+01,-1.142561012211311500e+01,5.446560801498268489e+01,1.700906563658350734e+01,2.308616320708079783e+01,7.276731986298754862e+01,8.786429477238739683e-01,9.867505412278767096e+00,-7.326486037708392018e+01,-5.049262060847029687e+01,1.248979256538135374e+01,-1.046006118133174425e+02,2.585742983847066512e+01,-3.937982744373278621e+01,1.940519418454317702e+01,-3.232667250564133177e+00,2.867112405867199953e+01,1.454410967367287633e+01,-1.500831762537203140e+01,1.885998609077290666e+01,8.882690888175323707e+00,-6.220281331009347436e-01,-4.974722536117388216e+01,7.186783086145590005e+01,8.383957646225853821e+00
-3.629817525795238531e+00,-5.374104379546292165e+01,2.132732475572788644e+01,3.447598330376139586e+01,-3.527416724878192866e+01,-3.389820559098323827e+01,3.995001833088429777e+01,5.235445940834016376e+00,5.757785714180923264e+01,-3.016568225500935085e+01,1.080689480898266197e+01,-1.023739121452979788e+02,6.773345905568968206e+00,-2.992735626077699163e+00,4.448938425221049897e+01,-5.822038085399305452e+00,1.770416168843809857e+01,9.824977466410496163e+01,-2.412791901610574286e+01,-9.789891017571516585e+00,-3.455044358340391852e+01,-1.023420264220402842e+01,-5.188073943865602722e+00,4.574658222363736648e+00,-1.749795868544659516e+00,-2.331319245537232376e+01,-4.019356781240641396e+01,1.061624965580368318e+01,1.504339888120099289e+01,7.970427603617760326e+01,3.286082355251004117e+01,4.895045673349758886e+01,2.524184023946135369e+01,1.870349660934992286e+01,-5.669879024854524374e+01,1.019127991381232334e+01,1.411299404505238719e+01,-5.130924834178467364e+01,1.440637209734827806e+01,7.730051475620052770e+01,-2.129146584768213302e+01,-6.450428708175895309e+00,2.638409144026188646e-01,7.527999407566082368e+01,2.765980100473643688e+01,3.968915637941193353e+01,-5.849000703301894788e+01,-2.089160653135010648e+01,4.427548167420039960e+01,-2.371059916466031581e+01,7.962242814479543540e+01,-2.166903787776427848e+01,3.146805382804685536e+01,-3.521737118756587392e+01,-4.702667808483608880e+00,4.274496300018257244e+01,-4.769031125308513452e+01,-3.413116151191294279e+01,-2.244513653475387827e+01,3.188726130340219811e+01,2.057438965813686593e+01,-1.362982205874463482e+01,3.048911558162452451e+01,2.110160759141177067e+01,-4.151998193502041090e+01,-1.336724222610328816e+01,-2.538191793266352292e+01,-6.675443190495606416e+01,-7.709934872990298338e+00,1.265882492121628466e+01,-1.081230760539819435e+01,1.320403910169807071e+00,1.069697500703623572e+00,7.126525076893425137e+01,-4.063099700004019610e+01,-1.929299535798033816e+01,-8.257422568639912086e+00,3.891734225862366969e+01,1.480770238497859026e+01,1.843930974176480220e+01,5.800312937793849954e+01,-2.213713695758224853e-01,1.107789342985719472e+01,-5.611930167542970338e+01,-3.802376817934888464e+01,8.900035653665121060e+00,-8.666221962874205076e+01,2.100998870121220463e+01,-3.412899235875323001e+01,1.059767032413615695e+01,-3.470508678281591486e+00,2.232403439773786147e+01,1.461605025653595291e+01,-1.119367174109621033e+01,7.461656304675650553e+00,9.562002269340663219e+00,6.259722558839626583e-01,-3.791863887079745155e+01,5.646219474746449407e+01,5.052404802182456578e+00
-4.871693109992646598e+00,-3.043718074939109641e+01,1.508311004299386937e+01,3.125351511577174790e+01,-1.878098893855668905e+01,-3.516224590660709737e+01,4.017788740993889007e+01,-2.799864915577487068e+00,4.365865504920860474e+01,-1.688359670754456232e+01,1.791736450228585298e+00,-8.075447142412437529e+01,1.348259152248158443e+01,-5.632442326492003382e+00,2.607180659507372056e+01,-1.312973900734527533e+01,1.023136177148601078e+01,8.597031686368011094e+01,-1.841103701721174701e+01,-6.022320746601097952e+00,-3.238556409035922456e+01,-7.115771723466690624e+00,-2.197550388553894063e+00,-6.066458174078999122e-01,9.036568812350502355e+00,-1.703948413911273718e+01,-2.437417821772605819e+01,1.383967938919690610e+00,9.271913846755431621e+00,5.761898307144578979e+01,1.114550050098468859e+00,3.181320526714095820e+01,1.769676709226886402e+01,2.044920748580173964e+01,-4.676117322806240395e+01,1.085878098644563394e+01,5.387088126802280996e+00,-2.789724434785541263e+01,8.845352108245503331e+00,3.950441642120756569e+01,-1.687158665177854644e+01,-1.009787001136392348e+01,-6.963045460799258457e+00,6.697953642102005745e+01,2.462788522469097785e+01,3.406844548456056287e+01,-4.580159736278203297e+01,-1.617156667512476176e+01,3.859260819273806220e+01,-1.277796016173943272e+01,6.610157995718027735e+01,-1.942563026843687624e+01,1.423133575806840945e+01,-2.479918870927297903e+01,-1.912015248937070755e+00,2.682841203216983317e+01,-3.438386686940471293e+01,-2.291539830851965576e+01,-1.704202124459214218e+01,7.648237290015675427e+00,1.007449857093543422e+01,-1.665319964195038693e+01,3.505064305885528597e+01,2.626330795127610429e+01,-3.410693711677896545e+01,-1.496150030142657350e+01,-1.848763015179297398e+01,-5.261120744859833565e+01,-4.233540856577514333e+00,1.592028659078282615e+01,-8.716269535274108193e+00,7.311636644813479524e-01,4.876256287933568245e+00,5.282895939595864832e+01,-3.399472332111479744e+01,-1.652055301697744483e+01,-7.254452141623225714e+00,3.516181611374053517e+01,7.525762496440473903e+00,1.237406194573659235e+01,3.915566799735378822e+01,1.672603467427656865e+00,1.128050796792592791e+00,-4.239176453012643009e+01,-3.006485536208844067e+01,8.094774112222161477e+00,-5.200942687269333220e+01,1.339445890767110647e+01,-1.762453497558540860e+01,1.678137275757024582e+01,-5.761218490013289006e-01,1.611744021931495396e+01,3.891281063071224011e+00,-9.077555171647718524e+00,2.000438832468293526e+01,1.549513623285831976e+00,-1.794924154220988832e+00,-2.902720489349533395e+01,3.974417402120570131e+01,6.633722229075811327e+00
-2.664868062096278578e+00,-1.641756283092040647e+01,8.175301388664374613e+00,1.701247060446349835e+01,-1.011452952628449609e+01,-1.917664342676481937e+01,2.190297208249999983e+01,-1.586215226280327517e+00,2.369474989313766500e+01,-9.104219065575133385e+00,9.093864218329366089e-01,-4.385847438036219614e+01,7.399550716667516070e+00,-3.089993738627283548e+00,1.407444287603081712e+01,-7.211675906663294278e+00,5.521404628561263905e+00,4.677139893422702244e+01,-9.993316408040008980e+00,-3.254685871548955056e+00,-1.763745451212669835e+01,-3.855580438131163135e+00,-1.175575607397956190e+00,-3.693682761368044520e-01,5.006427788756398378e+00,-9.241515550717361194e+00,-1.316844956372656483e+01,6.854877807546815305e-01,5.011103465593634176e+00,3.124366651981120668e+01,3.705477631883784539e-01,1.721368108442811362e+01,9.590314091264444230e+00,1.116005059048666936e+01,-2.541568060292249953e+01,5.924187043231246896e+00,2.871399284091797455e+00,-1.503221692228986939e+01,4.780152656662606248e+00,2.125198988058575367e+01,-9.163833125709638594e+00,-5.531655458191687025e+00,-3.849561197365847232e+00,3.644908582818737841e+01,1.340221210654953410e+01,1.852900639280082373e+01,-2.487207247421783407e+01,-8.780006080702444038e+00,2.099469769749261161e+01,-6.883745270293481155e+00,3.593153226213465956e+01,-1.057231011384531172e+01,7.628928198261919036e+00,-1.344044873435745480e+01,-1.021420376413866737e+00,1.450554565741748192e+01,-1.864356710990050914e+01,-1.240762596844465726e+01,-9.249397961427476389e+00,3.988155592163355578e+00,5.413298549382458802e+00,-9.100356371104298958e+00,1.914042527059888243e+01,1.435486289924889469e+01,-1.853660779805935732e+01,-8.167529142937077324e+00,-1.002627797919130614e+01,-2.857318161540916890e+01,-2.281782174139851183e+00,8.702617329932778034e+00,-4.735656602502851698e+00,3.941638796934753830e-01,2.686502136408988939e+00,2.865982994610094892e+01,-1.848123819526403011e+01,-8.984780976595114765e+00,-3.946969162801161612e+00,1.913893555242614397e+01,4.047986824899426850e+00,6.699914817810069145e+00,2.120334558721063090e+01,9.258883021072799036e-01,5.406284535179217698e-01,-2.300558914508196295e+01,-1.632916322021520372e+01,4.406511033937617228e+00,-2.809203220877483886e+01,7.244567299406578620e+00,-9.484053502641431876e+00,9.193817924057031021e+00,-2.924403311604404365e-01,8.739403462931559119e+00,2.041100996531475253e+00,-4.932446244874536312e+00,1.099818149374933540e+01,7.848343573731573208e-01,-9.964999703648396157e-01,-1.575657034571149140e+01,2.154004202761131026e+01,3.627897593142026533e+00
-2.965866022515463385e+00,-1.441836989814614611e+01,7.847073781239792822e+00,1.754589758633775176e+01,-8.616938664995174690e+00,-2.038748751673862003e+01,2.313459586004984203e+01,-2.673673150204153970e+00,2.326363366923002829e+01,-7.950875832292268797e+00,-1.629552200286763508e-01,-4.357646281005517608e+01,8.641286395659992792e+00,-3.588362667660923933e+00,1.255482385350551944e+01,-8.517592401936525448e+00,4.894436300421252106e+00,4.781214803924746093e+01,-9.830610617559905506e+00,-2.964458666336660997e+00,-1.833687495545301616e+01,-3.679175360521610205e+00,-8.678656644255626773e-01,-1.034681724279620685e+00,6.624257095124056249e+00,-8.968189556065071955e+00,-1.192250824067570214e+01,-4.261836466869945994e-01,4.567898502040579345e+00,3.021065689283645739e+01,-3.561197979982001272e+00,1.602590663045540254e+01,9.177877060334642678e+00,1.199046040195904794e+01,-2.557477359448558829e+01,6.332734114431355366e+00,1.942851412514730924e+00,-1.294345647144255551e+01,4.350461085876180078e+00,1.771423760457741281e+01,-9.117023270572659044e+00,-6.289612065540081787e+00,-4.960716760187718677e+00,3.741811766600510225e+01,1.376102873438386709e+01,1.884718753741806552e+01,-2.465885503174251170e+01,-8.674743316545249883e+00,2.144059481705894754e+01,-5.900901861527114711e+00,3.622224409314203086e+01,-1.087382553351091374e+01,5.902225489662540348e+00,-1.288184760690137409e+01,-7.301237931572077677e-01,1.332096307167858029e+01,-1.801124271993928971e+01,-1.169299490576705125e+01,-9.084885351208003001e+00,1.189725357428050856e+00,4.403547944255672419e+00,-9.976672396232819651e+00,2.075978474596758261e+01,1.578603957789198198e+01,-1.863207840296046669e+01,-8.814688131467519838e+00,-9.718807397341189258e+00,-2.838217711460247017e+01,-1.974356380016589974e+00,9.586722412254134795e+00,-4.734877131603895783e+00,3.424628942797041109e-01,3.307966677698061186e+00,2.793914049007583245e+01,-1.867036747578393729e+01,-9.133224610475719984e+00,-4.038938835135318151e+00,1.972282096306024002e+01,3.363835394055656902e+00,6.312915375318936206e+00,2.002184187369845603e+01,1.212534107599026356e+00,-6.683302803811876913e-01,-2.256047377603432125e+01,-1.623541093898925070e+01,4.548338817593595707e+00,-2.532135376896398782e+01,6.694493732108495188e+00,-7.950422830557140053e+00,1.046869801446813142e+01,5.181722776291963761e-02,8.446848618878689763e+00,8.181010393488596932e-01,-4.939977983696784314e+00,1.316382294907816686e+01,-1.695270258808463382e-01,-1.352621488437495412e+00,-1.551527243477536366e+01,2.064212962264306839e+01,4.024057512986363605e+00
-2.025896627365840086e+00,-2.580654292339046663e+01,1.054316727393918107e+01,1.773343405557761443e+01,-1.681846405862514260e+01,-1.788148169173836521e+01,2.094709455020000988e+01,1.934977956130924603e+00,2.875878836451517273e+01,-1.446539634753926151e+01,4.754653277916347953e+00,-5.144767245494570318e+01,4.221540364939436074e+00,-1.832629285154995902e+00,2.145171882954167231e+01,-3.783397865978573194e+00,8.522090985367393401e+00,5.022580566930861323e+01,-1.206297530871859180e+01,-4.749101548817638019e+00,-1.787866682396116502e+01,-5.047019273810677831e+00,-2.416909092648664270e+00,1.875565520514418383e+00,1.670046808018372797e-01,-1.158032193789573050e+01,-1.946272854766899840e+01,4.632991275835223632e+00,7.299385923371256801e+00,3.952743876564413483e+01,1.402229750809334874e+01,2.391685553101513051e+01,1.246276268602387916e+01,9.971490299319043515e+00,-2.869831396467628082e+01,5.404830291181690782e+00,6.515309523147473136e+00,-2.452200409876049036e+01,6.986877988415223228e+00,3.669031467362009380e+01,-1.070763808378414694e+01,-3.744854910407075632e+00,-5.877426301031158928e-01,3.859484838040462762e+01,1.418253393675039931e+01,2.022298294144726682e+01,-2.936016720497098476e+01,-1.046805716175986234e+01,2.261887066054239526e+01,-1.132048366213490453e+01,4.034485808257631589e+01,-1.112401894867177710e+01,1.475028798502918015e+01,-1.739894242984570383e+01,-2.182749767740189917e+00,2.078928651503122182e+01,-2.364164210164880586e+01,-1.674991368907611999e+01,-1.121311931913220405e+01,1.426647890973559996e+01,9.721332839699943662e+00,-7.442444624475979431e+00,1.642716661876838913e+01,1.157065587230739823e+01,-2.100185765486082801e+01,-7.161362622571703973e+00,-1.260150031069568044e+01,-3.354260466619614078e+01,-3.688952859312763621e+00,6.957790811339211956e+00,-5.452505397737930082e+00,6.323857585780603419e-01,9.426284731033247599e-01,3.547395603590883439e+01,-2.061426897099675770e+01,-9.826402995585979738e+00,-4.224157147358564401e+00,2.000609340304060879e+01,7.024214291429930590e+00,9.048518709209046662e+00,2.848649119931198115e+01,7.430206229754907077e-02,4.802703520776199220e+00,-2.801410845362432767e+01,-1.911585038906052603e+01,4.580591530059730410e+00,-4.190933859300398723e+01,1.023921255904068772e+01,-1.621753475415943413e+01,6.171776803920940857e+00,-1.526974622247799562e+00,1.106898244774682460e+01,6.578006684782659264e+00,-5.650231662080289041e+00,5.168016068477413683e+00,4.203345805151402104e+00,8.468291025783530879e-02,-1.896711730247368521e+01,2.789331159530876647e+01,2.805086876947703534e+00
-1.229415905885967719e+00,-1.490255277575607096e+01,6.151876432165797937e+00,1.048843511622743385e+01,-9.686886515415622512e+00,-1.066346146108240056e+01,1.246733318586781536e+01,9.955430002243103038e-01,1.684091533007193675e+01,-8.349105554110366256e+00,2.654180455805571270e+00,-3.019092742518598271e+01,2.641710630268486959e+00,-1.141515423622828429e+00,1.240624736630906000e+01,-2.392625702060516169e+00,4.925586037906576564e+00,2.964494773664799254e+01,-7.066337371880748286e+00,-2.752568265706294870e+00,-1.059533901863506067e+01,-2.942400137898694812e+00,-1.380039066143028625e+00,1.015500980124711017e+00,3.083876546391959295e-01,-6.768382013615506843e+00,-1.127320474273446571e+01,2.577587524340950509e+00,4.231080880230029706e+00,2.308970444677056477e+01,7.727664341571905737e+00,1.389774357307688213e+01,7.268771545126269551e+00,5.966578712046911370e+00,-1.688209236375623945e+01,3.228653453159611164e+00,3.707325474436995449e+00,-1.413619358482219468e+01,4.049226186463984689e+00,2.109724393240943385e+01,-6.285084897269982207e+00,-2.298763034889179657e+00,-4.897368869686903325e-01,2.280197090919149261e+01,8.379444549270056442e+00,1.192317034099929351e+01,-1.722256944208336904e+01,-6.136724460815923265e+00,1.334744984187348749e+01,-6.523502159749798857e+00,2.374201235523215558e+01,-6.574996488402793382e+00,8.441972610172326696e+00,-1.014997934769432320e+01,-1.244594238861254754e+00,1.206058564000823985e+01,-1.380823520775144075e+01,-9.748369956327223917e+00,-6.566777918076003751e+00,8.018425247285071222e+00,5.580439570457064846e+00,-4.486628838484330473e+00,9.862086613303890914e+00,6.984233233370526150e+00,-1.235184541396552760e+01,-4.291698810052530177e+00,-7.363927743873977860e+00,-1.968280688271930856e+01,-2.127452946246151555e+00,4.202887528209917178e+00,-3.203465238006308891e+00,3.648326430796268727e-01,6.346025609919402344e-01,2.074871162992813112e+01,-1.213629406023430057e+01,-5.792700449285804076e+00,-2.493815563864197227e+00,1.183027199371636762e+01,4.038091186122530374e+00,5.266071752304964271e+00,1.658340358398354653e+01,8.091017243959251759e-02,2.664656089218892188e+00,-1.640156644949274067e+01,-1.121914730052391818e+01,2.709715068490918810e+00,-2.426332558448557108e+01,5.944457967940051546e+00,-9.329132329971011828e+00,3.791860797727709453e+00,-8.524167064874541566e-01,6.465450335968975892e+00,3.705893299416776365e+00,-3.320717572025145614e+00,3.317881208970927531e+00,2.345598741185910274e+00,3.470298844516217507e-03,-1.111258444385589073e+01,1.627174440562055580e+01,1.699589551011341459e+00
-5.117301798850379058e+00,-3.222182424317685445e+01,1.592477677489129206e+01,3.291928122330538287e+01,-1.989920843265129591e+01,-3.699696779095746280e+01,4.228411507787727430e+01,-2.882063100577547665e+00,4.606143424093528438e+01,-1.787640549445272953e+01,1.958341856600131159e+00,-8.516560997086953932e+01,1.413597183687898351e+01,-5.906709896175430963e+00,2.758805895260454477e+01,-1.375978660710937085e+01,1.082835926174243113e+01,9.057990971248879930e+01,-1.942306774540532643e+01,-6.368640284663602102e+00,-3.410221038234026736e+01,-7.514235388376911295e+00,-2.336933690097356298e+00,-5.967520767687659600e-01,9.423842459354595746e+00,-1.798403585889430545e+01,-2.578043664798038748e+01,1.530926877863207025e+00,9.804870662127012082e+00,6.081999485987875431e+01,1.428671034250470484e+00,3.362038859435371307e+01,1.868604317651536206e+01,2.150808355326217836e+01,-4.929467363389383650e+01,1.142314683000969211e+01,5.740006013936184814e+00,-2.954949269940519940e+01,9.354233177126218379e+00,4.188150302202329556e+01,-1.779240079878137593e+01,-1.059831570418798918e+01,-7.270188340781690073e+00,7.056067503329146007e+01,2.594448180422615380e+01,3.590121828131418624e+01,-4.830690176900296962e+01,-1.705806911034584772e+01,4.066325637281423155e+01,-1.353643413107620930e+01,6.967869187172352952e+01,-2.046292413778240160e+01,1.511683049039149651e+01,-2.618425250624201439e+01,-2.034807530439113776e+00,2.836422217510918387e+01,-3.629508000429930803e+01,-2.420804561879980810e+01,-1.797969547655522859e+01,8.244715814546136556e+00,1.068764191703210287e+01,-1.750261725953644998e+01,3.685295573725144891e+01,2.759973171413952286e+01,-3.595616258916889052e+01,-1.573366568861034231e+01,-1.951316085572369019e+01,-5.548551519568624713e+01,-4.483661531942599865e+00,1.672933234360388610e+01,-9.190475486626359825e+00,7.742714894798108372e-01,5.101451830820653122e+00,5.574926288746372904e+01,-3.583180604648779166e+01,-1.740968277219748117e+01,-7.643157000540218959e+00,3.703693639969897333e+01,7.979265048201842347e+00,1.307214855694130229e+01,4.136186911507226682e+01,1.745110440922910566e+00,1.267360503303346597e+00,-4.472652880304033829e+01,-3.170639565982306962e+01,8.525977091308140743e+00,-5.501731720641393508e+01,1.415856786266236078e+01,-1.868216820429092451e+01,1.761206631343574358e+01,-6.296575074470975864e-01,1.701307347841071049e+01,4.181812803835697423e+00,-9.570878826433835584e+00,2.095298058431204780e+01,1.695335850470879535e+00,-1.869605947879098284e+00,-3.062181080069680306e+01,4.196410530837468400e+01,6.969048050600381572e+00
-3.305655954083916548e+00,1.280441143765614953e+01,-6.323517218305330090e-01,9.154789752101299527e+00,1.017752911666804749e+01,-1.556618596309088787e+01,1.647633759810981502e+01,-9.785812060996777362e+00,2.644849074944448653e+00,7.485401814258864306e+00,-8.986296872145354442e+00,-9.336837293826572903e+00,1.267308888279476164e+01,-5.118566969849042358e+00,-9.304960394630692022e+00,-1.317513372877759359e+01,-3.915635535976736747e+00,2.150389364837715789e+01,-1.280034472851020233e+00,1.625130172274023899e+00,-1.075122606456651120e+01,4.842222532257869361e-01,2.333298246085176775e+00,-5.825788766457589141e+00,1.526841681712153154e+01,-1.262092839857154591e-01,7.192285349488273916e+00,-9.384886448166058770e+00,-2.470764291307644633e+00,-5.111086559204620627e-01,-3.374326652404828764e+01,-5.606549585807279357e+00,-9.776354846418922051e-01,1.014127280633315564e+01,-8.186707957458263962e+00,5.105644151647878992e+00,-7.222310827044474912e+00,1.394696208570875307e+01,-2.416395706644620223e+00,-2.475087289233244547e+01,-2.055119112524887104e+00,-8.007911087389551597e+00,-1.059689312921938864e+01,1.811780571985219623e+01,6.683435865322151948e+00,7.708836573275561932e+00,-4.836217634398446208e+00,-1.449028505937952183e+00,9.469535219352376743e+00,6.613420708641407408e+00,1.214031438331651458e+01,-5.431142051354564515e+00,-1.281633732053020225e+01,1.203018016915758714e+00,2.233369018326249567e+00,-6.305485078038643998e+00,4.419491058671680683e-01,2.823088467000025137e+00,-1.064939179686613224e+00,-2.301784817809622652e+01,-7.239446914195775129e+00,-9.983935690373405336e+00,1.907278367175511136e+01,1.616934987746371988e+01,-5.793885598773495182e+00,-7.761242819096509038e+00,-4.280707635504499287e-02,-6.020173756707468016e+00,2.034131997019757776e+00,9.944293821186869664e+00,-1.263547141085584524e+00,-3.392907911437728075e-01,6.069887882406927559e+00,1.484131114058103718e+00,-6.585204491066329879e+00,-3.687743778057772204e+00,-1.850337603988567059e+00,1.015949947073795556e+01,-4.803059762271222333e+00,-1.533979112882840834e+00,-4.482416707808770440e+00,2.715668514337522321e+00,-1.026114680975656768e+01,-2.339495639208341693e+00,-3.573033879443462624e+00,2.402757312549900881e+00,1.631353315985007768e+01,-2.791552758849175309e+00,1.065685732383903961e+01,1.343966130914471790e+01,2.884768800619286200e+00,-1.739865328875196404e-01,-9.979531873416334520e+00,-1.387871567894313651e+00,2.159091428717665906e+01,-8.004185953942247522e+00,-3.332623837661444544e+00,-2.149440991613942309e+00,-1.951080237335854672e+00,4.383082051357063413e+00
-3.596643162279684613e+00,-5.256970172034110789e+01,2.091148402626791736e+01,3.391587718184937472e+01,-3.448579837460501807e+01,-3.341980276920504878e+01,3.936561975006862468e+01,5.027276773850967828e+00,5.650314349542259151e+01,-2.950490610479872444e+01,1.050072038967685906e+01,-1.005141123884076393e+02,6.783095187627614209e+00,-2.991745637473408159e+00,4.353395869413676422e+01,-5.855555691852429412e+00,1.732161419356177845e+01,9.660306997126151884e+01,-2.367945335858685141e+01,-9.584302937943320444e+00,-3.400649593333601217e+01,-1.003266446517922361e+01,-5.062908167020696126e+00,4.422780006219759308e+00,-1.548056397390551453e+00,-2.286763597813117954e+01,-3.934377186162483042e+01,1.030933940050632280e+01,1.472777833488967048e+01,7.817060242748827648e+01,3.185912706048432597e+01,4.795024698078734104e+01,2.474714916122837849e+01,1.845663816960064452e+01,-5.570197741466497376e+01,1.005214132670106331e+01,1.376286871216589347e+01,-5.017194113540942624e+01,1.410356316466656068e+01,7.554590489453299540e+01,-2.090591715331720835e+01,-6.414978227547216250e+00,1.420497404350455906e-01,7.403635208647270360e+01,2.720314683407418244e+01,3.901317808694577138e+01,-5.742194580623072397e+01,-2.050704714718806443e+01,4.353097251629521480e+01,-2.318318160483428869e+01,7.822968888279797284e+01,-2.131344009832697495e+01,3.072358500185610453e+01,-3.452895235306972666e+01,-4.587908749370186001e+00,4.185602199696900527e+01,-4.677115233369224967e+01,-3.344572051972230042e+01,-2.202656274909051959e+01,3.102237814865231158e+01,2.010020149377301024e+01,-1.347849992383072681e+01,3.011469770717468819e+01,2.087517791290662217e+01,-4.078780946958032416e+01,-1.319646943618333346e+01,-2.489578233139172170e+01,-6.554097219300024335e+01,-7.539717013962317083e+00,1.252568148465689468e+01,-1.061893937242528629e+01,1.291352355078484004e+00,1.116054399813864784e+00,6.991534428216733943e+01,-3.992458461870747755e+01,-1.896374478375305017e+01,-8.119499034785023994e+00,3.828315667781854614e+01,1.447090843481423050e+01,1.806890420923892648e+01,5.684175031956900881e+01,-1.872121797794265852e-01,1.075248012707893785e+01,-5.506918688963937569e+01,-3.733415866222159707e+01,8.755877651146235507e+00,-8.482107650615718342e+01,2.057644648237175389e+01,-3.335729793103966045e+01,1.054254630294897765e+01,-3.372196174709605643e+00,2.189413458609450558e+01,1.422590770499873436e+01,-1.099436174962532853e+01,7.556446448233160140e+00,9.290512906431050766e+00,5.772600566914912745e-01,-3.721536285432216573e+01,5.535824220714345500e+01,5.003826116341558716e+00
-3.510339980119768999e+00,-9.536872412739093363e+00,6.842420413011075730e+00,1.805507080454131597e+01,-5.041202589645643606e+00,-2.226418730507206334e+01,2.495460618008529607e+01,-4.938973884043319273e+00,2.146358119960032340e+01,-5.148333159469864029e+00,-2.488493281133393520e+00,-4.134735003320512448e+01,1.102073567560803546e+01,-4.538894269812154825e+00,8.785164303162915189e+00,-1.104117626241552941e+01,3.349726314993664023e+00,4.830202842806518504e+01,-9.112294419807987822e+00,-2.223490293087557745e+00,-1.917763430174152361e+01,-3.159185505971730645e+00,-1.666323398010787216e-01,-2.442896685410430813e+00,9.896239835602408164e+00,-8.041334041509655250e+00,-8.771351214140796770e+00,-2.827474785709612082e+00,3.434852165883543140e+00,2.684429886980347391e+01,-1.197789120969428467e+01,1.284905562495272413e+01,7.940778111984135634e+00,1.335137146045243028e+01,-2.497230309303305518e+01,6.986197989348598369e+00,-1.481266449382987460e-01,-7.921907241302006852e+00,3.254859966482347211e+00,9.365247021591027732e+00,-8.677160188615765435e+00,-7.704392424451856236e+00,-7.192732992818173798e+00,3.813750391166794174e+01,1.403090214146554082e+01,1.884009854762719272e+01,-2.328083879902758824e+01,-8.124187690279658369e+00,2.161502644722633093e+01,-3.545093935858575129e+00,3.551111280506750489e+01,-1.112617517156587610e+01,1.929003203981228154e+00,-1.118959196857963434e+01,-6.968571683683766338e-02,1.025135904143742849e+01,-1.596847895783797711e+01,-9.705571065936494435e+00,-8.390294199276866038e+00,-4.938989776839244783e+00,2.044762094137395181e+00,-1.151207377610189653e+01,2.351090931308070253e+01,1.831244080211501313e+01,-1.814872913464432003e+01,-9.894925482371128567e+00,-8.689876649016603949e+00,-2.691438696582984136e+01,-1.232709083028561636e+00,1.115351989981364156e+01,-4.557599748094154357e+00,2.173505084067562654e-01,4.536541619350144217e+00,2.533609108605796223e+01,-1.838923939192855528e+01,-9.117298298586614891e+00,-4.089132269723354973e+00,2.026097894626613538e+01,1.751551798659042092e+00,5.237365955539615925e+00,1.671044473120295493e+01,1.790820817898174822e+00,-3.272172683986995789e+00,-2.075605826622489403e+01,-1.542951156835126092e+01,4.688048220465113936e+00,-1.835811027242974092e+01,5.250223995593556126e+00,-4.321042067747516313e+00,1.285244725871915961e+01,7.984112071365943031e-01,7.497516815101982424e+00,-1.871392107579059605e+00,-4.773165856474820501e+00,1.738440222157639425e+01,-2.238298178374500402e+00,-2.076773658569357917e+00,-1.441527095346521925e+01,1.792433999468456207e+01,4.736200372833827998e+00
-4.517902802653328997e+00,-5.678299055002442230e+01,2.326276086773074425e+01,3.927041040994450327e+01,-3.698060596363330177e+01,-3.968680743568135938e+01,4.646615950275131723e+01,4.134233123562593981e+00,6.351533267104569092e+01,-3.182438360597062754e+01,1.036918860883329252e+01,-1.136893270622079939e+02,9.495212343417765766e+00,-4.116650121004943763e+00,4.721963912023352350e+01,-8.535131663646481570e+00,1.875581055605686487e+01,1.111624058354480269e+02,-2.664411570999897805e+01,-1.045982615985842301e+01,-3.961329251129919982e+01,-1.113335772663287315e+01,-5.302153001779626784e+00,4.058445696907817535e+00,5.820405189261212975e-01,-2.556264244236788841e+01,-4.285893398391950626e+01,1.009507657981448503e+01,1.607716823014263952e+01,8.724052126787456984e+01,3.047932268326287542e+01,5.271255242987913903e+01,2.749499685450939523e+01,2.215150616316214638e+01,-6.345931152606902970e+01,1.200127578461217404e+01,1.428008580490795865e+01,-5.393169847478012002e+01,1.538813929402490999e+01,8.063941240010647959e+01,-2.366335657268903603e+01,-8.377831460814114450e+00,-1.445425230072923561e+00,8.544243218797572581e+01,3.139807720595277019e+01,4.474530191591202311e+01,-6.487336731592596095e+01,-2.312606546755375092e+01,5.005827950219454436e+01,-2.489490554146052759e+01,8.922162205503808252e+01,-2.462960970491466739e+01,3.237870203156457904e+01,-3.838731995973049749e+01,-4.786697304576122747e+00,4.579939879826126514e+01,-5.217727143654457223e+01,-3.693209459392120664e+01,-2.476524894094756846e+01,3.116821255905563248e+01,2.135640014497792905e+01,-1.656702443635855104e+01,3.652575771982601083e+01,2.576555201755360258e+01,-4.643772094823196994e+01,-1.591553303259671814e+01,-2.781549139971543738e+01,-7.412167814359058582e+01,-8.114076610833048875e+00,1.549670930431843452e+01,-1.205280410672345504e+01,1.391102599828637043e+00,2.165476695976964017e+00,7.832128578253201567e+01,-4.559326947279808451e+01,-2.174105446838487765e+01,-9.349711808941847835e+00,4.430082297127846402e+01,1.543719061383935198e+01,1.995106774634484736e+01,6.281467742564857559e+01,2.019632173803382891e-01,1.045742900199224223e+01,-6.186735613840013315e+01,-4.224375450723564285e+01,1.014417966956045269e+01,-9.227713288456001806e+01,2.256167071376124511e+01,-3.564749384181503444e+01,1.381062242056353995e+01,-3.330120538794694163e+00,2.442978293132813050e+01,1.437993583515343055e+01,-1.249097679760146207e+01,1.170898834286176005e+01,9.166032650432835993e+00,1.403357071393391831e-01,-4.189556220666075603e+01,6.154075294687091713e+01,6.252844664811283870e+00
-6.979311301757767261e+00,-6.544271466502139845e+01,2.870127622686511870e+01,5.264097853379634984e+01,-4.186683054706486473e+01,-5.578712530580590823e+01,6.459996013707370821e+01,1.136026171396686379e+00,8.015599705038408729e+01,-3.655109772319967476e+01,9.225781484216357242e+00,-1.453617479624558939e+02,1.701501907351426013e+01,-7.222817067360216114e+00,5.497131384239419560e+01,-1.602555538051536743e+01,2.174476938505766199e+01,1.472026808303825760e+02,-3.369462482380262003e+01,-1.235565245542226087e+01,-5.372215424313260002e+01,-1.366176077525578414e+01,-5.644474890603094153e+00,2.664723940185763862e+00,6.982482541889755367e+00,-3.187536441502263784e+01,-5.040844908239157007e+01,8.721166715557275850e+00,1.900224607608247496e+01,1.083986419114024073e+02,2.411459587395701121e+01,6.332541629411417006e+01,3.382858584138846680e+01,3.173350195762954939e+01,-8.235763053411901069e+01,1.703330785180608942e+01,1.481754891594374612e+01,-6.142477911666625801e+01,1.816673841082597463e+01,9.024587626450446010e+01,-3.030147052368566207e+01,-1.371189998249755604e+01,-6.142672091718426763e+00,1.137953628068326140e+02,4.182759004216000420e+01,5.886418590096236159e+01,-8.274480187650830487e+01,-2.938417090809750576e+01,6.620009439883354219e+01,-2.828178844703971606e+01,1.160502569582351526e+02,-3.288807596333697347e+01,3.505625688073253343e+01,-4.729636354431973189e+01,-5.043726722099552973e+00,5.443257686256546179e+01,-6.477578360178432604e+01,-4.482071447426905308e+01,-3.126741336847761232e+01,2.936811340036812368e+01,2.362002386374575380e+01,-2.471674119825946647e+01,5.328905506108817747e+01,3.870338323379801437e+01,-6.018626672726987437e+01,-2.299469295917274536e+01,-3.464581496231631519e+01,-9.474353234888859276e+01,-9.267731626147780233e+00,2.336802891687708694e+01,-1.552274229927186866e+01,1.592760801405554316e+00,5.183654196620670618e+00,9.811260556724840853e+01,-5.945931432118065629e+01,-2.857748821521413873e+01,-1.239808918979892916e+01,5.931526587709993237e+01,1.724961015444280221e+01,2.420891910387232571e+01,7.636256446200830794e+01,1.364468298404561519e+00,8.813126803966151002e+00,-7.797923416880686887e+01,-5.405484851165291360e+01,1.361355776808609619e+01,-1.081921065436969371e+02,2.694350378224402220e+01,-4.001074605978198662e+01,2.270157766459589865e+01,-2.963412775714710179e+00,3.034199877059169026e+01,1.381178558720571914e+01,-1.611919090461305615e+01,2.342605266059337055e+01,8.130465660431525521e+00,-1.191195090579525218e+00,-5.303790326676413969e+01,7.581410960124591725e+01,9.580779946987631135e+00
-5.684623133331407452e+00,-7.138503270113808696e+01,2.925014777372392061e+01,4.938948373884237242e+01,-4.648827076527434343e+01,-4.992035773251835451e+01,5.844582921099441108e+01,5.187303814117427692e+00,7.986792827781354731e+01,-4.000783829986382756e+01,1.302811885497551359e+01,-1.429649048505575877e+02,1.195380356156608848e+01,-5.182145106705313253e+00,5.936394286912964446e+01,-1.074715787580811721e+01,2.357932187359382681e+01,1.398013618962341980e+02,-3.350407771141244240e+01,-1.315045923381872228e+01,-4.982244327939528716e+01,-1.399866320933841912e+01,-6.664335446968066456e+00,5.096511451767876011e+00,7.492289153162730031e-01,-3.214290839113981946e+01,-5.388314404338026264e+01,1.268299388588735255e+01,2.021280897493245021e+01,1.096966680415286390e+02,3.828668061124128741e+01,6.627500225973753345e+01,3.457141800038379387e+01,2.786509570753937126e+01,-7.980378924940768570e+01,1.509635071241142157e+01,1.794773275506661747e+01,-6.779848538523435764e+01,1.934647778346898406e+01,1.013687894759005701e+02,-2.975691787818571754e+01,-1.054349021669027842e+01,-1.829546121385231761e+00,1.074569160364009690e+02,3.948790951157343443e+01,5.627203175100189014e+01,-8.157802907185710239e+01,-2.908063248261304423e+01,6.295463415369773941e+01,-3.129562341414333559e+01,1.122021154221189221e+02,-3.097573530396103081e+01,4.069878202045673277e+01,-4.826729583623833264e+01,-6.016309086205713363e+00,5.758152734354417390e+01,-6.560780726005742736e+01,-4.643563601831349530e+01,-3.114132409219994457e+01,3.916509651976277695e+01,2.684555348002433917e+01,-2.084292429244351652e+01,4.594960490153927424e+01,3.241629470765737153e+01,-5.839792136410698475e+01,-2.002120358897375141e+01,-3.497557210382062465e+01,-9.320830949300032842e+01,-1.020042123487134056e+01,1.949705247394906849e+01,-1.515677350818295643e+01,1.748802772923911286e+00,2.729798789648563151e+00,9.848378641261432165e+01,-5.733699817287311618e+01,-2.734164952581410546e+01,-1.175854105652713955e+01,5.571592581569611724e+01,1.940544119394444778e+01,2.508496080651392646e+01,7.897881054221633690e+01,2.570393655496276408e-01,1.313762350097674592e+01,-7.779539608749296065e+01,-5.312185331124337750e+01,1.275814246650285888e+01,-1.160117905634429007e+02,2.836613323067713566e+01,-4.481145490176454871e+01,1.738092234519314161e+01,-4.184051646309209893e+00,3.071809621948884228e+01,1.807014963183627643e+01,-1.570787835298672164e+01,1.474757334467612679e+01,1.151637344455227918e+01,1.726696485320755592e-01,-5.268241323459545811e+01,7.737984186277581955e+01,7.867384601928172572e+00
-4.482891744571757542e+00,-3.373648077319489147e+01,1.573994098030336275e+01,3.082273643028992893e+01,-2.120659694426524311e+01,-3.377589093589180180e+01,3.881811522123884117e+01,-1.226205720022273127e+00,4.479364910837414016e+01,-1.877926241768602011e+01,3.395499122684355164e+00,-8.209283841642128721e+01,1.180310741611303271e+01,-4.960909370864001744e+00,2.861317874627460611e+01,-1.135146375433431132e+01,1.127388898406564799e+01,8.541518488201128889e+01,-1.886147107339919415e+01,-6.519596746165534640e+00,-3.172262167590871940e+01,-7.457473995074169970e+00,-2.676971923967073508e+00,3.687595800709768668e-01,6.751024111048060661e+00,-1.763758919593475127e+01,-2.649208488557606600e+01,3.041145298350286907e+00,1.003216142752523332e+01,5.980205518502441464e+01,6.932475078447527750e+00,3.393016069131853385e+01,1.850777303791543105e+01,1.945658193626285737e+01,-4.706014838113534893e+01,1.037953890500583398e+01,6.819588458446215640e+00,-3.129979169849434584e+01,9.580777161445055867e+00,4.517891169183541678e+01,-1.713332502625731379e+01,-9.094039379354345698e+00,-5.401928112222834422e+00,6.631347572505971755e+01,2.437927252658887767e+01,3.398761427354412490e+01,-4.663933121264723525e+01,-1.651161826711717850e+01,3.837485770375884897e+01,-1.437500956195597013e+01,6.642703119882054352e+01,-1.920222802829490050e+01,1.694328244224765001e+01,-2.590709387164358901e+01,-2.363942581053723124e+00,2.888374300550352558e+01,-3.571005283858510637e+01,-2.423217343447100092e+01,-1.747949292674498167e+01,1.186742392869655838e+01,1.168041071403626674e+01,-1.554945458665697267e+01,3.305984327739285789e+01,2.445003347657823412e+01,-3.435537620751782129e+01,-1.417679007230641020e+01,-1.915268306433693368e+01,-5.349388973311793904e+01,-4.735787869970266684e+00,1.479667332588007511e+01,-8.816934578169350445e+00,8.158476125863575179e-01,4.014339943320302417e+00,5.449620457984213573e+01,-3.410359476049420380e+01,-1.648999295801311149e+01,-7.201483949400897089e+00,3.470115714708810373e+01,8.621830248723560075e+00,1.308673980160917694e+01,4.134719403503781621e+01,1.268468783460340532e+00,2.925950487875645933e+00,-4.353296408409781293e+01,-3.054653228044355728e+01,7.977784708286708160e+00,-5.669411243801228295e+01,1.435956470964239529e+01,-2.009015225373333990e+01,1.509061349505170568e+01,-1.090993786359307105e+00,1.673340953320251856e+01,5.741460501579076059e+00,-9.170073580054232565e+00,1.703522234884625064e+01,2.976313645233303440e+00,-1.289605519660225408e+00,-2.971488517582071864e+01,4.152369811837372282e+01,6.124531963203757812e+00
-6.274899368624822671e+00,-6.257251351919457960e+01,2.701756704060993997e+01,4.867337104046239205e+01,-4.019996527574574685e+01,-5.108234832787288582e+01,5.928402943479728293e+01,1.901679193689244762e+00,7.507767705558045179e+01,-3.497650090580760462e+01,9.433491282740721573e+00,-1.357651270172826798e+02,1.490427119310305315e+01,-6.349077025554082709e+00,5.243667502118225343e+01,-1.393190244345168338e+01,2.076218384824521479e+01,1.364571289043931301e+02,-3.154554089218821744e+01,-1.174619179015740222e+01,-4.955296318696838398e+01,-1.287594132904696842e+01,-5.501706638047777709e+00,3.000157957714252088e+00,5.257821336448694538e+00,-2.993480790794207280e+01,-4.796990820013463264e+01,8.993414333122997206e+00,1.806249479167562555e+01,1.018795654749073663e+02,2.553192036364470141e+01,5.996964312345649972e+01,3.186390178910850324e+01,2.894755574930279707e+01,-7.667346858625703021e+01,1.556672410371755078e+01,1.453630855318613690e+01,-5.889525596462238610e+01,1.727293436143784788e+01,8.689271234426185231e+01,-2.829172356547519485e+01,-1.219892601416221289e+01,-4.867192554686245565e+00,1.053610826026146867e+02,3.872537632552309361e+01,5.464310922923706926e+01,-7.732289409915186695e+01,-2.748163997397730540e+01,6.138475428852774485e+01,-2.713347792568234951e+01,1.079891582254936395e+02,-3.043385962545669443e+01,3.402672614910586191e+01,-4.453553304292321258e+01,-4.928807993492132944e+00,5.167479077483088190e+01,-6.089182014273715993e+01,-4.234790685311262592e+01,-2.928361844283755033e+01,2.955283018209692614e+01,2.280732623870515496e+01,-2.236901896812372215e+01,4.843651053502088644e+01,3.498145682548287994e+01,-5.604843548194896385e+01,-2.094075443686448779e+01,-3.254464180561114262e+01,-8.849424357180654965e+01,-8.880094850271381901e+00,2.110534051149500456e+01,-1.447522429547003675e+01,1.525263174131161747e+00,4.352250372881624862e+00,9.204613231240499260e+01,-5.529801887001544713e+01,-2.653290149597718539e+01,-1.148970831951896088e+01,5.485791345056729540e+01,1.661484016032451194e+01,2.287406691057258712e+01,7.212164361591166539e+01,1.050297424397878210e+00,9.154525167659807394e+00,-7.305873680710294593e+01,-5.047759556028046291e+01,1.258448564653763668e+01,-1.030329971905584330e+02,2.555032720488639697e+01,-3.849712366839160893e+01,2.018118963456124604e+01,-3.029984639311913419e+00,2.851987262661834421e+01,1.382654258153415405e+01,-1.502496170898981198e+01,2.016675120651417075e+01,8.320743950621963592e+00,-8.349071016787582566e-01,-4.964360699190807225e+01,7.139054773967642120e+01,8.626998730121869130e+00
-3.488737303595874639e+00,-2.178377348165684069e+01,1.079714853444885314e+01,2.237670533802689832e+01,-1.344059520093686189e+01,-2.517730581389727007e+01,2.876815721818845262e+01,-2.008121752602565646e+00,3.125451356704958883e+01,-1.208337634256285398e+01,1.279133208686610956e+00,-5.781252953677975626e+01,9.656582432075440536e+00,-4.034033152911781883e+00,1.866013951325450293e+01,-9.404184932375036610e+00,7.322697653971381726e+00,6.155108228489462618e+01,-1.318022292236086201e+01,-4.310505560678783432e+00,-2.318771552890501653e+01,-5.093707610360942439e+00,-1.572229794817722848e+00,-4.365419802535495108e-01,6.474863331428792890e+00,-1.219793382291532247e+01,-1.744569796741485490e+01,9.870728446952199420e-01,6.636429909888196477e+00,4.124692471862077525e+01,7.847223805836875954e-01,2.277161715413189924e+01,1.266802655151374069e+01,1.464271808523976937e+01,-3.347764011153279995e+01,7.775354779655504700e+00,3.853588451184248420e+00,-1.996508977337786206e+01,6.331092605463918943e+00,2.826999270895045768e+01,-1.207849383580943226e+01,-7.231779190833234061e+00,-4.988691899950381980e+00,4.795502416655236289e+01,1.763271976672918484e+01,2.439123827553031987e+01,-3.278941350000891219e+01,-1.157714154591148947e+01,2.763059087915151579e+01,-9.144655013680592859e+00,4.732420268200753810e+01,-1.390814603307725861e+01,1.018265305880317406e+01,-1.775227814536448534e+01,-1.367865528845288559e+00,1.920293103651064115e+01,-2.461386196160887252e+01,-1.640311715350474486e+01,-1.220011556996919211e+01,5.466103962379470715e+00,7.209111298583974481e+00,-1.192524674173590071e+01,2.509877924655243220e+01,1.880714718566390076e+01,-2.441804722599790978e+01,-1.071336139440119517e+01,-1.323457111410480813e+01,-3.766460182518588340e+01,-3.029830372156490537e+00,1.140056818749905787e+01,-6.240120501845336065e+00,5.232786846272988734e-01,3.493080272426883681e+00,3.781871542566272382e+01,-2.433802599510475062e+01,-1.182783863953482850e+01,-5.193892432056433250e+00,2.517489281685734070e+01,5.385521869745685031e+00,8.857498345831265496e+00,2.802823006488352675e+01,1.198407337344083778e+00,8.035307963139057819e-01,-3.034747845014743817e+01,-2.152361790099405781e+01,5.795660404665618159e+00,-3.722511460986704179e+01,9.587469998482813338e+00,-1.261254944970693259e+01,1.201834638013562184e+01,-4.112992634256544822e-01,1.153776259205471888e+01,2.781726402584292046e+00,-6.498798839268354222e+00,1.432874826151017622e+01,1.106118009070804042e+00,-1.286212059093309046e+00,-2.078025112619969406e+01,2.845050365653488100e+01,4.750522965610501025e+00
-4.952654444316624271e+00,-4.094855900203959465e+01,1.858355923290305967e+01,3.537712918557366493e+01,-2.594779082522750713e+01,-3.822662946740741319e+01,4.407121930759677753e+01,-4.880624844249084049e-01,5.245251261985868751e+01,-2.282875476878221832e+01,4.872479804633207401e+00,-9.569107044568215770e+01,1.265262105341446741e+01,-5.338260460845076771e+00,3.457828770615931546e+01,-1.207216498321851716e+01,1.364853783877075344e+01,9.841339708866713920e+01,-2.207019211053147600e+01,-7.830460775899079628e+00,-3.628028758888243033e+01,-8.822774872942147795e+00,-3.377781673184593991e+00,1.002395442973258888e+00,6.454377067813247493e+00,-2.074258465214989755e+01,-3.187615899244703499e+01,4.494389618820962440e+00,1.204635876810778683e+01,7.042148846587281241e+01,1.145028931598164590e+01,4.047412782136940024e+01,2.187427627759114657e+01,2.190583521261578781e+01,-5.457884300519476994e+01,1.171585275611678156e+01,8.729627358553878835e+00,-3.819268971413601577e+01,1.150989064698304709e+01,5.557904761142140870e+01,-1.996097922833461169e+01,-9.919957701598651312e+00,-5.322669738497997294e+00,7.626600806983614689e+01,2.803597795671596060e+01,3.924246638558451394e+01,-5.441057888605546111e+01,-1.928853073371865889e+01,4.423331901030867641e+01,-1.756099861173175825e+01,7.698289662454959625e+01,-2.206612450538419168e+01,2.118845353485519922e+01,-3.060336316948847468e+01,-2.999676011144648768e+00,3.460399368540414144e+01,-4.206465852637926162e+01,-2.879049410268631704e+01,-2.046494803393123973e+01,1.621090369120283015e+01,1.445123527293136334e+01,-1.732350506149201408e+01,3.704186407699113204e+01,2.719364256326058182e+01,-3.986208177881780301e+01,-1.592511518592413466e+01,-2.253359800543582381e+01,-6.236110243491833671e+01,-5.771286158025890956e+00,1.644154352205958247e+01,-1.025196851881595528e+01,9.931493354571673260e-01,4.131565427549793057e+00,6.398318026424448846e+01,-3.948858569380494998e+01,-1.904463719182403025e+01,-8.293742215056486344e+00,3.984299532459687043e+01,1.061433957401433581e+01,1.554940250245179811e+01,4.909237671138563286e+01,1.227675472382485644e+00,4.444337463637616281e+00,-5.099880638643003294e+01,-3.559675654729652905e+01,9.153345051216955852e+00,-6.830618647613141547e+01,1.716989929197901432e+01,-2.468079417263514941e+01,1.644636947704961472e+01,-1.565304488829435403e+00,1.970789014451544574e+01,7.729988567507693809e+00,-1.065539101979699232e+01,1.793930206048160514e+01,4.283375464116094378e+00,-1.192347592103393694e+00,-3.475703139456350499e+01,4.905307746555354953e+01,6.779310631906977136e+00
-5.035136238791206864e+00,-4.883516273387076012e+01,2.123310786285800589e+01,3.856157384066573002e+01,-3.131574403832275522e+01,-4.064904132152798866e+01,4.712784376380850659e+01,1.201961346109010620e+00,5.913576232252921727e+01,-2.728780604377626773e+01,7.150519962371433280e+00,-1.070736795908960062e+02,1.210436589466806190e+01,-5.147933237918435267e+00,4.096738343063132248e+01,-1.135457602172831493e+01,1.621399502789452640e+01,1.079834334584678146e+02,-2.485226201295630588e+01,-9.190781066608145977e+00,-3.930141074798363832e+01,-1.011371127942352111e+01,-4.257581207354964370e+00,2.184962656750591758e+00,4.594386909825335152e+00,-2.355060081514108461e+01,-3.751726285171910291e+01,6.792382940524412938e+00,1.413380645866700647e+01,8.012342322007076234e+01,1.907004668162885963e+01,4.700391625905710669e+01,2.503487921846030773e+01,2.307481583081926857e+01,-6.055745991082305579e+01,1.239817413480316155e+01,1.121739065879026498e+01,-4.590830568795612265e+01,1.351436873657599591e+01,6.760670676056116690e+01,-2.231607822802448737e+01,-9.836220132817036443e+00,-4.146813462431362396e+00,8.342149243183591523e+01,3.066222698612823194e+01,4.321396043446963375e+01,-6.096767198029260015e+01,-2.166066081755052863e+01,4.856983928384423166e+01,-2.114464940807019389e+01,8.530921779413738193e+01,-2.410248376089352007e+01,2.638060203333828824e+01,-3.499565351967507354e+01,-3.809938659781655801e+00,4.045816866289865033e+01,-4.788441613086632032e+01,-3.322620326186621753e+01,-2.306656685409867791e+01,2.255503169124938267e+01,1.772288347715619139e+01,-1.789539350561659248e+01,3.867313382578429071e+01,2.800214677170512800e+01,-4.426188102803913438e+01,-1.670516037177550572e+01,-2.560099915144829907e+01,-6.979064791678658253e+01,-6.924016677092519778e+00,1.690018962029292737e+01,-1.142420426779376896e+01,1.189586421173640218e+00,3.605795159101122138e+00,7.244833966672049996e+01,-4.369536737925299974e+01,-2.098161742227886606e+01,-9.093411943257505570e+00,4.345652883437810488e+01,1.292502922958526845e+01,1.794673884358996574e+01,5.659647852803887957e+01,9.077290047863681988e-01,6.892795769587313437e+00,-5.753848690023866652e+01,-3.981314088309633092e+01,9.971158363830570082e+00,-8.055610902869257473e+01,2.001412353873556427e+01,-2.996188763565968927e+01,1.627822896377966444e+01,-2.296754457932491889e+00,2.242859242637478445e+01,1.057627674177489752e+01,-1.186036331341781391e+01,1.651168485954898202e+01,6.304726087274416635e+00,-7.568318474537325535e-01,-3.911436703508557144e+01,5.609742199066859314e+01,6.917663911004043875e+00
-4.972272427721203591e+00,-1.543060005905871357e+01,1.031629528613079749e+01,2.626670078761463856e+01,-8.457395787263310538e+00,-3.201282102658116457e+01,3.596692485641882087e+01,-6.542871766624211105e+00,3.195223757554259336e+01,-8.380534953428391276e+00,-2.938805131415689331e+00,-6.117842662101522677e+01,1.540801383554445714e+01,-6.354693748694204558e+00,1.399464864545107190e+01,-1.539437343809720637e+01,5.368509887463590147e+00,7.053385431903532776e+01,-1.355135355070546055e+01,-3.477594488225850267e+00,-2.780919107454823092e+01,-4.780055770360713829e+00,-4.557232260863499640e-01,-3.149260839343618112e+00,1.349281552602408141e+01,-1.204719586630588601e+01,-1.378754859852286074e+01,-3.411957849929518005e+00,5.368688801962310464e+00,4.029928628772949395e+01,-1.498443406603809791e+01,1.976234535989368268e+01,1.199379246804744881e+01,1.912626828403372414e+01,-3.672479888174479612e+01,1.002567229963887385e+01,4.150522191387731041e-01,-1.310968883168338195e+01,5.093986099308347448e+00,1.622719404686331401e+01,-1.283047046819617343e+01,-1.084658916417138741e+01,-9.850925580370034851e+00,5.559043847587463461e+01,2.045031517695758794e+01,2.757145051714965334e+01,-3.448396514859863515e+01,-1.205473532128482184e+01,3.157724142338067708e+01,-5.899479080950994714e+00,5.217940343368695721e+01,-1.620503186980349497e+01,4.023321143767651265e+00,-1.688541421199089498e+01,-3.015314796488328675e-01,1.592864850183804393e+01,-2.398441942980772978e+01,-1.480298788777173158e+01,-1.248765916213192284e+01,-5.375524497851706940e+00,3.704896139651801867e+00,-1.638204210704142483e+01,3.357297206620187069e+01,2.603379213983485130e+01,-2.670365487702360241e+01,-1.415315067630359280e+01,-1.302707173809167607e+01,-3.982817652877695735e+01,-2.027958338865636367e+00,1.584787228964322559e+01,-6.722845185292655401e+00,3.558598304323264960e-01,6.267237377327567138e+00,3.786163684692932918e+01,-2.699449788026903718e+01,-1.334644153230870245e+01,-5.968589341548820038e+00,2.948591747561972554e+01,3.050268937294869254e+00,7.988990611808799436e+00,2.545349193823352252e+01,2.445829106734453973e+00,-4.001495310441182340e+00,-3.091821536141364035e+01,-2.282200016624800298e+01,6.817953707703804156e+00,-2.896801578149068490e+01,8.119218834346506597e+00,-7.419771550776246727e+00,1.808711570245804268e+01,9.427491456125558500e-01,1.125820246491178089e+01,-1.925808798929113053e+00,-7.035127663550120758e+00,2.416385073053145760e+01,-2.650271542686519766e+00,-2.820198134583537186e+00,-2.142669597585890529e+01,2.705045840453553652e+01,6.715449590486269216e+00
-4.827579528316258362e+00,-6.484747997527982477e+01,2.621245989847947300e+01,4.346514288336695131e+01,-4.237383621644507059e+01,-4.344129252360771432e+01,5.099624549449028166e+01,5.401041173456619049e+00,7.123345095751498945e+01,-3.636790487266547700e+01,1.235219764881603588e+01,-1.271510499372496952e+02,9.706521128216810013e+00,-4.237115703816523471e+00,5.382282067383221857e+01,-8.588166456549497951e+00,2.139548135330738532e+01,1.233749738527231443e+02,-2.986870553957269792e+01,-1.188905146506069777e+01,-4.372823461254906618e+01,-1.255899786008383145e+01,-6.142515482703394980e+00,5.011806939740644395e+00,-5.174671562020138893e-01,-2.874093364170071041e+01,-4.875609968891038193e+01,1.207449856664945287e+01,1.827186198432656639e+01,9.815973623402976500e+01,3.687080950182026129e+01,5.971685643732349291e+01,3.099901446190152754e+01,2.413556977303699114e+01,-7.074501690691712952e+01,1.310604438887590639e+01,1.661541825508767189e+01,-6.172830532777112467e+01,1.749272890198594865e+01,9.259617678586835154e+01,-2.645670847372100098e+01,-8.807916003420052320e+00,-8.122065927682700082e-01,9.470733570884786445e+01,3.480074768073152569e+01,4.973382157580623186e+01,-7.259262681927779681e+01,-2.589893763324196030e+01,5.557423181413365398e+01,-2.850729611093019855e+01,9.941670574024858809e+01,-2.728430160529178039e+01,3.740058833372472691e+01,-4.326704759073516016e+01,-5.555104874660868219e+00,5.199520096123744395e+01,-5.871835348895618978e+01,-4.175470384106277066e+01,-2.777203269799486662e+01,3.682226499479677528e+01,2.457555256645897046e+01,-1.786671178689800144e+01,3.961683305113589171e+01,2.773758074273721874e+01,-5.178430947072833845e+01,-1.730459854758967708e+01,-3.128114336763532322e+01,-8.290342957126777890e+01,-9.282155177826719950e+00,1.666595817982339867e+01,-1.345894137586756578e+01,1.590636412898764895e+00,1.969577552740909621e+00,8.797499444628564902e+01,-5.077379799169967356e+01,-2.416934128864710729e+01,-1.037369425341697848e+01,4.904578297045981117e+01,1.773111219893383250e+01,2.255697174596685883e+01,7.099254700617395031e+01,1.867952010921958284e-02,1.254930785540250326e+01,-6.940339199663713998e+01,-4.723778911333724295e+01,1.122483509325597240e+01,-1.050375650397658092e+02,2.558968831276044753e+01,-4.091126452698547666e+01,1.450126986792737149e+01,-3.966880210472009782e+00,2.748983727872233018e+01,1.693938167424624197e+01,-1.394221576712202193e+01,1.151179672047279468e+01,1.092360042994502223e+01,4.136695380680735501e-01,-4.695545643763195898e+01,6.936542769353120264e+01,6.696180543618799774e+00
-3.375361835831647284e+00,-8.788665893477849878e+00,6.455408335102570838e+00,1.722340043895803063e+01,-4.586000103301351771e+00,-2.131353357797890169e+01,2.387207301899181999e+01,-4.838982651047522232e+00,2.033063841602308841e+01,-4.734388737992756724e+00,-2.509136163357010396e+00,-3.923913582015968871e+01,1.063715983836155843e+01,-4.379152351314561820e+00,8.139540150788366901e+00,-1.066526909427319403e+01,3.097114652729833217e+00,4.602477543947097871e+01,-8.634059576074788467e+00,-2.072867582458145730e+00,-1.831224421060289131e+01,-2.977132912363636752e+00,-1.166168581119517711e-01,-2.410698480080598394e+00,9.619895340394828409e+00,-7.601734657614028556e+00,-8.163482784187834795e+00,-2.836473269602322933e+00,3.202865826827951068e+00,2.536046039538990371e+01,-1.191070432744318985e+01,1.204491778892284159e+01,7.487373165731920466e+00,1.279540836437115914e+01,-2.374363106476812035e+01,6.691769227380711449e+00,-2.664640792114525425e-01,-7.242422504491774049e+00,3.033714909472360333e+00,8.417265636532064832e+00,-8.236405776455345773e+00,-7.421328390461654934e+00,-6.983118519336528607e+00,3.635941688513998571e+01,1.337705101273558839e+01,1.793997565597078392e+01,-2.208642653542910139e+01,-7.703201115774534813e+00,2.059327563165819441e+01,-3.234505177035292611e+00,3.377264900374997580e+01,-1.060998652597364433e+01,1.598581816673778633e+00,-1.055374279563839934e+01,-2.674665073900173162e-02,9.577705042192867779e+00,-1.508339435899768155e+01,-9.122887049654067937e+00,-7.947961010380906188e+00,-5.070714794127876957e+00,1.805642183338633799e+00,-1.105441069957183764e+01,2.255316471929539901e+01,1.758946769340430549e+01,-1.725305739211022527e+01,-9.487188870660586915e+00,-8.213184305374968019e+00,-2.554107237468418035e+01,-1.129359820489257649e+00,1.071486240314120408e+01,-4.329321668048567773e+00,1.994671659304836364e-01,4.393588327888452660e+00,2.397005733770506097e+01,-1.749421089746082458e+01,-8.680951918265083833e+00,-3.896868652152164714e+00,1.932570517465832793e+01,1.571207131005999180e+00,4.922750148801670278e+00,1.571383884379287821e+01,1.739985285910177870e+00,-3.272083353757038626e+00,-1.965664113680602654e+01,-1.464434877395455104e+01,4.472552649961347271e+00,-1.706379335840560429e+01,4.912879326558773130e+00,-3.897012957931026200e+00,1.238165702309441585e+01,8.050622153369630940e-01,7.082539033540293794e+00,-1.943333318474031124e+00,-4.535221222383972517e+00,1.680735920090337032e+01,-2.255488803505041773e+00,-2.021031229137343121e+00,-1.366090317838318491e+01,1.690536821224958430e+01,4.552738315071387376e+00
-2.839250409055674051e+00,7.660964856104826026e-01,2.780108623582938421e+00,1.154879543985025947e+01,1.731931526014732547e+00,-1.590598940290690422e+01,1.745017177100253747e+01,-5.993464220610983162e+00,1.052234761176525879e+01,6.366559135247049639e-01,-4.598465683917467572e+00,-2.192130427711816054e+01,9.807144765177413959e+00,-3.999821284124905230e+00,2.635800747561809487e-01,-1.001160307829523433e+01,-4.262919172791601596e-02,2.973315384712824283e+01,-4.528407223904727275e+00,-3.508273934682064610e-01,-1.266668299749336057e+01,-1.208755680446046199e+00,8.345244447953796829e-01,-3.348090775270833763e+00,1.032002132593785504e+01,-3.605626246916587174e+00,-1.079816775753697833e+00,-4.903538100667718780e+00,5.574273936227527315e-01,1.167367989716289678e+01,-1.843191154902874018e+01,3.500531153451484911e+00,3.131487769590255432e+00,9.852438208519670226e+00,-1.423131077294815938e+01,5.077178202047243794e+00,-2.876753645092105849e+00,1.925089923900378253e+00,4.989835585709321286e-01,-5.492090006388959722e+00,-4.637654185648198535e+00,-6.524509106959992089e+00,-7.305959240996512172e+00,2.391960056198732332e+01,8.807037241283987683e+00,1.133316695899806525e+01,-1.217905640844441173e+01,-4.157169880848974763e+00,1.324579600929801337e+01,1.006318992392551959e+00,2.043130505402599084e+01,-7.034894490009747869e+00,-4.135526928315268691e+00,-4.480635828801225351e+00,8.385048975787703363e-01,2.079572355865119349e+00,-6.890470832417757485e+00,-3.193684397057470647e+00,-4.125358331867925443e+00,-1.114396086613392356e+01,-1.913558704284173295e+00,-8.977715954908976670e+00,1.782230817079745577e+01,1.439299924971165545e+01,-1.028200688993005940e+01,-7.397318177202953038e+00,-3.859998161732479449e+00,-1.424694024897213396e+01,2.465741856223302442e-01,8.803705333842916758e+00,-2.507551261456149039e+00,-3.593766712297205568e-02,4.369076641879442668e+00,1.178326867976889325e+01,-1.069639520148463419e+01,-5.467806535999587325e+00,-2.528763318786798830e+00,1.291549583553931768e+01,-1.094890094613494291e+00,1.719276382907302336e+00,5.645898050706068538e+00,1.849096976580824281e+00,-5.441296935075524921e+00,-1.009056926289315292e+01,-8.214905472847016554e+00,3.008676301993329361e+00,-1.769433075116710441e+00,1.235460306541242392e+00,2.237017816397924186e+00,1.091565299872214467e+01,1.475997924951063300e+00,3.248258798940658387e+00,-4.712146487477086865e+00,-2.651283799699448274e+00,1.609285977638303322e+01,-4.105529348207058504e+00,-2.215713555079117381e+00,-7.212204926689811835e+00,7.168083784427659921e+00,3.800802274686372328e+00
-5.596819728329704091e+00,-7.268513979216761811e+01,2.957875110360883042e+01,4.949213203523481042e+01,-4.741628790969357965e+01,-4.974484685177686316e+01,5.831768079984421149e+01,5.673505085748816512e+00,8.057180611307144602e+01,-4.075016077672241721e+01,1.355953988556967005e+01,-1.440212602725474937e+02,1.151605513419001525e+01,-5.008981080110952000e+00,6.038569599780523589e+01,-1.027479911807038349e+01,2.399488075803344955e+01,1.402869790195858002e+02,-3.379180597711978606e+01,-1.335750802817086580e+01,-4.985892130827109980e+01,-1.416396040333634510e+01,-6.836047039408851944e+00,5.406603401103936335e+00,8.151352038148873547e-02,-3.246768745330954431e+01,-5.475510938817940598e+01,1.322849981787627272e+01,2.052985159214919619e+01,1.108467305281324968e+02,4.017285989641997190e+01,6.720418322994238736e+01,3.496998691510056290e+01,2.770287996947286757e+01,-8.026185739404371589e+01,1.502565570217172919e+01,1.845168521513348736e+01,-6.911227228502598052e+01,1.965221126588210865e+01,1.035055324705200803e+02,-2.997184639752750712e+01,-1.029761619202909628e+01,-1.379584335630678726e+00,1.077598871782583529e+02,3.959811344130565658e+01,5.650938168460269395e+01,-8.220254547924697874e+01,-2.931542131044826860e+01,6.318278078428486566e+01,-3.190982940559350922e+01,1.128182784947665596e+02,-3.105384848348465709e+01,4.168402599603659553e+01,-4.881659987115286015e+01,-6.176939835065706319e+00,5.845227573113896113e+01,-6.630166883927661559e+01,-4.703778008158723623e+01,-3.141428316413330890e+01,4.058585292370835163e+01,2.744171501799838708e+01,-2.061549526227861762e+01,4.557816459544554988e+01,3.203419691160258509e+01,-5.874183105974694286e+01,-1.988365234838402884e+01,-3.533315443451446924e+01,-9.389998727671323309e+01,-1.039524245414083126e+01,1.925754429136767598e+01,-1.525665908017924188e+01,1.781785735615149635e+00,2.489346986324368238e+00,9.943034214047270325e+01,-5.763499889277242261e+01,-2.745953310073037912e+01,-1.179754253663896613e+01,5.583915225967778895e+01,1.981735751538376888e+01,2.541063921989537633e+01,7.998883286638820778e+01,1.395504870740575942e-01,1.372656445816068782e+01,-7.849148027241669467e+01,-5.350977794837253043e+01,1.278298084622338315e+01,-1.179257976889510218e+02,2.878116546535034104e+01,-4.574344150782818730e+01,1.696504317308570009e+01,-4.354666024743828245e+00,3.104151068932353752e+01,1.869732911316151203e+01,-1.580792850021548190e+01,1.394404882416827363e+01,1.198881208324574743e+01,3.218667650201831876e-01,-5.312879560598471329e+01,7.826145355497560274e+01,7.754354255900456572e+00
-1.033410645093859825e+00,-2.624951283390495327e+00,1.955030935497497513e+00,5.249459555335617367e+00,-1.358975923203028291e+00,-6.509101117053775809e+00,7.287526818081461855e+00,-1.497029202911296819e+00,6.171417715792987480e+00,-1.412235080359351302e+00,-7.882724533620344420e-01,-1.192414913115615782e+01,3.263636943261782442e+00,-1.343284777437655730e+00,2.438923244639445542e+00,-3.273701466052365561e+00,9.268633123267057128e-01,1.401863186921463367e+01,-2.621373044977602262e+00,-6.234003107592805959e-01,-5.584452439383596811e+00,-9.010375897616904606e-01,-2.818090415293550421e-02,-7.487164099468026635e-01,2.963227654662527133e+00,-2.304874450076677572e+00,-2.452675207147125391e+00,-8.887307238388542086e-01,9.633631407758251886e-01,7.686521514176580361e+00,-3.714478411054323637e+00,3.634216823733942281e+00,2.266812586822176456e+00,3.910133856330105129e+00,-7.223109617466460186e+00,2.044321148522516118e+00,-1.029783859123996059e-01,-2.152691561649758611e+00,9.122516920844846444e-01,2.475640680256174342e+00,-2.503205577348048383e+00,-2.274409633084418125e+00,-2.149522823243381175e+00,1.107814440043014415e+01,4.075832120071091857e+00,5.462246881924632369e+00,-6.710425223281390572e+00,-2.339700206319621056e+00,6.272013806372303435e+00,-9.602214934858506190e-01,1.027558578768428887e+01,-3.233139848902997215e+00,4.452210964204206256e-01,-3.195698120659673513e+00,-1.243657039572743095e-03,2.884126269247249574e+00,-4.571213586419131225e+00,-2.756950733209874382e+00,-2.412719265752517828e+00,-1.607950483495459881e+00,5.251335887317216677e-01,-3.381862078166773422e+00,6.895676827919482221e+00,5.381994355259760887e+00,-5.248119795689959233e+00,-2.899922673240425297e+00,-2.489980720982420070e+00,-7.761349602080842125e+00,-3.361162273147647594e-01,3.278805242766750006e+00,-1.316329371040805274e+00,5.942614201299703525e-02,1.350585139523595268e+00,7.271149777707026196e+00,-5.323658397753762372e+00,-2.642989115138586698e+00,-1.187033670270384977e+00,5.889867106735432678e+00,4.615526411305186372e-01,1.487630125995649921e+00,4.749915439009370743e+00,5.358283661160752054e-01,-1.023480449241308099e+00,-5.966155049760842211e+00,-4.450456498943674788e+00,1.363251800615246978e+00,-5.122792747222393750e+00,1.480772379794604632e+00,-1.148634295639196612e+00,3.794842205105997124e+00,2.529236563945614913e-01,2.146556179426541533e+00,-6.198006701450713418e-01,-1.379130514142950181e+00,5.161560196853395510e+00,-7.083598716156481734e-01,-6.229245312461805240e-01,-4.147946623911938246e+00,5.118911325228664211e+00,1.393647188497754152e+00
-2.815219043752574368e+00,-2.402207619217785250e+01,1.080563091758500960e+01,2.037795808866974312e+01,-1.526037181415799893e+01,-2.191388921776204057e+01,2.529168625889693089e+01,-1.016316623989710344e-01,3.041681902060192755e+01,-1.339871585474683080e+01,2.997072221516372981e+00,-5.540669316301277547e+01,7.113512304124526509e+00,-3.005501135629510934e+00,2.025700433003669332e+01,-6.767036794903397379e+00,8.000237929276709181e+00,5.676180083452819503e+01,-1.279523243460770843e+01,-4.578362582925497470e+00,-2.087287263194171771e+01,-5.133526455668062205e+00,-2.005274944797807102e+00,6.904813233246551718e-01,3.465160275009613322e+00,-1.204556031814486872e+01,-1.864826840911287675e+01,2.784873254855033231e+00,7.042795017982368400e+00,4.091237785115866643e+01,7.277716212651050398e+00,2.361275491099558366e+01,1.272339294414643263e+01,1.253510097957814473e+01,-3.154887030480722387e+01,6.710035205155378435e+00,5.204637318585954908e+00,-2.244261791639997128e+01,6.730188162474401103e+00,3.274189671198647034e+01,-1.155573593726317583e+01,-5.612993591651085801e+00,-2.894642019598690386e+00,4.396086688174703738e+01,1.615992577467360292e+01,2.264993017447944013e+01,-3.151339959299514604e+01,-1.117642095809637048e+01,2.551604574280347393e+01,-1.032284353263008647e+01,4.448833645793581582e+01,-1.271572994679126012e+01,1.254504507082280895e+01,-1.779769264350744606e+01,-1.783803029707148324e+00,2.021619596559932219e+01,-2.444060850068584045e+01,-1.677483047701908703e+01,-1.186685638374997787e+01,9.843511500569071870e+00,8.528234584563888276e+00,-9.876472109639641062e+00,2.116057949894901924e+01,1.549439606116381007e+01,-2.304540656534335596e+01,-9.105550209982176568e+00,-1.308738362011700396e+01,-3.610929701673730818e+01,-3.389933628880695160e+00,9.364939468241487930e+00,-5.931165582862454322e+00,5.831554903332483164e-01,2.286938661674940310e+00,3.713574085630095567e+01,-2.281376395613541774e+01,-1.099315841111278402e+01,-4.782865613479714284e+00,2.295319452274249272e+01,6.254376958796150632e+00,9.060058008422952724e+00,2.859759862322426827e+01,6.626049823674241557e-01,2.772085004128809427e+00,-2.957813788797628973e+01,-2.060924974086130135e+01,5.271882725207817089e+00,-3.997740395562883009e+01,1.002465984629268192e+01,-1.453337008706792588e+01,9.302788220412125497e+00,-9.627826366824190352e-01,1.145015772473645299e+01,4.675254943703846422e+00,-6.163174966908669283e+00,1.001845306897040366e+01,2.636652488678765671e+00,-6.306206447981697050e-01,-2.014796715863805687e+01,2.852773271413564160e+01,3.856173120186788150e+00
-2.825862264806815016e+00,-5.648654546456452152e+00,4.849326997905292203e+00,1.380377218570074405e+01,-2.668431099129034756e+00,-1.742008727100388654e+01,1.943473416877387194e+01,-4.454081866729587169e+00,1.564256394474506529e+01,-2.995968351041546462e+00,-2.621850155148394812e+00,-3.052876402860530192e+01,9.085519476369489311e+00,-3.732483634671514672e+00,5.435306623741507970e+00,-9.146932233359274633e+00,2.038205782149915546e+00,3.665049384822363265e+01,-6.655636098343371998e+00,-1.443624412803079515e+00,-1.475767025598768356e+01,-2.221059254709464525e+00,9.774730842450396473e-02,-2.294837002902130774e+00,8.520571380855006538e+00,-5.779969867823050222e+00,-5.622130000970458674e+00,-2.902125252529711652e+00,2.233814402430432722e+00,1.920838336955504033e+01,-1.173415708900073717e+01,8.694816095210443407e+00,5.605049232974576690e+00,1.052157121930418526e+01,-1.867550020427859891e+01,5.486782468262001444e+00,-7.787942020205518290e-01,-4.383812169176531270e+00,2.109765018462250730e+00,4.413092424467942365e+00,-6.415680899199849740e+00,-6.272216778536680692e+00,-6.146278143241068470e+00,2.904395587403271506e+01,1.068701985638460705e+01,1.423224220950759467e+01,-1.715018058974109749e+01,-5.962583134762176051e+00,1.638671193455810027e+01,-1.927129957052867049e+00,2.660336797346498017e+01,-8.486785076725345434e+00,1.902601226968929637e-01,-7.914503873305196890e+00,1.579837652868507636e-01,6.766349235420727304e+00,-1.141337013327335725e+01,-6.699124032111800631e+00,-6.117700599548371088e+00,-5.686257307415184314e+00,7.926151001661416728e-01,-9.187553281720280296e+00,1.864092061355014707e+01,1.464158323638429238e+01,-1.355798867562077703e+01,-7.820562319458872480e+00,-6.237416666704363344e+00,-1.986685048557499300e+01,-6.948301522084563420e-01,8.926663636937586688e+00,-3.386922940914250280e+00,1.243153935178256675e-01,3.819382805220671528e+00,1.831231059563218366e+01,-1.380419914544069471e+01,-6.883430800370565095e+00,-3.105523196854023560e+00,1.547967461521671417e+01,8.091650047756484554e-01,3.614028499383712401e+00,1.156935034157404907e+01,1.537475674510799584e+00,-3.302713522138474023e+00,-1.510660849051153853e+01,-1.140063179500336332e+01,3.586579340539544081e+00,-1.164954459949028909e+01,3.506146883433175709e+00,-2.107209948891557438e+00,1.047082759116690909e+01,8.413460583929308623e-01,5.361924221348379760e+00,-2.271680367481030860e+00,-3.553130085209502464e+00,1.448073651185135802e+01,-2.350926035024816674e+00,-1.800046367073707465e+00,-1.054053113481539938e+01,1.267582027950600398e+01,3.805527254048087116e+00
-2.836061490201165380e+00,-1.308756238366877866e+01,7.276353076124356001e+00,1.652590826253908673e+01,-7.760403539654563865e+00,-1.932175656227670046e+01,2.189648894151684999e+01,-2.721594493530395287e+00,2.168119058714243863e+01,-7.206726064775649476e+00,-3.692026699704342718e-01,-4.071850859761009644e+01,8.336807892496766570e+00,-3.458434931169739990e+00,1.144072181325190485e+01,-8.234035593625614879e+00,4.453126029379475881e+00,4.494926890529193031e+01,-9.165846527502287344e+00,-2.715257184628729448e+00,-1.729959157448923079e+01,-3.407037722775892341e+00,-7.498933650113281946e-01,-1.102636358530313387e+00,6.525435985908557335e+00,-8.336502711762186379e+00,-1.090436011356327484e+01,-6.234601964508885708e-01,4.184715889374281517e+00,2.806003732245590498e+01,-4.126906427508940212e+00,1.475576044008677457e+01,8.504597626843390046e+00,1.138757790909608758e+01,-2.396305972205952273e+01,6.008253610340857698e+00,1.630310188221014922e+00,-1.168935008055436242e+01,3.983985748065126398e+00,1.586063704516407746e+01,-8.521549078502603791e+00,-6.038519454777880213e+00,-4.866423389349169959e+00,3.520884027027078389e+01,1.294903000071631816e+01,1.770005387264572860e+01,-2.303076910653197018e+01,-8.095884089845553078e+00,2.015257658289581855e+01,-5.322976281635013684e+00,3.395274432988655633e+01,-1.023582657599887114e+01,5.173879855152713425e+00,-1.194094852173704524e+01,-6.243222744839833638e-01,1.222532730839601101e+01,-1.672574252315869359e+01,-1.079697770694421344e+01,-8.467688997643479709e+00,5.476869619206574669e-01,3.916429629002861734e+00,-9.512507631714163026e+00,1.975268520014862972e+01,1.506060487938488990e+01,-1.745376118039852287e+01,-8.378899147275202353e+00,-9.031972508843988834e+00,-2.651925690960713666e+01,-1.785319730943640826e+00,9.149196597077775550e+00,-4.430376446393287537e+00,3.100016067423786992e-01,3.220939712630649154e+00,2.599764724960110840e+01,-1.750851769658027735e+01,-8.576170042360445223e+00,-3.797915623762757154e+00,1.857310350268884491e+01,3.009350598710971436e+00,5.828927725919820446e+00,1.849611673823299540e+01,1.192527699196988200e+00,-8.697042957244294215e-01,-2.102039837530122668e+01,-1.517290183292264416e+01,4.284649354197903826e+00,-2.313381814362999478e+01,6.153021912179102770e+00,-7.129445572121102970e+00,1.005345771537032284e+01,1.180614985173047415e-01,7.844785769454294844e+00,5.183460986251287039e-01,-4.623973761379361669e+00,1.275537249740226997e+01,-3.515080899305687012e-01,-1.337651835540251355e+00,-1.446923241617662903e+01,1.913384851190172498e+01,3.845468089277165546e+00
-1.745276880426537280e+00,-9.753896527751715340e-01,2.178680654614376433e+00,7.619993968389406902e+00,7.376445483751670196e-02,-1.013584330759844576e+01,1.119282260074914248e+01,-3.343262702453881907e+00,7.634325610116938776e+00,-4.274663723464908749e-01,-2.385641614604134375e+00,-1.544004526241382536e+01,5.876055123237303057e+00,-2.402620965330627634e+00,1.329006098051924489e+00,-5.969682356902307419e+00,4.431719231197548403e-01,1.986899186706317977e+01,-3.268299943925227158e+00,-4.625525970622439420e-01,-8.271349696589645362e+00,-9.726718773417536434e-01,3.476552867073514630e-01,-1.824014336961556015e+00,5.948714625919682142e+00,-2.710716971681023324e+00,-1.689621019071225749e+00,-2.567898944572490016e+00,7.214223053822699239e-01,8.887960894361015107e+00,-9.838671080874004105e+00,3.327280465241760243e+00,2.486262785183419144e+00,6.217690004959316674e+00,-9.765650413911172834e+00,3.218727568011290785e+00,-1.298105710448174355e+00,-2.378489709249276274e-01,6.706347869546545049e-01,-1.147272635466697110e+00,-3.256792390349593891e+00,-3.960617136123243842e+00,-4.237102632270596025e+00,1.588475330521721851e+01,5.847132677851332616e+00,7.632522502325748803e+00,-8.620826695471334844e+00,-2.967107526102207515e+00,8.864800682030532286e+00,-4.211371329356339288e-02,1.397315531181552473e+01,-4.659343402706487502e+00,-1.570626336610843055e+00,-3.533652544789760430e+00,3.627972372842525051e-01,2.337820579334128457e+00,-5.263210368794746685e+00,-2.757345219345761045e+00,-2.989689072966528638e+00,-5.630788245153935279e+00,-5.677999373383877391e-01,-5.575457157188342450e+00,1.115893949793908568e+01,8.918713568468612962e+00,-7.070287441756756941e+00,-4.650454275097627210e+00,-2.913161271386460083e+00,-1.004050850863557898e+01,-6.054344308489667537e-02,5.448709080079791711e+00,-1.742429917831572750e+00,1.402294633731779316e-02,2.566296177559578950e+00,8.728571341713880827e+00,-7.287511533319886325e+00,-3.686211729994175013e+00,-1.687224428900621076e+00,8.531307292891810334e+00,-2.446486254472299837e-01,1.486104153268665407e+00,4.812806690982739610e+00,1.068300654882297751e+00,-2.868084699851152664e+00,-7.344952126408090365e+00,-5.777087864533816841e+00,1.982993589700007275e+00,-3.318427812735639471e+00,1.272997599930584034e+00,3.974400626277674320e-01,6.621074322543608837e+00,7.656877886333565142e-01,2.476975790525453025e+00,-2.351000389556167747e+00,-1.836004789746942256e+00,9.545657814832788191e+00,-2.132195427233178453e+00,-1.270576522883619663e+00,-5.191834364432169835e+00,5.656325479642585030e+00,2.341448353815607675e+00
-7.092222536553286716e+00,-6.254198985831989432e+01,2.787958004092266862e+01,5.206632015368192157e+01,-3.983157454445183276e+01,-5.570823590304350859e+01,6.436859348174940010e+01,2.211513184644342545e-01,7.825992165656420241e+01,-3.490080190926531856e+01,8.167689213364692336e+00,-1.423336874816397426e+02,1.770739651614624677e+01,-7.493124682626479682e+00,5.266586396763007372e+01,-1.678967340609195702e+01,2.081157689580879477e+01,1.452254549078174932e+02,-3.291279292192064077e+01,-1.187961967497197691e+01,-5.326300993484199608e+01,-1.325407173206678202e+01,-5.283195084766934002e+00,2.067104816248990673e+00,8.176714073510281011e+00,-3.103769022583961856e+01,-4.841552370951956874e+01,7.640484633311348972e+00,1.827272070620876576e+01,1.054649592650781642e+02,2.042193089000615203e+01,6.113176061048594079e+01,3.283909761270307115e+01,3.180494426609287117e+01,-8.090387960442937754e+01,1.704111934692510744e+01,1.376996547153167150e+01,-5.852779864271507648e+01,1.746438374897980950e+01,8.560452341865011761e+01,-2.968008989322878932e+01,-1.407054375280690373e+01,-6.936979667571151253e+00,1.124019334623515647e+02,4.131756993904615172e+01,5.799304552785132927e+01,-8.097786137557631037e+01,-2.873243580667043062e+01,6.529270594728899368e+01,-2.693059217707238062e+01,1.140564118247885546e+02,-3.250297871493329183e+01,3.296387630829261184e+01,-4.592775200330419949e+01,-4.707482767147903147e+00,5.241262299265055447e+01,-6.301036105910738172e+01,-4.337159781578665019e+01,-3.053079245778725337e+01,2.650505930589904580e+01,2.233641455238700502e+01,-2.496087027618989396e+01,5.359369624168499513e+01,3.913408828264083184e+01,-5.910680233789943117e+01,-2.308376718667669181e+01,-3.372680326115983007e+01,-9.276400124815322101e+01,-8.836980865400938967e+00,2.364450092346059051e+01,-1.522347531873248982e+01,1.519662406038725599e+00,5.594277335948718566e+00,9.563328311168584150e+01,-5.847074752122276209e+01,-2.814961567352501959e+01,-1.223509991329636826e+01,5.865364383983788343e+01,1.635593690554673785e+01,2.342538358497354167e+01,7.392324934624882360e+01,1.573612031085398932e+00,7.650783299363875578e+00,-7.611353929855947342e+01,-5.293795074087841357e+01,1.346812873709653502e+01,-1.038354243870780067e+02,2.597344386187345577e+01,-3.798160157763322076e+01,2.331177513571267212e+01,-2.623698419872535048e+00,2.951803278311403389e+01,1.254174712182132012e+01,-1.581527459351564602e+01,2.475380549445252143e+01,7.190330435978122381e+00,-1.460725681007520649e+00,-5.181940510806443712e+01,7.361823072713070815e+01,9.721791025148608156e+00
-3.286333967785931343e+00,4.494672149964419994e+00,2.046025559675875627e+00,1.206767016352209687e+01,4.476409515740178868e+00,-1.751634691189649118e+01,1.903482747404374464e+01,-7.787627830484012748e+00,9.269869640424381885e+00,2.779518810531294015e+00,-6.422725177324942081e+00,-2.047103198288532155e+01,1.173150860474322954e+01,-4.769487817029100185e+00,-2.606063264459501205e+00,-1.204811999269193024e+01,-1.220242514240474030e+00,3.044338172242705554e+01,-4.032335189061535097e+00,2.098445125661732025e-01,-1.345090678259699146e+01,-8.261997366722975134e-01,1.378348416759027639e+00,-4.459145131206446955e+00,1.293034269277193005e+01,-2.940182540322421989e+00,1.309253969387589756e+00,-6.788981355057960521e+00,-2.996823934926911015e-01,9.240661232553208038e+00,-2.505462578412426566e+01,1.119310768560794145e+00,2.224253588208029875e+00,1.100114876820465071e+01,-1.393346566870187786e+01,5.632675355477632984e+00,-4.502759628194750618e+00,5.773523642323634242e+00,-3.302537413799380150e-01,-1.191658526658412676e+01,-4.355012394419270016e+00,-7.676559965246413597e+00,-9.089631205703534889e+00,2.473884504451211797e+01,9.112487936666724408e+00,1.145618602297043864e+01,-1.126695969182532941e+01,-3.784731399426741749e+00,1.352881383522498027e+01,2.812941111300223174e+00,2.012091101358422662e+01,-7.306910440708966448e+00,-7.210141383163809259e+00,-3.241841994825749751e+00,1.351286376673655809e+00,-2.360230965751304311e-01,-5.411882819172481263e+00,-1.715377668088093444e+00,-3.642798596621453555e+00,-1.594056204058842319e+01,-3.732730456405854991e+00,-1.024948319288183107e+01,2.012072670121280282e+01,1.648131065570270692e+01,-1.003018557090081586e+01,-8.304324183157296702e+00,-3.119651479997681776e+00,-1.328986435938587718e+01,8.145328814644516857e-01,1.009742585930716530e+01,-2.400873042990721906e+00,-1.316854928122492829e-01,5.354807423386322540e+00,9.933163254948125243e+00,-1.060337006337936927e+01,-5.517628202418366712e+00,-2.595667248473283450e+00,1.347194478971649367e+01,-2.335920824188971068e+00,9.191469540432564145e-01,3.186458279803898286e+00,2.310727324957011941e+00,-7.487185870798652942e+00,-8.829873809388438133e+00,-7.693864937973842189e+00,3.149233057178631778e+00,3.516784398728177052e+00,1.488690377130454934e-01,5.028098542917415870e+00,1.285585458143720317e+01,2.061657336144612440e+00,2.561637779053485886e+00,-6.815042358506884668e+00,-2.554209218895168831e+00,1.949146392201350153e+01,-5.728536593004853295e+00,-2.792653464387296669e+00,-6.455684873529275336e+00,5.178245045665258672e+00,4.386551958532585616e+00
-6.379131838176596681e+00,-4.960810635446341621e+01,2.291794421649418112e+01,4.443740716879975849e+01,-3.127388815903161401e+01,-4.845981792715792835e+01,5.575420056528384549e+01,-1.367461633060859327e+00,6.503236715138363877e+01,-2.762934059189553437e+01,5.320048330044701679e+00,-1.189933320911178214e+02,1.662707552992847226e+01,-6.997287987042406954e+00,4.200842457029413879e+01,-1.594890217139848687e+01,1.656235223360581443e+01,1.233080840695734111e+02,-2.737641337025241839e+01,-9.550706499292552110e+00,-4.567829722075423859e+01,-1.086620707479745285e+01,-3.992354408315455405e+00,7.838641428018346957e-01,9.169389849565014572e+00,-2.564551652477394228e+01,-3.883387579922089117e+01,4.821638836600428135e+00,1.469507070406493021e+01,8.699365823545316800e+01,1.151602281796607841e+01,4.958390897841121614e+01,2.695795892210117017e+01,2.786534425936365267e+01,-6.809310526728239665e+01,1.487831406577294935e+01,1.022484478701728250e+01,-4.611290818683288251e+01,1.403629852084421614e+01,6.675684283663727570e+01,-2.483018117884937581e+01,-1.288544184921401836e+01,-7.405874330665493943e+00,9.567178157507923686e+01,3.517150237546482572e+01,4.910163034084906997e+01,-6.762347665239271066e+01,-2.395176994270482140e+01,5.540731064461041910e+01,-2.118704767747897932e+01,9.609094123784392139e+01,-2.769558589634149470e+01,2.518575656590642708e+01,-3.772859274344693148e+01,-3.532859885199076899e+00,4.227445215620088703e+01,-5.195299115768737863e+01,-3.536154988481104766e+01,-2.537570116488042160e+01,1.823729341715139896e+01,1.729481390073857838e+01,-2.218977672064321283e+01,4.726943585967651984e+01,3.487130982778516852e+01,-4.971785317498326151e+01,-2.028792213790591958e+01,-2.785250755468466011e+01,-7.754195654258725767e+01,-6.973839728407606131e+00,2.109666872489489720e+01,-1.276904057488759214e+01,1.200929980280433629e+00,5.580237196734799454e+00,7.919241173706367931e+01,-4.931805283167586396e+01,-2.382518576790644715e+01,-1.039470627087542454e+01,5.003521682475800958e+01,1.274309389549019755e+01,1.909762794956065690e+01,6.032295520611461370e+01,1.729370659841580116e+00,4.691344075748159703e+00,-6.321189070957089484e+01,-4.427291090217840974e+01,1.150022897550853429e+01,-8.314520443892286039e+01,2.100217611821854646e+01,-2.967057782898810103e+01,2.137561974872529191e+01,-1.709253052869062817e+00,2.434329744769361881e+01,8.774058319874324496e+00,-1.327733816719409177e+01,2.385733711809111313e+01,4.668679563402373667e+00,-1.733893041108143684e+00,-4.312391669130103367e+01,6.047208171393268827e+01,8.720833849319669540e+00
-4.566598002090352715e+00,-5.620652963949786596e+01,2.312747571556991844e+01,3.926555965721036046e+01,-3.656497692082125184e+01,-3.981997857535328222e+01,4.658383681124843889e+01,3.898664561579526122e+00,6.324154542190127870e+01,-3.149454371806271169e+01,1.011854932498467186e+01,-1.132999068208993947e+02,9.722755063608879311e+00,-4.207082655628461509e+00,4.676963101467006823e+01,-8.778665136687637371e+00,1.857226222459935272e+01,1.110522320922074897e+02,-2.653299362854461663e+01,-1.036967792625106277e+01,-3.964156029189163633e+01,-1.106464077124480738e+01,-5.223448325449208340e+00,3.909865394310218178e+00,9.128712057482606390e-01,-2.543193653838726220e+01,-4.247789084322269559e+01,9.837152637498295604e+00,1.593919995562184155e+01,8.677385158866292159e+01,2.958233318595449646e+01,5.231473711957315231e+01,2.733006447102525271e+01,2.225760641256634642e+01,-6.330699882746591101e+01,1.205025914535560005e+01,1.404759976773276620e+01,-5.334514071892147058e+01,1.525495738430342918e+01,7.967716473871087146e+01,-2.358474592732505215e+01,-8.509196211126790033e+00,-1.669597364034640208e+00,8.539250306954474468e+01,3.138028856180223514e+01,4.468024788903039735e+01,-6.464040755787803505e+01,-2.303700689513206967e+01,5.000398640431475883e+01,-2.462031263808009385e+01,8.902125343122170875e+01,-2.461977654859254017e+01,3.192939811614819945e+01,-3.816058905755736674e+01,-4.712869005963380431e+00,4.542239450936082079e+01,-5.189518356211655714e+01,-3.667753603849061506e+01,-2.465923323260523503e+01,3.050215557914922826e+01,2.108659309597963016e+01,-1.669884150730666050e+01,3.675211073817489194e+01,2.598459692666958887e+01,-4.632195697358851305e+01,-1.600214870507135245e+01,-2.767119936642054157e+01,-7.386632101399739270e+01,-8.027232310260096426e+00,1.563324778536606630e+01,-1.201750452420129811e+01,1.376420319736801678e+00,2.286898776049566706e+00,7.794481379293345924e+01,-4.549921799992301885e+01,-2.170818047923093630e+01,-9.341356561392624158e+00,4.429167748579282460e+01,1.525156418092878141e+01,1.981335775088721007e+01,6.238869873985190395e+01,2.602913983418186361e-01,1.017845226805090242e+01,-6.159549611024777249e+01,-4.210132508935323159e+01,1.014375599340355905e+01,-9.143861987321534457e+01,2.238283147991787203e+01,-3.522834382366996664e+01,1.403239625133152479e+01,-3.249653254704631067e+00,2.429842753938336131e+01,1.408663719720436802e+01,-1.245610802439261988e+01,1.211997590629563959e+01,8.943150696584906356e+00,6.672957672749790792e-02,-4.172382149258595518e+01,6.117677750227286282e+01,6.316041252811909423e+00
-5.111684191216664175e+00,-5.861675472132671416e+01,2.449181539999700519e+01,4.240392216132810432e+01,-3.798445422720210729e+01,-4.350751625635718511e+01,5.075839569818283081e+01,3.350787053274299154e+00,6.732381625769987465e+01,-3.282011605793163511e+01,1.001551628616099876e+01,-1.209830236736814584e+02,1.133615574667804715e+01,-4.875864511625243480e+00,4.888364973628919330e+01,-1.037464416908840903e+01,1.939401026487672652e+01,1.195756179012229836e+02,-2.825940375715299879e+01,-1.087358999769018908e+01,-4.293122736662100181e+01,-1.170276610153955943e+01,-5.355553434480607500e+00,3.680919733410362049e+00,2.195772572570669379e+00,-2.699824661356251454e+01,-4.449908486587507639e+01,9.684868507197958110e+00,1.671594903823350009e+01,9.204242439035022016e+01,2.868069032717208700e+01,5.506528010935392814e+01,2.892380976879507415e+01,2.443453940010973113e+01,-6.783864509636451601e+01,1.319792245110453877e+01,1.432674571480482051e+01,-5.548845801208443618e+01,1.599420733154230945e+01,8.256347110459232397e+01,-2.519304379605708988e+01,-9.673423770315594084e+00,-2.623376360604317004e+00,9.207366080645022066e+01,3.383754547178445904e+01,4.803372868254009376e+01,-6.898438295065993486e+01,-2.456308054095798710e+01,5.382472224799231242e+01,-2.559533085230439653e+01,9.544407267455387966e+01,-2.656272081904165461e+01,3.285315941817561480e+01,-4.039893583709920932e+01,-4.821762817779335464e+00,4.769502874230106215e+01,-5.503510635953742991e+01,-3.869493892107991684e+01,-2.625370282352050566e+01,3.051874227008499929e+01,2.179507433472062061e+01,-1.852299212543829299e+01,4.053373416128244600e+01,2.887402777171602608e+01,-4.962199846369706080e+01,-1.760504277943174856e+01,-2.936782619613152079e+01,-7.886997376473037491e+01,-8.354941973883667217e+00,1.738900945355189620e+01,-1.285439423921862101e+01,1.433375744580839495e+00,2.914638268290618228e+00,8.283348929422324147e+01,-4.881251069305803014e+01,-2.333285781272332571e+01,-1.006165143787601401e+01,4.781832888346047383e+01,1.579880272384931139e+01,2.090244913517782166e+01,6.584600304143683047e+01,4.944626498797650149e-01,9.976631601557874873e+00,-6.555250635660901537e+01,-4.496462995527017625e+01,1.095754438252669871e+01,-9.572266881800203464e+01,2.352808300516240081e+01,-3.652751211431637302e+01,1.597110713035744034e+01,-3.216664024952090362e+00,2.577125359776740510e+01,1.414658831095549374e+01,-1.332982697252943716e+01,1.459674055798487657e+01,8.847122758187891733e+00,-1.970129175353335649e-01,-4.444962034939739226e+01,6.476335530370640470e+01,7.054762117914917141e+00
-4.187975624754995962e+00,-2.523657562269978172e+01,1.266456634791096292e+01,2.653263178957624291e+01,-1.550879311125229876e+01,-2.999716001919905750e+01,3.423966167790439385e+01,-2.625862198573084783e+00,3.678233386036356478e+01,-1.398817850599443702e+01,1.257027977880387226e+00,-6.815889048135259998e+01,1.168823297840339137e+01,-4.877959012711507114e+00,2.166325622234550963e+01,-1.140548750960729585e+01,8.493981799561778345e+00,7.288226035624538213e+01,-1.551583610029967808e+01,-5.018544997022161169e+00,-2.752879987489438207e+01,-5.969612100707381686e+00,-1.782954865098146602e+00,-6.718231582015126158e-01,8.022001150877770215e+00,-1.433057779040314550e+01,-2.029451854683126300e+01,9.031032930006803738e-01,7.727377467905754749e+00,4.843278225108280566e+01,2.932206740311471549e-04,2.659339867912830968e+01,1.485258509103274527e+01,1.747558369034821624e+01,-3.954484390355590762e+01,9.271990269866652312e+00,4.329032603962420289e+00,-2.306923457949969603e+01,7.370226935653110267e+00,3.252877580354744680e+01,-1.424296057392953507e+01,-8.712781735940577477e+00,-6.148850334339465817e+00,5.682049473997665956e+01,2.089308108830368838e+01,2.885932572037155097e+01,-3.864499493897739058e+01,-1.363754513222626485e+01,3.271219840805230206e+01,-1.056030235610677792e+01,5.591633737668698245e+01,-1.648417268287735027e+01,1.161010803763222299e+01,-2.081815855898409495e+01,-1.545646710028096837e+00,2.238269888828322962e+01,-2.889824101859633743e+01,-1.918925795720158689e+01,-1.435877366027782109e+01,5.791700558869431248e+00,8.269807328078627506e+00,-1.427947065986024633e+01,3.000067872465338326e+01,2.253153518377542142e+01,-2.883852395134666580e+01,-1.279535228919122325e+01,-1.554588681566554342e+01,-4.440349621611760256e+01,-3.503154534566534473e+00,1.366212491138506202e+01,-7.363861110812189636e+00,6.053542569627442527e-01,4.268557769771647692e+00,4.446064817262794833e+01,-2.876614273100588548e+01,-1.399313354656552022e+01,-6.151032896137773598e+00,2.984668893215355823e+01,6.194431991555616079e+00,1.036172238179217153e+01,3.279827015903557452e+01,1.481749087764808737e+00,6.635957781934500588e-01,-3.570863408316559173e+01,-2.537821716403640337e+01,6.872926419106001994e+00,-4.327744267431540237e+01,1.118477372673504711e+01,-1.452311998971685369e+01,1.448318447364333750e+01,-4.043206623824671109e-01,1.354697380389077388e+01,2.994783138084618379e+00,-7.671087623118174825e+00,1.741945714659225075e+01,1.080630157799546076e+00,-1.601727271459305157e+00,-2.446621964457246534e+01,3.336337484641074269e+01,5.699431548423019578e+00
-5.485576952238088388e+00,-6.435698025040719017e+01,2.675510339696410966e+01,4.602884700737026691e+01,-4.175805752021288697e+01,-4.704994080184920335e+01,5.493943772610036547e+01,3.938288812219140844e+00,7.341964639949370053e+01,-3.604318139860003356e+01,1.119107233914069965e+01,-1.318061063092156360e+02,1.201229925391796627e+01,-5.176205175079568122e+00,5.363138952068722887e+01,-1.094826351452685920e+01,2.128403690433589546e+01,1.299211337391735697e+02,-3.081328376629910082e+01,-1.191693075604954188e+01,-4.655875737898783484e+01,-1.278943414718958493e+01,-5.913340785898633989e+00,4.185242154904014633e+00,1.959665742240920494e+00,-2.946956952769293991e+01,-4.878436833869075429e+01,1.084153235410319027e+01,1.831908569706451217e+01,1.004946263893928204e+02,3.227650165908699620e+01,6.027374374347604657e+01,3.160327153098594977e+01,2.638394506904369763e+01,-7.382291224612609426e+01,1.426151918974386490e+01,1.584698075774765336e+01,-6.097464214698291585e+01,1.752962418737866912e+01,9.084113030589546156e+01,-2.744362571199616596e+01,-1.033078733291820406e+01,-2.560293165190671072e+00,9.999506410127227696e+01,3.674798448759989355e+01,5.221616199620489596e+01,-7.516966171112771633e+01,-2.677327617764079903e+01,5.848757920626665907e+01,-2.813111805518716579e+01,1.038456798501341467e+02,-2.884214862733721318e+01,3.623196906331223488e+01,-4.413678282926147034e+01,-5.327754731525174314e+00,5.224788132426277798e+01,-6.009285374370012534e+01,-4.232299006516966244e+01,-2.862988137821977119e+01,3.397579759126346488e+01,2.400042449384120857e+01,-1.993499148296006140e+01,4.370309765484025633e+01,3.105771663662646631e+01,-5.400488657146643590e+01,-1.899656684945401963e+01,-3.205875849618981732e+01,-8.592755122126538936e+01,-9.179114080703449474e+00,1.869819185459272859e+01,-1.399656411034550985e+01,1.574493442375973773e+00,3.007940184310009091e+00,9.038434749201286422e+01,-5.309852388487678354e+01,-2.536614608045038466e+01,-1.093099985339780922e+01,5.191081233086541147e+01,1.738467749295829279e+01,2.286252761135868283e+01,7.201053619199937827e+01,4.619945043280030417e-01,1.118514368430719763e+01,-7.149470737275099452e+01,-4.898419620847968758e+01,1.189319445138954912e+01,-1.049649318279335830e+02,2.576487991763440633e+01,-4.018128833548312429e+01,1.705017821807006229e+01,-3.594176624877294390e+00,2.813869734962871405e+01,1.572929432261296867e+01,-1.451201840416143085e+01,1.531631420602117899e+01,9.887437267094602689e+00,-1.196035466227532984e-01,-4.846275713574369348e+01,7.075612662084954252e+01,7.575912486882785402e+00
-3.415694504440338619e+00,-2.264846484744667521e+01,1.100007626269009364e+01,2.238398146712810544e+01,-1.406403876515492435e+01,-2.497754910438938225e+01,2.859164125544277013e+01,-1.654768909627964302e+00,3.166519444076620715e+01,-1.257813617442471532e+01,1.655092134459542841e+00,-5.839665989874266927e+01,9.315268351788770218e+00,-3.898384350976505264e+00,1.933515167159969650e+01,-9.038884722813303796e+00,7.598020151157655278e+00,6.171634289975544618e+01,-1.334690604454240415e+01,-4.445727911089825568e+00,-2.314531385801635821e+01,-5.196783043443041095e+00,-1.690286809313349625e+00,-2.136715263571513646e-01,5.978617301195584766e+00,-1.239399267888625999e+01,-1.801726267846007090e+01,1.373958758169501415e+00,6.843382321669389867e+00,4.194692923743824764e+01,2.130206626546261361e+00,2.336834011959088642e+01,1.291542512673995269e+01,1.448356771113346930e+01,-3.370610915943748154e+01,7.701879738540363007e+00,4.202317506947037096e+00,-2.084492640716583267e+01,6.530865470046141041e+00,2.971336420104386988e+01,-1.219640980385540630e+01,-7.034732065364220688e+00,-4.652433699007806567e+00,4.802991784419882748e+01,1.765940273295498031e+01,2.448881931585275140e+01,-3.313885313708078684e+01,-1.171072940454400779e+01,2.771203052597119765e+01,-9.556544368751243468e+00,4.762475561773210586e+01,-1.392289576756044944e+01,1.085660893192775589e+01,-1.809237449862418146e+01,-1.478607976764401588e+00,1.976843746986131478e+01,-2.503699377325090225e+01,-1.678495498665063224e+01,-1.235913913248269225e+01,6.465189432239068168e+00,7.613821872081423692e+00,-1.172752113531373297e+01,2.475924971902911054e+01,1.847857982198991778e+01,-2.459169318796308445e+01,-1.058343788568924460e+01,-1.345100916404714830e+01,-3.804763751957566598e+01,-3.160096823015920098e+00,1.119576046592761287e+01,-6.293069875628571452e+00,5.453021047650518094e-01,3.310947152317980091e+00,3.838342341006054426e+01,-2.447910320441733489e+01,-1.187714962326574231e+01,-5.206425303380269654e+00,2.518861104508579984e+01,5.663961519111538223e+00,9.064063339017721432e+00,2.866719809357852711e+01,1.110915065901863397e+00,1.221995897225916394e+00,-3.075526849237597915e+01,-2.173726202781766403e+01,5.796295918900955968e+00,-3.848288412688405913e+01,9.855728849247871182e+00,-1.324127447692453252e+01,1.168568563398364191e+01,-5.320001895607489040e-01,1.173479567997186912e+01,3.221674359507883167e+00,-6.551101999081617500e+00,1.371226691635935602e+01,1.440440939842698498e+00,-1.175802863475547078e+00,-2.103786219731189888e+01,2.899646682343196247e+01,4.655728083609563583e+00
-3.795817104617483118e+00,-9.285482465613208447e+00,7.065318687207289727e+00,1.915345466106172623e+01,-4.747609645345274743e+00,-2.382026307715212710e+01,2.665295122995369326e+01,-5.582694079001028875e+00,2.238096587122374714e+01,-4.985605964305539928e+00,-3.004021219840582013e+00,-4.331455846109704311e+01,1.202517935235075264e+01,-4.947820652826568022e+00,8.670978944274811084e+00,-1.207004167819448170e+01,3.288853813187488484e+00,5.109965596916961061e+01,-9.509176368301137217e+00,-2.228999401110821843e+00,-2.039273461454331482e+01,-3.253035560775048296e+00,-6.279285000400824934e-02,-2.807751614811672347e+00,1.098149898399381819e+01,-8.344270428079138213e+00,-8.756248982568328287e+00,-3.374312015537739295e+00,3.445236023162606465e+00,2.781163253072966768e+01,-1.401095096353057023e+01,1.305930623399625290e+01,8.187964542771450027e+00,1.432253946226988717e+01,-2.628052161707952905e+01,7.484900286916539969e+00,-4.940631464536791029e-01,-7.557011752688579165e+00,3.261159238099120561e+00,8.544352268645820203e+00,-9.094509673207694433e+00,-8.366434762116254475e+00,-7.957925247710753602e+00,4.040010685710476679e+01,1.486416158411266153e+01,1.989931201159221885e+01,-2.436864234138841567e+01,-8.492542882706183960e+00,2.285972582257763364e+01,-3.364260990298672205e+00,3.739493252188871963e+01,-1.179312152699090532e+01,1.396073236988987887e+00,-1.154614057779282987e+01,3.302350869365588970e-02,1.033272174781254193e+01,-1.653740136169766473e+01,-9.930939550880118816e+00,-8.750371083063088307e+00,-6.206479876918267635e+00,1.779006702372762483e+00,-1.240789486519621398e+01,2.527833364455035081e+01,1.975100225014725908e+01,-1.909213617962897303e+01,-1.062624158834689325e+01,-9.012833701733184100e+00,-2.819219930657215301e+01,-1.182345448506235241e+00,1.203422993764675653e+01,-4.785488092690263429e+00,2.093833581761432305e-01,4.990227181456373451e+00,2.634178010639830347e+01,-1.937883252665623957e+01,-9.627866495848451223e+00,-4.327380723461623724e+00,2.148819542319099085e+01,1.589820750890199363e+00,5.358482041031994214e+00,1.711629876185694599e+01,1.984979252632044666e+00,-3.876741381166509015e+00,-2.163291771111994422e+01,-1.616779822213499429e+01,4.974457682796868951e+00,-1.826708796654845912e+01,5.312531880979298293e+00,-3.978255841521859182e+00,1.396067753954945623e+01,9.638889783979056602e-01,7.766217174637236376e+00,-2.410950875275396754e+00,-5.014876359976793374e+00,1.904426596991383747e+01,-2.698288244870961528e+00,-2.310576847037700610e+00,-1.504898977307919239e+01,1.849435557463541357e+01,5.117742390518438711e+00
-3.475645156453609719e+00,-1.099030485843462124e+01,7.277480243505352497e+00,1.843413409733915387e+01,-6.051682389044298560e+00,-2.242775618997360709e+01,2.520691504071577071e+01,-4.525364450407708183e+00,2.249947542119323884e+01,-5.973663795502844209e+00,-1.991964503772800654e+00,-4.304154015265871891e+01,1.074876964734597351e+01,-4.434049638487577383e+00,9.947124131702777206e+00,-1.073470880623210100e+01,3.818897698278312713e+00,4.952836759040810932e+01,-9.540913953184004370e+00,-2.465721952048277821e+00,-1.950728699109561859e+01,-3.373714071941010584e+00,-3.418983134165032300e-01,-2.168300854950581780e+00,9.375777720207175037e+00,-8.490861914314482561e+00,-9.782432178808129208e+00,-2.321956682809151573e+00,3.806228850365353633e+00,2.841119590134326245e+01,-1.026360580148403123e+01,1.397997998878321368e+01,8.462993278204283598e+00,1.339216012931371580e+01,-2.581454313065687600e+01,7.021809793222106855e+00,3.565239536904218909e-01,-9.364429427387253924e+00,3.612111482945221219e+00,1.165760920099758380e+01,-9.025905071117028555e+00,-7.574767202839520763e+00,-6.850004720551122084e+00,3.902484920929615697e+01,1.435609167341599957e+01,1.936664710729986183e+01,-2.426466600127564988e+01,-8.484462280879643714e+00,2.217470783335620510e+01,-4.217064029686433457e+00,3.667336904085158977e+01,-1.137471237356655962e+01,2.949503656094179860e+00,-1.191305724411238387e+01,-2.323247712939857657e-01,1.128382471396366427e+01,-1.691035409093258934e+01,-1.045951670873260930e+01,-8.793028382785163188e+00,-3.585334530448523793e+00,2.675662427544645894e+00,-1.145916861660503905e+01,2.349644270797355716e+01,1.820784152714979243e+01,-1.877190208202174304e+01,-9.907722391097360415e+00,-9.182307755375182623e+00,-2.802127675832577580e+01,-1.447506006382328625e+00,1.108298729629766655e+01,-4.727694749685276143e+00,2.538475385747794300e-01,4.363977926525281603e+00,2.667524606510087537e+01,-1.896990769783793951e+01,-9.375151668751072975e+00,-4.190829081100708287e+00,2.069443906653612686e+01,2.192645270497611598e+00,5.644964638590775685e+00,1.798167257021206566e+01,1.699998480245517030e+00,-2.729757625869927651e+00,-2.177330482292952851e+01,-1.605541890063225807e+01,4.784647844327411192e+00,-2.056380420072179760e+01,5.747897914304459732e+00,-5.324513374059140602e+00,1.263046047028129770e+01,6.389910399835303512e-01,7.937364646799780488e+00,-1.269115328947010291e+00,-4.946719419532391804e+00,1.684172330186519773e+01,-1.797276323612173599e+00,-1.958425040293895414e+00,-1.508448579753602026e+01,1.908494637359632051e+01,4.694856810727030982e+00
-2.770937226214071014e+00,-2.532832336789695660e+01,1.118265772251602819e+01,2.066407459054342155e+01,-1.617409255476150776e+01,-2.198662670406122643e+01,2.543678891368336537e+01,2.969136235713873972e-01,3.129640990522576161e+01,-1.414140378973703172e+01,3.463458535980050268e+00,-5.682336834309369777e+01,6.824209262856312463e+00,-2.892955461652258364e+00,2.129722724102788689e+01,-6.445861150375391979e+00,8.420947091036763865e+00,5.772287036000059146e+01,-1.315836786518510593e+01,-4.793841914748798061e+00,-2.110951173123512348e+01,-5.320191738415546823e+00,-2.166238678633282788e+00,9.521458096436417051e-01,2.950752180904884447e+00,-1.243172093674122181e+01,-1.954947031037468008e+01,3.260733310398948426e+00,7.373065634289024395e+00,4.226255175451786528e+01,8.899801330299384361e+00,2.461012892523319451e+01,1.317690396261809838e+01,1.252590488769753385e+01,-3.223766759500126255e+01,6.718375297781724598e+00,5.670307531498192333e+00,-2.374446871441089968e+01,7.048070015967112134e+00,3.482201121956474310e+01,-1.184677359115061712e+01,-5.466512894074581297e+00,-2.553531265162757524e+00,4.464509927437981673e+01,1.641048866519289717e+01,2.306923685431454984e+01,-3.233862990394916181e+01,-1.148002386570449040e+01,2.595616669410580002e+01,-1.092979344176864487e+01,4.543516686870501786e+01,-1.290582028191257180e+01,1.347890937818866774e+01,-1.842531568847193313e+01,-1.933467932529787880e+00,2.113192182833166655e+01,-2.525279780341730884e+01,-1.743574916740264769e+01,-1.220866291200957576e+01,1.110852430282701242e+01,9.102587477993690612e+00,-9.787361838411456461e+00,2.106484716323783246e+01,1.533380476402140147e+01,-2.355619776636771334e+01,-9.082667014348860590e+00,-1.351081646237152079e+01,-3.703522328470670288e+01,-3.583597934110877237e+00,9.260838085211643644e+00,-6.071974177501604508e+00,6.160341179937038891e-01,2.111982612029066786e+00,3.828128408668259652e+01,-2.328453448789560198e+01,-1.119887618466885648e+01,-4.862271439843688370e+00,2.328171917000210556e+01,6.654806975016541060e+00,9.417398269007936307e+00,2.971076150965484786e+01,5.726151612673757718e-01,3.283512572944613517e+00,-3.044302031606190440e+01,-2.113209127177794855e+01,5.344491321663374706e+00,-4.194611678110211983e+01,1.046497999801712275e+01,-1.544315482360604008e+01,9.053132942545731865e+00,-1.112522993580990605e+00,1.182930187048909154e+01,5.236949516908781632e+00,-6.306415929155162914e+00,9.457323542899299440e+00,3.050999612443484832e+00,-5.142568821871322804e-01,-2.071428105946921150e+01,2.953467829004373257e+01,3.801466728106454696e+00
-2.227371497238365805e+00,-2.029332376525076498e+01,8.967417478134695585e+00,1.658654267171581864e+01,-1.295576657480508942e+01,-1.765711731637759030e+01,2.042552258530282572e+01,2.230125312579547270e-01,2.510353120144761263e+01,-1.132972466362450348e+01,2.763788378137327584e+00,-4.558626161396770016e+01,5.492523890107851692e+00,-2.328028248375763720e+00,1.706582313279516683e+01,-5.189867180611174469e+00,6.747480172598415926e+00,4.632644069579873758e+01,-1.055487254568182109e+01,-3.842110104720754205e+00,-1.694624431708375667e+01,-4.265999665126707363e+00,-1.733701819141553635e+00,7.546174239396712391e-01,2.390052400631818230e+00,-9.970326511519997936e+00,-1.566739937227338331e+01,2.600589082501466809e+00,5.909319320884232951e+00,3.389340831260147979e+01,7.085462288845821632e+00,1.972845181891168309e+01,1.056625242039515378e+01,1.006132479154358528e+01,-2.586696845459856675e+01,5.395961601048020029e+00,4.536385652910924549e+00,-1.902132202878744849e+01,5.648759619583638703e+00,2.788873281260919867e+01,-9.504182145552389827e+00,-4.396460075869433659e+00,-2.064271714827706106e+00,3.583295425065801965e+01,1.317138805259796364e+01,1.851322920866601152e+01,-2.594276608213096580e+01,-9.209116245116543809e+00,2.083124030639319102e+01,-8.755387573890454078e+00,3.645735212759130661e+01,-1.035874103002546853e+01,1.079017879785754985e+01,-1.477508479890119375e+01,-1.547176007143260978e+00,1.693788091965162224e+01,-2.025184095350893188e+01,-1.397895964982659223e+01,-9.792885351922645754e+00,8.873399210750637423e+00,7.289017741481591095e+00,-7.864794244862773454e+00,1.692327247078758035e+01,1.232254351543503290e+01,-1.890081086344166295e+01,-7.296203241342279711e+00,-1.083562292503016344e+01,-2.971122102952196542e+01,-2.870873488105557314e+00,7.442465583982398769e+00,-4.871621227920249986e+00,4.935301078903201466e-01,1.703163711723119977e+00,3.070354711958298566e+01,-1.868416110751849857e+01,-8.987094906784722781e+00,-3.902356218128056220e+00,1.868742207125934840e+01,5.329681010093082705e+00,7.550302669140291023e+00,2.382085031069132697e+01,4.634254371784831128e-01,2.617504878542315172e+00,-2.441864872720570290e+01,-1.695326955645272804e+01,4.289945306159054006e+00,-3.361523078543848442e+01,8.388512335221237848e+00,-1.236882079893443098e+01,7.281284830770502481e+00,-8.877795526084816258e-01,9.486728168763892910e+00,4.184579072988388049e+00,-5.059833426489892538e+00,7.618027954478770347e+00,2.434516333168559754e+00,-4.175752053922348606e-01,-1.661599134211167339e+01,2.368354156937738253e+01,3.055510739269347908e+00
-5.984248632153284397e+00,-6.340650446153659914e+01,2.697837739362065790e+01,4.776330614215736858e+01,-4.089489085904242671e+01,-4.964134978316157287e+01,5.774125814236840171e+01,2.693311964968992278e+00,7.460979268246738627e+01,-3.546943344701143985e+01,1.013462378916605289e+01,-1.345476585887904264e+02,1.382073018227708516e+01,-5.910336460533260450e+00,5.301933826794942206e+01,-1.281068666784130627e+01,2.101175495882933220e+01,1.342451275086500289e+02,-3.133518819001949041e+01,-1.183926145321265544e+01,-4.850975616399175294e+01,-1.287217631838127474e+01,-5.673502945569955713e+00,3.465165726696018300e+00,3.995038802065203232e+00,-2.982395898177984961e+01,-4.839529012886657000e+01,9.728529628822307984e+00,1.820330720800726709e+01,1.015790129099481476e+02,2.819787544725902251e+01,6.022540086875171994e+01,3.183658984556022631e+01,2.802330714426702940e+01,-7.574829190637169063e+01,1.509807354827221992e+01,1.507644884472207636e+01,-5.983477310731377941e+01,1.741196537062214134e+01,8.861922627156143051e+01,-2.802909386079290499e+01,-1.150491225326981493e+01,-3.986679197150569287e+00,1.035296700263842240e+02,3.805026448781357828e+01,5.383090653838796413e+01,-7.666876421840308353e+01,-2.727115743374535128e+01,6.040632233177142751e+01,-2.758164769231107272e+01,1.066363744706103773e+02,-2.988872358195147072e+01,3.495758036330047958e+01,-4.448403434593311090e+01,-5.094379671598015413e+00,5.201540983249377348e+01,-6.072331333681777465e+01,-4.243587155070941463e+01,-2.909840472371989151e+01,3.133063366039471020e+01,2.332108003492383830e+01,-2.147969956701800598e+01,4.671844115558488397e+01,3.354535696724701666e+01,-5.538767391699216347e+01,-2.023749070337050426e+01,-3.243182729775012518e+01,-8.770603684491391050e+01,-9.016145871327353234e+00,2.022349879216580604e+01,-1.432355855603894845e+01,1.547808269422827454e+00,3.842638484381114772e+00,9.161590278418647415e+01,-5.457524702002368855e+01,-2.614304148650909099e+01,-1.130021945958206331e+01,5.384514066240603114e+01,1.695071133578500167e+01,2.292232266774137983e+01,7.224490883331306179e+01,8.253098660780493478e-01,9.960557210412517293e+00,-7.262253563352213348e+01,-5.001665521816661908e+01,1.234627007709780777e+01,-1.040172382077495712e+02,2.569214647039526511e+01,-3.923685804323680770e+01,1.901740941720401423e+01,-3.255055673127241533e+00,2.843825733494579922e+01,1.459391507905925067e+01,-1.486131079371441288e+01,1.833829488917959694e+01,8.945524456037606598e+00,-5.603311366756442702e-01,-4.930156041581079052e+01,7.130984148803193534e+01,8.240584078384017630e+00
-3.571219098070457676e+00,-2.967037721348800261e+01,1.344669716440379936e+01,2.556114999311896341e+01,-1.880854841403210997e+01,-2.759971766801784909e+01,3.182478167440018524e+01,-3.180979220686461773e-01,3.793776326972012214e+01,-1.654242761755689983e+01,3.557173366424838168e+00,-6.919513868199361184e+01,9.108327273329035023e+00,-3.843705929985142156e+00,2.504923523772650640e+01,-8.686595970884834372e+00,9.888154843095154689e+00,7.112111865469529448e+01,-1.596229282478568656e+01,-5.670825851387849781e+00,-2.620883868800621741e+01,-6.384644016842316638e+00,-2.452029328988092338e+00,7.460252335237829158e-01,4.614873173440881438e+00,-1.500594998590650953e+01,-2.308680182668692282e+01,3.285066166398670440e+00,8.723877600447417890e+00,5.094885947281871097e+01,8.404479746230899551e+00,2.930140559181960569e+01,1.582862949238290362e+01,1.581169870344325190e+01,-3.945625701716107869e+01,8.457676158341884687e+00,6.341351751420633676e+00,-2.768070574719796895e+01,8.335570695056867763e+00,4.029765185809021233e+01,-1.443359283549930794e+01,-7.148041622051618305e+00,-3.812835623883747083e+00,5.511050852855212412e+01,2.025896879614145263e+01,2.836273232441543612e+01,-3.934650659424605124e+01,-1.394927162974336099e+01,3.196711115268707459e+01,-1.272830581001902850e+01,5.565052385159530957e+01,-1.594450528858658700e+01,1.537480155728626130e+01,-2.214456849555108420e+01,-2.178128177482294703e+00,2.505710601400515003e+01,-3.043361956609593122e+01,-2.083882631268464891e+01,-1.480173439013663028e+01,1.181023196242602147e+01,1.048075950280880164e+01,-1.249713518586047556e+01,2.673004899534559087e+01,1.961565139410844338e+01,-2.881784647521923404e+01,-1.149340658025256978e+01,-1.630197226011728162e+01,-4.509414730705413632e+01,-4.182560891223118915e+00,1.185921428573240277e+01,-7.412356250823152415e+00,7.197157703437720988e-01,2.967310003978212762e+00,4.628387482813873532e+01,-2.854480768055280038e+01,-1.376481886998966786e+01,-5.993562160257452476e+00,2.878842632663856804e+01,7.696211525316619451e+00,1.125483468696943312e+01,3.553233188153677702e+01,8.784608697479664441e-01,3.251989102263604714e+00,-3.688715896395607530e+01,-2.574000223679386323e+01,6.613473717279230613e+00,-4.947503716242820104e+01,1.243169424523936328e+01,-1.789364291273147600e+01,1.185020586686567157e+01,-1.142749232528711412e+00,1.425846487391405581e+01,5.628014576851494866e+00,-7.703771132889176698e+00,1.290113106057755310e+01,3.127468632229125856e+00,-8.506963144436481272e-01,-2.513758676672176762e+01,3.549484818164992816e+01,4.888876244707567764e+00
-2.637923537736445834e+00,3.856987155115356281e+00,1.561415086754497139e+00,9.596912830442940745e+00,3.763871760712845127e+00,-1.399853003225735826e+01,1.519884144827771166e+01,-6.309811321581282328e+00,7.239977535414737986e+00,2.372152635423075306e+00,-5.231457404752689833e+00,-1.609349055029207420e+01,9.443067492048227152e+00,-3.838099388418730218e+00,-2.292895193765839501e+00,-9.702731123059145091e+00,-1.060335843744389939e+00,2.416249147284716159e+01,-3.153241065133748577e+00,2.109714764175987245e-01,-1.071339760621891202e+01,-6.236267327883410205e-01,1.134871480174317160e+00,-3.619649002228954693e+00,1.044715577303848875e+01,-2.274913908538666707e+00,1.227643555762432115e+00,-5.526357095155151278e+00,-3.058000380554843911e-01,7.122494205370724529e+00,-2.036811765082907755e+01,6.959738120011120799e-01,1.688700666872090972e+00,8.802758232939842387e+00,-1.100901307692269349e+01,4.504472265856836799e+00,-3.695341745138247980e+00,4.879189073461093429e+00,-3.277793638024923961e-01,-9.949291114782955248e+00,-3.425802384757927754e+00,-6.170544111712432667e+00,-7.339927115450013417e+00,1.965422955708313779e+01,7.239877771229521031e+00,9.081087482409326839e+00,-8.848521691269461087e+00,-2.967064538019769326e+00,1.073502687791951793e+01,2.371742870867890041e+00,1.590736272871353840e+01,-5.807510285542910822e+00,-5.954885968004218100e+00,-2.467948986867702921e+00,1.110962081903452692e+00,-3.719636498065739261e-01,-4.167068394791691333e+00,-1.240118396393762978e+00,-2.845877571645242909e+00,-1.300545219292232701e+01,-3.101054943810643838e+00,-8.217408608551101779e+00,1.611572782811248317e+01,1.321716678399064904e+01,-7.921990216515780503e+00,-6.648035985652500202e+00,-2.411034615547242410e+00,-1.044670623391482245e+01,6.903591662175979637e-01,8.098760964051699318e+00,-1.892536715464747443e+00,-1.119241197818905409e-01,4.318837148638231760e+00,7.717421957882171668e+00,-8.388541944351457502e+00,-4.372959007223478523e+00,-2.060652633505831943e+00,1.071185090232127202e+01,-1.948822662595255384e+00,6.638495111176083707e-01,2.326534046557002355e+00,1.866579824185619296e+00,-6.092034210402083261e+00,-6.890922561893628284e+00,-6.050523644195743955e+00,2.504864726451794255e+00,3.207170084077199945e+00,3.103119982554813916e-02,4.204435781641555181e+00,1.033461472072304055e+01,1.679273940295404000e+00,1.973481394092261310e+00,-5.564372801446495487e+00,-2.014719182666836250e+00,1.570539704282502314e+01,-4.665698699156826557e+00,-2.257395524032045131e+00,-5.051285118657189877e+00,3.941206921350588477e+00,3.520182845242135095e+00
-6.434985342706759148e+00,-6.172010232278387321e+01,2.691148626246090814e+01,4.903303132232368000e+01,-3.954792890389623494e+01,-5.177860177146214227e+01,6.000704752941624776e+01,1.373014379392584416e+00,7.501842228059570061e+01,-3.448247199020894982e+01,8.927462924706830449e+00,-1.359016361715018775e+02,1.554247604560544538e+01,-6.605962532723577141e+00,5.179860242746826771e+01,-1.459956887943287285e+01,2.049716190569980157e+01,1.372427730937738772e+02,-3.152967209974678298e+01,-1.162783051468867335e+01,-4.999568699869222854e+01,-1.281560207346398883e+01,-5.362153906341529996e+00,2.680432577783707249e+00,6.060681968342017889e+00,-2.986151216482440063e+01,-4.745681660201473306e+01,8.467236666758704899e+00,1.788199837807425041e+01,1.015797837896005547e+02,2.365824778262143369e+01,5.950930624606301933e+01,3.172638742139208645e+01,2.941274541578088275e+01,-7.690645782946836562e+01,1.579826935056476778e+01,1.411101500311408330e+01,-5.799154712727305849e+01,1.709745823901479866e+01,8.533608387808595808e+01,-2.832602586652052779e+01,-1.259475979380058064e+01,-5.421152818266062212e+00,1.060487114265189916e+02,3.897941128087143170e+01,5.490944168138324244e+01,-7.737488226920825696e+01,-2.748568027489057641e+01,6.172726328313846267e+01,-2.670707640598847021e+01,1.083499399660122151e+02,-3.064306420216886906e+01,3.325001093955326326e+01,-4.435207470976343558e+01,-4.796133853498311339e+00,5.119923929175531896e+01,-6.070534377811969051e+01,-4.208361827418638512e+01,-2.926228979297651378e+01,2.824225750886205688e+01,2.235899837611921015e+01,-2.284338209241931139e+01,4.932745600330927260e+01,3.575303718698161504e+01,-5.620855253075257707e+01,-2.130001403548925509e+01,-3.245990477879014691e+01,-8.857970484592972582e+01,-8.747514571333335098e+00,2.158096183216954955e+01,-1.450412096697252906e+01,1.503031083931843703e+00,4.665375000347171230e+00,9.187939933305371198e+01,-5.550248128442460427e+01,-2.665925890952587451e+01,-1.155798414069941771e+01,5.525479162889472917e+01,1.631342790052081071e+01,2.273082561179319683e+01,7.168895671173410733e+01,1.192787810591142028e+00,8.581033290011518488e+00,-7.298854325119816622e+01,-5.053378522103183457e+01,1.267939056577236556e+01,-1.018846390734717602e+02,2.533264418822382069e+01,-3.782399490212297621e+01,2.084629816919532530e+01,-2.867535670104726542e+00,2.843429889053707171e+01,1.325562480836996215e+01,-1.505904017921201188e+01,2.126802254053848884e+01,7.870237989992571848e+00,-1.010983005050660966e+00,-4.962585897967964854e+01,7.109525234019595530e+01,8.838441520017573438e+00
-4.565689773461753198e+00,-6.612302672755112098e+01,2.634736932817996546e+01,4.283391835783439916e+01,-4.335903897612720215e+01,-4.227278817470347860e+01,4.977509281959352450e+01,6.237866387732124096e+00,7.123447659530913256e+01,-3.710876551699765002e+01,1.314375754393211082e+01,-1.267661263268754510e+02,8.674991156409294746e+00,-3.821478266753725705e+00,5.477069467324538721e+01,-7.511075245972848258e+00,2.179043912846528741e+01,1.219587813675916266e+02,-2.985480514579981914e+01,-1.206237810952821121e+01,-4.296406835975449923e+01,-1.263882269908352463e+01,-6.357218509565421449e+00,5.515608741144999883e+00,-1.798411754457025280e+00,-2.882018647816390455e+01,-4.951111880785890662e+01,1.289858800441839648e+01,1.853599260518366876e+01,9.850935305361228700e+01,3.981336545712034081e+01,6.037326523139734036e+01,3.117781496159870258e+01,2.336127545022691265e+01,-7.028016846932113992e+01,1.271920896717206162e+01,1.727249970377306454e+01,-6.308983663468548286e+01,1.774986890008073104e+01,9.495943372865279741e+01,-2.636720045488017661e+01,-8.164468670420163221e+00,7.315931826076438327e-02,9.348526184760370938e+01,3.434951576731549494e+01,4.924334452446981203e+01,-7.241428761241115808e+01,-2.585847014198560601e+01,5.495448116185998089e+01,-2.915052643162682600e+01,9.871019946040995308e+01,-2.691450616242468286e+01,3.859135098216062687e+01,-4.350307558544984232e+01,-5.759599007670277437e+00,5.268603944828200980e+01,-5.893890417412624316e+01,-4.212174939589722555e+01,-2.776960194462330378e+01,3.886599580549290778e+01,2.525894868261000781e+01,-1.708600772098626663e+01,3.814256086351202413e+01,2.646945695103292806e+01,-5.146069314483071366e+01,-1.670837512717432460e+01,-3.137532365208648599e+01,-8.265811341795476608e+01,-9.481604053253443354e+00,1.588482279903580263e+01,-1.339513485729239406e+01,1.624036715713133461e+00,1.467142734703429818e+00,8.812560016405093677e+01,-5.038071946415551139e+01,-2.393588806900417509e+01,-1.025107834852021860e+01,4.834781660132968284e+01,1.818897374124885502e+01,2.275600277053417742e+01,7.159000708131092949e+01,-2.088055878684371147e-01,1.344830236605900708e+01,-6.942428320891340832e+01,-4.708604617531644010e+01,1.105859260603636152e+01,-1.067327493654132269e+02,2.590356887922869689e+01,-4.193205861115120570e+01,1.342049511885572599e+01,-4.220990675050814822e+00,2.759033304488526639e+01,1.782850078805268268e+01,-1.386950265427985407e+01,9.738692222217938621e+00,1.162840512835348683e+01,6.942000700644628264e-01,-4.692211269125363771e+01,6.974570385089771207e+01,6.349854381801551817e+00
-4.017542426725412064e+00,-2.725418880954273604e+01,1.313806438047385861e+01,2.654960942414572855e+01,-1.696349476109444510e+01,-2.953106103034730268e+01,3.382779109816446805e+01,-1.801372231632346832e+00,3.774058923236901819e+01,-1.514261811367211408e+01,2.134265471350560439e+00,-6.952186132593271850e+01,1.089183345773449574e+01,-4.561445141529193670e+00,2.323828459181762440e+01,-1.055312035396325321e+01,9.136400959663083299e+00,7.326786845758728361e+01,-1.590476338538994661e+01,-5.334063814647927337e+00,-2.742986264282085074e+01,-6.210121444565610105e+00,-2.058421232254609823e+00,-1.517920991099170891e-01,6.864093747000284296e+00,-1.478804845433533011e+01,-2.162816953927008967e+01,1.805837091107339809e+00,8.210266428728541399e+00,5.006612612832357456e+01,3.139756461253362829e+00,2.798575226519928094e+01,1.542984843322723876e+01,1.710423281743351609e+01,-4.007793834866684790e+01,9.100548507264658582e+00,5.142733734075595642e+00,-2.512218672500495487e+01,7.836363619678294867e+00,3.589664261843208237e+01,-1.451809783270347332e+01,-8.253005109846212051e+00,-5.364247865473456223e+00,5.699524665448508642e+01,2.095534134283054684e+01,2.908701481445722692e+01,-3.946035409214510992e+01,-1.394925013570214034e+01,3.290222425063156919e+01,-1.152137751793830134e+01,5.661762756004431196e+01,-1.651858873000479733e+01,1.318267174158957644e+01,-2.161171671659005611e+01,-1.804045755172694721e+00,2.370221389943480261e+01,-2.988554857909440443e+01,-2.008021290120865388e+01,-1.472982863947598631e+01,8.122899988541824712e+00,9.214131999572671816e+00,-1.381811091154185789e+01,2.920844316043228872e+01,2.176487800186946231e+01,-2.924369786259874715e+01,-1.249219743553000583e+01,-1.605090893219767167e+01,-4.529724616969375006e+01,-3.807109586571870707e+00,1.318424022771835524e+01,-7.487409649639738873e+00,6.567422372841679179e-01,3.843580489517539611e+00,4.577830013622288163e+01,-2.909532288606858685e+01,-1.410819250860431850e+01,-6.180276262560058242e+00,2.987869813135329977e+01,6.844124506742605973e+00,1.084370736589390560e+01,3.428919555932390750e+01,1.277600454399627328e+00,1.640014346988139415e+00,-3.666014418169884692e+01,-2.587672012662482857e+01,6.874409285655124435e+00,-4.621223821402178089e+01,1.181071104518684578e+01,-1.599014505322458213e+01,1.370697606595538787e+01,-6.859561566976872804e-01,1.400671767569746073e+01,4.021328370906330107e+00,-7.793128329349123362e+00,1.598100067457367146e+01,1.860716996267302470e+00,-1.344105815017860861e+00,-2.506731214383427542e+01,3.463728890250392567e+01,5.478243490420831030e+00
-9.603678459383238053e-01,-3.489642649180333844e+00,2.157958663738738458e+00,5.256735684436825373e+00,-1.982419487421091420e+00,-6.309344407545882660e+00,7.111010855335779368e+00,-1.143676359936694809e+00,6.582098589509609354e+00,-1.906994912221213756e+00,-4.123135275891032236e-01,-1.250827949311907084e+01,2.922322862975112123e+00,-1.207635975502378223e+00,3.113935402984636891e+00,-2.908401256490632303e+00,1.202185809512978487e+00,1.418389248407544834e+01,-2.788056167159146170e+00,-7.586226611703233980e-01,-5.542050768494940272e+00,-1.004113022843788450e+00,-1.462379186485626148e-01,-5.258459560504044061e-01,2.466981624429318565e+00,-2.500933306047615101e+00,-3.024239918192338283e+00,-5.018448103645716252e-01,1.170315552557019245e+00,8.386526032994050084e+00,-2.368994165091752979e+00,4.230939789192931677e+00,2.514211162048388015e+00,3.750983482223804621e+00,-7.451578665371146215e+00,1.970846107407375758e+00,2.457506698503897358e-01,-3.032528195437728780e+00,1.112024556666706410e+00,3.919012172349589207e+00,-2.621121545394022423e+00,-2.077362507615404308e+00,-1.813264622300805096e+00,1.115303807807661229e+01,4.102515086296889102e+00,5.559827922247066567e+00,-7.059864860353270544e+00,-2.473288064952139820e+00,6.353453453191987954e+00,-1.372110848556503671e+00,1.057613872340885841e+01,-3.247889583386188495e+00,1.119176969545000677e+00,-3.535794473919371406e+00,-1.119861049586861057e-01,3.449632702597922318e+00,-4.994345398061159180e+00,-3.138788566355759535e+00,-2.571742828266017966e+00,-6.088650136358624287e-01,9.298441622291691022e-01,-3.184136471744607011e+00,6.556147300396156119e+00,5.053426991585777905e+00,-5.421765757655135687e+00,-2.769999164528474722e+00,-2.706418770924761130e+00,-8.144385296470620261e+00,-4.663826781741947092e-01,3.073997521195304117e+00,-1.369278744824041105e+00,8.144956215075004058e-02,1.168452019414691678e+00,7.835857762104851076e+00,-5.464735607066348422e+00,-2.692300098869500058e+00,-1.199566541594220714e+00,5.903585334963893594e+00,7.399922904963719406e-01,1.694195119182106302e+00,5.388883467704371100e+00,4.483360946738544905e-01,-6.050153483292988188e-01,-6.373945091989378753e+00,-4.664100625767285457e+00,1.363887314850585231e+00,-6.380562264239411974e+00,1.749031230559660699e+00,-1.777359322856796320e+00,3.462181458954018520e+00,1.322227302594670695e-01,2.343589267343693550e+00,-1.798527132214804425e-01,-1.431433673956213903e+00,4.545078851702575307e+00,-3.740369408437527188e-01,-5.125153356284185557e-01,-4.405557695024143960e+00,5.664874492125743899e+00,1.298852306496816045e+00
-2.775350608112591377e+00,-2.605810963308950789e+01,1.142439937528621918e+01,2.094534033968296427e+01,-1.667218425255297021e+01,-2.219253533003233869e+01,2.569956887696692149e+01,4.598903475586788581e-01,3.190221354070518700e+01,-1.455425183681932388e+01,3.679205566595106891e+00,-5.785062328186601377e+01,6.762448941779210188e+00,-2.870842322298524429e+00,2.188744204645562164e+01,-6.368218978888540605e+00,8.658107921339304625e+00,5.857376614223244360e+01,-1.341038121430814201e+01,-4.919173012964737524e+00,-2.137441861112096930e+01,-5.438140065774964782e+00,-2.248497736138339587e+00,1.065229993365029992e+00,2.767174773622295803e+00,-1.268717565135695047e+01,-2.006962907093967274e+01,3.478669423626675972e+00,7.565367976074884204e+00,4.314605597866543718e+01,9.624896950639339366e+00,2.520968762916481509e+01,1.346548259760562161e+01,1.262280904522112479e+01,-3.277415218659217544e+01,6.775698751151498556e+00,5.903491707235238195e+00,-2.445976175656318219e+01,7.232769959738341470e+00,3.593987806574740063e+01,-1.205920059967407632e+01,-5.451396946810751487e+00,-2.436592644688541753e+00,4.527940254858161495e+01,1.664326291156165638e+01,2.342348950726803736e+01,-3.293090045685526235e+01,-1.169456820089093085e+01,2.634199454752834058e+01,-1.126215044752676775e+01,4.618162865565784614e+01,-1.308607746071175626e+01,1.396346977013813984e+01,-1.882620783126328945e+01,-2.009304536739684899e+00,2.167064340216356300e+01,-2.578289923172075504e+01,-1.784210930235561321e+01,-1.244445373192683846e+01,1.170748012517855230e+01,9.407133322425190514e+00,-9.830068638131383096e+00,2.119546784587552679e+01,1.539225837599497737e+01,-2.395122499274862093e+01,-9.146399491190180697e+00,-1.378995727133114357e+01,-3.770579242308290446e+01,-3.690417938768106865e+00,9.293275183229431136e+00,-6.177483189618597770e+00,6.342304655623243193e-01,2.058448642455795952e+00,3.905035532746568805e+01,-2.366125354678072767e+01,-1.137171996907098581e+01,-4.933322018658438779e+00,2.360109833177607541e+01,6.869610558326362693e+00,9.637028534135282598e+00,3.039794571028875936e+01,5.409535211288077905e-01,3.515963407819077347e+00,-3.103604271599515485e+01,-2.151250338481218805e+01,5.416676241962039562e+00,-4.307631659523072898e+01,1.072646091589819228e+01,-1.593378954199909359e+01,9.025251495447324857e+00,-1.181796066389499522e+00,1.207709062429696090e+01,5.505345452164656095e+00,-6.414788118192814359e+00,9.307181580262074760e+00,3.242464782360274356e+00,-4.714992499879361865e-01,-2.110885424622555462e+01,3.017764842135376568e+01,3.809956924026747682e+00
-6.401958977744502954e-01,-5.194465042001747968e+00,2.370120220036801229e+00,4.537415120714254790e+00,-3.286492231120115903e+00,-4.916837520367362657e+00,5.664974666097855938e+00,-8.634673134337333966e-02,6.700608139479099279e+00,-2.895052743418519370e+00,5.997431884786786904e-01,-1.223526118468074486e+01,1.645913157970331886e+00,-6.938649611633880276e-01,4.390080590412599904e+00,-1.573068384528250929e+00,1.732229694603802495e+00,1.261260410531395060e+01,-2.819793752042014212e+00,-9.953452121077788206e-01,-4.656603145047245818e+00,-1.124791534009750738e+00,-4.253433820610575955e-01,1.136048038106862168e-01,8.612603606426740832e-01,-2.647524792282960338e+00,-4.050423114432140537e+00,5.505105223640154311e-01,1.531308379759766636e+00,8.986089403607643078e+00,1.378350996954785579e+00,5.151613543979895127e+00,2.789239897481222030e+00,2.820604149267631922e+00,-6.985600178948491390e+00,1.507755613712943088e+00,1.096337769994490063e+00,-4.839945870136404871e+00,1.462976801512806846e+00,7.032269104701354578e+00,-2.552516943303357433e+00,-1.285694948338670152e+00,-7.053440951411726889e-01,9.777780430268007805e+00,3.594445175600227138e+00,5.027163017954708657e+00,-6.955888520240503858e+00,-2.465207463125600906e+00,5.668435463970558530e+00,-2.224913887944265145e+00,9.854575242371728550e+00,-2.829480429961841903e+00,2.672607388650193538e+00,-3.902711140238925847e+00,-3.773343849463277055e-01,4.400735668749046425e+00,-5.367298127296086463e+00,-3.667365724208250910e+00,-2.614400127988091516e+00,2.012280332833880525e+00,1.826499887401053401e+00,-2.235410223153432074e+00,4.774256363819366022e+00,3.510266268588309035e+00,-5.101531660047904815e+00,-2.051479967278942329e+00,-2.875892824566758765e+00,-7.973462748224243057e+00,-7.315432360502878151e-01,2.122754879846213250e+00,-1.311485401819054042e+00,1.259137425493861984e-01,5.422027644835996085e-01,8.169323720807422973e+00,-5.055810778248044812e+00,-2.439585271772122255e+00,-1.063014899233305499e+00,5.109828978309030489e+00,1.342816810103784286e+00,1.980677716740887551e+00,6.254257276059488113e+00,1.633553222873266875e-01,5.419684069672815463e-01,-6.514332203798967491e+00,-4.551721304264547463e+00,1.174077476381127028e+00,-8.677278498412746899e+00,2.184397263884822138e+00,-3.123616855394076186e+00,2.131964389685860439e+00,-1.926752081549081563e-01,2.514736739506238994e+00,9.619828331069063543e-01,-1.363276733511812111e+00,2.342536183653934678e+00,5.269749804150348771e-01,-1.603635288846130269e-01,-4.441053719480972717e+00,6.255465291086647284e+00,8.759667267054083162e-01
-3.452057786810400763e+00,-9.966148053289229480e+00,6.919672539608643369e+00,1.796697476635129576e+01,-5.360072573662536755e+00,-2.204018476679777905e+01,2.472972266574413425e+01,-4.718469469725503629e+00,2.158106511177566844e+01,-5.395530346334992622e+00,-2.267996460181687546e+00,-4.145925533514105865e+01,1.077585594241077160e+01,-4.440760692535961951e+00,9.113435491177707348e+00,-1.078293460102979928e+01,3.484812424926585273e+00,4.814693253443520149e+01,-9.157932398463733747e+00,-2.286886199557499832e+00,-1.905635293108839790e+01,-3.200039178138000651e+00,-2.310347763515470110e-01,-2.307247726953694844e+00,9.571463170070776627e+00,-8.108672691281809009e+00,-9.042515291432074775e+00,-2.599208890749967971e+00,3.531714372229184384e+00,2.709424542083453957e+01,-1.117310200294782518e+01,1.311332058566584280e+01,8.037006347719792387e+00,1.319528645030633207e+01,-2.497117304420639172e+01,6.909942917358009140e+00,4.537900652041049199e-02,-8.367793609086334072e+00,3.348672213233665040e+00,1.011524701115834901e+01,-8.698063605365925710e+00,-7.556172198175010735e+00,-6.970178376687576005e+00,3.798432012510348699e+01,1.397406414418490783e+01,1.879791069467125553e+01,-2.335520166578146473e+01,-8.156574579709470640e+00,2.154975911027857194e+01,-3.754666654549707161e+00,3.549605560386900294e+01,-1.107756146100862971e+01,2.291670974650521941e+00,-1.132048064018450440e+01,-1.305398638150712110e-01,1.051162352054398852e+01,-1.612088100190284834e+01,-9.867102668954526479e+00,-8.435382252370500211e+00,-4.361575241065628106e+00,2.258021703158242133e+00,-1.134405159342245639e+01,2.320329056412776936e+01,1.803740387082183361e+01,-1.815211136293471128e+01,-9.772629705536949984e+00,-8.765170418207439695e+00,-2.698878057089648763e+01,-1.298420765477931171e+00,1.098341263925214406e+01,-4.563612923664340570e+00,2.284143859910239827e-01,4.412727182456532837e+00,2.551895132699523927e+01,-1.837339309065441384e+01,-9.098036691132172393e+00,-4.075196532259199422e+00,2.016518895874139261e+01,1.896514775951431808e+00,5.324817528531077038e+00,1.697835846442109542e+01,1.733325153489303716e+00,-3.024183439346921354e+00,-2.087555416575822775e+01,-1.546887518486932223e+01,4.664480869215266168e+00,-1.895964218095566522e+01,5.371709462450464656e+00,-4.646505516119076695e+00,1.260300493852264658e+01,7.276237333010238117e-01,7.568168521101587665e+00,-1.618675675057113850e+00,-4.777722028872586790e+00,1.695496405178261057e+01,-2.042090955524177964e+00,-2.005152383821942053e+00,-1.448411072430037549e+01,1.813465463627894181e+01,4.659640954859668227e+00
-4.398889489946569142e+00,-2.847465156218108007e+01,1.394129291030266415e+01,2.857746118990772288e+01,-1.763749240474556146e+01,-3.199545078845095958e+01,3.659819820647325628e+01,-2.294450949937533402e+00,4.022100727368316342e+01,-1.580631792893558796e+01,1.920162161612525509e+00,-7.426421914755135845e+01,1.206964726453873027e+01,-5.047381951070356365e+00,2.434146840841619763e+01,-1.172906765318796118e+01,9.560150673102846497e+00,7.871819236739699477e+01,-1.695648636186927405e+01,-5.607096194045385396e+00,-2.957509885622951984e+01,-6.582604331586882296e+00,-2.097604140257033567e+00,-3.873335871025287425e-01,7.888812682486630479e+00,-1.572465738298953752e+01,-2.271185794175291761e+01,1.555580334844656853e+00,8.631710967759145703e+00,5.320069107105555872e+01,2.028699613036287985e+00,2.953150637017155944e+01,1.636407634149939128e+01,1.857524842666994047e+01,-4.292058434701115743e+01,9.871967917304221629e+00,5.186601089725045632e+00,-2.616400511713473165e+01,8.236359520996700212e+00,3.719822458376972918e+01,-1.551251960343362768e+01,-9.083602207152306818e+00,-6.113264942054844830e+00,6.128897864987628452e+01,2.253486719978931774e+01,3.121864707679784345e+01,-4.213412654744638530e+01,-1.488432215804733616e+01,3.534252797425834558e+01,-1.199074641927141727e+01,6.065570552701431239e+01,-1.777000375422356271e+01,1.351610322206826353e+01,-2.292668763148587985e+01,-1.831078045987287961e+00,2.495097470374881254e+01,-3.175132928658554832e+01,-2.123585091027785055e+01,-1.569918207574920110e+01,7.741834329790615143e+00,9.513851007582548647e+00,-1.507598311794944834e+01,3.178852479794240438e+01,2.376335967167361929e+01,-3.131092237111400678e+01,-1.358031458510122214e+01,-1.706384862595484009e+01,-4.838469375570145559e+01,-3.968072133285386549e+00,1.440063806069014696e+01,-8.008162063755563054e+00,6.849591121292303297e-01,4.321189619833868178e+00,4.872010664317594575e+01,-3.118389376228826038e+01,-1.514011667195001465e+01,-6.641434566432120157e+00,3.215526933838198431e+01,7.089028015155555806e+00,1.146740767604804212e+01,3.627569911576316741e+01,1.463433723607404424e+00,1.345320542821274223e+00,-3.906064491278414152e+01,-2.764566479405202415e+01,7.400729022054276740e+00,-4.849102693632806904e+01,1.244655660043720324e+01,-1.658422452473399034e+01,1.509189124107097157e+01,-6.172764879813004146e-01,1.488245489468433114e+01,3.887591657481141105e+00,-8.337964840961863189e+00,1.782537048651016320e+01,1.667474239746921327e+00,-1.558060446841952329e+00,-2.673004039584473546e+01,3.674391251249148382e+01,5.993413807840791918e+00
-2.986728706272873346e+00,-4.519201796745128519e+01,1.786456232296665192e+01,2.871813301919774020e+01,-2.969073464629477854e+01,-2.813348773796502300e+01,3.318555626005672821e+01,4.537037347571438950e+00,4.816083749887116028e+01,-2.537167467826492739e+01,9.188701393222531877e+00,-8.555740614550099110e+01,5.470908378996446331e+00,-2.424838446988331508e+00,3.739170346975657111e+01,-4.666596934994458934e+00,1.488305228537078939e+01,8.191323092137277229e+01,-2.017902672404578723e+01,-8.221394968658882974e+00,-2.875533321904882200e+01,-8.575396037840773644e+00,-4.380039753839157335e+00,3.921495188227836159e+00,-1.705277235355402876e+00,-1.951512859842765835e+01,-3.376210902196036301e+01,9.035374662014120872e+00,1.263279092886223332e+01,6.673411176819330137e+01,2.804139503497933461e+01,4.106815036904534111e+01,2.114711546253948526e+01,1.549834119394813747e+01,-4.733765260650174866e+01,8.451450455744836887e+00,1.192869616780563646e+01,-4.317418003703549090e+01,1.209863490291964894e+01,6.510340676424242190e+01,-1.779222831898912816e+01,-5.274024448084711381e+00,3.877269428349503499e-01,6.273692308437466636e+01,2.305073788015473468e+01,3.310521385636490521e+01,-4.888995953083605173e+01,-1.746702075827603551e+01,3.691702781277225398e+01,-1.995394061730403834e+01,6.646639561768932936e+01,-1.805516528756526995e+01,2.654591676914348852e+01,-2.950188379450669984e+01,-3.972098705756812453e+00,3.588409908186183372e+01,-3.993187764499810299e+01,-2.861804901776496735e+01,-1.877363761767686512e+01,2.705748674707616885e+01,1.733825542853320556e+01,-1.125328806045422425e+01,2.522428726582477054e+01,1.741105730730995305e+01,-3.466807763577408963e+01,-1.106846008333683962e+01,-2.124831759150676191e+01,-5.579005051390385006e+01,-6.486556849901033317e+00,1.044102211030886984e+01,-9.031849956898117426e+00,1.110745234792454461e+00,7.999492977283996220e-01,5.963779434153390469e+01,-3.391138647566492637e+01,-1.609346235741434228e+01,-6.883736745359614773e+00,3.242048841746555610e+01,1.247219456956205441e+01,1.546099754431953421e+01,4.862908100386649579e+01,-2.280835242755274994e-01,9.435645827120122675e+00,-4.694458572920251527e+01,-3.177611791264181562e+01,7.413015630604145478e+00,-7.280790426532377069e+01,1.763289438189495684e+01,-2.873957505094090692e+01,8.660450148799387904e+00,-2.950827726593125089e+00,1.869176126108260050e+01,1.239325215800390367e+01,-9.349159264018293669e+00,5.906731146927647558e+00,8.131050901336900338e+00,5.765173351014457603e-01,-3.171052110401404178e+01,4.729920040583500906e+01,4.160712755822655318e+00
-5.640637312899498212e+00,-5.548306022156803152e+01,2.403828791338908388e+01,4.347805225417782538e+01,-3.561271606884152874e+01,-4.572944772679689862e+01,5.304512729053683273e+01,1.529224048401248481e+00,6.687226468360123022e+01,-3.100818942322776550e+01,8.246791928210704725e+00,-1.210031308950303384e+02,1.347831302437633028e+01,-5.736953567757246297e+00,4.651942384958378796e+01,-1.262117695007313500e+01,1.841539610578297825e+01,1.218223767261246877e+02,-2.810067529837433398e+01,-1.042835793767664399e+01,-4.428766658238497911e+01,-1.145303137940255134e+01,-4.858190563031445919e+00,2.573163291021127730e+00,4.935185155072774776e+00,-2.664765348022887181e+01,-4.257876693081857411e+01,7.848411565788889099e+00,1.603649152290858382e+01,9.067640965521817975e+01,2.216268308679389776e+01,5.328645416686749314e+01,2.834633428216168127e+01,2.593620864894818823e+01,-6.838530012739536801e+01,1.394154155238961224e+01,1.281837902741347790e+01,-5.219077374417777548e+01,1.533459705455167921e+01,7.693133804466907577e+01,-2.521734005382910837e+01,-1.099228985954336935e+01,-4.509429285305483148e+00,9.408661815973214004e+01,3.458186169367891694e+01,4.876767201209701597e+01,-6.890738770278116476e+01,-2.448614287127611533e+01,5.479795613394467324e+01,-2.404153338984231780e+01,9.632604927229319003e+01,-2.718050139285604416e+01,3.007370987410143570e+01,-3.962182993544674758e+01,-4.349912099185130998e+00,4.589137000417392898e+01,-5.419358939125702079e+01,-3.764751462887059574e+01,-2.608370116559506613e+01,2.592096727047398019e+01,2.018028369796449795e+01,-2.007789856927316663e+01,4.343292358449651402e+01,3.140781376532822122e+01,-4.998658563546445777e+01,-1.876943724778067946e+01,-2.896932308237363429e+01,-7.887100045750675292e+01,-7.870356836496573472e+00,1.895241189662316472e+01,-1.290578467120394635e+01,1.351997193891049776e+00,3.975434230759858689e+00,8.195681836657084318e+01,-4.933184646341042168e+01,-2.367905606421544817e+01,-1.025812365386816438e+01,4.899981793295712862e+01,1.470893951152762291e+01,2.033501524338201349e+01,6.412196364310747754e+01,9.802619894210369278e-01,7.977179234671663899e+00,-6.507006566074227294e+01,-4.499076951964187998e+01,1.124183546407399348e+01,-9.143908145539735699e+01,2.269619472133128824e+01,-3.408897579736539285e+01,1.818820656502766298e+01,-2.648849833240464413e+00,2.538317699757882195e+01,1.214053635351385552e+01,-1.339719360998719822e+01,1.831154212349171928e+01,7.272722922451779759e+00,-7.988467580628829667e-01,-4.422463559863734872e+01,6.351349366066700242e+01,7.752287075602653843e+00
-4.657738324499861804e+00,-3.244865385154448489e+01,1.550818460051065806e+01,3.108702454485998601e+01,-2.024998699221456278e+01,-3.444789855071466889e+01,3.949276576426232310e+01,-1.887718962975720061e+00,4.444119737184811214e+01,-1.803767085709063522e+01,2.734008659829239463e+00,-8.175712251061347047e+01,1.253774661570482785e+01,-5.255310102692581253e+00,2.762836518223022253e+01,-1.212618873849150347e+01,1.086863065426688379e+01,8.588047256290124665e+01,-1.872455713743195815e+01,-6.329409026755707046e+00,-3.208646578786809300e+01,-7.334912978575360398e+00,-2.483764614315667529e+00,-3.818729529923059474e-02,7.725354107642957935e+00,-1.743557324661829355e+01,-2.567859265370223198e+01,2.356347613471355018e+00,9.741574808488307369e+00,5.905221553193121053e+01,4.518107458208149296e+00,3.313736580917917252e+01,1.821908833070845901e+01,1.992483696670114668e+01,-4.706353852761532863e+01,1.060830412097759989e+01,6.239071504070085261e+00,-2.996213259514136595e+01,9.299340421191102379e+00,4.292891172313343873e+01,-1.707061477600683119e+01,-9.538700058184883090e+00,-6.069591960614628690e+00,6.677302708475309601e+01,2.454978651843077486e+01,3.411417783241193291e+01,-4.641624261238561644e+01,-1.641445759882774169e+01,3.857065971460212239e+01,-1.374629140588256604e+01,6.647220280241604939e+01,-1.934806915996663790e+01,1.585527913023976865e+01,-2.551442785682898062e+01,-2.181380140119022482e+00,2.810294956818384549e+01,-3.525284670639048556e+01,-2.374757862541690301e+01,-1.734422876746407738e+01,1.013518032137570479e+01,1.104063188697372588e+01,-1.605352113469528774e+01,3.398269952425165741e+01,2.527514427045777268e+01,-3.434522952264664752e+01,-1.454367740280894772e+01,-1.892680175676443000e+01,-5.327070891791800022e+01,-4.538652822622159633e+00,1.530699510756456938e+01,-8.798895051458792693e+00,7.826559798335541718e-01,4.385783254001139220e+00,5.394762385703030105e+01,-3.415113366431662456e+01,-1.654777778037644254e+01,-7.243291161793362853e+00,3.498852710966232848e+01,8.186941316846391814e+00,1.282438508263479093e+01,4.054345283538339118e+01,1.440955776686954071e+00,2.181982753955421295e+00,-4.317447638549781175e+01,-3.042844143088937514e+01,8.048486762036251463e+00,-5.488951671243452779e+01,1.399510830907166614e+01,-1.911376190861866320e+01,1.583894045564124831e+01,-8.786313648525954090e-01,1.652145441520369928e+01,4.983311204013237905e+00,-9.156405062860935473e+00,1.832353685822760525e+01,2.387691976682336126e+00,-1.504469343902473666e+00,-2.950836586331525169e+01,4.089275419359057651e+01,6.354210217126238902e+00
-5.809698049331773362e+00,-4.748611172789784263e+01,2.162124710814750728e+01,4.130147004104907893e+01,-3.006222537405678708e+01,-4.470569467631806049e+01,5.152080302410089985e+01,-7.017998437640988740e-01,6.108698994015725248e+01,-2.646868819598056888e+01,5.548401010792685994e+00,-1.115049253589900502e+02,1.489990348676374587e+01,-6.283289863733866554e+00,4.011940990145674846e+01,-1.423115640247713642e+01,1.583237835905719493e+01,1.148397851321781928e+02,-2.570556428237122049e+01,-9.091868544657106810e+00,-4.237449625572865841e+01,-1.026244022219673369e+01,-3.899601637449265912e+00,1.087099955000490059e+00,7.721073139331534385e+00,-2.414455940158900660e+01,-3.700320334691691215e+01,5.102884938058860342e+00,1.398730575871367066e+01,8.195842027337168645e+01,1.286616042540267202e+01,4.703227364378343367e+01,2.544667981607341645e+01,2.563536114711816793e+01,-6.363761534768534744e+01,1.370615907965229852e+01,1.006194185853282619e+01,-4.426286977159924874e+01,1.336363952846607717e+01,6.435166030145363436e+01,-2.326118863279932825e+01,-1.165553191486887741e+01,-6.340009267114959712e+00,8.901558839738925144e+01,3.272313978755786934e+01,4.578067656078017222e+01,-6.339598113863476669e+01,-2.247022558308974283e+01,5.161372134987276183e+01,-2.034932591494489884e+01,8.976830630641994446e+01,-2.575755820405343854e+01,2.448664722158720508e+01,-3.560361141499164717e+01,-3.460880222689493912e+00,4.019032006771086429e+01,-4.895411229748051340e+01,-3.347142627993704878e+01,-2.383423942813631768e+01,1.855373521616883181e+01,1.672123618649673560e+01,-2.029971756703752561e+01,4.337463592739452167e+01,3.187235652818073817e+01,-4.647569367219644221e+01,-1.864172022730820544e+01,-2.622802674162112524e+01,-7.266598235665087202e+01,-6.689552215070511565e+00,1.927263781618525584e+01,-1.194980065113134593e+01,1.151315695482313606e+00,4.891786664457447031e+00,7.449197223057316819e+01,-4.605178587497839260e+01,-2.221694542899103197e+01,-9.678589018166645630e+00,4.651313816983319072e+01,1.228866856902495286e+01,1.807739156299886574e+01,5.707864024742803366e+01,1.466035317822893980e+00,5.032653109211858933e+00,-5.939081047728583940e+01,-4.148082074520266360e+01,1.068665242446384234e+01,-7.928041199980850706e+01,1.994634420989570600e+01,-2.858098454741421790e+01,1.932602195431538661e+01,-1.782475924666635292e+00,2.293614908528195784e+01,8.860756525097730929e+00,-1.242105360566169381e+01,2.117507868468493726e+01,4.876148478723353996e+00,-1.433347481639391408e+00,-4.048398819152699701e+01,5.706749163479817355e+01,7.950514690216349933e+00
-6.511681293685512628e+00,-6.289758448259524926e+01,2.737575046696698067e+01,4.977660564971694157e+01,-4.032200137425741815e+01,-5.250525296028101963e+01,6.086469717616856201e+01,1.493527560714603020e+00,7.626884897634828064e+01,-3.514361359855119105e+01,9.168602627882155076e+00,-1.381217556864832261e+02,1.568117214965465855e+01,-6.667570873944977272e+00,5.277249776785760815e+01,-1.471723438618947810e+01,2.088485967789655362e+01,1.393649301887381000e+02,-3.205354492213572826e+01,-1.184184913178802745e+01,-5.073979571917773512e+01,-1.303850833923835317e+01,-5.476571824581125014e+00,2.783883330910609910e+00,6.012249798017966995e+00,-3.036845019849218019e+01,-4.833584910925897304e+01,8.704501045611058530e+00,1.821084692347548284e+01,1.033135688150452012e+02,2.439585010711679658e+01,6.057770904280601343e+01,3.227602060337995482e+01,2.981262350171605746e+01,-7.813399980890663699e+01,1.601644304054206458e+01,1.442285808884594900e+01,-5.911691823186760786e+01,1.741241554277610248e+01,8.703406525271223870e+01,-2.878768369543110595e+01,-1.272960360151393644e+01,-5.408212675617108722e+00,1.076736146664824929e+02,3.957642441232074759e+01,5.576737672008371760e+01,-7.864365739956062384e+01,-2.793905373882551046e+01,6.268374676175884019e+01,-2.722723788350288388e+01,1.100733465661312351e+02,-3.111063913720385443e+01,3.394310009753000656e+01,-4.511881255430953530e+01,-4.899927066574381485e+00,5.213315777010644325e+01,-6.174283042102486263e+01,-4.282783389348684011e+01,-2.974971103496610425e+01,2.895139706192430751e+01,2.281137789593881848e+01,-2.313302298626993192e+01,4.997758184814164650e+01,3.620097336439913960e+01,-5.710760650157706664e+01,-2.158545487036561994e+01,-3.301189089162262036e+01,-9.002741304214204376e+01,-8.916575516322007289e+00,2.184951206828048953e+01,-1.473841222258830186e+01,1.531978303992383994e+00,4.684513854915251407e+00,9.342829332234389028e+01,-5.638166347761818997e+01,-2.707634368239296307e+01,-1.173631202080645153e+01,5.609427541297779385e+01,1.663873554546624334e+01,2.313289299152260625e+01,7.295347633236231388e+01,1.186127678170267874e+00,8.828933204421634429e+00,-7.420745628015035322e+01,-5.135831163194659865e+01,1.287131878502628446e+01,-1.037804878960218247e+02,2.579147432411551222e+01,-3.857348746031102849e+01,2.106764608462355426e+01,-2.944974152140665602e+00,2.891992837809836558e+01,1.358028245178687854e+01,-1.530154098570062615e+01,2.141562739141772909e+01,8.083635837973435656e+00,-9.951041597352598966e-01,-5.044906652559684090e+01,7.232453876422532346e+01,8.945344159805854289e+00
-3.471231774555088911e+00,-1.026051859324207705e+01,7.035738590735161502e+00,1.815286834819961115e+01,-5.553590691252834333e+00,-2.222184756400249483e+01,2.494413507743221459e+01,-4.688341174394999200e+00,2.189367178571381345e+01,-5.560815748420552929e+00,-2.207711534387856833e+00,-4.201428521388639581e+01,1.081052996842307579e+01,-4.456162777841312206e+00,9.356909326275044236e+00,-1.081235097771895148e+01,3.581736867975773286e+00,4.867747180817625718e+01,-9.288900604060970068e+00,-2.340390853832338358e+00,-1.924238011120977276e+01,-3.255765744581591736e+00,-2.596392559114457654e-01,-2.281385038671969401e+00,9.559355127489764570e+00,-8.235407199698753899e+00,-9.262273418243136547e+00,-2.539892796036879119e+00,3.613926508579492491e+00,2.752769167719570120e+01,-1.098870142182398268e+01,1.338042128485159310e+01,8.174414643216760368e+00,1.329525597179012664e+01,-2.527805853906595956e+01,6.964486339852333785e+00,1.233397779533769167e-01,-8.649136385234971414e+00,3.427411539173990995e+00,1.053974235481491917e+01,-8.813478062593571138e+00,-7.589883150103350573e+00,-6.966943341025337411e+00,3.839054593509435875e+01,1.412331742704723681e+01,1.901239445434637432e+01,-2.367239544836955289e+01,-8.269917945693205041e+00,2.178887997993366810e+01,-3.884707023928310576e+00,3.592690725389876150e+01,-1.119445519476737516e+01,2.464943264144707769e+00,-1.151216510132102933e+01,-1.564881670840885253e-01,1.074510314013176782e+01,-1.638025266262913959e+01,-1.005315657377964200e+01,-8.557237562867898717e+00,-4.184290352800065449e+00,2.371116583113144216e+00,-1.141646181688511064e+01,2.336582202533586283e+01,1.814938791517621297e+01,-1.837687485564083190e+01,-9.843989914256042084e+00,-8.903166946415556282e+00,-2.735070761994956712e+01,-1.340686001725099219e+00,1.105055019827987906e+01,-4.622185737568282882e+00,2.356511910061591109e-01,4.417511896098552882e+00,2.590617482431778384e+01,-1.859318863895281382e+01,-9.202307884348943645e+00,-4.119778502285957877e+00,2.037505990476215700e+01,1.977841687187789965e+00,5.425334373463429394e+00,1.729448836957814706e+01,1.731660120384085122e+00,-2.962208460744391481e+00,-2.118028242299627806e+01,-1.567500678759801502e+01,4.712462924028745448e+00,-1.943360438659318135e+01,5.486416996423388426e+00,-4.833878655666087987e+00,1.265834191737970471e+01,7.082641127920388247e-01,7.689575892991911132e+00,-1.537511264202883865e+00,-4.838347230494740359e+00,1.699186526450242241e+01,-1.988741493528962234e+00,-2.001182672493091452e+00,-1.468991261077967181e+01,1.844197624228628385e+01,4.686366614806738440e+00
-5.597411722542892321e+00,-3.826870048158932036e+01,1.840097777307712335e+01,3.709703606215835237e+01,-2.383773703562092550e+01,-4.121755186773556545e+01,4.722607164935617874e+01,-2.439745017624260548e+00,5.282129715539913661e+01,-2.126548715346990193e+01,3.064113403112700418e+00,-9.726436200133112209e+01,1.514368014234692694e+01,-6.343689350169324115e+00,3.261621213673112152e+01,-1.466518855565643165e+01,1.282561089889164485e+01,1.024068696284219868e+02,-2.225873028988877422e+01,-7.482346772240108024e+00,-3.831608971566366506e+01,-8.699366177969643843e+00,-2.901829803864661272e+00,-1.634218930275341819e-01,9.482242188103947811e+00,-2.070485639429493574e+01,-3.034395136053242581e+01,2.607615066591515429e+00,1.151667545548815141e+01,7.010586594879319478e+01,4.680694612228524676e+00,3.923233901572709215e+01,2.161279744171300266e+01,2.386349803605172326e+01,-5.604728456963099603e+01,1.269935719687542175e+01,7.261637334002723598e+00,-3.529314740689094521e+01,1.099268610106207511e+01,5.047040059290053904e+01,-2.031061544103939909e+01,-1.148817687288829248e+01,-7.421572172343046780e+00,7.965082663965516474e+01,2.928489202447804729e+01,4.066204884712271905e+01,-5.521080211918709324e+01,-1.951923627255817806e+01,4.598918284217407404e+01,-1.618774953871435685e+01,7.917248537357669136e+01,-2.308319999103207110e+01,1.856615308859428737e+01,-3.027042197964071946e+01,-2.544816055379262920e+00,3.324050932693378968e+01,-4.184885449621285858e+01,-2.813969992193430159e+01,-2.061542425440435622e+01,1.156756882061488767e+01,1.296246966701909820e+01,-1.926366435839429414e+01,4.073626663278241722e+01,3.033841762122909813e+01,-4.089757720041317413e+01,-1.742588605726452045e+01,-2.247379070711145133e+01,-6.337351666978729980e+01,-5.347785046930933817e+00,1.837646590277555347e+01,-1.047306421694292133e+01,9.224173222285152463e-01,5.330529967838706362e+00,6.408531958762243619e+01,-4.068315441032667934e+01,-1.972291063042091253e+01,-8.637896078593065852e+00,4.174988719968056472e+01,9.623494118109332973e+00,1.519606757246158324e+01,4.804881329530931566e+01,1.765975377016973269e+00,2.382820787918919159e+00,-5.131105456274410415e+01,-3.620192730333624809e+01,9.605149648454538891e+00,-6.484295382191336898e+01,1.656064814320976453e+01,-2.247891382595364007e+01,1.907892216848752298e+01,-9.847816848091937025e-01,1.961338395399822332e+01,5.714713410106795344e+00,-1.090007708972344780e+01,2.219424543394166349e+01,2.672816791515308488e+00,-1.853893573391808491e+00,-3.508061253240619237e+01,4.851486599894177942e+01,7.633571987410086024e+00
-5.470668347838623546e+00,-7.339650580329147544e+01,2.967522233124071107e+01,4.922299316793061053e+01,-4.795726881893222071e+01,-4.920601037662591892e+01,5.776070756531785122e+01,6.099449766719195587e+00,8.065047060045306182e+01,-4.116191244940989691e+01,1.397039106457616597e+01,-1.439675559370466829e+02,1.100895865478933189e+01,-4.805012882905890237e+00,6.092050145628615354e+01,-9.743607606954345357e+00,2.421659075637469627e+01,1.397115175954553195e+02,-3.381759783163264643e+01,-1.345754751397333315e+01,-4.952334497690416271e+01,-1.421780446444708801e+01,-6.950549672729840367e+00,5.664969973876544884e+00,-5.619857893912705293e-01,-3.253899749864537227e+01,-5.518755847935643288e+01,1.365537356043901518e+01,2.068246993666532774e+01,1.111299005020140669e+02,4.169023801935097140e+01,6.759916280177573356e+01,3.509373923882339597e+01,2.734072518843877830e+01,-8.010615454896061749e+01,1.484587384694338930e+01,1.879971613233442440e+01,-6.986337363252030741e+01,1.980046609641458133e+01,1.047932847778264431e+02,-2.995594600241400585e+01,-9.984320263511238025e+00,-9.360926212006015490e-01,1.072504067001339934e+02,3.940981080531322789e+01,5.631776409885326018e+01,-8.219267432146068586e+01,-2.932352340631602772e+01,6.293268567556180670e+01,-3.226395465828647957e+01,1.125727382673546799e+02,-3.089817419549079602e+01,4.232272539262809374e+01,-4.898253498379433069e+01,-6.285673977387665090e+00,5.885606487955818977e+01,-6.647678709704321420e+01,-4.726781633521074610e+01,-3.144353161507187977e+01,4.165203955112280454e+01,2.781168679606263083e+01,-2.024324578518841378e+01,4.488166136693563857e+01,3.142813102683903637e+01,-5.863621376997466683e+01,-1.960338069035612563e+01,-3.541474370879208777e+01,-9.386781096232000721e+01,-1.050553320091598408e+01,1.888376099073081349e+01,-1.523939902436764271e+01,1.800295088276117506e+00,2.239325755716133237e+00,9.960245087368599570e+01,-5.749340851607495040e+01,-2.736887428921310317e+01,-1.174738007669727580e+01,5.554263681161791766e+01,2.006662001435037013e+01,2.553528394341212504e+01,8.036659538024595406e+01,2.539167480892462470e-02,1.419155545813957531e+01,-7.857810794286433520e+01,-5.348543938004430487e+01,1.271185511631694709e+01,-1.188918804031841034e+02,2.896678263207769533e+01,-4.630068183479779975e+01,1.643849004326414232e+01,-4.486561162160477068e+00,3.112211041537759115e+01,1.916217977277828766e+01,-1.578672824419993681e+01,1.306672187822079678e+01,1.235455179794878511e+01,4.631244588505906146e-01,-5.316357420441537585e+01,7.852842203516068764e+01,7.587872589978600146e+00
-4.971384436401421247e+00,-6.705525902492617263e+01,2.708295528192835988e+01,4.485934474722932208e+01,-4.382522209837229354e+01,-4.480376350264310048e+01,5.260433858215087355e+01,5.627003388435404041e+00,7.357800101205107524e+01,-3.760754538830716598e+01,1.280433459226976645e+01,-1.313137740278397700e+02,9.966576323309086050e+00,-4.352631343606647718e+00,5.564887443706223280e+01,-8.808789281718134134e+00,2.212241467617629453e+01,1.273540184057810620e+02,-3.085096708155196765e+01,-1.229033637212198826e+01,-4.512343846345938658e+01,-1.297694710841076393e+01,-6.357049079402636416e+00,5.205777101853588107e+00,-6.082774755596096483e-01,-2.969144245482779709e+01,-5.040428563999333278e+01,1.251936927699761881e+01,1.888845300695388119e+01,1.014105831567384541e+02,3.825381386024907471e+01,6.172011168121661484e+01,3.202957667812878384e+01,2.488534118416544061e+01,-7.304665811836389366e+01,1.351512005758333856e+01,1.720012404083491830e+01,-6.383837614888592782e+01,1.808327384653839687e+01,9.577989186329264726e+01,-2.732231690292833548e+01,-9.060748142882594891e+00,-7.879438253014831028e-01,9.775402928377941691e+01,3.592014730219899832e+01,5.134244977336961568e+01,-7.497158018868847762e+01,-2.674901287811996298e+01,5.736763833654686096e+01,-2.948259888126972683e+01,1.026480931154717666e+02,-2.816100460848237930e+01,3.870013050493112416e+01,-4.470468104925910069e+01,-5.749717149178499298e+00,5.374629810814580111e+01,-6.066364094440337595e+01,-4.315010812725113709e+01,-2.868594752672535364e+01,3.815190165678849610e+01,2.542376416612073342e+01,-1.840978846286791537e+01,4.083581901019658744e+01,2.857746107539507818e+01,-5.347003566602425195e+01,-1.783980011298285717e+01,-3.231611732919621005e+01,-8.561788243916586794e+01,-9.599144449680482083e+00,1.716948987253140757e+01,-1.389823748014713800e+01,1.644912450512278079e+00,2.005462905056059952e+00,9.087917067620473688e+01,-5.242226460393765564e+01,-2.495137523777290056e+01,-1.070805902861766867e+01,5.061981506561555477e+01,1.834106403320652134e+01,2.331084808295949884e+01,7.336352129485185003e+01,6.191771820080349542e-03,1.301412019492147287e+01,-7.168885392592251549e+01,-4.878377613380244071e+01,1.158470050435706966e+01,-1.085922815820471783e+02,2.644999481755737136e+01,-4.231656307358807112e+01,1.491629720935530301e+01,-4.112077364289396186e+00,2.840039256789975752e+01,1.754811475565296064e+01,-1.439690477928817280e+01,1.178855581587137280e+01,1.132372139490914087e+01,4.434423730344504988e-01,-4.849897058622669022e+01,7.167033973858625018e+01,6.896622993221826370e+00
-2.830571643811929938e+00,1.082977884364015608e+01,-4.978180145903705611e-01,7.887489948302057741e+00,8.622752640115828981e+00,-1.336234840495435350e+01,1.415170955681341347e+01,-8.347730194428834238e+00,2.373113101388331536e+00,6.333520413502419899e+00,-7.653816365761822560e+00,-8.177569831769437414e+00,1.083757165937084466e+01,-4.377724630346966350e+00,-7.859220501367814471e+00,-1.126448478066544823e+01,-3.309268317118446490e+00,1.856133493487358166e+01,-1.141111603850905487e+00,1.368625116946360576e+00,-9.251161339569813791e+00,3.932895306144670311e-01,1.982596868691542280e+00,-4.966765466246478411e+00,1.303735830743364765e+01,-1.540090529314764034e-01,6.063290252288035198e+00,-7.994631514944363637e+00,-2.080471324114229859e+00,-2.785446959670554445e-01,-2.875514411075650756e+01,-4.691547307965578284e+00,-7.849668687316799787e-01,8.698784410117204047e+00,-7.104698383663150096e+00,4.380956668983619018e+00,-6.140633966848887404e+00,1.181045722773870210e+01,-2.035297620176535816e+00,-2.098660666815917253e+01,-1.797492429479253584e+00,-6.852381171702448981e+00,-9.050333441123036948e+00,1.562372887893292273e+01,5.763183394339562504e+00,6.662828443721094729e+00,-4.246579462617248168e+00,-1.279034951003570342e+00,8.175740816925241461e+00,5.601552970628586259e+00,1.052693319982287079e+01,-4.681718009298233341e+00,-1.088411593907479258e+01,9.576929296595189101e-01,1.898209050920175667e+00,-5.300812392849962862e+00,2.829356099550787151e-01,2.343555912761698501e+00,-9.540619646011585520e-01,-1.959644353661037641e+01,-6.142461730892000205e+00,-8.554344629498043417e+00,1.635059231485627507e+01,1.385214720317112658e+01,-5.030888972334801146e+00,-6.655411650740436613e+00,-8.687561196247722828e-02,-5.274184320488229716e+00,1.722078546739262972e+00,8.518561540659312925e+00,-1.100634521413082600e+00,-2.871724656068712633e-01,5.186440326404570200e+00,1.408870559990141436e+00,-5.704995963102947876e+00,-3.187963349617962017e+00,-1.596750546645823610e+00,8.754421246992075467e+00,-4.072963110551746091e+00,-1.273627059205840073e+00,-3.713475243331482378e+00,2.319026479343689662e+00,-8.742134522384894524e+00,-2.109418035608497277e+00,-3.127118585519460758e+00,2.069848661953787694e+00,1.376167751989992993e+01,-2.342630859756042572e+00,9.034419173652665336e+00,1.149988564176941530e+01,2.457015155551739660e+00,-1.043503925064092064e-01,-8.494592283752513850e+00,-1.207576569001136413e+00,1.845569285410082827e+01,-6.817458510973247954e+00,-2.845168904080507488e+00,-1.911012784782486040e+00,-1.554503367200866570e+00,3.753626315723194384e+00
-4.686815540532307089e+00,-5.739015188399881140e+01,2.364016339512209797e+01,4.019260219008487667e+01,-3.732475298736671476e+01,-4.079487813121284745e+01,4.771473752393740142e+01,3.931521757240515225e+00,6.466768516701978342e+01,-3.215605078453656063e+01,1.029465431202951464e+01,-1.158803460939717951e+02,1.000989655376595167e+01,-4.329309349466971213e+00,4.776199613737500727e+01,-9.047513756653970063e+00,1.896511027411653316e+01,1.136498415892924925e+02,-2.713227361580361574e+01,-1.059212708082157484e+01,-4.058583008279472892e+01,-1.130891512576872948e+01,-5.327118385083493557e+00,3.964888684420047937e+00,1.017746336254266470e+00,-2.600025612848167711e+01,-4.338615990692959201e+01,1.000477113990564604e+01,1.628127650011298755e+01,8.870774803086288784e+01,3.005584134291951059e+01,5.345133296034890691e+01,2.793463975676802136e+01,2.281050414468741039e+01,-6.476526995246219087e+01,1.234746793819893718e+01,1.432116060631000032e+01,-5.445857572173535033e+01,1.558206305914431944e+01,8.131851762629591462e+01,-2.412251289078128735e+01,-8.743433345924822575e+00,-1.765508252704307557e+00,8.739866756028362715e+01,3.211766065403862314e+01,4.572013967396517131e+01,-6.610989659179452360e+01,-2.355919443883989928e+01,5.117244420365033619e+01,-2.513321803328289405e+01,9.107532736946231466e+01,-2.519932863922520738e+01,3.257110760591093168e+01,-3.900564591215342602e+01,-4.805696373002096067e+00,4.640129046284949510e+01,-5.305099792853400942e+01,-3.748052628490089688e+01,-2.521550193092106440e+01,3.105555153052383943e+01,2.151716397125499469e+01,-1.712680116009399001e+01,3.767794455338979986e+01,2.665403960299949304e+01,-4.738789244979739834e+01,-1.640225758490412389e+01,-2.828903599081368370e+01,-7.554827769446619357e+01,-8.195136341209460440e+00,1.603720482102855627e+01,-1.229271880245993387e+01,1.405263204766559415e+00,2.371533384295967828e+00,7.969269528474691811e+01,-4.655117000497747881e+01,-2.221309945073782188e+01,-9.560088787751805484e+00,4.533645947315383751e+01,1.556538552065528869e+01,2.024708697782015321e+01,6.375635892273884764e+01,2.811303232964660337e-01,1.034883879409287921e+01,-6.298320738236184724e+01,-4.306076839405550061e+01,1.038345442939251306e+01,-9.338917439573057777e+01,2.286694953286080789e+01,-3.595563451233249452e+01,1.441996806100080519e+01,-3.306217715204523788e+00,2.483978670286259671e+01,1.434580993250098579e+01,-1.274179964589896485e+01,1.250997575161163056e+01,9.098457029637021520e+00,4.977506816582855098e-02,-4.266696056794503988e+01,6.253139781001053876e+01,6.481267846547573264e+00
-6.053026047963596668e+00,-5.320791700290963178e+01,2.373926467997629786e+01,4.437599027064750601e+01,-3.387871787851474181e+01,-4.750337412068803644e+01,5.488209185420851810e+01,1.486698721638308740e-01,6.665568093385326165e+01,-2.969065716225415485e+01,6.919061212163823527e+00,-1.212470487202511009e+02,1.513071083568008390e+01,-6.401775469336864255e+00,4.481174033890795982e+01,-1.435122640828640073e+01,1.770695416655506804e+01,1.237589437637664247e+02,-2.803322279690715746e+01,-1.010991769060298573e+01,-4.540154305684270497e+01,-1.128500400159808414e+01,-4.489632564683223137e+00,1.736704765545364015e+00,7.025044406511614881e+00,-2.643173764643953305e+01,-4.120077715034461363e+01,6.468486414299107423e+00,1.555075842027495270e+01,8.981028802214828488e+01,1.725425425990863459e+01,5.203615814580728482e+01,2.796131526699960546e+01,2.712570787749445600e+01,-6.892969506077290021e+01,1.453265050969351080e+01,1.169702364293955199e+01,-4.978486221183976568e+01,1.486261127106367930e+01,7.279920496388047013e+01,-2.528344314510144386e+01,-1.201471549621745893e+01,-5.950372977745452374e+00,9.579320793988514993e+01,3.521250192101211240e+01,4.941723963574205669e+01,-6.897911818841014053e+01,-2.447397898045387166e+01,5.564065534600150897e+01,-2.290688136476250847e+01,9.717791146763551069e+01,-2.770105454555594804e+01,2.801959587136585128e+01,-3.910650137700402240e+01,-3.999769674547393183e+00,4.460824022425991586e+01,-5.365687651110635414e+01,-3.692315354269732808e+01,-2.600387561385688784e+01,2.247802134241020511e+01,1.899201227925006563e+01,-2.129676064774916355e+01,4.571687550980472992e+01,3.339152589635405377e+01,-5.035793726381263014e+01,-1.968924016246125319e+01,-2.872140750699741218e+01,-7.902081436041643769e+01,-7.517195064008219241e+00,2.017559981857143470e+01,-1.296920145432964055e+01,1.292746398369795546e+00,4.788601319441873727e+00,8.144586792079299187e+01,-4.981948963121453744e+01,-2.398673110079868565e+01,-1.042672439493200010e+01,4.998972700740429786e+01,1.390900225379071742e+01,1.994248449756912578e+01,6.293375171121441269e+01,1.351070000144567018e+00,6.473705357065603572e+00,-6.482661676394219796e+01,-4.509563631704969566e+01,1.147899184312159271e+01,-8.835855790984453506e+01,2.210727737121399628e+01,-3.230136637715752812e+01,1.990642135930485779e+01,-2.222610589199979003e+00,2.513640380938944574e+01,1.063991726111610525e+01,-1.347367259224048830e+01,2.116746734941098751e+01,6.090737532416311772e+00,-1.257438049095600530e+00,-4.413733038954761412e+01,6.268426130081636671e+01,8.296693197342069226e+00
-4.384889114175704705e+00,-2.759768002701211032e+01,1.364151823196921320e+01,2.820324864984402069e+01,-1.704264164815894489e+01,-3.169871076387748943e+01,3.622821203734566353e+01,-2.472491821590076189e+00,3.945890030123466374e+01,-1.531082718081051475e+01,1.674272668100552863e+00,-7.295944926940636321e+01,1.211407057260968045e+01,-5.061794047771416061e+00,2.362951668543979622e+01,-1.179200163633023557e+01,9.274527621275714395e+00,7.760202694829460768e+01,-1.663898890994762425e+01,-5.455012768692027336e+00,-2.921717838628298836e+01,-6.436792721005667239e+00,-2.001042842972026836e+00,-5.133491149647797513e-01,8.078444111059726040e+00,-1.540583541416533464e+01,-2.208182011778239584e+01,1.307986174260385326e+00,8.398302557798132284e+00,5.210046371872742554e+01,1.211403702134415283e+00,2.879839731664706193e+01,1.600679355876338761e+01,1.842835950840445491e+01,-4.223065700799045885e+01,9.787372752687286237e+00,4.914436528271518334e+00,-2.530804068690812869e+01,8.012289914255305234e+00,3.586811006575878480e+01,-1.524238536629634488e+01,-9.081862678451965820e+00,-6.231821080360179899e+00,6.045156247067905042e+01,2.222746631198939582e+01,3.075715254400679655e+01,-4.138325910324625312e+01,-1.461310613986902851e+01,3.483713968600826405e+01,-1.159336922882399534e+01,5.969381791504660839e+01,-1.753129970854500641e+01,1.294490668537169853e+01,-2.242995325812626106e+01,-1.742267290142882175e+00,2.429551332012302822e+01,-3.109154202791895472e+01,-2.073646382291232726e+01,-1.540246360058323916e+01,7.054236063306291271e+00,9.152757723173596816e+00,-1.499707120649819458e+01,3.157663838470066153e+01,2.364891403752285015e+01,-3.080351339838004066e+01,-1.348090200390035776e+01,-1.671570955289115901e+01,-4.753316109279870716e+01,-3.840119510504573341e+00,1.433463218315849197e+01,-7.873366644686598192e+00,6.631443620530425020e-01,4.372331232586128991e+00,4.775742365373157838e+01,-3.069727692925393470e+01,-1.491513729093949969e+01,-6.548093002603990520e+00,3.173095470359763226e+01,6.833560976227554207e+00,1.119751898845452054e+01,3.543044996255072476e+01,1.495927880298581814e+00,1.081882218645545457e+00,-3.831525838423186059e+01,-2.716218687965343648e+01,7.304553074348871355e+00,-4.712384601938069295e+01,1.212772191556967094e+01,-1.599990323656743385e+01,1.509210419874084863e+01,-5.383236049182993366e-01,1.457396245493130138e+01,3.578613516798151650e+00,-8.199280051113134959e+00,1.795706184278748196e+01,1.449334338832524161e+00,-1.602802934705573668e+00,-2.623256626584873885e+01,3.594728157817777969e+01,5.971560781946964269e+00
-4.963001668264271693e+00,-3.978335701160734317e+01,1.821614197848919758e+01,3.500049126914289133e+01,-2.514512554723487270e+01,-3.799647501266990446e+01,4.376007179271773140e+01,-7.838876370689860096e-01,5.155351202283798528e+01,-2.216834407670319251e+01,4.501270669196924423e+00,-9.419159044688285576e+01,1.281081572158097437e+01,-5.397888824857894896e+00,3.364133193040119352e+01,-1.225686570288137034e+01,1.327114062121486171e+01,9.724214479794449062e+01,-2.169713361788264194e+01,-7.633303233742041449e+00,-3.593650100923211710e+01,-8.642604784666900741e+00,-3.241868037734378927e+00,8.020897638122082007e-01,6.809423839797411837e+00,-2.035840973133538157e+01,-3.105559959812810433e+01,4.117833487078597088e+00,1.174396622088637265e+01,6.908792627393884800e+01,1.018449865642558549e+01,3.954211111269190582e+01,2.143452730311307164e+01,2.181199641905240227e+01,-5.381275931687251557e+01,1.165574927187156007e+01,8.341219778512755312e+00,-3.704344640598008453e+01,1.121923008538091437e+01,5.376780926271264605e+01,-1.965153966851534051e+01,-9.983900548054648993e+00,-5.553311943784191129e+00,7.540362733142342222e+01,2.771968274684077116e+01,3.874844483935265771e+01,-5.354323156283135887e+01,-1.897278542932951240e+01,4.370078417311869856e+01,-1.702632496959411412e+01,7.592082470067370537e+01,-2.182250388154456999e+01,2.039260504045044087e+01,-2.999326334504229052e+01,-2.873951105993871380e+00,3.376003015732813139e+01,-4.126382733049865692e+01,-2.816382773760549796e+01,-2.011522170459410574e+01,1.519027693476530949e+01,1.395523846402326384e+01,-1.731050168551481505e+01,3.694315417292383330e+01,2.718871938366780938e+01,-3.929679081876211200e+01,-1.586901044096058655e+01,-2.211331291572469482e+01,-6.138189120721899883e+01,-5.599911384958600635e+00,1.644380688505174248e+01,-1.009952330848591018e+01,9.639934453350618160e-01,4.243418080338355658e+00,6.283226128000084998e+01,-3.895494312433309858e+01,-1.880322081623654284e+01,-8.196223027453743981e+00,3.941410794706970222e+01,1.026605931863105070e+01,1.521065881712945611e+01,4.803413821527485794e+01,1.289333719554403235e+00,4.041410772491217607e+00,-5.011748984380157168e+01,-3.504206392395673220e+01,9.056957265433105420e+00,-6.651974905351170264e+01,1.676164499018979726e+01,-2.388689787539605547e+01,1.655746935010348508e+01,-1.446117963721402555e+00,1.933372000879003139e+01,7.274361107850173980e+00,-1.049927184334384300e+01,1.827648719847586278e+01,3.953794586277731504e+00,-1.273893145172935615e+00,-3.417368690753010441e+01,4.807445880894081824e+01,6.789055900013462264e+00
-2.392483084740828936e+00,-2.746242140126851083e+01,1.147207140541165948e+01,1.985665798863083253e+01,-1.779703528247742383e+01,-2.037011727860841859e+01,2.376586921010428100e+01,1.574747666482524622e+00,3.153240336737059479e+01,-1.537665880779946548e+01,4.696012072999537601e+00,-5.666225533659130775e+01,5.302919824654265923e+00,-2.281050870037074851e+00,2.290164361647064695e+01,-4.852286617027279370e+00,9.086077086060509345e+00,5.599648608760910662e+01,-1.323574342872371901e+01,-5.093960372156196570e+00,-2.010278273713430508e+01,-5.481723921747778228e+00,-2.509746578596246280e+00,1.727245527961468685e+00,1.020254251586607541e+00,-1.264565107274871991e+01,-2.084681758390576078e+01,4.541354538087180259e+00,7.830920667837413696e+00,4.311206167616252571e+01,1.345193569909238107e+01,2.579506764073327219e+01,1.354816093378658870e+01,1.143944054459526427e+01,-3.177055905975194605e+01,6.179029732096703142e+00,6.714400283101002564e+00,-2.599777275689390166e+01,7.492834507564531066e+00,3.868526814148383153e+01,-1.179907240581011330e+01,-4.526625108521001195e+00,-1.223056121872527102e+00,4.311665784000675217e+01,1.584558075721560044e+01,2.249438409706625563e+01,-3.230901643059026895e+01,-1.150433015330776243e+01,2.520588136793661604e+01,-1.199216919984753993e+01,4.469854618646938604e+01,-1.243879741793097971e+01,1.539500756796315528e+01,-1.892312102639635896e+01,-2.259670359495662861e+00,2.234328927358934891e+01,-2.577815257671710825e+01,-1.812585792827317022e+01,-1.229640826482528304e+01,1.430708418507036939e+01,1.021250281218642009e+01,-8.670613407140843165e+00,1.897533747770810919e+01,1.351560710973075174e+01,-2.323934589705087461e+01,-8.241852040265149171e+00,-1.375558428520435506e+01,-3.693869434152697551e+01,-3.914470174436340155e+00,8.139488183301054391e+00,-6.020194010066803436e+00,6.715621759766079446e-01,1.361918920204362449e+00,3.879761028632244546e+01,-2.285976335780316049e+01,-1.092689975011703396e+01,-4.711784060018618270e+00,2.239217282582250235e+01,7.402594471916343899e+00,9.791332439558178891e+00,3.084404905122810447e+01,2.301387244719768355e-01,4.678485572881268872e+00,-3.070290332740482597e+01,-2.105907556679327186e+01,5.131114131944068291e+00,-4.484436492380137906e+01,1.102183149819919272e+01,-1.711487580451488100e+01,7.473473553081060317e+00,-1.508208405830936627e+00,1.207110104865124178e+01,6.631501495759114739e+00,-6.242815161108526745e+00,6.825342705056872461e+00,4.148218756552594755e+00,-9.048380069591049901e-02,-2.081861685476119561e+01,3.033558373059901569e+01,3.302021730340886752e+00
-4.588812910136253365e+00,-5.125135113781602314e+01,2.154174064678794309e+01,3.757311440963896132e+01,-3.316079769126042009e+01,-3.871769795919853863e+01,4.512483434004421667e+01,2.685235655672711719e+00,5.933293635988032122e+01,-2.868761554766104993e+01,8.573427857445711453e+00,-1.067469569469568711e+02,1.032085971026259941e+01,-4.430194026374383753e+00,4.277833407654020448e+01,-9.488051638649896091e+00,1.696574891132659957e+01,1.058366836555758255e+02,-2.490979145235204228e+01,-9.527543103348067532e+00,-3.808038679316900499e+01,-1.028823385170022853e+01,-4.651189304088447329e+00,3.082779989384290875e+00,2.345166336265932294e+00,-2.376850234671226403e+01,-3.897589513913592896e+01,8.271612015815744456e+00,1.464741763038588473e+01,8.100615656456589875e+01,2.433476996660639813e+01,4.831956958567742788e+01,2.543366027761597437e+01,2.178228171682901149e+01,-5.993577857931729369e+01,1.175530178588038765e+01,1.241600867613530212e+01,-4.846682471014913318e+01,1.401357581195457058e+01,7.200771600021928975e+01,-2.223157323082032022e+01,-8.731256645022440921e+00,-2.595401220841652812e+00,8.153675430590294582e+01,2.996585443943913774e+01,4.248967794442783941e+01,-6.085382448239354147e+01,-2.166068231159174928e+01,4.763472618589974417e+01,-2.235157770015091927e+01,8.434211408568836532e+01,-2.352840031947530974e+01,2.857273184903498020e+01,-3.552850529863610518e+01,-4.184021082091255117e+00,4.181306077746899774e+01,-4.843248711786785066e+01,-3.398481667334222323e+01,-2.313847260475931833e+01,2.624236366513357765e+01,1.898951098039231766e+01,-1.657441777993521015e+01,3.619473966069759285e+01,2.585292016394410908e+01,-4.383602964065961771e+01,-1.570636951649807145e+01,-2.585206247936790902e+01,-6.958754905414694747e+01,-7.299467981743767098e+00,1.557516367830697313e+01,-1.134915086897718339e+01,1.252559954233244399e+00,2.729524673561795289e+00,7.295391435863635365e+01,-4.314485217373721326e+01,-2.063824378366421541e+01,-8.906697840954899803e+00,4.236625702966337315e+01,1.377711624815928282e+01,1.835786616466549503e+01,5.783961485025174909e+01,5.085894201347073151e-01,8.504770524862779624e+00,-5.776550168249590200e+01,-3.967642299326536914e+01,9.710222795454676259e+00,-8.381890797709898777e+01,2.063510673878808177e+01,-3.186538549516658847e+01,1.442145876468994992e+01,-2.753547533763516242e+00,2.268033962459137953e+01,1.218296294772006050e+01,-1.177100611695786903e+01,1.343181524555286543e+01,7.571477723236240465e+00,-2.634223468795199308e-01,-3.918464165797306720e+01,5.695498126981459563e+01,6.328296665290779721e+00
-1.211002148216582253e+00,-1.329579497539455346e+01,5.610360101062156879e+00,9.832956827024190716e+00,-8.593944061037543491e+00,-1.016081281053781282e+01,1.183456705345666116e+01,6.545254045844759450e-01,1.547300472214401879e+01,-7.440766758902999101e+00,2.192543931678542890e+00,-2.785890260826867859e+01,2.747894259416538087e+00,-1.178040659677621615e+00,1.110408083790492562e+01,-2.533201856689641929e+00,4.402802155776902815e+00,2.767788653531375331e+01,-6.496826570836060633e+00,-2.475153742136997792e+00,-9.972511668802683360e+00,-2.678640199958061352e+00,-1.201218711352964652e+00,7.764012685410719428e-01,6.815964904948798031e-01,-6.194105330175574409e+00,-1.012300815819894595e+01,2.112057250528951435e+00,3.805370128483154701e+00,2.110597287029486324e+01,6.185272810330080695e+00,1.256507581562076759e+01,6.622910127402739988e+00,5.722785636257835762e+00,-1.565568043314462798e+01,3.086734835172902702e+00,3.201976737246421845e+00,-1.256493611244330921e+01,3.640456635951361264e+00,1.864926256821582484e+01,-5.802523651609242883e+00,-2.312139453452668914e+00,-7.252316457482412826e-01,2.133025145579244963e+01,7.839269415101369987e+00,1.110742315525475910e+01,-1.587943144497712922e+01,-5.650964107451175167e+00,1.245623370020086362e+01,-5.793767963544250499e+00,2.203366295631162686e+01,-6.156035263925052625e+00,7.386215681526291377e+00,-9.252352831543349865e+00,-1.079946878806951727e+00,1.086640268255056085e+01,-1.261834652078139918e+01,-8.842622734008733332e+00,-6.034268622992775555e+00,6.731871158449205694e+00,4.914800441616609561e+00,-4.365010127313150079e+00,9.519579517424450188e+00,6.811333987246179333e+00,-1.144940921485065033e+01,-4.128553752010345690e+00,-6.736647861850670438e+00,-1.816070508144035145e+01,-1.892680318808109163e+00,4.104444552660474699e+00,-2.963160806820351212e+00,3.248215454348187259e-01,7.392781433174724359e-01,1.901695739970067578e+01,-1.127295816831485098e+01,-5.394877283873159790e+00,-2.329423421221317625e+00,1.108657819715804749e+01,3.567820563884708029e+00,4.776552799584094622e+00,1.505097023013719237e+01,1.450659692693379021e-01,2.168766930168700036e+00,-1.506315752100720751e+01,-1.035525727309108568e+01,2.541354200486848569e+00,-2.176594485340959295e+01,5.364142365191449713e+00,-8.254176323411401839e+00,3.819955202495993962e+00,-7.041907506159443830e-01,5.909169142408075004e+00,3.128519223477912448e+00,-3.073660593138765496e+00,3.599714527885470972e+00,1.935993670354724472e+00,-8.402982121830104845e-02,-1.022053712710354567e+01,1.483214333999681145e+01,1.669246329197221046e+00
-5.379803785226890511e+00,-3.823800005814148761e+01,1.815886039784660255e+01,3.617969503475211468e+01,-2.390921905469954467e+01,-3.997631003253215454e+01,4.585981631967298000e+01,-2.001465089319112600e+00,5.194273190856944211e+01,-2.126365986281187759e+01,3.389286983765099848e+00,-9.546276321087593431e+01,1.440145321180762750e+01,-6.040597587083778031e+00,3.252386322515310724e+01,-1.390927298960778558e+01,1.279985951228949403e+01,1.000296076178180726e+02,-2.188169446553850150e+01,-7.440194084884320880e+00,-3.731528436357568523e+01,-8.592525734221851508e+00,-2.955569096891212943e+00,7.871542205783388368e-02,8.715705683953663296e+00,-2.039794861216177324e+01,-3.019776857821914362e+01,2.955844448816542069e+00,1.145053546003859957e+01,6.910530886501652503e+01,6.001165449880268454e+00,3.889137379556332519e+01,2.133808692293851550e+01,2.309839980512225921e+01,-5.489363884184096065e+01,1.230418168254523081e+01,7.453048569775877041e+00,-3.535282791579436434e+01,1.093194424566414824e+01,5.075354302810670504e+01,-1.993006976831113164e+01,-1.099121023746490700e+01,-6.877317015749945028e+00,7.774452038577824453e+01,2.858309722054272584e+01,3.975226511595118950e+01,-5.420723260136643518e+01,-1.917516587369370384e+01,4.492931123859807485e+01,-1.622402995027242767e+01,7.751914868296884720e+01,-2.252331421304365833e+01,1.882305142966432498e+01,-2.987882692939091811e+01,-2.599645285566031472e+00,3.301562195124601118e+01,-4.125721587865144357e+01,-2.784582678638520292e+01,-2.027118697277319725e+01,1.234628682905307429e+01,1.307151288974033498e+01,-1.857207056371073861e+01,3.935772678086973997e+01,2.923088512666722139e+01,-4.006316967349119551e+01,-1.685254583248247684e+01,-2.214453814930809727e+01,-6.220227424850487807e+01,-5.353569617127474700e+00,1.769943190501780350e+01,-1.026844910372859765e+01,9.229389973824279059e-01,5.003051199447099862e+00,6.309038207500608308e+01,-3.981930535102233648e+01,-1.928373963722190965e+01,-8.435874347332331880e+00,4.072339618329083777e+01,9.680925644203966840e+00,1.503775833644391646e+01,4.753311048401571526e+01,1.628480090139365011e+00,2.770387729759621109e+00,-5.046706334693475071e+01,-3.552734283439879448e+01,9.366298564779370395e+00,-6.456942532208746854e+01,1.643420855795357483e+01,-2.258992317358124069e+01,1.824780269728227466e+01,-1.089151792489426729e+00,1.933473557440852630e+01,6.042137950708301730e+00,-1.068412301463478720e+01,2.098227046175790989e+01,2.963274366159055262e+00,-1.689726804006456806e+00,-3.448095488519671648e+01,4.788819658040021210e+01,7.341952217673171077e+00
-6.454159330451447296e+00,-6.201447286273671011e+01,2.702755231358742449e+01,4.921892490417199895e+01,-3.974144702148652897e+01,-5.196026456866686516e+01,6.022145994110432810e+01,1.403142674723088845e+00,7.533102895453384917e+01,-3.464775739229450835e+01,8.987747850500664271e+00,-1.364566660502472075e+02,1.557715007161774778e+01,-6.621364618028927396e+00,5.204207626256560104e+01,-1.462898525612202505e+01,2.059408634874898780e+01,1.377733123675149329e+02,-3.166064030534401752e+01,-1.168133516896351232e+01,-5.018171417881360696e+01,-1.287132863990757947e+01,-5.390758385901428085e+00,2.706295266065432248e+00,6.048573925761004944e+00,-2.998824667324134552e+01,-4.767657472882579128e+01,8.526552761471792863e+00,1.796421051442455763e+01,1.020132300459617198e+02,2.384264836374527263e+01,5.977640694524876608e+01,3.186379571688905443e+01,2.951271493726467554e+01,-7.721334332432792280e+01,1.585281277305909242e+01,1.418897577454704972e+01,-5.827288990342169228e+01,1.717619756495512462e+01,8.576057922174253179e+01,-2.844144032374817144e+01,-1.262847074572891870e+01,-5.417917782603823618e+00,1.064549372365098634e+02,3.912866456373375712e+01,5.512392544105836123e+01,-7.769207605179634868e+01,-2.759902364087431081e+01,6.196638415279355883e+01,-2.683711677536707185e+01,1.087807916160419666e+02,-3.075995793592761274e+01,3.342328322904744908e+01,-4.454375917089996051e+01,-4.822082156767329764e+00,5.143271891134310181e+01,-6.096471543884598532e+01,-4.226967217901149354e+01,-2.938414510347391229e+01,2.841954239712761776e+01,2.247209325607411046e+01,-2.291579231588196564e+01,4.948998746451736963e+01,3.586502123133599440e+01,-5.643331602345870124e+01,-2.137137424420834719e+01,-3.259790130699826705e+01,-8.894163189498280531e+01,-8.789779807580503146e+00,2.164809939119728455e+01,-1.456269378087647226e+01,1.510267888946978720e+00,4.670159713989191275e+00,9.226662283037624945e+01,-5.572227683272299714e+01,-2.676353010274264577e+01,-1.160256611072617616e+01,5.546466257491549356e+01,1.639475481175716709e+01,2.283134245672555096e+01,7.200508661689116252e+01,1.191122777485923434e+00,8.643008268614046585e+00,-7.329327150843620586e+01,-5.073991682376052381e+01,1.272737262058584662e+01,-1.023586012791092799e+02,2.544735172219674268e+01,-3.801136804166998928e+01,2.090163514805238165e+01,-2.886895290613710863e+00,2.855570626242739607e+01,1.333678921922419036e+01,-1.511966538083416545e+01,2.130492375325830068e+01,7.923587451987788022e+00,-1.007013293721810587e+00,-4.983166086615894841e+01,7.140257394620330444e+01,8.865167179964643651e+00
-4.667177319818909709e+00,-4.119994894916548134e+01,1.836066095870684478e+01,3.427874532905325822e+01,-2.624138376952787510e+01,-3.667055369532734943e+01,4.237287425772837679e+01,1.556577105328020849e-01,5.153512794823527088e+01,-2.299148196394654775e+01,5.388007743340397226e+00,-9.372386201779023907e+01,1.164817737667175024e+01,-4.929334077830663574e+00,3.469247306504742312e+01,-1.104329956743956842e+01,1.370941034057693031e+01,9.561576954756270652e+01,-2.167331016203833016e+01,-7.824951667875815531e+00,-3.506518727608064268e+01,-8.728924818138830588e+00,-3.481621162981665130e+00,1.367250372374499978e+00,5.369117919421837470e+00,-2.043964826558041636e+01,-3.189126122401950170e+01,5.041226848649087877e+00,1.203597491082872217e+01,6.945415480494662575e+01,1.348334906981792969e+01,4.026387721232587324e+01,2.162708984680383395e+01,2.093466721079833093e+01,-5.327062448114829607e+01,1.121715045854883996e+01,9.075563860069259192e+00,-3.855758520274944345e+01,1.150359137536627330e+01,5.639994236436661623e+01,-1.954362974374268092e+01,-9.257915363934252184e+00,-4.557477483605417490e+00,7.400340512439933605e+01,2.720271851406884167e+01,3.818325292161949136e+01,-5.332277534369463723e+01,-1.892017554129213153e+01,4.298861963495737371e+01,-1.774183155729165762e+01,7.509907690772838862e+01,-2.139917814995916245e+01,2.172138350184744127e+01,-3.024681456027527915e+01,-3.102385236675142544e+00,3.452263097902903155e+01,-4.149573612251957400e+01,-2.856512561774269443e+01,-2.010487115014501569e+01,1.747839379128185300e+01,1.471699066469599693e+01,-1.642768397239769840e+01,3.527443974552148376e+01,2.575508111522833588e+01,-3.891867473383315712e+01,-1.519379907994836998e+01,-2.221064095271924543e+01,-6.108329009417602151e+01,-5.821649792548217128e+00,1.556083348422646750e+01,-1.002408017421984532e+01,1.001116485687780111e+00,3.677879865443564711e+00,6.297749124390414011e+01,-3.849899255907725859e+01,-1.853406899456219392e+01,-8.055493761318217594e+00,3.861577884767201851e+01,1.077607062178317854e+01,1.542828641695941805e+01,4.868652268073164180e+01,1.033517037648615577e+00,5.048906160817128175e+00,-5.012194694153498631e+01,-3.485846989351279035e+01,8.866935588885201724e+00,-6.839720878201269727e+01,1.710759140659327571e+01,-2.502358039886080121e+01,1.533813919621931987e+01,-1.730782260090746538e+00,1.943918978498019001e+01,8.269547335204030958e+00,-1.041368051629502212e+01,1.627943831214416193e+01,4.743365530612555503e+00,-9.585444036350506680e-01,-3.412331257494953007e+01,4.848306188560269447e+01,6.397768614222368200e+00
-4.578317687635308886e+00,-6.102066295589285261e+01,2.470360123383473550e+01,4.104852631933884766e+01,-3.985810068777121984e+01,-4.107967615994636645e+01,4.820888414254525856e+01,5.009373334160057922e+00,6.716956419631910080e+01,-3.421919464555320900e+01,1.156849361349623706e+01,-1.199356615135602624e+02,9.255758790056864527e+00,-4.036888594846973710e+00,5.065766081756686390e+01,-8.205753559590531765e+00,2.013546359366793936e+01,1.164779632940894203e+02,-2.816611886680862753e+01,-1.119349095948779649e+01,-4.130988127097117513e+01,-1.183455249631714956e+01,-5.770657248424710950e+00,4.675591992078208747e+00,-3.600626026488478182e-01,-2.709338503228042683e+01,-4.589924404036660377e+01,1.130338933537929869e+01,1.720310421177255833e+01,9.252493490133468867e+01,3.447360194721031945e+01,5.624454734790874255e+01,2.921270662044094379e+01,2.283596599374768132e+01,-6.675550547374274402e+01,1.239697989644968779e+01,1.560192822645911725e+01,-5.807084923783881436e+01,1.646911766476171124e+01,8.707773731833293596e+01,-2.495632052976161930e+01,-8.369673628351645078e+00,-8.542620563773671849e-01,8.942640017896648885e+01,3.286045500352123128e+01,4.694553270002969469e+01,-6.846910764563261864e+01,-2.442547387545342019e+01,5.246566050861741815e+01,-2.681677130900835238e+01,9.381563428986173392e+01,-2.576468306642807704e+01,3.514804857030031826e+01,-4.077514959596032185e+01,-5.217776932163642911e+00,4.895996590659630243e+01,-5.534652189951439283e+01,-3.933600307833627596e+01,-2.618791366152868960e+01,3.451756144734446963e+01,2.310531912704524160e+01,-1.692537888188349271e+01,3.750392405543068008e+01,2.628178816613025504e+01,-4.886238406554875269e+01,-1.637691583424149755e+01,-2.948718850092978983e+01,-7.819837793357777400e+01,-8.732707106613531778e+00,1.579316991246284196e+01,-1.269749479511630597e+01,1.496557947702008562e+00,1.907376275394648601e+00,8.294108898109256245e+01,-4.791645586382050226e+01,-2.281381577682906681e+01,-9.794128643069115014e+00,4.631746067218984564e+01,1.667386235286117824e+01,2.125025276184628709e+01,6.688285823913224704e+01,4.032495047706086133e-02,1.174363313356962024e+01,-6.544192465254249669e+01,-4.455807827786424014e+01,1.060106838068073642e+01,-9.887605636647811025e+01,2.409849037111244385e+01,-3.847541371287431389e+01,1.378188914278562294e+01,-3.715205143855207393e+00,2.591154144414812421e+01,1.588424433314126105e+01,-1.315408814603402732e+01,1.103208095511525855e+01,1.023005742400721374e+01,3.620632907930200761e-01,-4.428003191340109623e+01,6.537024681543577742e+01,6.348746964306887897e+00
-3.396816513802244142e+00,-5.145874652204680544e+00,5.295123546297721084e+00,1.600053989874156102e+01,-2.081245210528298806e+00,-2.053223881516401406e+01,2.283142426851067341e+01,-5.741522256645007261e+00,1.747733328799190389e+01,-2.670513960712897372e+00,-3.652906032562772243e+00,-3.446318088438914629e+01,1.109440682985492366e+01,-4.550336400700341066e+00,5.206935905965305089e+00,-1.120466306491717745e+01,1.916460778537565357e+00,4.224574893043248380e+01,-7.449399995329667235e+00,-1.454642628849609043e+00,-1.718787088159126242e+01,-2.408759364316099383e+00,3.054262880186444651e-01,-3.024546861704612510e+00,1.069108967763782658e+01,-6.385842640962012595e+00,-5.591925537825521708e+00,-3.995799712185965635e+00,2.254582116988559370e+00,2.114305069140743143e+01,-1.580027659667330653e+01,9.115317313297493840e+00,6.099422094549205475e+00,1.246390722293910613e+01,-2.129193725237155377e+01,6.484187063397883755e+00,-1.470667205051309878e+00,-3.654021191949675895e+00,2.122363561695797429e+00,2.771302918577525531e+00,-7.250379868383706849e+00,-7.596301453865478948e+00,-7.676662653026228966e+00,3.356916176490636161e+01,1.235353874167884669e+01,1.635066913743764871e+01,-1.932578767446275236e+01,-6.699293519615227233e+00,1.887611068526070923e+01,-1.565464065933063864e+00,3.037100740710741320e+01,-9.820677787575409212e+00,-8.755998112875893469e-01,-8.627601091731586180e+00,3.634022163478378697e-01,6.929074648170948869e+00,-1.255121494099272716e+01,-7.149861001999049392e+00,-6.837854367120817400e+00,-8.221237507573226466e+00,2.611043166368762769e-01,-1.097919545990891521e+01,2.217576927648944718e+01,1.751870613244879138e+01,-1.544480276559007947e+01,-9.283194531410398298e+00,-6.883330772137520981e+00,-2.242247516705961985e+01,-5.941028831638035523e-01,1.068808371260381662e+01,-3.842699630106467090e+00,1.083810930565995978e-01,4.726753929433129109e+00,2.032368863631286970e+01,-1.578338541489606683e+01,-7.904567194894235982e+00,-3.582020104330561061e+00,1.793410756906642689e+01,4.857029092379643309e-01,3.856260670368470755e+00,1.238105840288202764e+01,1.925792543978539717e+00,-4.511850916497499142e+00,-1.686032738030163358e+01,-1.287720510257083006e+01,4.159398265203054557e+00,-1.146749998772771839e+01,3.630762654204658713e+00,-1.421637496440245840e+00,1.268728815282749878e+01,1.172301600915553355e+00,5.899324940418887664e+00,-3.350797902873704714e+00,-4.036551092213446879e+00,1.780046400852624089e+01,-3.270906168017736704e+00,-2.267652744010393739e+00,-1.180796877404334211e+01,1.381585143940771410e+01,4.568611289417307653e+00
-4.312606545095470700e+00,-2.714998413239327135e+01,1.341899568023333167e+01,2.774094007159029474e+01,-1.676666087558922769e+01,-3.117796820102972788e+01,3.563334235387690541e+01,-2.430028278924804219e+00,3.881427724096150911e+01,-1.506253361955057102e+01,1.648879995540286636e+00,-7.176658469319733058e+01,1.191361414748336500e+01,-4.978072567196281994e+00,2.324583615047819052e+01,-1.159669395808677983e+01,9.123990679381501323e+00,7.633076563556224414e+01,-1.636712943668171505e+01,-5.366325249808611808e+00,-2.873797654568332760e+01,-6.331834782590722632e+00,-1.968883982237489061e+00,-5.037156843702947917e-01,7.943298874101188289e+00,-1.515435209511328551e+01,-2.172294637110314852e+01,1.288657908635757465e+00,8.261756354182757889e+00,5.125018291743034382e+01,1.198896997978998513e+00,2.832955322383568486e+01,1.574573901176303714e+01,1.812538557999287292e+01,-4.153959962014310037e+01,9.626522516079761616e+00,4.835777618276698497e+00,-2.489796262446585118e+01,7.882032554265230750e+00,3.528799553731516170e+01,-1.499315454590922592e+01,-8.931902923474780209e+00,-6.127822602534917174e+00,5.946096250491734736e+01,2.186322742690883203e+01,3.025347015825981600e+01,-4.070675452579997966e+01,-1.437427701112053313e+01,3.426648406081041998e+01,-1.140556475706770456e+01,5.871687310188040954e+01,-1.724398195230920194e+01,1.273637791934442731e+01,-2.206410755637151411e+01,-1.714310681276709936e+00,2.390031641560380038e+01,-3.058415681331723590e+01,-2.039860833856483424e+01,-1.515083317851090960e+01,6.944052332595584076e+00,9.004924047785490160e+00,-1.475013711236750247e+01,3.105713322250598551e+01,2.325943147207890149e+01,-3.029948665393645868e+01,-1.325919364586531479e+01,-1.644286424901831012e+01,-4.675602203496260501e+01,-3.777878570173128558e+00,1.409851904506533948e+01,-7.744584401187819545e+00,6.523934895611224194e-01,4.299658408444778424e+00,4.697760090522449161e+01,-3.019481379494547113e+01,-1.467089630247454046e+01,-6.440815701311706221e+00,3.121085008128853744e+01,6.723056914591943212e+00,1.101508187385245918e+01,3.485311454255641905e+01,1.470926372580888097e+00,1.066433139109891570e+00,-3.768936775521291338e+01,-2.671807258177290834e+01,7.184809775393619091e+00,-4.635819701095925183e+01,1.193037269755904894e+01,-1.574104539677243508e+01,1.484287483621421266e+01,-5.301581956908683058e-01,1.433612172117787686e+01,3.522351808637108839e+00,-8.065151433662173019e+00,1.765931502927101704e+01,1.427401660768449432e+00,-1.575924147821778476e+00,-2.580393190668789671e+01,3.536096528545845530e+01,5.873148338078976849e+00
-6.978699070235760971e+00,-5.815099209778549039e+01,2.633228317420931575e+01,5.001178924788217017e+01,-3.687161716533448441e+01,-5.397628741313545220e+01,6.224541157017476678e+01,-5.813970541372519563e-01,7.427367374495577224e+01,-3.242298271050835012e+01,7.003276461935313613e+00,-1.354495183328237715e+02,1.778106767039313496e+01,-7.504566813514665924e+00,4.908763557043246806e+01,-1.695316020859360151e+01,1.937831135935269700e+01,1.391691754101848062e+02,-3.124989849744231662e+01,-1.111077201073402954e+01,-5.127324651469174199e+01,-1.250364559041115164e+01,-4.811136456947210149e+00,1.485454639954808975e+00,8.971563915545699430e+00,-2.938219882529197591e+01,-4.523609803320428568e+01,6.472159706834997195e+00,1.709245065731378332e+01,9.976371108668212173e+01,1.659954550302713017e+01,5.739802229883070339e+01,3.099774159526813833e+01,3.091748002857954702e+01,-7.722351376376786902e+01,1.653910842097439371e+01,1.244742491141866125e+01,-5.425991259336274908e+01,1.633188734419326238e+01,7.901057931563660475e+01,-2.825330957299673074e+01,-1.396245278222052733e+01,-7.420909327779205533e+00,1.078335913155899846e+02,3.964020653925945936e+01,5.550361611766179237e+01,-7.702281025101147804e+01,-2.730754163600599682e+01,6.255379018532337199e+01,-2.495096230714687024e+01,1.089163064268284558e+02,-3.119748133094282139e+01,3.015927329302380500e+01,-4.336576112645614955e+01,-4.274394833963227391e+00,4.909033859938406863e+01,-5.959309704226213000e+01,-4.081588775184920337e+01,-2.897835262563120295e+01,2.322281157516506767e+01,2.055275677488648611e+01,-2.442799195999691264e+01,5.225855620509373978e+01,3.834035361297461009e+01,-5.640287596884519417e+01,-2.247203623571596154e+01,-3.192025738428074533e+01,-8.827208944938298885e+01,-8.198374665536180217e+00,2.317906473625076558e+01,-1.450857520074480256e+01,1.410692990688569015e+00,5.784489646031702570e+00,9.062088066194074543e+01,-5.586489354419026654e+01,-2.693688456983264246e+01,-1.172798774790357434e+01,5.632677246263817494e+01,1.509008801612565698e+01,2.204427829980239295e+01,6.959386301792790164e+01,1.708583757165763384e+00,6.411105066853371781e+00,-7.221780841263621653e+01,-5.038564427509798094e+01,1.293947878183447564e+01,-9.694481410237598595e+01,2.435398252048456058e+01,-3.508219700632594851e+01,2.314661602982101130e+01,-2.249808026093576441e+00,2.791984090843093824e+01,1.106234132652667590e+01,-1.507865982925427417e+01,2.516986728140236806e+01,6.157722446334886968e+00,-1.651604766448556028e+00,-4.921210292864255109e+01,6.950974217185387261e+01,9.554201941732088699e+00
-3.219857479510346288e+00,-4.347491540525074072e+01,1.755555381657638137e+01,2.907051717195781748e+01,-2.841525471022720239e+01,-2.902949789106217793e+01,3.408509031742137552e+01,3.655019690300176372e+00,4.769090185016979433e+01,-2.438288593080441302e+01,8.306714109415707981e+00,-8.510978493775724019e+01,6.450427311785506213e+00,-2.817372756093103892e+00,3.607861871769739537e+01,-5.699563580537382990e+00,1.434270784563910439e+01,8.253361449589270649e+01,-1.999647480942281064e+01,-7.967811342779111072e+00,-2.924045870166132488e+01,-8.411981349175695399e+00,-4.122430007637283289e+00,3.378899354400892285e+00,-4.061705732288720672e-01,-1.924577399933904687e+01,-3.267745271279525099e+01,8.122311082175544428e+00,1.224534210347966301e+01,6.573432556406903871e+01,2.482223820799349312e+01,4.001109052619286643e+01,2.076220251959685825e+01,1.612268123453252144e+01,-4.734217280180838827e+01,8.756470743707195581e+00,1.115467356197079773e+01,-4.139063456589818202e+01,1.172338591591437762e+01,6.210340680597312968e+01,-1.770861465198848705e+01,-5.866905353192091610e+00,-5.024915216874414892e-01,6.334965823063249957e+01,2.327808986927727020e+01,3.327396526818864686e+01,-4.859250806382055998e+01,-1.733747320055678642e+01,3.717809716056328284e+01,-1.911564974253950666e+01,6.652662442248332297e+01,-1.824962012979424841e+01,2.509524568646630982e+01,-2.897832910808722318e+01,-3.728682117843878263e+00,3.484304116543559360e+01,-3.932226946873860385e+01,-2.797192260569283562e+01,-1.859328540530232843e+01,2.474782860398169859e+01,1.648521699244981420e+01,-1.192537679117197946e+01,2.645476226163648903e+01,1.851120503248267113e+01,-3.465454872261253172e+01,-1.155764319067355750e+01,-2.094714251474342603e+01,-5.549247609363726497e+01,-6.223710120103556065e+00,1.112145115255486161e+01,-9.007797254617374350e+00,1.066489724455383481e+00,1.295207045302849247e+00,5.890635337778479652e+01,-3.397477168076148502e+01,-1.617050878723211582e+01,-6.939479695216236088e+00,3.280364836756452718e+01,1.189234266039249555e+01,1.511119125235368621e+01,4.755742607099394093e+01,1.899133359957005940e-03,8.443688848559823157e+00,-4.646660213106918036e+01,-3.161866344656957395e+01,7.507285035603537438e+00,-7.040177663122007345e+01,1.714695251446731916e+01,-2.743772125745466894e+01,9.658219429585443550e+00,-2.667677831250843123e+00,1.840915443708417598e+01,1.138238642791611888e+01,-9.330934574427232064e+00,7.624483826102787631e+00,7.346222009935610586e+00,2.900322361117810277e-01,-3.143516202067342036e+01,4.645794183945747591e+01,4.466950427719297068e+00
-2.994310769717084320e+00,9.640016514449641249e+00,6.329314000791164130e-02,8.998000686657814384e+00,7.877272977386091668e+00,-1.458549632785459593e+01,1.555586133543900829e+01,-8.402528984428872860e+00,3.974965895872786703e+00,5.671647888896973910e+00,-7.542746094847458949e+00,-1.111832886293287892e+01,1.127315853563577797e+01,-4.560569676802584738e+00,-6.848385596347263515e+00,-1.168451651384151013e+01,-2.911269990280833664e+00,2.163439683407936798e+01,-1.815798755979959100e+00,1.137745424904690994e+00,-1.039559220089050662e+01,1.276470873409865092e-01,1.889674667662567309e+00,-4.960169639153721555e+00,1.329554073876971110e+01,-7.837101994525202953e-01,5.125784632118484119e+00,-7.896658888982019064e+00,-1.725166780533176070e+00,1.855463162988254977e+00,-2.854573012132183862e+01,-3.486758423157073405e+00,-1.254494792340130616e-01,9.404701788424162601e+00,-8.793698654217436683e+00,4.757200564692992906e+00,-5.905355375426284859e+00,1.070895832670550973e+01,-1.696043574256060005e+00,-1.940188226761535617e+01,-2.411368527481139612e+00,-7.186011633585159153e+00,-9.255095361111322916e+00,1.801115462044719351e+01,6.640914447363011064e+00,7.884676974890179935e+00,-5.916782400097872596e+00,-1.870036574484294167e+00,9.556172936976020438e+00,5.095903657737399506e+00,1.291167447618503594e+01,-5.373247255528585065e+00,-1.029378611752606609e+01,3.431706501349451877e-02,1.816347529918813652e+00,-4.276938964223729656e+00,-9.912064799746540533e-01,1.481791039241598940e+00,-1.579178119243215050e+00,-1.919879118692340114e+01,-5.733699500160886586e+00,-9.120623041222081895e+00,1.755213410045371702e+01,1.474309637841340503e+01,-6.263705953928080383e+00,-7.170188575529615527e+00,-7.705627479162904248e-01,-7.190389485213508181e+00,1.555331429829206247e+00,9.057925375873352891e+00,-1.416771822314583540e+00,-2.584339156078960253e-01,5.336570688329293155e+00,3.355739554326860663e+00,-6.929717780018276763e+00,-3.780716519764653505e+00,-1.855887119257152218e+00,1.000450143763103128e+01,-3.770628076044166832e+00,-8.082359850693670023e-01,-2.242674498185825094e+00,2.367364461673858500e+00,-8.649261384711060430e+00,-3.665927550884438446e+00,-4.221478784009209839e+00,2.357317314677773279e+00,1.175641729741951913e+01,-1.833224889761873921e+00,8.329330354515654733e+00,1.205368134567974536e+01,2.421324716587893278e+00,4.927384468907641257e-01,-8.300904456576200019e+00,-1.536459005525215193e+00,1.908808769385356996e+01,-6.720243692849882322e+00,-2.894956766519247271e+00,-2.974083389583467074e+00,-7.454917575487929327e-02,3.977176863406240770e+00
-3.795373108957592834e+00,-3.509781194854693354e+01,1.544864868510607003e+01,2.844977664086906799e+01,-2.243152280089976713e+01,-3.021573431518309860e+01,3.497165809281972315e+01,5.022434985287778098e-01,4.319384758947798275e+01,-1.959911118174492728e+01,4.867548642002144987e+00,-7.838223216450931830e+01,9.304460596233067093e+00,-3.946789450282789602e+00,2.949809184008039864e+01,-8.777249600004946473e+00,1.166580620754384157e+01,7.950973801254247064e+01,-1.815898313372438722e+01,-6.635370343058890619e+00,-2.904985830899888910e+01,-7.351481229800073791e+00,-3.013455776662151475e+00,1.369767355786930541e+00,3.930952483201973990e+00,-1.716639372234009286e+01,-2.706461750330356253e+01,4.591351547925829557e+00,1.020511812565839094e+01,5.836728096523415132e+01,1.260817299961301785e+01,3.403818939465771365e+01,1.820585664781211932e+01,1.720207591233574718e+01,-4.444145123538908138e+01,9.229624165888772325e+00,7.898472764394393941e+00,-3.292135541128985210e+01,9.755803111714145714e+00,4.832070117686048150e+01,-1.634043289057377635e+01,-7.473514251471858216e+00,-3.426434370176478339e+00,6.148190226105715084e+01,2.259907764673337027e+01,3.178481163970219825e+01,-4.461244986143333335e+01,-1.583968166112375364e+01,3.575492427916073268e+01,-1.515582089045803649e+01,6.262927736278112434e+01,-1.777110789633034926e+01,1.873447791757072167e+01,-2.545577399642693450e+01,-2.691069326071177326e+00,2.924154655096641875e+01,-3.487701211899548781e+01,-2.410449967061981980e+01,-1.684951526535980548e+01,1.555723320040183211e+01,1.263844071560722782e+01,-1.342176804310945926e+01,2.890975711654770208e+01,2.102283671792737607e+01,-3.247532657412929780e+01,-1.246956630668652544e+01,-1.865735649728544843e+01,-5.108705226176661540e+01,-4.967938503913658543e+00,1.269503872909085018e+01,-8.373184240117504729e+00,8.539096682161190222e-01,2.859339945320619858e+00,5.285054702103600022e+01,-3.209271588849055235e+01,-1.543033334858054850e+01,-6.697115566996048486e+00,3.205514421818890725e+01,9.235218298846024965e+00,1.301941077660734436e+01,4.107131344016611507e+01,7.651605851748581877e-01,4.631066371514819480e+00,-4.201823699337438001e+01,-2.914868620591221315e+01,7.357831081123501704e+00,-5.807922086682670937e+01,1.447791987258473156e+01,-2.142665160292777315e+01,1.237526829299808639e+01,-1.563524276553070358e+00,1.633731222613122114e+01,7.326010902015640980e+00,-8.695764917845819397e+00,1.285661851258379507e+01,4.288708223926868790e+00,-6.787565932287068504e-01,-2.858512707826308130e+01,4.080429624166077929e+01,5.208329091886216844e+00
-2.692256582116002050e+00,-1.087978333402244147e+01,6.405857692675470005e+00,1.513170639867671596e+01,-6.309017657727340911e+00,-1.795928558324131075e+01,2.028839585385625810e+01,-2.947556708509180279e+00,1.933664053260635285e+01,-5.967085549133955169e+00,-8.213396134241648383e-01,-3.655578450702003579e+01,8.076752697404490533e+00,-3.342919291379614855e+00,9.614668050021890622e+00,-8.013412768456980473e+00,3.726192706510565777e+00,4.097022435223401260e+01,-8.183584985523017608e+00,-2.313972277567439839e+00,-1.590438772357891040e+01,-2.989088474448959865e+00,-5.353597683120872031e-01,-1.296606520643256877e+00,6.616246305266153094e+00,-7.385993898635099697e+00,-9.256174162480325762e+00,-1.068330906799054514e+00,3.568124866746969381e+00,2.480919039974720874e+01,-5.509910785937751854e+00,1.275250519619365264e+01,7.474035410616130193e+00,1.063780649796763811e+01,-2.166141851061275858e+01,5.599177941633424638e+00,1.045604402473770289e+00,-9.579279259439566374e+00,3.393440803512679960e+00,1.267692196773979596e+01,-7.655940649295268408e+00,-5.785687315315337642e+00,-4.890686156815956309e+00,3.216214669533922432e+01,1.182963037924884198e+01,1.609142567508234478e+01,-2.065181573712128937e+01,-7.245808844967549511e+00,1.835917006048260802e+01,-4.347673511295486293e+00,3.072135695466337424e+01,-9.359123572808272229e+00,3.874337683946321498e+00,-1.050331506321310115e+01,-4.297099999663531733e-01,1.047423016148765917e+01,-1.478045506771150386e+01,-9.401573420755852339e+00,-7.553774168912992693e+00,-7.819497000710597945e-01,3.068218029341096997e+00,-8.969430955744250866e+00,1.853369924108793398e+01,1.422072454672702690e+01,-1.576803498510261115e+01,-7.843697581882022263e+00,-7.996998547283104664e+00,-2.380480404170905828e+01,-1.468330459089878248e+00,8.645664904369763093e+00,-3.991080342113715318e+00,2.557255691288655153e-01,3.185054360315498823e+00,2.309347101968202409e+01,-1.586005108434229527e+01,-7.794136093234651952e+00,-3.463550848562066520e+00,1.699907140753310131e+01,2.399398764438285259e+00,5.075051388927182217e+00,1.612514244955509213e+01,1.205015447486127433e+00,-1.334516635243400362e+00,-1.873493644601585473e+01,-1.362691481245744818e+01,3.924783943096807448e+00,-1.957910160134862920e+01,5.292715407382178050e+00,-5.724147025518508514e+00,9.638430373942391327e+00,2.632586523346909235e-01,6.934230480276868391e+00,-9.038698278159085220e-02,-4.169284749213210794e+00,1.247861340200369185e+01,-7.516290548946886751e-01,-1.367424670506628193e+00,-1.292571826758189957e+01,1.682893646684667388e+01,3.645025639674138951e+00
-2.778855761382512668e+00,-3.670439298633530001e+01,1.488603464066645898e+01,2.479496478944654925e+01,-2.396433800565038652e+01,-2.485125355535364378e+01,2.915360484859556678e+01,2.962068897698568737e+00,4.050094834959246271e+01,-2.058132168283655261e+01,6.920160816157602923e+00,-7.234409772661437898e+01,5.652924713502526011e+00,-2.463124794070054246e+00,3.047872051045868247e+01,-5.022986916686901893e+00,1.211344565550778007e+01,7.033121119984843972e+01,-1.698420608068638060e+01,-6.737204294457823650e+00,-2.496183355886967448e+01,-7.130270320973101761e+00,-3.464526977759609938e+00,2.784057523921199095e+00,-1.276855938655783174e-01,-1.633088030574931793e+01,-2.762301579614086933e+01,6.758040903774502617e+00,1.035446296742257388e+01,5.576506166776236739e+01,2.058102484214513694e+01,3.386777444492062017e+01,1.760181172316659470e+01,1.382338224040528196e+01,-4.028380642003831724e+01,7.501972026337733190e+00,9.361575819012582400e+00,-3.491975071447946988e+01,9.912381419286875328e+00,5.234001390187199121e+01,-1.505408213575265819e+01,-5.091553458840294866e+00,-5.768973419189211693e-01,5.400646460084237788e+01,1.984526436344367539e+01,2.834083879566093955e+01,-4.129705106429447170e+01,-1.473057578293090941e+01,3.167831715849610319e+01,-1.612472124683162633e+01,5.661703647179891163e+01,-1.556106425334308163e+01,2.110998302810003935e+01,-2.456958650194712490e+01,-3.131871142656478924e+00,2.947300991491664846e+01,-3.335672127203389437e+01,-2.369268279471519278e+01,-1.579061326386217168e+01,2.067027617387376637e+01,1.388403475348706806e+01,-1.025994165153091764e+01,2.271653865385035687e+01,1.593557201233189247e+01,-2.948498839037172559e+01,-9.916358390134469403e+00,-1.777322236595671257e+01,-4.716815396541648653e+01,-5.251609686418683864e+00,9.577287294916956739e+00,-7.660622534826685204e+00,9.000432091072761986e-01,1.185158631536388008e+00,5.000021293936626421e+01,-2.891947406989834235e+01,-1.377227134324635394e+01,-5.914094384600784515e+00,2.797661660908690706e+01,1.002182370195625793e+01,1.279930381890959623e+01,4.028643825238169995e+01,4.019489477998391957e-02,7.018264340701646731e+00,-3.945785221459403402e+01,-2.687763658380964316e+01,6.403697774893506889e+00,-5.950064590155722755e+01,1.450867923309008667e+01,-2.312813904787338259e+01,8.385468915873120821e+00,-2.222406559544191751e+00,1.561678488360673533e+01,9.515604978268845215e+00,-7.936554937117700881e+00,6.775755933547149112e+00,6.119184384045643910e+00,1.987288755482248814e-01,-2.670171863164958026e+01,3.938954490128865871e+01,3.852260248936683062e+00
-3.416286498653526404e+00,1.176797446313162787e+01,-1.776970678416146532e-01,9.988885494051650937e+00,9.514512108917733357e+00,-1.645025412034808809e+01,1.750003210495473027e+01,-9.768019013001040918e+00,3.914685483093893303e+00,6.906537448827802628e+00,-8.840334347997425013e+00,-1.163976162752630827e+01,1.294289335994568368e+01,-5.233092621034876935e+00,-8.434332189474416097e+00,-1.342927416039935196e+01,-3.571249707984148536e+00,2.383623350859163281e+01,-1.813830357311401187e+00,1.429433344840931319e+00,-1.160248226540891991e+01,2.678111819236601576e-01,2.243930426230841046e+00,-5.783696820488621881e+00,1.537934596891804340e+01,-6.311616198716546444e-01,6.393895349186908383e+00,-9.246925993115254983e+00,-2.169793814991654912e+00,1.206064658098932041e+00,-3.336195865764518942e+01,-4.603504094624400800e+00,-4.417643466476066649e-01,1.064418577771232677e+01,-9.491536335024758131e+00,5.375581233244052903e+00,-6.987730374183725779e+00,1.297419847096919909e+01,-2.128659694773892941e+00,-2.332176767657567851e+01,-2.535178847367297372e+00,-8.225292746223415108e+00,-1.069442153572017595e+01,1.992085730559564638e+01,7.346181316127371907e+00,8.641486478372780056e+00,-6.147109777020894228e+00,-1.914544366653914809e+00,1.051843258386040780e+01,6.165535498127909797e+00,1.397896249654223233e+01,-5.952247275107859892e+00,-1.226126397551456115e+01,4.538033928879576795e-01,2.153515802922042255e+00,-5.443328934343857561e+00,-5.841794301871363615e-01,2.113125173002303292e+00,-1.560280222753738677e+00,-2.255309467085439934e+01,-6.865423478897866083e+00,-1.037569023142940594e+01,1.991735175636597077e+01,1.678280053161643082e+01,-6.747439328629317501e+00,-8.125671594569734424e+00,-5.916454366441283863e-01,-7.521166912649722924e+00,1.887360584193976676e+00,1.031468207733549214e+01,-1.509475012392249571e+00,-3.140663086215825239e-01,6.152130133832318215e+00,3.038400857210280748e+00,-7.527258721971590738e+00,-4.140527152956276602e+00,-2.046778845334369823e+00,1.109934598508858272e+01,-4.529901878162895024e+00,-1.150508308416076764e+00,-3.272821477500361009e+00,2.737339955844779293e+00,-1.012174777301585493e+01,-3.574842782703386845e+00,-4.429411382781376361e+00,2.618464721132112594e+00,1.459995974015359721e+01,-2.364788472892706217e+00,1.002325320495001648e+01,1.379956462938546835e+01,2.837884150373886083e+00,3.066689446465523106e-01,-9.760941343546834403e+00,-1.643250588589583394e+00,2.196246352613274411e+01,-7.875554351887740445e+00,-3.351563201887539201e+00,-2.989679123733378852e+00,-7.501207326018506372e-01,4.534945815119192147e+00
-4.636283646529265390e+00,-3.609144509281765067e+01,1.666846938931550781e+01,3.230988508507645207e+01,-2.275474188498761663e+01,-3.522919331352954941e+01,4.053341451474346968e+01,-9.851793573782350322e-01,4.729450249987929311e+01,-2.010154563437049546e+01,3.877778529035000865e+00,-8.653307744638401289e+01,1.208049962421146084e+01,-5.084126053306802007e+00,3.056096942705328701e+01,-1.158679476784752183e+01,1.204928452845915210e+01,8.965949907193973445e+01,-1.990921671817708116e+01,-6.947633980364243733e+00,-3.321083911687972545e+01,-7.903286526622896879e+00,-2.905807760446263543e+00,5.756610863247835219e-01,6.654159770399958873e+00,-1.865146526327031040e+01,-2.825014990006454596e+01,3.515674056054997720e+00,1.068985851832769995e+01,6.326962523591368637e+01,8.407679727438260642e+00,3.606696628480452915e+01,1.960703940189117489e+01,2.025633810813320324e+01,-4.951523234001189167e+01,1.081588628496042759e+01,7.443274629909941709e+00,-3.355053390768345878e+01,1.021069176896766528e+01,4.857487444108797803e+01,-1.805664068407847012e+01,-9.363726994781059076e+00,-5.376047826924928330e+00,6.956328220498672010e+01,2.557329878948751656e+01,3.570348435094506812e+01,-4.917688147335196192e+01,-1.741836519498705016e+01,4.028782466099961823e+01,-1.541533251698479745e+01,6.987384439905861200e+01,-2.013737789836487480e+01,1.832946075820113663e+01,-2.744056956073579556e+01,-2.571529007205861639e+00,3.075157996220576706e+01,-3.778502612439544350e+01,-2.572060467307192155e+01,-1.845433541072416972e+01,1.328570303482105608e+01,1.258516975367548341e+01,-1.612873637435821195e+01,3.436009496705760569e+01,2.534590583141328679e+01,-3.615348414916679332e+01,-1.474767174205913634e+01,-2.025665529000187703e+01,-5.638930612554256072e+01,-5.073909759947613729e+00,1.533377379810195507e+01,-9.285517089400894264e+00,8.737420527074380994e-01,4.052617652456462771e+00,5.759399255842249943e+01,-3.586195914688138942e+01,-1.732416250374728861e+01,-7.558139709614967394e+00,3.638012471525423308e+01,9.272445538614425331e+00,1.389087456106799223e+01,4.387623327629424352e+01,1.255148518618592002e+00,3.421750316695881367e+00,-4.597079014200221536e+01,-3.219558510227309966e+01,8.361641146794543289e+00,-6.048581008311241192e+01,1.527722498142578189e+01,-2.158913737010944089e+01,1.553330932590816715e+01,-1.245870750431185670e+00,1.770466850832510630e+01,6.390775788412910607e+00,-9.655075193031459335e+00,1.733043205060473468e+01,3.403109341195031057e+00,-1.257847829029423270e+00,-3.136130026765509626e+01,4.398227096643243783e+01,6.338337242780319514e+00
-1.445503383051363944e+00,-1.755802772002124357e+01,7.244894367350566355e+00,1.234494555834352347e+01,-1.141425316991256622e+01,-1.254667500296555360e+01,1.467029595699716538e+01,1.179041672537823215e+00,1.983008844488118072e+01,-9.837039631012002516e+00,3.131710071819567620e+00,-3.554651609198509021e+01,3.102222250487078892e+00,-1.340752543988087186e+00,1.461598166450068170e+01,-2.808556205472607203e+00,5.803056302669698852e+00,3.489525360243827379e+01,-8.320458387125928112e+00,-3.242540691651000007e+00,-1.246974471014504005e+01,-3.465307324640571895e+00,-1.626731523576807614e+00,1.199837711643169547e+00,3.527225722401378105e-01,-7.970374145794642651e+00,-1.328026444049666033e+01,3.041786500313743424e+00,4.984218106472715348e+00,2.719083217077633563e+01,9.123175404156132373e+00,1.636984290978138290e+01,8.560388308353878983e+00,7.019324051586943725e+00,-1.987479096305036208e+01,3.798579358474568846e+00,4.370690170179059031e+00,-1.665634246837926469e+01,4.770028491006505611e+00,2.486107353827733846e+01,-7.399924146864439223e+00,-2.701554929328907395e+00,-5.694725973271663744e-01,2.683926444988474813e+01,9.863083055818091083e+00,1.403548092430965966e+01,-2.027802738894031265e+01,-7.225628834442421322e+00,1.571151198948454031e+01,-7.686609401845617029e+00,2.795034454362154008e+01,-7.739017247829194091e+00,9.950043547405989841e+00,-1.195345850797301601e+01,-1.467163122245057405e+00,1.420687969143581775e+01,-1.626090787780034930e+01,-1.148162972686307981e+01,-7.732323168878818542e+00,9.458245639987493902e+00,6.576484845506935351e+00,-5.276639608584933860e+00,1.160057773455925911e+01,8.213596131472336026e+00,-1.454159835370501952e+01,-5.048608733480755006e+00,-8.671747009307708254e+00,-2.317439880845349265e+01,-2.506683158431358471e+00,4.942532359011082121e+00,-3.771543585784660646e+00,4.298595531850601947e-01,7.431607374484419104e-01,2.443271060835430575e+01,-1.428722380678074977e+01,-6.818975386876556577e+00,-2.935457640357172604e+00,1.392440871118121137e+01,4.758547082030827546e+00,6.202385203899662969e+00,1.953171329265575196e+01,9.342393186814712536e-02,3.144917508273516571e+00,-1.931291900779705983e+01,-1.320924861886964052e+01,3.189323778547268340e+00,-2.858369113518838489e+01,7.002113690747599151e+00,-1.099328871636860327e+01,4.456117501682277826e+00,-1.005779269532271147e+00,7.613846358899826861e+00,4.370888088984538733e+00,-3.909535201642258873e+00,3.892387117885971470e+00,2.767652384214104533e+00,6.364346927098224471e-03,-1.308473295161146233e+01,1.916297274339493129e+01,1.998444444482355697e+00
-1.424048705080766641e+00,-2.120081896129441290e+01,8.405179156155416109e+00,1.356780609855999309e+01,-1.391900806268562008e+01,-1.332796976578044124e+01,1.571094470747831373e+01,2.081581278135307578e+00,2.268339357291236169e+01,-1.190091440829186098e+01,4.275479941025330355e+00,-4.032247102775563974e+01,2.644975258993711886e+00,-1.169568494602307940e+00,1.754858590932374085e+01,-2.269162234828624669e+00,6.983710176861966268e+00,3.867428011147676870e+01,-9.505117967871049345e+00,-3.860765645259536694e+00,-1.359411803915667249e+01,-4.033680872688108821e+00,-2.048774669707404072e+00,1.813686093267183441e+00,-7.184717650028623614e-01,-9.186266162446658612e+00,-1.585182168685897430e+01,4.201112942897386127e+00,5.932501816312107046e+00,3.140824187475880791e+01,1.301274767338624549e+01,1.929944338540673598e+01,9.948339379536593086e+00,7.350825193018997616e+00,-2.232648477544692867e+01,4.006161522457396984e+00,5.574893296018915478e+00,-2.024474378092136462e+01,5.681379838783068514e+00,3.050703625623188131e+01,-8.385950054936078146e+00,-2.526581865925083825e+00,1.240715363625333745e-01,2.962951957011837223e+01,1.088659532687483100e+01,1.562478744284279664e+01,-2.303866624990666523e+01,-8.229536430601728014e+00,1.742867693588202371e+01,-9.355650512947844888e+00,3.135198614026410269e+01,-8.528325986227429212e+00,1.242422517536735782e+01,-1.387960021187983095e+01,-1.857311989331897006e+00,1.685551008545773755e+01,-1.879308729580530368e+01,-1.345465577451809658e+01,-8.842429812138908218e+00,1.260876835343284519e+01,8.121022712208693761e+00,-5.351854848247856289e+00,1.197797317736521094e+01,8.284357692427851916e+00,-1.634985298022516176e+01,-5.252603072730942735e+00,-1.000160054254515707e+01,-2.629299601607805315e+01,-3.041940095756812568e+00,4.969311049548468695e+00,-4.258165623726761773e+00,5.209456260589442333e-01,4.099951359037651843e-01,2.807907930974650057e+01,-1.599804928934550752e+01,-7.595360110247401764e+00,-3.250306188178776701e+00,1.531600631677311242e+01,5.844051303798862840e+00,7.268874682332862491e+00,2.286449373356660431e+01,-9.238332620021474928e-02,4.384685071013976199e+00,-2.210923276430145634e+01,-1.497639229025336149e+01,3.502478163305561498e+00,-3.417998450586627257e+01,8.284230363101713124e+00,-1.346866417785938452e+01,4.150486371949195785e+00,-1.373018655110861408e+00,8.797060452021232990e+00,5.778352673384212324e+00,-4.408205331812784067e+00,2.899282310263100015e+00,3.783069748726799464e+00,2.529858618001489257e-01,-1.493766735595130690e+01,2.225248951623679616e+01,1.982571470136435865e+00
-5.422269145508193056e+00,-5.676474705852887581e+01,2.422162081813568335e+01,4.303029593412652076e+01,-3.658362242470793291e+01,-4.480919174493335078e+01,5.209722568157671674e+01,2.278393277015725360e+00,6.704900337076131223e+01,-3.174941552569154624e+01,8.973317107196303155e+00,-1.209785270427471175e+02,1.259522843867667596e+01,-5.381934483311558992e+00,4.748576763131255518e+01,-1.169526885270621364e+01,1.881550415826131228e+01,1.208816366431139500e+02,-2.816218206947150904e+01,-1.061011511961531539e+01,-4.372366140000800527e+01,-1.155422430715180404e+01,-5.062145731288162587e+00,3.028537629408408982e+00,3.807547857647820333e+00,-2.678828787311869775e+01,-4.336302260622974813e+01,8.602855127112825073e+00,1.631385014285559976e+01,9.122613789155604991e+01,2.484114487456363207e+01,5.401105600497408687e+01,2.858007688561375659e+01,2.531493397232400611e+01,-6.815118083535737981e+01,1.363374123355180600e+01,1.343717822894423364e+01,-5.354036894931144275e+01,1.560388542372604626e+01,7.923796650041228418e+01,-2.520394116953393393e+01,-1.044823585362815876e+01,-3.732914405595069152e+00,9.324580554926339460e+01,3.427098874104995474e+01,4.845915170699490204e+01,-6.892976239947866191e+01,-2.451448945979266014e+01,5.439017980238619288e+01,-2.467750762822733535e+01,9.595021033057612669e+01,-2.692268310558662847e+01,3.121309285432332459e+01,-3.993617694021138931e+01,-4.543440386157184818e+00,4.662718596635605195e+01,-5.453246779993936144e+01,-3.807333481081486326e+01,-2.615011786854973508e+01,2.780895447948247323e+01,2.084187116957128794e+01,-1.943551326229814080e+01,4.223435936725519468e+01,3.036119647253630305e+01,-4.982985081495122870e+01,-1.828788187232173357e+01,-2.912935387838546575e+01,-7.885993278845022303e+01,-8.068648797883991364e+00,1.830668331538711868e+01,-1.288290117527163936e+01,1.385293161674635787e+00,3.538495166400700054e+00,8.230641158685939729e+01,-4.911153774772713376e+01,-2.353343704321231655e+01,-1.017591209522355022e+01,4.850714976710494852e+01,1.515531474862372008e+01,2.056570811515286579e+01,6.482256428050317254e+01,7.802759388189021150e-01,8.798660356960029461e+00,-6.525975511618040059e+01,-4.497394347540857495e+01,1.112336319358941594e+01,-9.318897148100995764e+01,2.303536320485077837e+01,-3.508756801200559039e+01,1.727365571019706891e+01,-2.882086276283222670e+00,2.553940243965969970e+01,1.296417055919999228e+01,-1.336767131216276283e+01,1.678083261967361395e+01,7.919436105931495717e+00,-5.511495799435641718e-01,-4.431122338170091268e+01,6.401910370174184095e+01,7.464284867732789763e+00
-2.347737034233616793e+00,-1.287283618210713421e+01,6.685661825053945684e+00,1.441481121132121501e+01,-7.820904922832387030e+00,-1.650019312622682577e+01,1.878352101036977473e+01,-1.772442798924325214e+00,1.959204370714805066e+01,-7.120063324285215600e+00,3.160367445679281850e-01,-3.647747631923601119e+01,6.686571632304153745e+00,-2.783932009728865786e+00,1.111581729023158260e+01,-6.556313159974020977e+00,4.348010757330147413e+00,3.945402284509278701e+01,-8.270883611133067248e+00,-2.595768945308576381e+00,-1.500480620983499591e+01,-3.144125463308954593e+00,-8.538175698897912946e-01,-5.828656094833668533e-01,4.845109698068438497e+00,-7.597938336860758035e+00,-1.047287892906853202e+01,1.129863970876270329e-01,3.998101831210115087e+00,2.564208860996662409e+01,-1.314070875237021596e+00,1.387208660613361033e+01,7.831530337791034135e+00,9.654377040309364943e+00,-2.127159637349166488e+01,5.111595767567278514e+00,2.012434521205467064e+00,-1.167997581206756408e+01,3.810984003219521021e+00,1.627130273078936540e+01,-7.626641369886595356e+00,-4.928337380882265251e+00,-3.670679562675466023e+00,3.081185360674610507e+01,1.133045479062744576e+01,1.559128778423079886e+01,-2.066431927603248653e+01,-7.282257529351849890e+00,1.770129862020107225e+01,-5.337773002373465303e+00,3.009997778553443126e+01,-8.945630997544990137e+00,5.652420060759705933e+00,-1.098359718061922230e+01,-7.319724292603659865e-01,1.161383527208900723e+01,-1.529445173416044135e+01,-1.005742985632363862e+01,-7.649439322806232511e+00,2.172224136351882606e+00,4.099777279012130293e+00,-7.954796171679021199e+00,1.663863179533669978e+01,1.256804136917156356e+01,-1.550568287481710428e+01,-7.081870548395172271e+00,-8.238618617572548430e+00,-2.376156005825927053e+01,-1.776913167252448078e+00,7.626153022496858114e+00,-3.950936790369806495e+00,3.075308895734193415e-01,2.498094065348105630e+00,2.361517297318387065e+01,-1.549815199196151916e+01,-7.557858260714246157e+00,-3.331176829975763365e+00,1.620988779362105703e+01,3.095036500500981447e+00,5.430388984214781445e+00,1.720350560080854052e+01,8.908705846188594846e-01,-4.804451297614997785e-02,-1.901125357190162291e+01,-1.358575019989591404e+01,3.735185942705795181e+00,-2.229507434119430087e+01,5.817501057629024253e+00,-7.279979567128322948e+00,8.197326389290239490e+00,-1.018729281247157115e-01,7.171055648411797101e+00,1.198097882521325985e+00,-4.118562195373230317e+00,1.007057695223810967e+01,2.608238432880645163e-01,-9.784697985569020817e-01,-1.304708464907613141e+01,1.760151498810660087e+01,3.190541765882418446e+00
-2.328563046488928201e+00,-1.257846564215429019e+01,6.569595773927427551e+00,1.422891762947289962e+01,-7.627386805242091228e+00,-1.631853032902210643e+01,1.856910859868169439e+01,-1.802571094254829864e+00,1.927943703320990920e+01,-6.954777922199657070e+00,2.557518187740974724e-01,-3.592244644049067404e+01,6.651897606291850451e+00,-2.768529924423515531e+00,1.087234345513424749e+01,-6.526896783284869663e+00,4.251086314280959400e+00,3.892348357135173131e+01,-8.139915405535830928e+00,-2.542264291033737855e+00,-1.481877902971362104e+01,-3.088398896865363952e+00,-8.252130903298923181e-01,-6.087282977650925186e-01,4.857217740649451443e+00,-7.471203828443813144e+00,-1.025312080225747380e+01,5.367030237453818131e-02,3.915889694859806980e+00,2.520864235360546246e+01,-1.498471456360864096e+00,1.360498590694786003e+01,7.694122042294066155e+00,9.554407518825572154e+00,-2.096471087863209704e+01,5.057052345072953869e+00,1.934473749772501527e+00,-1.139863303591892674e+01,3.732244677279195066e+00,1.584680738713279347e+01,-7.511226912658949928e+00,-4.894626428953926300e+00,-3.673914598337704174e+00,3.040562779675523331e+01,1.118120150776511501e+01,1.537680402455568007e+01,-2.034712549344439481e+01,-7.168914163368116377e+00,1.746217775054597610e+01,-5.207732632994861888e+00,2.966912613550467270e+01,-8.828737263786242906e+00,5.479147771265520106e+00,-1.079191271948269559e+01,-7.060241259913484502e-01,1.138035565250122616e+01,-1.503508007343414832e+01,-9.871375951498523094e+00,-7.527584012308834005e+00,1.994939248086321726e+00,3.986682399057228654e+00,-7.882385948216366067e+00,1.647610033412860986e+01,1.245605732481718420e+01,-1.528091938211098189e+01,-7.010510339676081948e+00,-8.100622089364431844e+00,-2.339963300920619815e+01,-1.734647931005279586e+00,7.559015463469123119e+00,-3.892363976465863740e+00,3.002940845582843243e-01,2.493309351706085586e+00,2.322794947586132608e+01,-1.527835644366312273e+01,-7.453587067497474017e+00,-3.286594859949004466e+00,1.600001684760028908e+01,3.013709589264623290e+00,5.329872139282429977e+00,1.688737569565148888e+01,8.925356177240780786e-01,-1.100194915786794070e-01,-1.870652531466357260e+01,-1.337961859716722124e+01,3.687203887892315457e+00,-2.182111213555678830e+01,5.702793523656101371e+00,-7.092606427581309880e+00,8.141989410433181362e+00,-8.251330761573094641e-02,7.049648276521473633e+00,1.116933471667096001e+00,-4.057936993751076749e+00,1.003367573951829783e+01,2.074743812928483422e-01,-9.824395098857523489e-01,-1.284128276259683332e+01,1.729419338209926238e+01,3.163816105935348233e+00
-6.503614759963774361e+00,-6.012562469180149094e+01,2.646681688144947486e+01,4.874448944408293016e+01,-3.842639364188670470e+01,-5.177244985499892493e+01,5.992078352887836701e+01,8.566848124306911672e-01,7.400193777139966755e+01,-3.357486411126479453e+01,8.335756968318845495e+00,-1.342902508707666414e+02,1.594555044696921620e+01,-6.763724474012589027e+00,5.053337546369534294e+01,-1.504251126048145792e+01,1.998467857821098903e+01,1.362266166966812193e+02,-3.111097562844220477e+01,-1.136727706606169264e+01,-4.977318178969504459e+01,-1.259457831302247222e+01,-5.161837834340845532e+00,2.344477940165920149e+00,6.740505405857815546e+00,-2.940999859423773799e+01,-4.636509313040452440e+01,7.862414640056694992e+00,1.748274362450719721e+01,9.999627504663551747e+01,2.158766791631890669e+01,5.831302457667240446e+01,3.119041021117835299e+01,2.947499163236359365e+01,-7.614150418997276404e+01,1.581442093831013551e+01,1.352910177161425054e+01,-5.639641745133280182e+01,1.671298543066134812e+01,8.277484553980988835e+01,-2.799568288995109810e+01,-1.280692286653342293e+01,-5.874349639682853841e+00,1.053395144746707075e+02,3.871995406827686992e+01,5.445760798810732695e+01,-7.643317207923027468e+01,-2.713754808107161764e+01,6.125999578289623315e+01,-2.596283004515969139e+01,1.073029252433348120e+02,-3.044805728888649199e+01,3.209149467447921467e+01,-4.361108621371238314e+01,-4.609554801369300847e+00,5.009501128457274888e+01,-5.975211053817421458e+01,-4.129542030608752867e+01,-2.886747541054574739e+01,2.664421621665092133e+01,2.164974195819026193e+01,-2.299840089912154895e+01,4.953636484819490704e+01,3.602315093868201501e+01,-5.563987934240649480e+01,-2.136620506735988911e+01,-3.196432591988817862e+01,-8.752610001316375588e+01,-8.510428115816674577e+00,2.175333245572320706e+01,-1.434566258107230041e+01,1.462811316225470337e+00,4.901042090029345211e+00,9.054562010787279291e+01,-5.498468501622688365e+01,-2.643710414139283316e+01,-1.147440069056083090e+01,5.492169423889230018e+01,1.582018466784513322e+01,2.230463035347939282e+01,7.036280448240518126e+01,1.311941722171930724e+00,7.930117354225044046e+00,-7.198773080903637833e+01,-4.993972898117397818e+01,1.260657013123836201e+01,-9.949666974232613370e+01,2.480290441957769332e+01,-3.670463515651232456e+01,2.120684036244571047e+01,-2.677561671161122980e+00,2.798947704881204857e+01,1.254728091619049657e+01,-1.489836483036109627e+01,2.203464584832653372e+01,7.344449889303887424e+00,-1.164149832867618972e+00,-4.897367472181110060e+01,6.990631904198885138e+01,8.924746206098220114e+00
